8.734185175536565149e-01 6.690415514785291728e-01
8.558213028833663305e-01 5.846284582480317793e-01
8.639376928971878034e-01 5.666423647512370820e-01
8.720177560655199001e-01 6.451964008948343210e-01
8.449236915337633436e-01 5.591192490036759333e-01
9.057151659807654021e-01 6.640811781404917236e-01
8.196439064794861507e-01 4.613144480202422959e-01
9.087301222643286991e-01 6.802996219363749431e-01
8.780792486767502458e-01 5.585347095246048221e-01
9.040911968011006161e-01 5.818639444137466699e-01
8.915179194144715602e-01 6.715463487211973392e-01
9.037972775157606664e-01 7.136604767046403897e-01
8.661662756077251890e-01 5.704498416058261245e-01
8.599170588437795582e-01 5.270535373784616118e-01
8.769122797998675223e-01 6.296478962070924945e-01
8.764542244268618276e-01 5.746023496364391914e-01
8.148166683732188664e-01 4.791463102994754641e-01
8.374874835059358258e-01 5.500054351182360746e-01
8.390435450610892465e-01 5.668126530587140888e-01
9.318396213673370010e-01 6.758633500068720323e-01
8.016525825618416867e-01 5.092982154309572129e-01
8.541295537532329618e-01 5.034287568317948880e-01
8.400338596592650253e-01 6.412405760441891589e-01
8.399466715813171946e-01 6.167764382416306423e-01
9.126628908152477626e-01 7.291524966600034796e-01
8.600406698757991908e-01 5.729580713660654689e-01
8.493215181941150549e-01 5.604419836801661781e-01
8.393459005433114850e-01 5.329877296293296096e-01
8.204154939179524320e-01 4.834401331184399742e-01
8.023774066167238539e-01 4.707083427786501462e-01
8.397538188498575584e-01 5.235885627659107033e-01
9.167161120894645743e-01 6.691927286302495892e-01
8.771921076484365809e-01 6.168089753776032635e-01
8.926280951982911160e-01 5.814921414954766776e-01
8.767053161143663065e-01 5.195633380997599637e-01
8.805583680379855949e-01 6.183516949296510301e-01
8.209588538217942322e-01 5.526987389188360300e-01
8.399366410375436187e-01 5.309041295532042071e-01
8.665456275627165805e-01 5.512490601678482482e-01
8.382158214257978690e-01 5.630584799230564652e-01
8.775002935170361784e-01 6.635421351402139845e-01
8.405627595598001989e-01 5.180451299122504905e-01
8.486148466929631651e-01 5.173653838476831579e-01
8.721484575716969001e-01 5.971450284458601487e-01
8.150915958298866615e-01 4.635747414459076565e-01
8.425471844880764172e-01 5.406349458196093583e-01
8.121544413213656055e-01 5.249318783526892851e-01
9.003750656247722084e-01 6.577271261547616987e-01
8.648478170487450267e-01 6.056304914563751529e-01
9.391009247731769705e-01 7.354999821464555110e-01
8.601039105130311446e-01 5.634701585442585259e-01
8.325371215840791095e-01 4.936269196988605779e-01
7.667388358415716532e-01 4.812036494522361485e-01
8.802006497484133885e-01 5.929443703568643143e-01
8.266636744922901681e-01 5.942912617326800984e-01
7.811475232507038013e-01 5.004143987559855900e-01
8.742016585456160449e-01 6.866289927297886120e-01
8.429570954423334372e-01 5.110569908574180698e-01
8.629829550159802132e-01 5.905290384331673970e-01
8.154029702318608130e-01 5.049457227120788261e-01
8.377861112400710741e-01 5.145365680954120391e-01
8.656645492960102217e-01 5.781494541667117071e-01
8.397851850500414050e-01 5.590784290360566455e-01
8.458310937700054266e-01 5.170430577163257491e-01
8.407192229883501122e-01 5.564612429012140149e-01
8.246864699231540863e-01 5.404555249881680679e-01
8.307392856366667688e-01 5.478850108579484957e-01
8.652057708849442141e-01 6.165206886949481380e-01
8.653029088708826810e-01 5.158265967427247967e-01
8.496285479401303187e-01 5.659692346484895831e-01
8.938754032791937920e-01 5.832328653823130038e-01
8.414204063304245862e-01 5.947361954866674516e-01
9.070828266271467877e-01 6.642165131359087926e-01
8.714878513628780965e-01 6.140228160810926594e-01
8.158695848166310771e-01 4.775008223751845415e-01
8.789644771534329548e-01 5.842141963292748486e-01
8.957409843160536456e-01 5.972827589712748075e-01
8.318977458705446582e-01 5.332179921978537074e-01
8.251898786501699057e-01 5.612262658926516767e-01
8.862095812277011042e-01 7.056532255635130646e-01
8.622977420543298521e-01 5.074082192175974892e-01
8.740050098135933032e-01 5.875895991981273658e-01
8.555807727604964885e-01 5.307923036768323888e-01
8.429914515839586064e-01 4.771559766018597104e-01
9.095125617259698370e-01 6.607503181140899073e-01
8.982041544157172153e-01 6.257050364375237317e-01
9.138138032739462346e-01 6.108527666195316952e-01
8.474173789519742206e-01 5.568491768161708544e-01
8.878991323890876863e-01 6.817061422849685082e-01
8.911822545225431824e-01 6.098213543654019686e-01
9.512369186905691443e-01 6.191518340040239599e-01
8.934790376138053158e-01 6.782484016409250360e-01
8.748096286850781667e-01 6.262968812557430098e-01
8.696224592986369073e-01 5.783017251777980983e-01
8.755161021470145855e-01 5.399390044485505857e-01
8.965469640717140809e-01 6.214277839595335751e-01
8.193401376932568647e-01 5.301554484164330283e-01
9.092211686033536688e-01 6.601842279824777782e-01
8.856693157823315454e-01 5.740055817265038440e-01
8.380713307597947859e-01 5.093847851798121162e-01
8.865785708535456333e-01 6.351961149301669218e-01
9.173104723220604217e-01 6.568932524664964356e-01
8.836216338975012574e-01 5.503492732813335397e-01
8.641121834705318694e-01 5.924953847180881583e-01
8.669675058359834763e-01 5.796844634716927791e-01
8.490911536946128546e-01 5.314559247779989670e-01
8.406405863087205166e-01 5.447640247307432571e-01
8.665478563065078799e-01 6.155979491471496035e-01
8.596069961073113941e-01 5.349540853669233487e-01
8.403450225694530928e-01 5.817451946447383948e-01
8.224078635661193903e-01 5.585074532465860164e-01
9.097916565918673371e-01 6.668204267710283739e-01
8.330375320378512471e-01 5.248493944439776016e-01
8.995466797386867386e-01 6.635449290309581860e-01
8.233631279462019226e-01 5.072040974951689263e-01
8.788628258146987671e-01 6.113259912569044552e-01
8.039797002937123516e-01 4.856069598402840692e-01
8.550581224858551099e-01 5.756044742165259409e-01
8.110263225677405430e-01 4.855435882213279819e-01
9.093911519218046413e-01 7.067783355387200483e-01
9.103414245187729792e-01 7.645727313972585648e-01
8.257374075142780434e-01 5.649881627602708623e-01
8.865892050329677865e-01 7.189122715886888670e-01
8.397807567478329238e-01 5.055600692156947407e-01
8.808736807510885169e-01 5.557435166441672125e-01
9.776625721556567727e-01 7.838543272729507905e-01
8.966949545210055605e-01 5.857228474974540688e-01
9.532209210492151863e-01 7.204428176984263299e-01
8.667309332606776273e-01 5.465694843522393986e-01
8.480939258607482767e-01 5.775364153143367485e-01
8.523031153789740744e-01 5.336640587342514896e-01
8.340072381447565242e-01 4.999038492392782751e-01
8.632406224560275065e-01 5.731310554299148263e-01
8.516407121666154101e-01 5.468367027843245021e-01
1.261349011303473766e+00 4.151965205402596837e+00
8.577861970579870876e-01 5.236170859046903603e-01
9.137498840246562892e-01 6.453853667805045102e-01
8.006983423486004892e-01 5.296529860044795202e-01
8.519862773771973430e-01 6.160567045624164573e-01
9.090679642499371882e-01 7.764176386296367527e-01
8.651075239383876347e-01 5.914153801749095773e-01
8.648703075202859303e-01 4.976157315709563433e-01
8.146253114884267621e-01 5.453693363027848351e-01
8.992074404330063775e-01 6.279626078865148120e-01
9.071853624800678695e-01 6.294794420914111566e-01
8.492967491979658279e-01 5.677521084268469798e-01
8.596437296808268069e-01 5.701189215118638298e-01
8.602032057483329774e-01 5.466951846459122688e-01
8.676518331561373643e-01 6.024024106060599237e-01
8.580901865479040325e-01 5.813208657679496127e-01
8.509210718501957205e-01 5.530819549018328729e-01
8.596412784799687401e-01 5.857915260871070506e-01
8.636507667187054427e-01 5.956297467124505030e-01
8.982178280315288310e-01 6.893922241119800898e-01
8.539886884739651407e-01 5.763227397592066703e-01
8.416140256199257097e-01 6.085821473091155287e-01
8.673233011405966364e-01 5.981283961427914520e-01
9.170219245772180949e-01 7.190519165758019193e-01
9.023313659222798044e-01 6.513974028600522104e-01
8.416584954083723424e-01 6.024630694317705260e-01
8.497031729630492025e-01 5.466328536696719587e-01
8.703458735420113168e-01 6.009119237932245561e-01
8.643615099354468034e-01 6.265403221525800426e-01
8.684783864581644419e-01 5.622788426810307882e-01
8.409116659328257359e-01 4.857889357239220662e-01
8.179051631856147919e-01 5.177117992287878501e-01
9.113570189726614146e-01 7.280513761420801533e-01
9.064542698237695317e-01 6.617419327940198270e-01
8.226459999542069523e-01 5.332549760368274772e-01
8.282353719085084887e-01 4.960329934562916487e-01
8.305759554081104667e-01 5.223465990172870832e-01
8.948199303020044626e-01 6.225509049592172772e-01
8.173290037136597963e-01 5.667908014880340684e-01
8.701756715849596757e-01 5.825291863535305703e-01
9.050113419134449000e-01 5.896011666209891589e-01
8.266575340488072632e-01 5.375464648364828291e-01
8.606804333533973894e-01 6.267871748944977561e-01
8.871584044438892702e-01 6.904583648814963670e-01
8.847577078700050723e-01 6.816747121347832561e-01
8.427711827159390934e-01 5.546316013280122581e-01
8.913518675114178169e-01 6.416129197180489019e-01
8.176550258225344647e-01 4.984528390616257409e-01
8.465545794858280182e-01 5.997627395403967165e-01
8.180446915741498293e-01 5.436237208084884198e-01
8.529529807108181538e-01 5.772843161614941154e-01
8.944639791129773698e-01 6.267667283919438059e-01
8.814162129755964692e-01 5.679576245903835696e-01
8.857460060125779133e-01 6.403773293994329263e-01
1.239528450427673789e+00 3.162497656752624842e+00
9.057858726771068625e-01 6.134667613505617734e-01
8.282659507043771407e-01 4.653551496553791078e-01
7.943792466111087025e-01 4.246196704651369891e-01
8.394749949279491918e-01 5.844549548434960773e-01
8.219377922830770622e-01 5.275246442624204057e-01
8.847356351626335380e-01 5.870226019069685330e-01
8.398413990513824423e-01 5.515337690517192470e-01
8.487457040363413086e-01 5.443601339105516024e-01
8.479939637935600683e-01 5.734031708735354282e-01
8.849829560888330393e-01 5.815553945133389302e-01
8.974292615009664686e-01 6.426442175420374880e-01
8.341482112692062412e-01 5.471565954928296893e-01
8.706243590377260588e-01 6.024733572708004248e-01
8.223754796022969549e-01 5.609433561780649002e-01
8.524451988356539500e-01 6.591025698215624562e-01
8.341844097156950744e-01 5.962196136983085593e-01
8.983561052305542027e-01 6.336539124761124686e-01
8.434077795016482471e-01 5.479290554329910856e-01
8.099253413994940143e-01 4.873470933959788143e-01
8.711675321321712406e-01 6.151753697447164271e-01
8.612955289757961985e-01 5.712387600707002910e-01
8.971663002908760731e-01 5.332258537923656450e-01
8.143566817202270158e-01 5.259282724015977850e-01
8.251941102941010575e-01 6.003785255924384279e-01
8.642962372412342775e-01 6.136548450744199190e-01
8.391129347322059395e-01 5.278302587665738566e-01
1.197476146341983627e+00 2.931470941589345625e+00
8.422215548519926820e-01 5.056660957614481644e-01
8.113213152755044399e-01 5.120750590680276382e-01
8.159082975886351452e-01 4.641101798842018900e-01
8.653189843070741016e-01 6.198208036368684226e-01
8.856780553799618039e-01 5.816217147790889719e-01
8.920117486667399342e-01 6.565178394836040932e-01
8.476131912548929837e-01 5.022619896672563256e-01
8.221388972537196915e-01 4.989258339185480562e-01
9.194298716887824297e-01 6.671784577727775112e-01
8.261222526709088854e-01 5.282514771919381014e-01
9.090456682547884970e-01 6.936156318370853002e-01
7.699083785904490274e-01 4.726086781710603923e-01
8.730880124349916782e-01 6.453887094680358372e-01
8.588774328837046612e-01 5.789914575800276797e-01
8.758010933844024848e-01 5.904415068414204937e-01
8.712915665823791622e-01 6.047674383512650076e-01
8.084744078153605074e-01 5.254440425659621106e-01
8.230791500508980452e-01 5.442527479264219759e-01
9.225563795930551425e-01 7.513176161081746018e-01
8.617799983854125268e-01 6.517236270242329210e-01
8.881981254705745288e-01 6.555898351464966023e-01
8.793681443429788303e-01 5.823083124770005448e-01
8.244026940253503799e-01 5.372882999510321111e-01
1.015164148753551876e+00 9.800262210473631441e-01
8.686239547025709218e-01 5.671717123838010410e-01
8.280147983435607317e-01 4.964047604799905478e-01
8.298897210728787277e-01 5.036423989217737596e-01
8.186451303606867569e-01 4.890656137602811260e-01
8.859466156841481199e-01 6.507076829004180274e-01
8.858867659085255530e-01 6.040218692741282647e-01
8.947975240406416120e-01 5.558272234627251729e-01
8.711563279420940775e-01 5.956034794869069504e-01
8.792241065619446072e-01 5.611409309688549785e-01
8.616406140028939342e-01 6.076572537775777327e-01
8.952482252770070925e-01 6.135843845790691642e-01
8.394442042158278827e-01 5.500211312094378524e-01
8.628649390861860002e-01 5.822506424405771153e-01
8.233734218034043373e-01 5.489622374975409169e-01
9.135051581249499231e-01 6.666989246887942144e-01
8.293718109576627695e-01 5.050421191954024280e-01
8.911323433510475178e-01 6.330354092746514061e-01
8.558407916390097236e-01 5.686025226595701199e-01
8.450456206191437891e-01 5.346229723639829290e-01
9.111469165809983339e-01 6.992271460284862350e-01
8.506261893783371164e-01 5.290402358595551746e-01
8.445119997891894492e-01 5.466118090617101410e-01
8.731550934668484976e-01 6.313059896669639404e-01
8.237409001419543353e-01 5.429725070575929236e-01
9.016720456108318071e-01 6.660561603528921681e-01
1.022256328157941319e+00 1.028039491411713025e+00
8.611775126433650618e-01 6.029057261564298997e-01
8.876561483325037250e-01 6.281952265197133789e-01
8.604188420661402770e-01 5.503261857001289226e-01
8.545996619920182003e-01 5.792512594295179396e-01
8.280440534774310413e-01 4.920509534165767862e-01
8.527169059155463859e-01 5.171831156368991156e-01
8.828267645702945199e-01 5.923829876757549240e-01
8.479592394842422332e-01 5.197723892401150403e-01
8.678636149008576162e-01 6.027282403552262080e-01
8.359428228965245511e-01 4.774248472014127609e-01
9.030507732331303217e-01 6.794919792701227257e-01
8.445335142722931732e-01 5.319758136530507997e-01
8.343814265550990594e-01 5.400997269077143503e-01
9.074890897193802486e-01 6.272527698936770646e-01
8.387557255947587498e-01 5.131851474920926526e-01
8.403348454876985452e-01 5.064448514612973629e-01
8.730335340640075215e-01 5.694382991764035395e-01
8.619721550272889665e-01 5.998152434366836872e-01
8.641356511908135918e-01 6.079521154138127770e-01
8.372247927145968216e-01 5.630995735863014717e-01
8.607144492361665788e-01 6.096761622082806920e-01
1.164736828541683256e+00 1.633795262558266348e+00
9.899001427107708695e-01 8.159524967173827914e-01
8.105295692490230852e-01 4.947741395736551806e-01
8.542898613689415832e-01 4.716561560915346618e-01
8.689925307073482763e-01 4.770173061428717443e-01
8.555583404012188087e-01 5.963679391476459646e-01
8.504605881683708901e-01 5.587545876883738272e-01
8.827773467313345668e-01 6.497210925410908944e-01
8.463931411765484025e-01 5.191958199442350264e-01
8.764890349013820803e-01 5.542267759316019671e-01
8.593227691562432824e-01 5.829524007834060439e-01
8.944707972343622915e-01 5.883185757841672414e-01
8.845060063025939057e-01 6.139602802779955404e-01
9.255045527757566060e-01 7.219208300259325473e-01
8.930512671432941918e-01 6.444706058116944636e-01
9.078736737510851862e-01 5.993024450926555113e-01
8.596789798930312143e-01 6.087932803528810499e-01
8.662274805802036015e-01 5.569057129154600938e-01
8.821367127453798584e-01 6.241762051665498134e-01
8.735766171497459931e-01 5.428161035948020352e-01
8.393064905750369231e-01 5.511887831998475429e-01
8.552778124350626232e-01 5.908459866867612487e-01
8.606991920594700973e-01 5.686026645033090965e-01
8.573366369045282154e-01 5.648526514824436795e-01
8.777117471279531902e-01 6.028679792310114305e-01
8.700725859269022866e-01 5.632286365858846233e-01
8.862928777982682638e-01 6.380481149052255052e-01
9.032781217743590663e-01 6.710797696479785523e-01
8.149238903891198316e-01 4.816745891692191250e-01
8.768697811716951174e-01 6.526564909905666623e-01
8.504343404749312718e-01 5.996298138490713248e-01
8.713235169242655731e-01 5.594568953469881700e-01
8.915587190738972767e-01 6.050450158721980554e-01
9.258874947677530054e-01 6.782740493752881239e-01
8.824614218833263246e-01 6.173207924711656691e-01
8.045857808551553081e-01 4.635848715778773110e-01
8.590795337573270407e-01 6.144061575927590724e-01
8.003946922347131565e-01 5.390661029572413332e-01
8.520552060813683104e-01 6.148861474984035347e-01
8.920080077126955054e-01 6.716876851356088363e-01
8.524807471703158557e-01 6.746756703835686819e-01
8.321766372994063854e-01 5.716000209709213298e-01
8.473336829741443532e-01 5.314134340002791834e-01
9.036230174126667070e-01 6.169993107023270529e-01
8.658620940770758168e-01 5.957266574204126419e-01
9.011130057482519273e-01 6.322249803743732466e-01
8.857984444351379993e-01 5.821467428576059255e-01
8.420236297241278089e-01 5.291832555919986358e-01
9.045030404577971694e-01 6.465339226560196106e-01
7.920307743784915644e-01 4.738458203499114063e-01
8.628024899693331751e-01 5.805371693679131084e-01
8.581849955751505998e-01 5.796720658132453741e-01
8.662849466340645233e-01 5.628268776609558488e-01
7.980942416474918755e-01 4.580092511750080142e-01
9.599560784823044646e-01 7.952571286410361484e-01
8.840370222532656364e-01 6.522849677403822488e-01
8.177489379689012461e-01 5.364057900733052442e-01
8.487932820786050492e-01 5.237507370528525774e-01
8.798188768344930022e-01 6.423247669093712364e-01
8.390853593196841986e-01 5.739320910287488697e-01
9.178622919848419270e-01 6.269735840714674158e-01
9.691589245415925813e-01 6.974104443589599356e-01
9.221483441529251257e-01 6.244460593309069107e-01
8.277650004596031064e-01 6.197639302659405658e-01
8.718466723649882510e-01 6.797300554599320366e-01
8.319107890286671081e-01 5.722141126063412520e-01
8.199048686308042511e-01 5.470296710819212427e-01
8.446777163282033207e-01 5.910127777729845544e-01
8.695663453997380943e-01 5.919068134243601342e-01
8.334700613548637893e-01 5.440649265810326707e-01
8.354752689590047021e-01 5.229129258893379095e-01
9.340901595907896704e-01 6.410878627974474497e-01
8.525162199836106014e-01 5.567840097401178800e-01
9.125770429867866573e-01 6.790655167642928314e-01
9.196708644846192104e-01 6.088419811900025458e-01
8.813607931930106387e-01 5.918711068153587052e-01
8.339535577808498967e-01 5.382901848243489829e-01
8.528388628519635306e-01 5.474015387447023206e-01
8.504512569992309645e-01 5.376449093128622403e-01
8.613378415700873036e-01 5.822974689503030987e-01
8.325956697818174268e-01 5.577066420648043588e-01
8.900059469644481247e-01 6.013892324326544081e-01
8.781494803543223870e-01 6.406927149262451326e-01
8.123912766440787303e-01 4.889040978336831600e-01
8.491562185625536330e-01 5.199287848190045080e-01
8.212991529649786848e-01 5.560038541989285044e-01
8.075059568061163651e-01 4.560649856352975706e-01
8.179797815753341306e-01 5.354818662564972964e-01
8.071980706759898094e-01 4.961435229896337118e-01
8.463911779709745176e-01 5.443227273174343628e-01
8.581180045382271748e-01 5.609155806342427386e-01
8.737365546059867594e-01 6.474805784633116401e-01
8.308140207008735123e-01 4.670135655355843740e-01
8.069526686163424056e-01 4.762756979022332859e-01
9.175534594088092799e-01 5.679850620457796984e-01
8.859321236206122441e-01 6.793349111911256566e-01
8.160259230345405790e-01 5.896618437029759185e-01
8.510152652598460543e-01 5.566321479994149612e-01
8.415752096710321650e-01 5.534631515940647839e-01
8.759127488460352051e-01 6.429769825905594649e-01
8.636561730904114276e-01 5.953863727465091849e-01
8.767276456012774721e-01 6.408258261851075277e-01
8.657610429833668686e-01 6.188344245259442822e-01
7.745432758237111859e-01 4.493283890622393195e-01
8.085866457573092081e-01 5.290666334406943783e-01
8.841616164569265912e-01 6.124612057594649439e-01
8.305947951316060562e-01 5.385441683282075065e-01
8.533325136378872022e-01 5.441762724728125278e-01
8.665436112069299091e-01 5.807247950062783826e-01
8.745650989505567852e-01 6.699956237346446075e-01
8.711405016972676441e-01 5.666298462456424989e-01
8.720234187584564589e-01 6.001504804740581678e-01
8.435020005455686753e-01 5.510536309132552102e-01
8.020682136427450537e-01 4.960416029335299459e-01
8.300240800133699137e-01 5.184966704190531184e-01
8.655241943908978941e-01 5.839972711753010914e-01
8.745811977151161098e-01 6.593526372741239649e-01
8.776688832477721469e-01 5.774679266655514676e-01
8.647400147620502020e-01 6.304041420394196349e-01
9.700648453049242059e-01 8.429449195615301704e-01
8.140786563355547623e-01 4.953876243516596722e-01
8.704800127146570254e-01 5.618427561646238688e-01
9.274680777647047458e-01 7.489947847074091003e-01
8.440227332793239778e-01 5.538656811949816960e-01
9.172659585522453529e-01 7.039046822753785015e-01
8.813936337787434683e-01 6.361303690493997909e-01
8.552003168725277327e-01 5.369323911541062921e-01
8.555042128175845972e-01 5.571054532706367635e-01
9.270025583796994706e-01 6.979912114538859846e-01
8.693275210970397016e-01 5.986888964209772235e-01
8.585627364997842070e-01 6.245633594339595751e-01
8.738531927191901527e-01 6.258888275194069983e-01
7.919964167024933221e-01 4.754717202636354889e-01
8.784932253216631848e-01 6.257928109864471233e-01
8.571870606703022588e-01 5.399879281665416197e-01
8.503698701943821492e-01 5.187695383992350084e-01
8.569161187206105756e-01 6.039927508365424691e-01
8.839993412458114763e-01 6.033297969108420977e-01
8.304530559634616393e-01 5.979192050824355675e-01
8.520372048683395594e-01 5.978876574527047794e-01
8.263001975340672489e-01 5.426002409756340850e-01
8.626583519680485201e-01 6.135153911788168157e-01
9.198183530076089465e-01 6.565118552227654503e-01
9.212255409891330071e-01 6.258147130906445144e-01
8.381155607480231806e-01 5.471610768670875924e-01
9.753414159401329053e-01 7.301342496850333763e-01
8.787769539587998446e-01 5.606745883282914233e-01
8.989258769532462168e-01 6.248126404229475961e-01
8.267957694346954600e-01 4.829320893564965078e-01
9.173637409849912938e-01 7.374155499843699779e-01
8.651790995338988211e-01 6.079379069870265440e-01
9.094419674579806712e-01 6.287102756632709788e-01
8.693622656705666252e-01 6.502201168166644729e-01
9.070262121232565145e-01 6.831059054639263550e-01
8.357274350978942667e-01 5.410396951000973065e-01
8.778733164961499691e-01 6.867358358856080480e-01
8.870337967993070505e-01 6.258295794796425726e-01
8.848150920536346220e-01 6.323152897914948722e-01
8.210683912308276433e-01 5.490207188487052914e-01
8.202860046211726264e-01 5.761631773929858369e-01
8.216156051027091456e-01 5.166431126264131590e-01
9.172749606213880247e-01 7.207752718631036393e-01
8.318024284312114380e-01 5.181595461563598404e-01
8.541237279695206297e-01 5.855624364262065340e-01
9.054882847933684031e-01 6.903714355827628157e-01
9.373810200094231382e-01 6.612744571954402018e-01
8.738412503656861618e-01 5.716228705793701126e-01
8.437956982759909907e-01 5.711878850173284228e-01
8.794817323022197098e-01 5.932111939100647158e-01
9.114688957553279680e-01 7.518419397295099671e-01
8.489243403309795211e-01 5.699986038767754781e-01
8.949081737121064029e-01 7.014831557718652633e-01
8.258408644970482992e-01 4.867008076066999811e-01
8.519862133546937111e-01 5.354160706323654040e-01
8.738145882289628519e-01 5.838084450384986024e-01
8.289072379023213477e-01 5.967715883261038856e-01
1.274467943575739781e+00 4.110439726932844096e+00
1.031550350417285378e+00 9.422300499840504662e-01
8.493944281992562573e-01 5.421835520213257320e-01
8.469702423137811520e-01 5.160697371843590009e-01
8.914267601206655733e-01 6.228124675359046902e-01
8.420271205779006340e-01 5.517907598212203890e-01
8.159344936054961916e-01 5.431777975876125319e-01
8.445452864537247306e-01 5.149658695962702204e-01
1.176925320231758887e+00 2.707059605569987148e+00
8.863677946963568477e-01 5.726285661803098836e-01
8.793203369683262327e-01 5.652770516670118095e-01
8.523099108521461353e-01 5.366134407096678771e-01
1.236404028692135171e+00 2.504516538241755352e+00
9.243733761061668774e-01 6.824786744380749726e-01
1.198531574062883465e+00 2.825944556314572864e+00
8.473049411056702285e-01 5.733434392007599190e-01
8.072710502237899766e-01 5.043099940133910497e-01
8.208065991332849087e-01 5.205662500899823630e-01
9.006735040458287989e-01 6.619081550292588156e-01
8.471102363751592534e-01 6.090843676645971705e-01
8.461390807066287989e-01 5.804178987179684501e-01
8.825066185459383705e-01 6.403575685178932719e-01
8.654530936299059674e-01 6.006368832804597213e-01
8.722921041244985352e-01 6.280559737716862045e-01
8.028162951672871417e-01 5.208794804974187231e-01
8.362623137554742181e-01 5.378947680442245360e-01
9.154085292880429492e-01 6.576769038988694582e-01
8.374787480600690559e-01 5.919253013711166522e-01
8.993922557385279903e-01 6.289568939018441718e-01
8.423629621022913350e-01 5.354397077514458925e-01
8.884223667302543204e-01 5.928018547948131767e-01
9.117564336263170865e-01 6.662818279997102522e-01
9.078638505845459949e-01 6.110940245217706401e-01
9.315014560089416307e-01 7.566975484200187951e-01
8.592762389434490666e-01 6.284430032024992396e-01
8.295424702093711078e-01 5.688386755150864893e-01
8.600763721366737613e-01 6.025213503529824877e-01
8.533111506204964503e-01 5.365961463865820402e-01
9.088052359922691448e-01 6.097026562949723338e-01
8.539925115011465229e-01 6.573623621600001021e-01
8.710166031723819424e-01 5.586200671179550881e-01
8.625835893416879951e-01 5.777850872108157843e-01
9.081212243703566944e-01 7.197678082166955038e-01
8.175023159274057427e-01 5.643143184023987624e-01
9.147844912032462306e-01 6.950962432188655393e-01
8.416663355250508793e-01 5.383817341232096654e-01
8.727448508119536319e-01 6.638828379494597920e-01
8.676691091809455303e-01 5.687320262399703230e-01
8.734047124516258753e-01 6.255704192245700179e-01
8.629449303214248301e-01 5.263472510242684921e-01
8.710245612351443789e-01 6.438133163355317379e-01
8.721224696635317963e-01 6.490296300627224069e-01
8.347496962978770974e-01 5.360470493860481911e-01
8.823549385868035833e-01 6.173365774230198388e-01
9.045020381085332462e-01 6.779176382284290980e-01
9.542199525942238747e-01 6.673987103519170017e-01
8.158938751496788155e-01 4.941301623457497461e-01
8.158507837881715519e-01 5.207668061526139480e-01
8.967142593804656725e-01 5.943276371263003233e-01
8.448768835344858674e-01 6.605330062978999051e-01
8.451005971694808272e-01 5.815354488954309620e-01
8.769673934127809600e-01 5.629077665363874106e-01
8.918078594479134091e-01 6.282529516374709688e-01
8.138664940322305474e-01 6.053287809059566538e-01
8.552686416803904068e-01 5.355185863461617846e-01
8.904856709127216829e-01 6.047101356156526775e-01
8.894529635207819585e-01 5.618464457829007719e-01
8.949137295408237103e-01 6.666021194532402161e-01
8.660612347673996014e-01 6.625274612855277523e-01
9.139754927118431960e-01 5.863459457519762941e-01
8.657814209086892587e-01 5.394564215214322500e-01
8.171515724754681020e-01 5.556247895569806916e-01
8.146225296446515385e-01 6.031998669246095846e-01
8.785651050055180988e-01 5.774488364811152241e-01
8.399803597083521645e-01 5.634321123694214783e-01
8.805875212553708753e-01 5.396800635441122429e-01
8.613154009874217643e-01 5.879465821196707687e-01
8.851482707235358571e-01 6.680873705215758518e-01
9.419431359419665473e-01 7.499699948177502851e-01
8.579190584775525652e-01 5.349455437887867815e-01
8.921372504366102962e-01 6.455208838380119829e-01
7.782619317282255533e-01 4.811935419768502697e-01
8.750188016484956588e-01 6.021500976069396049e-01
8.299017268065211894e-01 4.889594318501691572e-01
8.237761779275658558e-01 4.676520439368679893e-01
8.567144203287843096e-01 5.593252419170217093e-01
8.137666359337915045e-01 5.080686896965179722e-01
9.337457991021085313e-01 6.347716358609367671e-01
8.663388368763875746e-01 5.107809170495415385e-01
8.815120101233793193e-01 5.829152486072248784e-01
8.171152457417273363e-01 4.554381404100263930e-01
8.605849375475088658e-01 5.409699937048556562e-01
8.813765208267800855e-01 6.759728336097740042e-01
8.374082921001294588e-01 5.358008603797568270e-01
8.534809058146510807e-01 5.288549131757799282e-01
8.463671254456029969e-01 5.644823047900766610e-01
8.561230632584834188e-01 5.519327812379511977e-01
8.405242394576989406e-01 6.043063697054943395e-01
8.434093690097290708e-01 5.124551539298649594e-01
9.120246786719198306e-01 7.070336044656113650e-01
8.895024368267328008e-01 7.112713826875145529e-01
8.344470209660072024e-01 5.288698446806191500e-01
8.653504682674441062e-01 5.516899476376464495e-01
8.263215499031920652e-01 5.891518235428589989e-01
8.798595462248650634e-01 6.817258615523711374e-01
8.840770495590694056e-01 6.520730673329985239e-01
8.500184604689999812e-01 6.263301008178429052e-01
9.291260907135847624e-01 6.934447342435150485e-01
8.806461901384246005e-01 5.699618943605564425e-01
9.025325535968938828e-01 6.882977251765691751e-01
8.702319516776152453e-01 6.085855214698729920e-01
9.027828308090533049e-01 6.924197390437127897e-01
8.476088223080173734e-01 5.545100947139539604e-01
9.041562743654507628e-01 6.694128863393306039e-01
8.873733927640887753e-01 6.433232334398769625e-01
8.205525205847861159e-01 4.595345865256082463e-01
8.686449518594007158e-01 5.619006063907291404e-01
8.554812006578459416e-01 6.066841967207307063e-01
8.398334020757424190e-01 4.990013819431280973e-01
8.678608452364167114e-01 5.537443079437004423e-01
8.925961195522038594e-01 6.913926238995375950e-01
8.653012416002694440e-01 5.648238282955065914e-01
9.010406613898412909e-01 6.755113081148188536e-01
9.102964233327270893e-01 6.529683399321896120e-01
8.946273688908771282e-01 5.994730336312946717e-01
8.404114302298525407e-01 5.636893233609636678e-01
8.793098103887125871e-01 5.877912282604723648e-01
8.422594872292240575e-01 4.870560619279168391e-01
9.320745641581342777e-01 7.285214767082556220e-01
8.696806180910399142e-01 6.138752999273318078e-01
8.528868428550029357e-01 4.907744562488356443e-01
9.289926288304740654e-01 7.336442777211409361e-01
9.183771800222424453e-01 6.741104970655059647e-01
8.359369382501203871e-01 4.974728504236253235e-01
8.687448711208927143e-01 6.812434315219203507e-01
8.486451506511248910e-01 6.071400543495899527e-01
8.592127842955208372e-01 5.576944697712329368e-01
9.042743807456401495e-01 5.756937235818619936e-01
8.924572652067940259e-01 6.299182165532150046e-01
8.250820547117128090e-01 4.969974785408762807e-01
8.283845770037001621e-01 5.511047286532309020e-01
8.593006544323816831e-01 5.342761632669378313e-01
9.126418619300100676e-01 7.257046363192634075e-01
7.956695644462834505e-01 4.447865690472965761e-01
8.922877801855980673e-01 6.116737418930905390e-01
8.588288630606969454e-01 5.097118561540866510e-01
8.485245034721202728e-01 4.864258252702775009e-01
8.702473617263078998e-01 6.458326927986390853e-01
8.422902379095293934e-01 5.590847114387107464e-01
8.332616303879385455e-01 5.126802946992046195e-01
8.923350919573201923e-01 6.811685758117921319e-01
8.268636465039843619e-01 5.332385268032603376e-01
9.058362944493650870e-01 6.676533302371313594e-01
8.320006614886853447e-01 5.186723252107436899e-01
8.861680955898195711e-01 5.817482326522516178e-01
9.012301040040833211e-01 5.452635116271098425e-01
8.561689654849644615e-01 5.284680037299075428e-01
8.252873239313923692e-01 5.527798732205787546e-01
8.622424936160274500e-01 6.072285874656458970e-01
8.464531769534455741e-01 5.217931898680280289e-01
8.697051767965794378e-01 6.963203265728056257e-01
8.972999119184299488e-01 6.574783947815259211e-01
8.499215086290899945e-01 5.981263435924303318e-01
8.783755766643394081e-01 6.584664588134430119e-01
8.598007707440605829e-01 5.736469798277227250e-01
9.204515123491663342e-01 6.959588583701914466e-01
8.121003938445415793e-01 5.396238506889429187e-01
8.382654179374349201e-01 5.547317750598877995e-01
8.585269415185915465e-01 6.281031014932337841e-01
8.649087525735350557e-01 5.579732057739994477e-01
8.906994710042642760e-01 6.154993631537384324e-01
8.298128527357114814e-01 5.379846775801352399e-01
8.228163877297394180e-01 5.945434212154387943e-01
8.128760577667289988e-01 5.113011495135774132e-01
8.554058324040154648e-01 5.434785511043087602e-01
8.922690749589564652e-01 7.122797269331105907e-01
8.747657415439240580e-01 5.899886366706815766e-01
8.441062962758549837e-01 5.449762250277357944e-01
8.290482912704196794e-01 5.012596332113845587e-01
8.311813181627233371e-01 5.011038958170064284e-01
8.505080221978350563e-01 5.667758206940655130e-01
8.367160873197306836e-01 5.682465723492844401e-01
8.747113481504223964e-01 6.366917304706417591e-01
8.702615039202525882e-01 5.767317078603275693e-01
8.951606384210153422e-01 6.554637358277133341e-01
8.533245372087396863e-01 6.418339805625542516e-01
8.461134047642808742e-01 5.576689885443451011e-01
8.558183720021063090e-01 5.803183907059609181e-01
8.510145106677159399e-01 5.675374588368070627e-01
8.403989408456860044e-01 5.216307183450150653e-01
8.268177137227386009e-01 5.366052881990452939e-01
9.012792349976286310e-01 6.501292641235302261e-01
8.171268041016537254e-01 4.794009615111836653e-01
8.763477722576016316e-01 5.766172822561204114e-01
7.914833939773251448e-01 4.474142951896732945e-01
8.773187274372966638e-01 6.323697566513570845e-01
9.139594684393347324e-01 5.929415111602103217e-01
8.033436354143419500e-01 5.110217860070147555e-01
8.021495085014350712e-01 5.051054186063478335e-01
8.082428104640040356e-01 5.458840145642419595e-01
8.313770908817776917e-01 5.355350034738346476e-01
8.519163167884561405e-01 5.958859135695917519e-01
8.496637650145195675e-01 5.475872867326655458e-01
8.819318617151711281e-01 6.345613938055996162e-01
8.822126386465910519e-01 6.475490118433229192e-01
8.359422328142870340e-01 5.160463929111719361e-01
8.393393171154180932e-01 5.603076842222890486e-01
8.162556262012712338e-01 5.175883378173499194e-01
8.690780204025398969e-01 5.628430405246696022e-01
8.746431654712815140e-01 5.471960200197338864e-01
8.938748247318863971e-01 5.543758359367630950e-01
8.699717707006825451e-01 5.768918986955546835e-01
8.445964308513079777e-01 5.238562418444940860e-01
8.489696754616882224e-01 5.498497604983161313e-01
8.620418297357728132e-01 5.754661154563047720e-01
9.377693877078799867e-01 6.703095685923570191e-01
8.907203105530793197e-01 5.705705985527312896e-01
8.927526071706445299e-01 5.940266647606036177e-01
9.075138928394111959e-01 5.892772076415798699e-01
9.236144503212686541e-01 6.479955117151949828e-01
8.624268813665703082e-01 6.262685410840544975e-01
8.517237778125066328e-01 5.567330974586830461e-01
8.695466144312835599e-01 5.596154581414607421e-01
8.544150730570635455e-01 6.290075821147539381e-01
8.296700104193214242e-01 5.418632434918367879e-01
8.668393272318951626e-01 6.007017617173201485e-01
8.333128116953424369e-01 4.927792744251675572e-01
8.347126679899365964e-01 5.125574248957931456e-01
8.081431071998474991e-01 5.142588222832534806e-01
8.946328168550313764e-01 6.281986016480646251e-01
8.460058555634342170e-01 6.069133390423233632e-01
8.684719166406650315e-01 6.094012282202154740e-01
8.534037579130366868e-01 5.597041945243165229e-01
8.824292510980914495e-01 6.547561187565790197e-01
8.697775258196946968e-01 6.261134304387305782e-01
8.293716300343878522e-01 4.841615862419372252e-01
8.415366225167600911e-01 5.985949621910984231e-01
8.954188066201824725e-01 6.567660716064928073e-01
8.645423248524481963e-01 5.923287868537646661e-01
8.701597042441308050e-01 5.355656982111681730e-01
8.533627706330801921e-01 5.825591948222125227e-01
8.469452675253856810e-01 5.509408107245692410e-01
8.985829096994407683e-01 6.682331590384253950e-01
8.729578080237629933e-01 6.601265159021207918e-01
8.616825463829274057e-01 5.612463004799139732e-01
9.029985948867725876e-01 7.144183292128092333e-01
8.517797829100671736e-01 5.496487338135853662e-01
8.650525560453620200e-01 5.940403559833553615e-01
8.474630582395165090e-01 5.322201203699594707e-01
8.803774103263946049e-01 5.574486422177782341e-01
9.041507213903976492e-01 6.459935186722014500e-01
8.678466024033600901e-01 5.719144739500493513e-01
8.608796797933387923e-01 5.538135709490887848e-01
8.898676901578042031e-01 6.734195064179463452e-01
8.663541186877403710e-01 6.115235897691195799e-01
8.530979584820098660e-01 6.300664273499891888e-01
9.663289541462144472e-01 7.606374244829442466e-01
8.488558405016268793e-01 5.679812171844672575e-01
8.745570847198940179e-01 5.565046938959199441e-01
9.531244908000795490e-01 6.394109319056788809e-01
8.314358507535218878e-01 5.681005849173360600e-01
8.211608476698950554e-01 4.890414122211966808e-01
8.971970644094092728e-01 6.048024121883963655e-01
8.176883138439419163e-01 4.539104059451295470e-01
9.178700346753415618e-01 6.936889030268983403e-01
8.580243827183134941e-01 6.300159495047595870e-01
8.038295261787099522e-01 5.526911543268746563e-01
8.834517275980952045e-01 6.742671670647099047e-01
8.399778046829216027e-01 5.259618560852030722e-01
8.947834952138820075e-01 6.101041105431912470e-01
8.701400041272953079e-01 6.439736478912100326e-01
8.809538163787699050e-01 5.806522067895718564e-01
8.736122476850108898e-01 6.329773361034518597e-01
8.576909140906530116e-01 5.366139994985728023e-01
8.770815936743215913e-01 6.150045308139282518e-01
8.506939499585914888e-01 5.563164473084138972e-01
9.160516993001339703e-01 6.732157312077272637e-01
8.604315534957526213e-01 5.632680527399843706e-01
8.841630402031158686e-01 5.826820315143667051e-01
8.019621991339112022e-01 5.027420320283623179e-01
8.636410037253393623e-01 5.534131479665665987e-01
9.257595592238241355e-01 7.234279426095434617e-01
8.716377837468259893e-01 6.431966304528218270e-01
8.429503393444895964e-01 5.352786964298437145e-01
8.218761010745970763e-01 5.144354657543233067e-01
8.845870861961260267e-01 5.775564347365694795e-01
8.789649123181664248e-01 5.983218067907997151e-01
8.465584152092341386e-01 5.391512726088105723e-01
8.427194929312387117e-01 5.767070660028656981e-01
8.683742379087531216e-01 6.043301005835449713e-01
8.769580983821131381e-01 5.879678024889335441e-01
8.791435702168134414e-01 7.089563824938310832e-01
9.242669511932953830e-01 6.552409002643592162e-01
8.436112584787196500e-01 5.528434868927994961e-01
8.725742631567265928e-01 5.925266042910241060e-01
9.129837849143306316e-01 6.206191774376113024e-01
8.499775437739682804e-01 5.776314989049373683e-01
8.696248017854194545e-01 5.568949810529026934e-01
8.388054841700691711e-01 4.824383995262770952e-01
7.994683250091748627e-01 4.918178032285844825e-01
8.830589344094166293e-01 5.701170586838760768e-01
9.070467345173364171e-01 6.332140404329850147e-01
8.296085614333117420e-01 4.952400112335924587e-01
8.653484176894297164e-01 5.933455633712816368e-01
8.449756049041883266e-01 6.315073499577976701e-01
8.395880743332561069e-01 5.254839597361192771e-01
8.349742451016068934e-01 4.916879996234265193e-01
8.946640765520146310e-01 6.751502498742798508e-01
8.937915745352466024e-01 7.018744491729460577e-01
8.615876273684458519e-01 5.609732791630830384e-01
8.799812861277944709e-01 5.434001980046766489e-01
8.249566398877261619e-01 5.176067524159736477e-01
9.591007604703288836e-01 6.721211994898688147e-01
8.763895103461696312e-01 5.800379922870764204e-01
8.031748791601235338e-01 4.593173116889278096e-01
8.602785816361926408e-01 5.856635425912656290e-01
8.974845414339053251e-01 6.623876287666006224e-01
8.463421598644842447e-01 5.984216211680212227e-01
8.784316638309166425e-01 5.824014682790021880e-01
8.285485247560173683e-01 5.377561564769974822e-01
8.553862353093264481e-01 5.849159265074508340e-01
8.351124285330897568e-01 5.022183971587815821e-01
8.807854996809447723e-01 5.723760660485748275e-01
7.999336353673222044e-01 4.614404889403511678e-01
8.476772991701202464e-01 5.789766829379912050e-01
9.020640580826365662e-01 6.553343095779594618e-01
8.463479914165593643e-01 5.297724283888699537e-01
8.509187079174098667e-01 5.598028966210819579e-01
8.386754476195026342e-01 5.516234157309294339e-01
8.630546616728295151e-01 5.333782603142079859e-01
8.294890450447683916e-01 5.284412713002175632e-01
8.722022543671249517e-01 5.661653061980832513e-01
8.672414782658222077e-01 5.705515238858913651e-01
8.514921624589123494e-01 5.804400195407551921e-01
8.317542765229183344e-01 5.251656685089531873e-01
8.239693287549002543e-01 4.980275591378284794e-01
8.535993064996211244e-01 5.274537218184370824e-01
8.496250378994417707e-01 5.530107632195001566e-01
8.594567004016809841e-01 5.898802602059215472e-01
8.707696885931819342e-01 5.754880852864895369e-01
8.853552935565444093e-01 6.395611110697173585e-01
8.488774071901793450e-01 5.392417260460146133e-01
8.319125676228277255e-01 5.317319623468390599e-01
8.604470999694876499e-01 6.127332530194098403e-01
9.172578472645356307e-01 6.160727113321334825e-01
8.909933966253115178e-01 6.301885373813254088e-01
8.682563043456416052e-01 6.623286399776882050e-01
9.013863467045587496e-01 6.909219340364295414e-01
8.819142939184864138e-01 6.332850938639850158e-01
8.668325343409069017e-01 6.122683281995936477e-01
8.839090039456251047e-01 7.072859918483966890e-01
9.185600166067393602e-01 6.523284140853919943e-01
8.787016002690756222e-01 5.876830889687881809e-01
8.339924469258658268e-01 5.403667048663199912e-01
8.477189603007692087e-01 6.313112899318608084e-01
8.417126833631396465e-01 5.905970875728845382e-01
8.675482864263271976e-01 5.461614405983822307e-01
8.736611404443865858e-01 6.085779425052595393e-01
8.699166465392678127e-01 5.715873044283703575e-01
8.506905971267302302e-01 5.612389032710607406e-01
8.054443850239169089e-01 4.697547822723808220e-01
8.242405923533484557e-01 5.488445449184471414e-01
9.025508543556771679e-01 5.665258207773761212e-01
8.601694491971350054e-01 6.173754798308370706e-01
8.547701288616248450e-01 6.242487091060310300e-01
8.094006709611902828e-01 5.280955787893210074e-01
8.109155511693334484e-01 4.956317505432419335e-01
8.494489768928827900e-01 5.768016252083568718e-01
8.683969871693334452e-01 5.412900297722160747e-01
8.918072924189374140e-01 5.785668759253614901e-01
8.459843858816591400e-01 5.331990868338331024e-01
8.840357964939671298e-01 6.089935139896207605e-01
8.478683391742218856e-01 5.720438899026440982e-01
8.534727652125120301e-01 5.179019475406141382e-01
8.879897871498655393e-01 6.348202778765126286e-01
8.667832280827159064e-01 5.537721650457601008e-01
8.127907973792480867e-01 4.868805907740657579e-01
8.688489788809410364e-01 5.583099391596690886e-01
8.741537950662647827e-01 5.502828256845095911e-01
1.238507518267950358e+00 3.593305090162917992e+00
8.924182220611694971e-01 7.348261657028305471e-01
8.421948105180252497e-01 4.906767604480971601e-01
8.534231941206102956e-01 5.602183761917188809e-01
8.454908910711333991e-01 5.535512998718979949e-01
8.767597978217208654e-01 5.416067380348601468e-01
8.772647185119061275e-01 5.630397918597745965e-01
8.632478141333437271e-01 5.803038371403329565e-01
8.522297129338521904e-01 6.035189096240556328e-01
9.149759217486603813e-01 7.230372560202684706e-01
8.623419374027994078e-01 6.152363538262534126e-01
9.086129426924884900e-01 5.704119714278843567e-01
8.674279725705077437e-01 6.262891679744111428e-01
8.537299284382363629e-01 5.770851203031195364e-01
8.559645371711638306e-01 6.007446891432873803e-01
8.577349252630385168e-01 5.435512187848876575e-01
8.561133347488968370e-01 6.006617572202279653e-01
8.714764742125337138e-01 5.129317913753702607e-01
8.498471493174696301e-01 5.541773477983893414e-01
8.515356336100455836e-01 5.529175033019817498e-01
9.232806485457860646e-01 6.903362602572450379e-01
1.226455094820184888e+00 3.282749393041424213e+00
8.768870471237888431e-01 5.853028252421207389e-01
8.272769660599453845e-01 4.787660086262959802e-01
8.229605300970224135e-01 5.064166119635469254e-01
8.315340053560121847e-01 5.151900330431966601e-01
8.997686504660852291e-01 7.525597734087653423e-01
8.721999554046334646e-01 5.900733404822555705e-01
8.461368119193677373e-01 5.829779311729358371e-01
8.684496904967298203e-01 6.093984445413384021e-01
8.308813513403464635e-01 4.816587859673477912e-01
8.568802035455962418e-01 5.557391443926498198e-01
8.430306339854213293e-01 5.482667630673594417e-01
9.388023423981303184e-01 7.133315050833660687e-01
8.080424139745289169e-01 5.439697273217046769e-01
9.231117683564700194e-01 6.778265998186668861e-01
8.618631905404121607e-01 5.868602730920243760e-01
8.461305493397791588e-01 5.465082532569877083e-01
8.190152295658502668e-01 5.339012184515283810e-01
8.580363371832967490e-01 6.167070365914866237e-01
8.295482779758501790e-01 5.813499632404774964e-01
8.959897086915096232e-01 7.057114453666033516e-01
8.827739907565413935e-01 6.169927384974395190e-01
8.598036677093969793e-01 6.468781591794439123e-01
8.424512281213307752e-01 5.158056150379538574e-01
8.558199564408804916e-01 5.769239083976492877e-01
9.261274570961305352e-01 6.435889450315870342e-01
8.737754285195615811e-01 6.163308624626002707e-01
9.021507908728148006e-01 6.427398835552612377e-01
8.619505441462844697e-01 5.493413804316553684e-01
9.111724575122741587e-01 6.904326788593978526e-01
8.399436888755691388e-01 5.855745819122142315e-01
9.025931852267017330e-01 6.338005950274073763e-01
8.556756881369972367e-01 5.945867563246789445e-01
8.296409357469680668e-01 5.314709616958657179e-01
8.934393559875729585e-01 6.011426514304636370e-01
8.900928448120231096e-01 5.446237064215936341e-01
8.494799442495859498e-01 5.768574387678797599e-01
9.270780743365867327e-01 6.900935939734406110e-01
8.854094100233262932e-01 6.002742829522245138e-01
8.776489251099744981e-01 5.865652658057703972e-01
8.486794935528639838e-01 5.562631004207305718e-01
8.691568155786335570e-01 6.513756235511517501e-01
8.757142905604331506e-01 5.797903962907003939e-01
8.451192795024026205e-01 5.892978629482571451e-01
8.391874952834158519e-01 5.889264377200756906e-01
8.490427369634311328e-01 6.175968009326882058e-01
8.783037426405644332e-01 6.794848885949966721e-01
8.986302371112918630e-01 6.690888804142224311e-01
8.295613931073554381e-01 5.102974470606743695e-01
8.774045494108805299e-01 5.564463698058468299e-01
8.542468482315431766e-01 5.745891754357116410e-01
8.223759458332660088e-01 5.008263853606359506e-01
8.496117974192971545e-01 5.393261965933612290e-01
8.304890308089819539e-01 4.822192161738440563e-01
8.436689115141715600e-01 5.103161708508795469e-01
9.138605411244737908e-01 6.801293807761780164e-01
9.102834676830250382e-01 6.556680180250542556e-01
8.580963359484837794e-01 6.075316711214905352e-01
9.104563594304436736e-01 7.739519152085871934e-01
8.552074529729218888e-01 6.266445914054482591e-01
8.697766970749620796e-01 5.897395771296838340e-01
8.686680641631712163e-01 5.373947222366523002e-01
8.159653710818963734e-01 5.688157732203995565e-01
8.570770362597669445e-01 5.848476320629624192e-01
8.663781928428693213e-01 5.547900196890607205e-01
8.514977856156249469e-01 5.471518870958411718e-01
8.532119513163185509e-01 5.915534626673182306e-01
8.408761322849791497e-01 5.574868503371770423e-01
8.472880529795652205e-01 5.167015595446905474e-01
8.633968417672884810e-01 6.101348035223791433e-01
8.345586215885615333e-01 5.488094094799527145e-01
8.444761709139291250e-01 5.730146201033021747e-01
8.840639504003970917e-01 6.597127786272091177e-01
8.277995501283254010e-01 6.046579824549359605e-01
8.450150042780832926e-01 5.170607789017684919e-01
8.550139867572144059e-01 6.279326793235716631e-01
8.983500058745258476e-01 5.864009387398644302e-01
8.638737911177276629e-01 6.034728553800383644e-01
8.842622008990639326e-01 5.861163810597644908e-01
9.070980491322299111e-01 6.917562854276793072e-01
8.459866976051340082e-01 5.244147069717457477e-01
8.695504281988092332e-01 5.647664580348595864e-01
8.947464350398780519e-01 6.328515290854812569e-01
8.461934142468332531e-01 5.298361519153064192e-01
8.914904307164082109e-01 6.096836310952079563e-01
9.103982881730292576e-01 6.203038716979599743e-01
8.787107043141388907e-01 5.529041066611520838e-01
8.216469389077732943e-01 5.896704406520431041e-01
8.005899612738605065e-01 4.752977256836285469e-01
8.665553799496452658e-01 5.981548615810112768e-01
8.936750517365960045e-01 6.307365738050781934e-01
8.516964815899766839e-01 5.497126183820273404e-01
8.360760410908260054e-01 5.603795280454851868e-01
9.288264148660898556e-01 6.778802072538245849e-01
8.275950229298619787e-01 5.828379913977691507e-01
8.761701697181686344e-01 6.705873913098439054e-01
8.333994619381810409e-01 5.298190043462023269e-01
8.375156242535141127e-01 6.113044601044600457e-01
8.454254449790793435e-01 5.273277450477843464e-01
8.714363877865066721e-01 6.127387739340136585e-01
8.013826102177560307e-01 5.492783733900107324e-01
8.832772698334867556e-01 5.652180346536049838e-01
8.045838879536253430e-01 5.183515626359914696e-01
8.660711712438829979e-01 5.978662168716420977e-01
8.257941585270717200e-01 4.782554093193898126e-01
9.097714013888453799e-01 6.511654678116700623e-01
8.164001263108238149e-01 4.956777151216673616e-01
8.416655035355717906e-01 5.693060310544956204e-01
8.344496165920569641e-01 5.095467709450330895e-01
8.294250566717524809e-01 5.445834326785229385e-01
8.447455792781207728e-01 6.263005926172294791e-01
8.553663698365421286e-01 5.580819556033789208e-01
8.880081081474552329e-01 5.988546933972184183e-01
8.919270978219410173e-01 5.904673408787000088e-01
8.933297280447144439e-01 5.848225782481806245e-01
8.689774077723417811e-01 5.602984737080670685e-01
9.091759510576205017e-01 6.300025174500898384e-01
8.974685245969447056e-01 6.255808053859450713e-01
8.835307571818592498e-01 5.717523398257545741e-01
8.831551417645929769e-01 6.463991081965809737e-01
8.514462372305289239e-01 6.122500516721743891e-01
9.094812090382842218e-01 6.548964342883842882e-01
8.615724222061408311e-01 5.565871757953256838e-01
9.063445840586864533e-01 6.059131294090351894e-01
8.545205759193441608e-01 5.704079953908706146e-01
9.050674043418885928e-01 6.663599196539814473e-01
8.485357318394601833e-01 5.315142591822412665e-01
8.699202765015767724e-01 5.687233444493101642e-01
9.237975970521489222e-01 6.490339489617205082e-01
8.436384382644738222e-01 5.130018635310867881e-01
8.953430312571341032e-01 6.653864799807983621e-01
8.850352534925530756e-01 5.743328830943363883e-01
8.586492389267340597e-01 5.833372816931546856e-01
7.798123761443173096e-01 4.544959412045501135e-01
8.513566870206139559e-01 5.949893148422169542e-01
8.736187772703191134e-01 5.628465504087384330e-01
8.829822869351746650e-01 6.234947280182391305e-01
