9.703604101146912075e-01 9.115506746366517365e-01
9.697462751013429250e-01 8.924115145886329925e-01
9.025180610414453852e-01 7.735126561545838664e-01
9.656302345996231606e-01 1.053356967286863011e+00
9.176316868647128588e-01 7.736732928700593703e-01
9.741050905237784718e-01 1.026415269096006666e+00
9.185153432708731414e-01 8.752920007080973175e-01
9.677830466071821736e-01 8.461948117739943598e-01
9.705383992270010252e-01 9.638063469081643575e-01
9.573898369341135028e-01 9.293519722366194724e-01
9.849563122033158091e-01 1.025759633307266716e+00
1.187798378851345982e+00 4.882821849971835881e+00
9.304178739707282819e-01 8.695647281850964472e-01
1.013495187316760804e+00 1.137709481004198109e+00
9.389978511983710918e-01 9.286268450188572832e-01
9.401219407145555707e-01 8.950754661772289955e-01
9.630617262263095890e-01 1.016844545035803682e+00
1.012086401175290806e+00 1.035777324977560587e+00
9.955539948481206824e-01 1.111920242268407133e+00
9.452499456710605763e-01 8.773667695142335354e-01
1.136255513192248934e+00 2.479372079301781717e+00
9.852859872383238349e-01 1.107054628603524105e+00
9.652149963010644429e-01 9.854612095509809322e-01
9.849148377318435177e-01 9.537760696172167263e-01
9.039516684037646188e-01 8.443891643857218687e-01
9.617639256700416528e-01 9.561653812068641178e-01
1.004357964007889015e+00 1.129229291444180827e+00
9.747243395963659518e-01 1.038154070662515416e+00
8.837610799914962234e-01 8.476128196049139696e-01
9.437106098539858046e-01 9.180125784264605571e-01
9.605501225264948539e-01 8.925761851465504604e-01
9.585687065364355552e-01 9.269768312910741104e-01
9.456466565396738355e-01 9.500391530279854724e-01
9.707906530147518698e-01 1.012220998907189973e+00
9.292601719608170052e-01 8.521849497944763430e-01
9.171190233650052814e-01 8.675352104426017341e-01
9.884689495442392504e-01 1.034943055692508551e+00
9.329376976421710488e-01 8.642519162240814845e-01
9.856089407198186381e-01 1.110978427515009859e+00
9.606248350553001636e-01 1.139853451686596797e+00
9.711369932534748006e-01 9.364539037441036440e-01
1.212401899214972545e+00 4.650034287824861501e+00
9.225760346042555238e-01 8.053430563880193960e-01
9.495041682141476258e-01 1.072784560058322789e+00
9.176086530658040807e-01 8.200167702891142385e-01
9.757528176369869577e-01 9.724605922648876799e-01
9.729749325219502198e-01 1.108616106470365459e+00
9.512368553719104947e-01 9.994473379266176627e-01
9.986539131814092807e-01 1.035120443769158793e+00
9.761927649185316858e-01 1.017653462772538431e+00
1.003462533675094193e+00 1.079192699508315645e+00
1.029802636372131541e+00 9.616506710996610696e-01
9.654332143589074988e-01 9.316841774567120593e-01
9.622264781469530570e-01 9.443825436649608829e-01
9.462487715066006944e-01 8.403133534515832004e-01
9.605460322039436338e-01 9.361283192450426949e-01
9.854831237982872860e-01 1.096360356677314574e+00
1.107716826699300272e+00 2.309501441319566695e+00
9.521888877127031581e-01 1.001067970517144579e+00
1.028732889117877303e+00 1.039270764609989461e+00
9.720850115512604805e-01 8.453847110013392729e-01
9.159926604308071818e-01 8.502981842854440142e-01
9.851109372465548519e-01 1.098484523506914501e+00
9.232387127180398112e-01 7.845259614068719189e-01
9.428540063458504816e-01 1.035925114040165296e+00
1.031443302284949626e+00 9.478529714780931092e-01
9.222323976812136781e-01 7.764751831287542982e-01
9.847208471858220902e-01 1.042920171338334256e+00
1.003491282943934415e+00 9.034619966573018690e-01
9.077523861247858150e-01 8.330265001290589888e-01
9.083015704065184881e-01 7.915906320951046071e-01
9.447174930727804121e-01 1.042397943849772801e+00
9.638537183561720623e-01 7.722231507990124921e-01
1.011215391080690029e+00 1.054182713994684439e+00
8.907113645451266715e-01 8.375945142675113031e-01
9.694292955782288779e-01 8.751269013852045475e-01
9.458847654504491942e-01 9.455970673260818415e-01
9.377681753465383352e-01 8.661782568054281484e-01
1.012466536411227969e+00 1.188087486886850064e+00
9.650138249970643400e-01 9.462930669293252439e-01
9.697812720261566044e-01 1.013723636389682436e+00
9.913078782796290733e-01 1.211034705091889263e+00
9.675627390262423466e-01 1.073663926778147593e+00
9.459301105951689603e-01 9.419797154165907571e-01
9.988890867793566164e-01 1.033584413267415458e+00
1.082320314845785614e+00 2.058676228712887468e+00
9.847271808623488942e-01 9.213465262818069101e-01
9.761959792788273971e-01 1.156476659863884038e+00
9.558811215903227909e-01 1.047233052900173655e+00
9.058012444027777610e-01 8.027580241891967283e-01
9.452610035324201521e-01 9.512376764190133560e-01
9.452898235876887600e-01 9.102563049151378705e-01
9.455922211675854561e-01 9.386438673964018209e-01
9.043616956213111902e-01 8.314936427937411612e-01
1.160727241251944708e+00 3.852767726812419191e+00
9.366001460731356865e-01 9.164879478588480177e-01
9.640764053220067797e-01 1.125127656477216131e+00
9.735842277799492406e-01 1.016704891692143731e+00
1.066727365989080578e+00 1.282722799364335753e+00
9.413195717994007339e-01 9.198455038047392840e-01
9.226861593159069175e-01 8.054734722589836915e-01
1.003341302089972631e+00 1.083995017458402543e+00
9.327523698211259706e-01 8.646054133178298073e-01
9.581091410336248781e-01 8.838153254267426817e-01
9.077705805354732149e-01 8.058497789237302200e-01
9.601760604604548943e-01 9.944655000527675703e-01
9.995503205990948770e-01 1.003855175412564193e+00
9.621711942710865495e-01 1.042025383905272662e+00
9.633597852477501222e-01 8.990050878503070830e-01
1.075361747627747500e+00 1.654460505201294840e+00
9.387404165960878677e-01 8.316757484744851103e-01
9.619719089967246894e-01 8.967667284551574802e-01
9.683323001482221359e-01 1.186632518287060511e+00
9.857745936189712399e-01 1.142364183796560351e+00
1.016907272826827358e+00 1.166694968019041934e+00
9.723799532942957180e-01 1.069197510248801386e+00
9.087218369924071615e-01 8.191163132772643074e-01
9.442385952413167027e-01 8.614740831000037291e-01
9.389115647229591133e-01 8.294663827048304183e-01
1.189064741991078034e+00 3.321661727397152930e+00
9.338602403101536886e-01 8.586155587791962640e-01
9.348043925899202078e-01 9.186669873156988464e-01
9.427138742854093145e-01 9.524230846342678358e-01
9.403593177469283804e-01 8.310644780063802806e-01
9.355729373349597200e-01 8.530871529181242030e-01
9.532708087662215002e-01 8.856022420756262115e-01
9.342143727490835881e-01 8.667937954228116526e-01
9.842057411211324602e-01 1.066541345640379612e+00
9.298778889521545077e-01 8.739108372955642912e-01
9.517000643416826389e-01 9.676604436791673702e-01
9.491974728246214132e-01 8.919249708574124025e-01
9.648848272636704193e-01 9.719268553254007958e-01
1.026904524880547065e+00 1.341183640019946388e+00
9.393630071883184440e-01 9.218850835743969130e-01
9.328067853767408879e-01 8.579792762804744344e-01
9.331601949523513628e-01 8.198675636307576342e-01
9.618136951784083122e-01 8.329457395568830025e-01
9.515202163834629578e-01 1.060960663083555966e+00
9.903619398595379097e-01 1.075823693226884092e+00
9.650188660035508015e-01 9.458675899093013095e-01
9.762791717615998399e-01 1.018747487566441068e+00
9.581129401888762720e-01 9.664809670112989304e-01
9.195970208490927833e-01 8.244320750783946661e-01
9.924035392412219325e-01 9.597938784797195311e-01
9.922992602718857524e-01 8.161611576207409291e-01
9.979158489587846015e-01 1.029376213774173987e+00
9.351087933432427057e-01 9.709913081906920151e-01
9.189897219353077018e-01 8.956100348743047945e-01
9.744997573747911090e-01 1.061283533048993588e+00
1.029226989891742106e+00 1.063439579678786995e+00
9.491411585767289827e-01 8.430039875817938455e-01
9.689027104809695423e-01 9.645897179251388120e-01
1.005482956773190661e+00 9.818685927683055148e-01
1.001806741772369280e+00 1.013589039453093310e+00
9.842416387163908098e-01 1.087796410427604554e+00
1.001432271723096123e+00 1.032378955014496835e+00
9.450901121963803941e-01 9.507182884282918689e-01
9.409994972526818380e-01 8.548644783643679634e-01
9.404974126239376009e-01 9.398360332418217444e-01
9.624959972751889747e-01 1.033099352531461568e+00
1.020630626661739981e+00 1.185552448246267376e+00
9.580197227253673953e-01 9.184429576482001645e-01
9.907610036216049076e-01 9.994395305217383951e-01
9.198818934053715202e-01 8.477124512214458951e-01
9.724134934203794156e-01 1.138745757490129185e+00
9.569477459191674251e-01 9.061696232979083998e-01
9.802537243154693103e-01 9.953763492369088750e-01
9.729632645663323087e-01 1.037279674825796194e+00
9.007176303341861701e-01 7.150860175907008953e-01
9.682865245584539871e-01 1.086162585508240852e+00
9.675661021234812642e-01 9.537818817437395680e-01
1.040155613326596562e+00 1.201695541926213195e+00
1.141937094962684140e+00 3.294800133562844291e+00
1.011336151986853560e+00 8.939129165349157802e-01
9.908828729334884233e-01 1.004388803107310046e+00
9.952200216708225744e-01 9.306719958076136168e-01
9.916802138326991090e-01 9.994387147923073922e-01
1.166392329451982679e+00 4.938712666337297996e+00
9.696741017154498765e-01 8.776032583386507158e-01
9.197578340155976306e-01 8.715285539013286620e-01
1.002826588912776984e+00 1.118894800693619462e+00
9.733182427950044513e-01 1.175831050735763439e+00
9.065438486041043076e-01 7.961313141150275774e-01
9.789949801050162881e-01 9.703496864540402944e-01
9.365209822589095623e-01 8.139991391707499524e-01
9.850877229341750141e-01 9.373133745769801628e-01
9.432149201771929947e-01 8.743045742363818595e-01
9.530281749646338785e-01 9.215269803656882530e-01
9.558340985941820023e-01 1.031019646244165866e+00
9.838828451958741006e-01 1.127915463177607158e+00
8.976430199923913777e-01 8.204020230589165186e-01
9.651726080604896563e-01 1.055634637398617182e+00
9.049981901171050280e-01 9.600342694280410427e-01
9.300282510619782839e-01 9.469865823858401033e-01
9.981556126667681106e-01 9.245828207814766886e-01
1.027888611473921188e+00 9.025222395911242090e-01
9.407971383502458096e-01 9.582172899266843125e-01
1.001783777478274517e+00 1.165784070242892101e+00
9.466565262913582135e-01 1.005785195510401131e+00
9.435914508183422811e-01 8.721100782035615673e-01
9.664381018963283942e-01 9.370973190467410951e-01
9.707981604396735964e-01 8.898928370335479343e-01
9.845843644885116097e-01 9.198221969170184975e-01
1.018376148462192265e+00 9.655474083793474938e-01
1.000626946553632601e+00 9.996506305397692138e-01
9.402895289622051900e-01 9.035583909429194538e-01
9.889599091519811758e-01 1.082874002239061939e+00
1.014225237767583110e+00 1.006201425899402757e+00
9.301668524684104655e-01 8.395048248443409689e-01
9.253469374028090444e-01 8.217228797708404642e-01
9.837378067675062177e-01 1.029151163345347175e+00
9.593855885688780116e-01 8.695121005626850197e-01
1.016763865423683022e+00 1.137541498522368411e+00
9.497462322794687495e-01 8.950826632529085281e-01
9.521639528292470400e-01 1.077841371021038164e+00
9.187788731206635306e-01 7.678033066209538626e-01
9.715823023390087743e-01 7.842283286592226510e-01
9.698106372626318361e-01 1.162969774109632093e+00
9.702304911721493230e-01 9.341944115297826645e-01
8.970764875373039571e-01 6.976477457864487253e-01
1.024922158211595491e+00 9.935030067132801790e-01
9.600746963763502340e-01 9.079278297985859947e-01
1.003939751931186564e+00 9.973242819315252250e-01
9.478338812795774615e-01 9.432967302157239109e-01
9.404231241962964782e-01 8.326774818849715931e-01
9.556232906718371556e-01 8.808788841869007458e-01
9.574792686908056849e-01 9.902081637745919762e-01
9.725063936421881605e-01 9.587731545220712359e-01
1.189361489347222633e+00 3.383892972298029100e+00
9.853280030588130733e-01 1.095252554398306710e+00
9.467649688535538788e-01 8.507581499509555556e-01
9.700951257993211119e-01 8.888159994861761781e-01
9.600240088954200557e-01 1.069984660101455543e+00
8.594680353762131908e-01 7.949694342332018770e-01
9.858417966789185805e-01 9.552740283633085472e-01
1.002641045873905679e+00 9.870314763567882288e-01
9.835209403533440309e-01 1.075687748526254151e+00
9.823875392728984579e-01 1.084622179341173887e+00
9.812735140476120943e-01 1.109221150377834864e+00
9.596043325735483798e-01 1.031731122999525185e+00
9.834280308712206597e-01 8.961680030335573699e-01
9.885219695574404275e-01 9.564197309813131653e-01
9.695019154897238645e-01 1.008243081069017943e+00
9.315592717581374638e-01 8.682467145597194680e-01
9.892514789525982399e-01 9.726213380051483837e-01
9.773667632076460388e-01 9.897722795010829300e-01
1.025518225992597454e+00 1.084796379475502670e+00
9.605331486562851406e-01 1.024801576199075859e+00
1.167011668013252512e+00 4.046068817636156112e+00
1.005956405837359791e+00 1.051536692233116632e+00
9.884848751789806487e-01 1.026911290337930938e+00
9.700509279312932165e-01 9.872135333961069570e-01
9.463294081148058146e-01 9.299661340409911547e-01
9.986536394518704673e-01 1.034888962822293479e+00
9.740743225415633422e-01 1.092319915384787787e+00
9.644996685331025388e-01 9.617194712192870254e-01
9.971392693188302347e-01 9.747587193743018075e-01
9.915515596575302792e-01 1.181476805859460022e+00
9.465548119472193545e-01 8.858807251762704782e-01
1.002137247115093333e+00 1.169990015210317313e+00
9.099818378806346919e-01 8.227097320924352530e-01
9.602993791742502339e-01 8.828484607513720217e-01
9.558175259215528907e-01 8.830320354392074966e-01
9.813500911716456221e-01 9.931710460063930546e-01
9.475968760417886605e-01 9.274184622654897403e-01
9.534527052903382094e-01 1.052871099669154376e+00
9.625011452651494048e-01 1.049271419771153457e+00
9.739719818349132918e-01 1.070769271431594838e+00
1.126922725235395717e+00 3.377953579803009365e+00
1.150684709203168232e+00 2.536085682778792094e+00
9.672959907255230805e-01 1.168692339402548575e+00
9.451588593882358502e-01 8.753465503167542350e-01
9.122194256046861627e-01 8.051946671712699732e-01
9.284648436318991838e-01 1.055548432428166539e+00
9.473743095584830076e-01 7.855418069787055702e-01
9.859626866580625260e-01 1.000046230899510169e+00
9.588194668819823852e-01 9.064283996659413534e-01
9.356624145919111291e-01 8.331000291322119278e-01
9.241708165700147637e-01 8.962737112870405864e-01
9.540529895120807291e-01 9.453732857586448768e-01
9.345397394451601114e-01 9.247319383977864460e-01
9.542231798200786486e-01 1.073762794853331481e+00
9.399479684831995030e-01 8.877929896517123831e-01
9.400230607630671864e-01 9.693760663642858599e-01
9.488054907275350613e-01 9.015239765048328469e-01
9.366891660784549822e-01 9.332547775707994431e-01
9.758290908779130302e-01 9.965430131687478266e-01
1.001932393199313154e+00 8.413133983812720595e-01
9.413187295221977502e-01 8.865983391164451444e-01
9.843637518009008547e-01 1.049305005617571229e+00
9.954947976123483810e-01 9.682949850928833646e-01
8.890457415339279024e-01 7.164498368524342409e-01
9.536771109121844336e-01 8.992703419103462714e-01
9.444679114045263502e-01 8.825249054671306936e-01
9.776051228640505464e-01 1.094639855355728830e+00
9.465518313065973688e-01 7.693083506180853348e-01
9.031346135276268061e-01 7.229214794124417809e-01
9.234581090697301375e-01 9.610003140608064376e-01
9.328596123888122094e-01 8.159852521302756179e-01
9.641484455642626017e-01 1.061728282912922428e+00
1.019239944707268197e+00 1.054141304773815735e+00
9.489923019072671329e-01 8.181716942736022569e-01
1.003272359228122079e+00 1.102596923807215745e+00
1.202436387765504655e+00 3.892821570631346706e+00
9.474762775777609836e-01 9.086107710585344943e-01
9.904930865690089181e-01 1.035356814437647932e+00
9.207868560041693184e-01 8.073440948167007747e-01
9.321237316938340012e-01 8.408369028130155964e-01
9.259970926580975981e-01 1.002761311377033282e+00
9.698852850172799966e-01 9.309511045307548027e-01
9.798602744825660738e-01 9.957152305422537486e-01
1.201886661574441018e+00 4.654041485680328272e+00
1.001897844270098537e+00 1.050181699840376792e+00
1.021972884793092007e+00 1.129806414723615982e+00
1.112429488973201375e+00 2.229672067478706943e+00
9.551630545360143554e-01 9.778955346040109076e-01
9.564518275059109564e-01 8.912313054801285217e-01
9.891709421264011093e-01 1.077184070123662352e+00
9.987630217983545222e-01 1.134583762968104592e+00
9.476860625998712040e-01 9.566690773752092314e-01
9.575679956289484540e-01 8.727673983432503446e-01
9.591171853697574301e-01 9.638253767940343497e-01
9.505650001215630862e-01 8.588445058897247186e-01
9.430974071081920096e-01 8.944456831718016199e-01
9.586257430645120925e-01 9.810237914066732845e-01
9.295790299686395031e-01 8.365008682684217378e-01
9.267206425205790632e-01 9.255753442197847125e-01
9.766186385662423142e-01 9.815140911148205749e-01
9.325398100990740513e-01 9.731148316177340440e-01
9.465958758647206039e-01 8.671680044812035693e-01
9.514778860120666204e-01 1.060934477601770176e+00
1.038371684607106937e+00 1.095564085647688479e+00
9.440865626197806337e-01 9.240921866226702308e-01
9.422990640794800532e-01 8.177931598855502360e-01
9.890541487172174184e-01 1.072536721404236282e+00
9.738292055845431117e-01 1.105919216660920412e+00
1.000358914886713579e+00 1.046293169685689417e+00
9.570492406532815632e-01 8.974904138875906545e-01
9.720613097710891770e-01 1.070028991816933228e+00
9.415666244081866143e-01 9.604939509389370800e-01
9.799431001572701527e-01 1.099606524284078457e+00
9.242437283206569321e-01 8.004695940485191397e-01
1.093188299582374512e+00 2.661697764507040986e+00
9.366787173766286667e-01 7.729431831022356425e-01
9.980991418308367003e-01 1.077545756531671506e+00
1.009938442454271668e+00 1.041325833964604763e+00
9.651484122875675364e-01 9.842722677644388796e-01
9.466161050386431297e-01 8.779462644894202583e-01
9.173527073465665982e-01 9.013617355717761237e-01
9.802288657456293963e-01 1.050325817170500109e+00
9.921945285758729804e-01 1.092273676570318930e+00
9.800138881964328696e-01 1.021113501932642054e+00
9.340070334960218768e-01 1.062074797870444565e+00
1.133412318739730695e+00 2.541066729258579571e+00
9.888073957715199924e-01 1.113149083041648391e+00
9.764328770747378039e-01 1.133727780515990657e+00
9.668633780206052908e-01 8.954997563926391235e-01
9.454878304503874231e-01 9.888829862287550343e-01
9.626815207919532380e-01 8.683745913674758565e-01
9.803557044465615045e-01 9.959216517795502766e-01
8.767933036926868207e-01 7.432218083851359625e-01
1.002047625204153913e+00 9.474884353842992768e-01
9.516787047116271880e-01 8.227584401009093718e-01
1.132646413766354332e+00 2.242430324185905377e+00
8.960357699107265317e-01 9.228162926918969111e-01
9.530676363620755875e-01 8.702662629792405902e-01
9.693127646633944439e-01 1.128059724164519828e+00
9.872160879941827005e-01 1.051479485121506574e+00
9.288003960444687346e-01 9.310371722382687620e-01
9.887388829177878868e-01 1.169284253986780708e+00
1.136831853659304947e+00 2.526388631148735353e+00
9.214912974189423123e-01 8.375320033219614269e-01
9.643252221617063524e-01 1.068626190670629583e+00
9.499130442118556283e-01 1.002570951167413682e+00
9.959338879343130335e-01 9.911780093857154306e-01
9.752080839714077909e-01 8.907711775465935178e-01
9.849769483857530039e-01 1.001895866991106221e+00
1.039951401238920159e+00 1.041914346225884413e+00
9.219484171420879726e-01 9.243789438589433693e-01
8.903521628934218946e-01 8.195593495666014805e-01
9.776522438098211865e-01 1.041319978379019018e+00
9.779423014736990938e-01 1.062207006473468773e+00
1.001406432812279146e+00 9.706951850292688810e-01
9.600462515525413076e-01 1.036417547734436839e+00
9.641595925177359749e-01 9.206606849905981660e-01
9.772354406090045797e-01 8.695047857876475605e-01
9.962499645858159392e-01 9.969196250097764889e-01
9.586486474316607831e-01 8.161565914169397473e-01
9.660091709110324443e-01 9.391565176994202124e-01
9.871970162420986572e-01 1.069179789365569677e+00
9.559901524622477220e-01 1.080296400469956231e+00
9.581147794908883020e-01 9.770475639221053443e-01
9.328537416177925534e-01 8.960541752675563743e-01
9.571731618908330130e-01 9.627084671178149922e-01
9.381056022572126230e-01 8.116896909145123740e-01
1.040392445634288343e+00 1.236076467741296314e+00
9.274255610850484777e-01 7.783520475153290485e-01
9.407346661698728907e-01 7.600070448185340943e-01
9.515194577940817577e-01 8.942723474364516756e-01
9.840964240606446811e-01 1.093738657037089501e+00
9.963718601767490579e-01 1.001759766076609548e+00
9.225598635480278809e-01 9.703137096843729159e-01
9.392116786896460567e-01 1.161166503700048036e+00
9.575899400890002244e-01 1.029112627089250998e+00
1.011582251511015551e+00 1.127786949871811606e+00
9.403616546135763476e-01 8.750150533855985957e-01
9.853344218028813328e-01 9.607768385110190268e-01
9.370832372945516742e-01 7.563048061466173255e-01
9.423702780283982339e-01 8.350267770386385902e-01
9.845332597458479329e-01 9.838341333006451750e-01
9.230885850046632868e-01 7.074774327271639018e-01
9.336109359376228989e-01 8.754890505278182244e-01
9.360211108187865836e-01 8.149788159967805701e-01
9.384152925713060700e-01 9.149708556087583489e-01
9.785594490913883670e-01 1.120052419289968793e+00
9.418388440466982647e-01 9.006371743487380233e-01
9.425620984480560516e-01 1.011255587342285489e+00
9.545245268581342701e-01 9.328481444417758839e-01
9.874908840356122486e-01 1.043139098532581022e+00
9.727922973375309201e-01 9.874048692467352062e-01
9.182408078222111802e-01 7.832181478270429098e-01
9.370285337908215162e-01 8.141786104630734933e-01
9.177672397660857628e-01 8.260338649447456216e-01
9.894106197612626552e-01 1.030478902523876528e+00
9.116811659266466084e-01 8.276805400623613584e-01
9.363144021170451969e-01 8.009887640907364936e-01
9.476171512219901949e-01 1.052912789945377625e+00
1.006663899413921870e+00 1.097428959780153646e+00
1.014028854099594090e+00 1.239982898380203258e+00
9.195212850523546422e-01 7.873188568528255438e-01
9.134694745450934183e-01 7.944210479731030894e-01
1.012250793521604963e+00 9.962999486507362334e-01
9.783555363659873771e-01 9.108645982106575723e-01
9.697712233746971222e-01 9.526713993838480388e-01
9.632466548552341967e-01 9.676867198760324973e-01
9.689676125861840239e-01 9.041916817556313601e-01
9.869683069103267758e-01 1.141192458492930273e+00
1.002144877501124354e+00 9.412682948884238954e-01
9.647206627622195718e-01 1.028592495278571661e+00
9.604443946335025073e-01 9.730412797013262560e-01
9.229953122482515981e-01 9.552034848071582207e-01
1.000145296537385597e+00 1.142942671770239560e+00
9.399046543296973866e-01 8.887942057517872474e-01
9.692620767746383814e-01 9.611065667680855906e-01
9.210334200312660924e-01 8.032617039354817967e-01
9.151146564222619739e-01 7.867507869753269656e-01
9.758738640411408483e-01 9.557932143187063412e-01
9.781397814246498568e-01 1.043994020415478508e+00
9.707120843891019479e-01 9.985248834630472414e-01
9.647096933296990251e-01 9.498842732643082432e-01
1.009351950151477162e+00 9.825171656489799510e-01
9.641447822717904570e-01 1.062315590409864008e+00
9.469973139867366996e-01 1.101482590480884483e+00
1.003314203467767562e+00 1.048829038560514793e+00
9.789066557055361439e-01 1.084366193245155152e+00
9.414053049715906951e-01 9.862398602735086284e-01
9.985739805366519173e-01 9.224098407084386775e-01
1.008081042365655655e+00 1.113214633915977636e+00
1.008438093689873805e+00 1.043327515766600211e+00
9.009011970447819984e-01 7.845891652300274188e-01
9.605201705679973223e-01 9.350517544928655944e-01
9.954501072060211175e-01 1.080543644830186167e+00
9.478899001500353805e-01 1.065544933335321742e+00
9.928479304976072228e-01 1.107708206797904937e+00
9.814648441534792322e-01 8.819143588299866998e-01
1.126409668812668130e+00 2.734672466234600918e+00
9.256737581773699652e-01 8.657234517118406192e-01
9.935273731113617446e-01 1.212281954679265139e+00
9.179653195637560437e-01 8.518682754981592442e-01
9.982031366190371457e-01 1.029862854074750755e+00
9.582649914206060604e-01 8.960154014350599772e-01
9.990822129870030599e-01 1.086240653170103210e+00
9.571740690410474039e-01 9.866068534580210159e-01
9.385289537480110411e-01 9.904584996850449574e-01
9.358240333873121264e-01 7.921121950220936236e-01
9.628930120616848720e-01 7.867989304974579712e-01
1.148758665888312214e+00 3.266877646459086737e+00
9.882594761442495823e-01 1.033785048648487415e+00
9.517706209841501064e-01 9.758464980860691584e-01
1.030742518678167352e+00 1.157881189255036247e+00
1.173057435670285198e+00 4.505276553586831767e+00
9.721277041183074008e-01 9.581894023723828147e-01
9.588275137265525050e-01 9.324936759136861486e-01
9.614332948696292513e-01 8.362356118720789544e-01
9.542279558152966246e-01 9.519078606368452933e-01
9.943888128546969352e-01 1.097889361199345215e+00
8.993510504709607556e-01 7.602216318106230775e-01
9.639896710115987144e-01 9.498302505393605433e-01
9.375040481958698546e-01 8.947342578019340520e-01
9.621675465932628679e-01 1.060197188489711229e+00
9.563689759062445894e-01 8.580403506469147512e-01
1.000443393724234964e+00 1.076528639358151906e+00
9.453078670969716768e-01 9.589437567635074045e-01
9.783294982227317416e-01 1.058899911004358207e+00
9.845490643375973683e-01 1.035306270030760922e+00
9.567731528443019773e-01 9.503098639644310675e-01
9.827340699995509299e-01 9.905486027930512360e-01
9.560460356801452342e-01 1.001731709444814156e+00
9.487389801038981219e-01 1.023647371238845638e+00
9.129068229103809440e-01 7.608255666769622172e-01
9.439414648365420657e-01 9.021873778909813568e-01
9.149758582380098648e-01 9.560579051662843053e-01
9.334887980620646397e-01 9.270239379407647640e-01
1.167463280916098300e+00 3.936219890642579156e+00
1.102571721633212487e+00 1.544246629506347723e+00
9.068052489115144832e-01 8.050471085130259663e-01
9.055471789047425668e-01 7.524539208345841779e-01
1.020167857509119758e+00 1.215465856753038310e+00
9.512642628453520377e-01 9.179892273543335257e-01
9.256755946960169013e-01 7.970051082978492074e-01
9.388885502441796094e-01 8.047097095899183872e-01
9.860876581853509348e-01 1.083359821174668447e+00
9.529197927006671787e-01 9.475602772419757791e-01
9.315363663547328033e-01 9.819600765518508023e-01
9.355460151573221639e-01 9.021618354865169609e-01
9.365429424663602731e-01 8.715160871555994726e-01
9.163128194732254039e-01 7.541388157065141984e-01
9.667995624346912287e-01 8.680358255718169103e-01
1.110712850521889283e+00 2.200494768420800717e+00
9.871491762407598181e-01 9.847250637692892550e-01
9.887178763278623439e-01 1.151453792827229705e+00
9.491331632880418701e-01 9.195584593229196857e-01
9.481683877537476768e-01 1.065742448761526795e+00
9.914265534714309380e-01 1.061167388856808724e+00
9.892025226424991935e-01 1.012740116874298657e+00
9.634742549414777590e-01 9.019250696288472202e-01
9.810850214371013012e-01 1.063665690706949718e+00
9.796030395872119545e-01 1.140163895650984305e+00
9.647967407695993147e-01 8.780672985877976400e-01
9.288396549511682698e-01 7.855803640423431045e-01
1.011370584746293710e+00 1.097629199543433076e+00
9.649994434954054512e-01 1.012998613494964451e+00
9.826513220557545614e-01 1.012120475354786997e+00
9.364618329537730546e-01 8.618276206397205152e-01
9.266441513555467857e-01 7.567485585624875721e-01
1.002805993766117787e+00 1.141403548750339558e+00
9.941311252851121605e-01 1.042051104588013866e+00
9.747457637777968698e-01 9.611447811888035320e-01
9.867752551207087386e-01 9.752197428301223603e-01
9.847521050950696075e-01 1.027314787915400762e+00
9.659444651273902949e-01 8.503973387879547596e-01
1.081084881929708308e+00 1.917676378586553376e+00
9.488056340480768291e-01 8.963081353386948003e-01
9.684588702487609835e-01 1.082059543410120117e+00
9.810248723884610333e-01 1.017572536098631630e+00
9.913623526263155572e-01 1.092853186511237640e+00
9.686737803118243839e-01 1.003193231170985245e+00
9.479974183070470906e-01 9.919125169517977181e-01
9.349704126270430571e-01 9.042706409139772417e-01
9.158754477134777305e-01 8.011345639508175021e-01
1.000023324777121081e+00 1.007991327825837446e+00
9.799705640328212342e-01 9.636147073711274214e-01
8.985889958318522552e-01 8.367684373376743645e-01
9.535049879609672763e-01 9.494005337297749536e-01
9.726721711519470404e-01 1.023765826540773638e+00
9.940016601361592041e-01 1.005353568468542180e+00
9.845345009502023403e-01 1.044954957302598908e+00
9.125783466077919126e-01 7.247109967979789014e-01
9.210919056224304846e-01 8.057753432506179481e-01
8.837992431588398423e-01 7.754760674871462589e-01
9.136091413464729749e-01 7.856412733606319421e-01
9.578380921268878634e-01 8.917038540476466268e-01
1.043168347128476281e+00 1.068654701421952069e+00
1.105377175834329151e+00 2.489063932290360270e+00
9.667767218843704713e-01 1.050578296555900737e+00
9.721853452190645228e-01 1.070495545277603489e+00
9.196883504934380005e-01 8.539737647432528167e-01
9.504428759805094717e-01 8.823018330318277425e-01
9.379830336226990806e-01 1.046317401955071391e+00
9.386351682674446417e-01 9.256659047044947242e-01
9.908803910639529811e-01 1.029837357242127993e+00
9.706132537315315112e-01 9.867801219000499335e-01
9.453403847440823293e-01 9.137128970922353544e-01
9.453616009325985781e-01 9.363899044395931348e-01
9.866721391112724948e-01 9.626138200855418603e-01
9.709283794576227811e-01 9.015933903479738110e-01
1.277022271218151817e+00 4.856050317471175326e+00
9.915565991337014218e-01 1.080550116199546995e+00
9.789967717870734498e-01 1.212371079499964921e+00
9.415116671086876110e-01 1.031096828786582931e+00
9.222440143529950785e-01 9.108731093030005832e-01
9.184311579615653809e-01 8.819052652279822935e-01
9.461440627052413177e-01 8.195201972224761544e-01
9.860368428345170910e-01 1.144420077364259880e+00
9.568181457268284396e-01 1.125675005317845034e+00
9.958914812801995531e-01 1.005488871412383300e+00
1.070111863137299890e+00 1.193252609487007287e+00
1.002844564029446550e+00 1.098592314183794327e+00
1.037719715172546797e+00 1.111244044003869558e+00
9.721226417150503618e-01 1.134120304064659690e+00
9.242626344083111345e-01 7.874175935872333998e-01
9.577608234733191450e-01 9.973776387039409164e-01
9.056132222083507211e-01 7.478178272319717657e-01
1.022499268332179856e+00 8.774533022110323488e-01
9.984140683672741989e-01 1.021811647265133294e+00
9.831861277054594339e-01 1.013183021722865673e+00
9.494015823478768601e-01 8.198207510262542907e-01
9.743062370218811274e-01 9.585877891665488537e-01
9.873474886987327892e-01 1.186735964520530207e+00
9.661601306364888675e-01 9.344656085559979175e-01
9.211105694367891505e-01 7.723961178714949805e-01
9.461471682972092401e-01 1.063931811797135918e+00
9.695113443905269968e-01 9.361151467066308740e-01
9.755317940083484407e-01 8.211984678505719337e-01
9.955668051302687394e-01 9.227951001161248668e-01
9.517642182372911819e-01 8.800403855544857157e-01
1.140640400119971920e+00 2.001083698838680647e+00
1.003601955600458062e+00 1.152409113586171374e+00
9.484634127307103313e-01 7.704474299293275763e-01
9.768998935426567165e-01 9.644274103983275781e-01
1.011546259169370243e+00 1.184805950055809021e+00
9.369430820114139635e-01 8.442451724801871560e-01
9.577884806267716877e-01 9.870549381464025496e-01
9.380184995823731553e-01 9.288150791485705327e-01
9.852443575953647725e-01 9.497395458020042591e-01
9.225659731900586191e-01 8.019283197043813871e-01
9.143268377422929527e-01 8.790508365576599203e-01
9.758931292210819564e-01 9.561565110363213771e-01
9.797898003999776506e-01 1.104402958764906240e+00
9.433691701611466307e-01 1.021480144647975541e+00
1.000985957490680534e+00 1.068901056495155988e+00
9.519301300479328098e-01 1.034728792048314361e+00
9.402746717274956811e-01 8.402449954836747059e-01
9.622699479523618704e-01 1.096131491332799079e+00
9.682243583375417240e-01 9.585463911072285015e-01
1.109048178498652781e+00 2.334599910227302733e+00
9.448796069582815482e-01 8.973669989215380394e-01
1.202859669603915549e+00 4.286543378263368176e+00
9.359788028159548023e-01 8.849505257007509451e-01
9.671739390064335584e-01 8.871299915403172420e-01
9.215381533258865110e-01 9.062597807119519011e-01
9.587934730666525240e-01 1.094879153104647784e+00
9.642326426448563081e-01 9.031734657536131250e-01
9.515591674703901548e-01 9.882740942096841508e-01
9.653458134979429062e-01 1.051819194945362135e+00
9.601591700735832013e-01 9.314921285330157730e-01
9.640489832950491778e-01 1.031329282321252094e+00
9.484493688538533362e-01 1.125744254703563652e+00
9.528854419614076754e-01 9.119565461507808113e-01
1.008043629018945397e+00 1.079958907794793976e+00
1.005476432019951183e+00 1.137279783438460257e+00
9.908277468748807326e-01 9.225714990698975493e-01
9.935805137481044103e-01 8.755609282523073578e-01
9.835740799938149648e-01 1.182986322967024329e+00
8.692502869013027933e-01 7.495127335112321543e-01
9.838917799050662660e-01 9.378447753073236859e-01
9.510387214450201077e-01 9.167603543475153494e-01
9.235703737867182461e-01 7.762477192084894506e-01
9.286387202072582392e-01 9.205534331599830589e-01
9.571588420564762778e-01 9.288659387323761063e-01
9.829218834278935502e-01 1.077893325355717913e+00
9.322564289689523331e-01 9.005926184770898235e-01
9.201943945007668990e-01 8.001439809193852115e-01
9.603736525202011265e-01 9.378151860750012503e-01
9.543288236687438308e-01 9.859316437172300773e-01
9.786856263606448225e-01 1.204912964429452948e+00
9.069110736763440483e-01 7.462415212732174119e-01
9.478713895552919322e-01 9.282159926045344678e-01
1.021393115110544647e+00 1.131563762075725288e+00
9.414963248634614645e-01 9.283525593534064368e-01
9.572950584573471922e-01 9.786524324134323605e-01
9.515666291469169202e-01 1.002804643689365394e+00
9.982363143453683030e-01 1.017370329290728348e+00
9.793676784997871199e-01 9.230414311713259767e-01
9.414774723683660973e-01 8.940152645399098708e-01
9.344320076025571797e-01 9.487743144637268422e-01
9.571419283325933725e-01 1.014204412268605582e+00
9.940019147040096703e-01 9.412333457539685533e-01
9.835231628606833088e-01 1.155786520263415218e+00
1.085566928588658442e+00 1.639013292014896317e+00
9.452218965101597536e-01 1.009322975726364202e+00
9.701799482524078311e-01 9.531862750099260317e-01
9.496892724705049416e-01 8.816867578894754809e-01
9.800073189240156024e-01 1.009989108665008795e+00
1.010996684524771538e+00 1.067589982803942128e+00
9.230309912722267640e-01 7.492044249587276328e-01
9.671730096729295179e-01 9.278602861482583286e-01
9.283138401477529777e-01 9.191635486860327831e-01
1.221578199934150621e+00 4.530705602673086752e+00
9.788648949313519809e-01 9.979272937495932139e-01
9.141436919516590098e-01 8.377909489609338678e-01
9.652166399332079427e-01 8.670274077853753480e-01
9.232304880554996762e-01 8.964092675139672117e-01
9.913137154636925130e-01 1.016817897677204652e+00
9.924247510980405140e-01 9.264274435712639422e-01
9.424316580671148191e-01 9.939057222694117621e-01
1.095268982213161379e+00 2.070090598468976140e+00
9.727340476860533158e-01 9.055985281404000942e-01
9.590296092433935327e-01 1.103237274588495520e+00
9.287948595605443058e-01 7.819288488500735212e-01
9.474732925377631343e-01 7.959802375937378160e-01
9.604962625520339081e-01 8.981507122627613304e-01
9.078793627935732857e-01 7.603476617843403229e-01
1.019998954449946371e+00 1.180463418075962778e+00
9.944642367710488928e-01 1.058506626306298992e+00
9.541532703855637454e-01 1.033752575867106005e+00
9.537870030724834303e-01 8.933662307848440065e-01
1.001968336408104676e+00 1.165627854036669131e+00
9.425746358542737013e-01 8.363399597250200657e-01
1.006348308013132131e+00 9.772981494433177208e-01
9.653935148589737336e-01 9.277972405550793944e-01
9.650695197906130618e-01 1.021796666655402586e+00
8.997768641084212815e-01 7.586913000858070966e-01
1.011283813636416617e+00 1.198299623178666895e+00
9.700776576749706726e-01 1.139388384607103122e+00
9.849087913536052064e-01 1.051539190802618373e+00
8.961670999611671684e-01 8.021852301031414667e-01
9.412669825840609406e-01 8.220602453467080739e-01
9.737104526586696229e-01 9.311429484368390908e-01
9.260135076658653208e-01 8.656685151965535230e-01
1.012669230078440563e+00 1.079503763139195271e+00
9.098925660193538656e-01 8.305440701778957768e-01
9.095264278952853720e-01 8.574875579259828573e-01
9.693688547469085925e-01 9.721417319365692755e-01
9.739549446552477896e-01 9.143691221597938235e-01
9.808351244773021449e-01 1.009244248397979105e+00
9.898395419852860089e-01 9.904109491144544863e-01
9.917826539949532449e-01 1.055950441039736010e+00
9.588986497161104960e-01 9.401443703683436404e-01
9.018884086644466391e-01 8.297488888650749184e-01
9.670985775335251278e-01 1.076969426127344587e+00
9.434892409119782775e-01 9.265082058462503767e-01
9.693957812138206398e-01 1.011465854886056448e+00
9.687265294505671420e-01 9.547715028237220292e-01
9.184542668734508863e-01 8.274426295365961970e-01
9.094348871136476165e-01 9.716887913817428002e-01
1.008525323167851484e+00 9.789982127857653760e-01
9.568270386792718796e-01 9.739980329659169156e-01
1.048045482438853648e+00 1.294911245730358207e+00
9.710450489523493323e-01 1.012505184521287793e+00
9.636828377966525361e-01 9.373403254977926702e-01
9.642362940388125025e-01 9.209075710132332837e-01
9.501775353724063455e-01 9.424445404422265860e-01
9.759894674104407919e-01 9.529201934039619459e-01
9.885677595840988152e-01 1.114391495191062509e+00
1.002359044997882531e+00 1.010020343765086537e+00
9.972677012525421603e-01 1.000213581611018920e+00
9.711405943386451911e-01 8.874722362370613959e-01
9.510209740337479678e-01 8.319061667907948765e-01
1.013911709884944390e+00 1.040106661623946271e+00
9.569400247449291186e-01 9.130770184403432799e-01
9.445540126080502752e-01 9.765062210417696509e-01
9.018618486361296149e-01 7.515978402055699670e-01
1.008186401103815966e+00 1.084014304626369496e+00
9.866261639214976009e-01 9.121824275173731067e-01
9.493815779348426798e-01 8.513612902149730877e-01
9.470443120831134598e-01 9.405751144891572046e-01
9.448489951625809180e-01 8.266664556957401544e-01
9.085091672597593870e-01 7.861892636455485306e-01
9.581276067350417147e-01 8.442843403235824606e-01
9.226378891295089479e-01 8.353268983569196449e-01
1.004504750470876173e+00 1.000757208471407589e+00
1.000089052558312819e+00 1.042334294757621960e+00
1.001436621552856954e+00 1.088756893903395140e+00
9.762898558481514222e-01 1.044699211308815157e+00
9.537013883822867966e-01 8.484936047507362078e-01
9.644194985585029523e-01 1.202936338431423557e+00
9.104903724125653630e-01 7.605114215317523296e-01
9.176581361905723488e-01 7.790351366133095867e-01
9.569694906830473746e-01 9.869116288156137839e-01
9.692350900441670802e-01 1.089179064214377712e+00
9.572543167853252433e-01 1.015065490678429327e+00
9.679667604092175859e-01 8.759565450033504064e-01
9.483675275321942211e-01 8.602282913803865894e-01
9.783907422571749279e-01 9.422548013837278580e-01
9.933410094488348552e-01 1.012912080327474040e+00
9.531722593416901423e-01 1.030102986062645387e+00
9.629740154948721598e-01 1.012367845356680895e+00
9.356268390088983145e-01 7.453287380631242742e-01
9.214490218557773726e-01 7.675103902396184230e-01
9.813157738264051133e-01 8.941503058010726868e-01
9.608131120617071641e-01 1.062860532015143189e+00
9.586933352310883505e-01 9.559789356594492471e-01
9.759509744422851796e-01 1.177080845516741414e+00
9.733214153793665613e-01 1.043481190769101730e+00
1.022032032793797951e+00 1.214867378818598853e+00
9.711648974873270390e-01 1.014441868286613424e+00
9.633636884243176324e-01 1.168138201995342573e+00
9.875245183032741458e-01 1.182931810439440623e+00
9.749873509949771311e-01 1.096803291461207586e+00
8.926607215871372736e-01 7.545860564094210021e-01
9.564832421093975023e-01 9.430060327205181947e-01
9.967995316450553034e-01 9.858230046055036500e-01
1.027306903082209733e+00 9.880781346919409458e-01
9.632157766092039886e-01 9.195214869891769061e-01
1.055432911039170030e+00 1.275300360940271327e+00
9.849545973178701619e-01 1.023990911033145323e+00
9.701652854452783581e-01 1.046637348556795910e+00
9.568997901955624830e-01 9.375731944456108247e-01
9.485814283728962737e-01 8.654857487389148174e-01
1.004700723429736486e+00 1.070355498010799655e+00
9.675329910589273164e-01 8.779149115020691285e-01
9.663942970538177413e-01 8.569322366792516688e-01
9.999018112099780087e-01 1.005450972573509461e+00
9.844842679982018785e-01 1.152727783878932488e+00
9.759427050651705571e-01 1.080286482529184688e+00
9.497310791959147069e-01 9.123219068717142166e-01
9.662524605840122627e-01 9.546950794015098829e-01
1.035580485603950551e+00 1.055992864571480006e+00
9.269914500698408499e-01 8.869502428803452965e-01
9.314063471446998310e-01 8.649152797074948218e-01
1.035465597515197622e+00 1.108097782943012088e+00
9.713207458700057195e-01 1.001314465631890860e+00
9.700541131117602633e-01 9.235748447531881844e-01
9.700106561122925353e-01 9.615756934043447890e-01
9.654222046208391639e-01 9.123974375818814098e-01
1.015383674289002780e+00 1.115417354831266250e+00
1.007202184724068861e+00 1.145262818387676962e+00
9.727325756912383881e-01 1.146268814052267881e+00
9.281058803793205136e-01 7.689645040230027595e-01
9.920276405105572515e-01 1.046864226601147418e+00
9.303743926021406097e-01 7.548071172221630931e-01
9.852697030713507553e-01 1.144339372965168966e+00
9.835059546337909797e-01 1.079263191034449454e+00
9.689442296442238867e-01 9.670720090249518286e-01
9.505948928158848288e-01 1.004380898585814030e+00
9.392456405758743410e-01 7.848829495422964264e-01
9.306639699767131901e-01 7.876888595602836718e-01
9.436792953975722265e-01 9.179159364728769477e-01
9.868816895531105082e-01 1.071435281353406932e+00
9.687141607232870877e-01 1.079068485748742923e+00
9.816109254856256738e-01 1.001044057059825354e+00
9.499356136934593575e-01 8.764503115094668395e-01
9.822436732921512315e-01 1.109547458792618180e+00
9.457857364558562852e-01 1.098763339632118585e+00
9.780409266886308517e-01 1.096231713195139346e+00
1.038086880482828045e+00 1.189186633785132896e+00
9.505456090477788500e-01 8.749815182062875563e-01
1.047219174277916443e+00 1.141674225909542262e+00
9.085723661133263684e-01 8.393526006585980692e-01
9.557325237219241876e-01 7.979915828390270471e-01
1.006746187550066729e+00 1.208729462787223152e+00
9.352681049344058195e-01 8.939721913356308836e-01
1.154025046928344400e+00 4.120573149335731600e+00
9.713376341405125514e-01 9.153218591646847813e-01
9.234164563525993907e-01 7.581693827834682375e-01
9.790550664726929142e-01 9.850531478893693738e-01
9.452374684465523202e-01 8.440976372168284003e-01
9.617638540090260868e-01 1.019392839527238026e+00
9.567292101267611537e-01 9.009765894488059867e-01
9.512871474569493113e-01 8.837728349158522345e-01
9.319301267346847828e-01 8.457295321289978185e-01
9.473262894212544083e-01 9.477550679407267253e-01
9.766806465658851577e-01 9.129717696716022068e-01
9.770893832378629851e-01 9.351815442709631165e-01
9.575725011771059059e-01 8.867770540452099004e-01
1.038703487352464538e+00 1.224980498266103002e+00
9.715557844231060836e-01 9.762258524432702034e-01
9.525755649384031187e-01 8.223210522006304535e-01
9.900296080716203262e-01 1.068472498849283525e+00
9.498509446418547109e-01 1.046891725602979273e+00
1.007446140511546906e+00 1.014617266964047859e+00
9.511578373406299747e-01 1.121397586265777013e+00
9.656403329833441740e-01 9.204335182243700286e-01
9.998267095306542229e-01 1.015778694060105680e+00
9.393603251144095889e-01 1.103619054056708126e+00
9.842714994731913691e-01 9.717261432310185798e-01
9.523285729814393585e-01 1.082732323185542356e+00
1.002408981524708809e+00 1.046595139492167759e+00
9.566079275020005213e-01 1.127982368297204108e+00
9.770420079741397590e-01 9.521896522742098190e-01
1.003321639720204717e+00 9.942322002581019946e-01
9.625421519785097857e-01 9.155261456667864728e-01
9.922061623583257051e-01 1.102568469960245601e+00
9.495988917742617108e-01 8.784529081376595272e-01
9.669405845708217706e-01 1.095688800717555145e+00
9.442924588498711191e-01 8.177591798029753001e-01
9.357978163930062987e-01 8.649359749521072782e-01
9.873161290600347417e-01 9.169862014174174902e-01
9.526175355989745519e-01 9.454689679674297409e-01
9.770077753502924844e-01 1.104471369850772211e+00
9.406920039513058107e-01 8.733560434301309572e-01
9.389536203279504889e-01 1.003707097387680491e+00
9.324929208104029144e-01 8.085100916565941542e-01
9.743960921779346585e-01 9.190776407695184780e-01
9.462270264094307937e-01 9.457309502834237991e-01
9.492503538652230510e-01 1.016776282142650478e+00
9.302992611542446610e-01 7.980588560729601211e-01
9.294634186535287723e-01 8.828582594699244668e-01
9.226970035375274826e-01 7.652717329528796464e-01
9.506583339465104476e-01 1.013592607496345721e+00
9.585148419088866945e-01 9.191995722553515380e-01
9.613466101171528333e-01 9.494385155698258361e-01
9.974854810060128640e-01 8.709709893969245220e-01
9.572358364101519745e-01 8.225080256682743007e-01
9.769629107959908465e-01 1.089468138587398771e+00
9.469706061076179626e-01 1.085245814234629957e+00
9.256029923261375192e-01 7.237831754989529909e-01
1.012226460172763742e+00 1.094860603725039905e+00
9.680385811232268267e-01 1.074185322341655757e+00
9.622296206184903777e-01 1.025024488266191636e+00
9.199468601711611182e-01 7.022824506161450264e-01
9.813379591507561672e-01 1.091028201086761795e+00
9.628216910022999731e-01 9.717187351106840731e-01
9.560750412939411635e-01 9.535966066214993653e-01
9.821979753713220296e-01 9.541818873153403713e-01
9.408348788548533959e-01 8.102841558574025438e-01
9.312353748446344781e-01 7.890875371275075656e-01
9.236585565280603927e-01 8.107546455364599280e-01
9.407544174013524607e-01 8.259185726826407947e-01
1.010735168443408938e+00 1.167893320200588114e+00
1.026625201925814634e+00 1.116665109469148875e+00
9.804109705804670005e-01 9.383396555687263385e-01
9.249911002559400020e-01 7.372089301054469690e-01
9.721348622842366227e-01 8.519278421318985384e-01
9.823742211485118059e-01 9.967704690816563406e-01
9.850824835833028592e-01 9.701140815471392953e-01
1.105639870652625145e+00 1.749151941993653425e+00
9.196575024740025750e-01 8.962379649122167447e-01
9.606317390497279840e-01 9.572168742223768900e-01
1.000028421882288132e+00 1.009056806685830976e+00
9.534287306070867718e-01 8.880813347687136483e-01
9.475261377660607609e-01 9.665538522790215747e-01
9.439137488345287208e-01 8.274613219531588015e-01
9.665537908880981188e-01 9.022760472396258447e-01
9.910872968532997707e-01 1.140651427942953156e+00
9.307026313411560503e-01 9.265085167173058300e-01
9.119566471829722021e-01 8.069905618625226040e-01
9.722771620589406583e-01 9.736896387956505139e-01
9.778754710851765841e-01 9.450570097995575347e-01
9.678259457354894124e-01 1.125691885823957517e+00
9.939585496315721524e-01 1.040849441076102222e+00
9.955202648784465813e-01 9.798487377801368137e-01
9.482050339507039904e-01 9.960623677443676272e-01
9.848373974591231317e-01 9.406754660879587115e-01
1.014661118965767272e+00 1.131314147316717422e+00
1.018435548024577253e+00 9.451648920276325416e-01
8.922099434891166414e-01 7.589689995608397410e-01
9.540398999033892213e-01 9.012938508570595975e-01
9.251187240244805876e-01 7.694211703187499030e-01
9.396725411103145076e-01 9.523262606303812827e-01
9.617183139255480739e-01 9.988178806954408628e-01
9.212591314698514999e-01 8.162313274079449066e-01
9.443115448231669262e-01 9.545507354373149456e-01
1.110986554108181812e+00 1.446133840408277083e+00
9.606301148178085780e-01 8.632820597803556595e-01
9.847281958019171721e-01 9.407848255036614926e-01
9.486062991591412974e-01 7.859278514844988406e-01
9.125023642490077691e-01 7.953761036264904716e-01
9.647257646340338111e-01 9.065527633136928332e-01
9.574755615607472015e-01 8.918086273952142706e-01
9.347858092509719885e-01 8.954746214127872195e-01
1.163080094052002744e+00 3.193615494352342044e+00
9.980429139348433454e-01 1.114998703080458897e+00
9.490055236657068960e-01 9.236680744676355470e-01
9.344224665346835268e-01 8.103828349997460601e-01
9.743372276082696848e-01 1.125396599615793525e+00
9.492643709369318339e-01 8.885510679352904839e-01
9.820769456932988417e-01 1.055684210830010183e+00
9.377485601741440968e-01 9.327681164741985498e-01
9.555846503616927112e-01 9.323007744849997058e-01
9.930569968685331039e-01 1.075352326787698987e+00
9.299710838851561467e-01 9.940509853770992388e-01
9.516926875400184560e-01 9.888839166739047393e-01
9.870783681410896238e-01 8.556258470768840496e-01
9.447987120879436373e-01 8.328155324175016139e-01
9.559272206120961179e-01 8.342501874302998832e-01
9.165309979013226416e-01 9.212942396766664599e-01
1.001052870199824252e+00 1.049320951608256669e+00
9.754807493346441261e-01 1.049542059726062293e+00
9.192234074937148947e-01 7.414433002862602651e-01
8.883302694843058234e-01 7.915303140409550853e-01
9.696368700508647409e-01 9.747424516071301337e-01
9.463643641225364389e-01 9.752462831087943540e-01
9.263843657461753311e-01 8.356749414266081422e-01
1.007882816908604262e+00 1.055625966581615005e+00
9.529772333062576095e-01 9.325732637235449873e-01
9.383412139300251198e-01 8.554462243569096458e-01
9.650315076454157870e-01 9.052527227244697716e-01
9.381198867317781520e-01 1.045307624263420498e+00
9.430778352247554119e-01 8.256820598606230410e-01
9.693346599580746625e-01 1.044820957694542640e+00
1.019325474067100057e+00 1.149649010094513590e+00
9.879574626605305276e-01 1.090339547614107563e+00
9.206653727361313599e-01 8.211350342594722074e-01
1.001910913144608006e+00 9.558930941937312520e-01
9.730883173614780501e-01 9.023265095042474204e-01
9.363237425760257970e-01 8.720996089733648038e-01
9.762427865958293038e-01 9.395959599747313318e-01
1.009473724199522859e+00 9.927351831398246729e-01
9.705230557690360804e-01 9.732940165303786140e-01
1.106232829534329998e+00 2.073853710286674090e+00
9.755562095913251630e-01 9.476854420116047617e-01
9.295518591255886864e-01 7.320035128250806933e-01
1.035341174730788127e+00 1.171846392597089670e+00
9.261274146273998920e-01 7.925883865748378776e-01
9.820859189550631418e-01 1.008975980296332287e+00
9.790860922798894084e-01 1.103285922081611581e+00
9.581216720314016388e-01 9.045484725123913439e-01
9.916523476681611271e-01 1.089243227388534185e+00
8.934838843790688934e-01 8.386136497536749168e-01
9.400886863684970729e-01 8.252842442192835914e-01
1.031941548720373580e+00 1.092507502531446129e+00
1.001204248469722780e+00 1.102068152396898704e+00
9.181538356404866930e-01 7.375983861884418680e-01
9.535788941568973387e-01 8.860387160047228372e-01
9.637099803813486965e-01 8.828900157458355880e-01
9.966938046043006816e-01 9.362489133388979257e-01
9.385444671954634721e-01 9.869873096614409924e-01
9.443915371461746311e-01 8.642901776121169055e-01
