1.754631073988341394e-01
1.098211846441424361e-01
2.185557070359084864e-01
1.199527666238927315e-01
2.216935741220737166e-01
3.860860038947105943e-01
5.755320939980108907e-02
3.322631568936740831e-01
1.903651608762151615e-01
2.006380270326910131e-01
2.569701009533650882e-01
1.062344120156686611e-01
7.784975458483850419e-02
1.464876609796502693e-01
3.912199338276931004e-01
3.090333296314998757e-01
3.198580944803907089e-01
9.283835751557491245e-02
5.493204613654392027e-02
4.027819310273921261e-01
2.278917541248262624e-01
1.114733230752144311e-01
4.222642953354367457e-01
6.811815518168907735e-01
2.314586514404337048e-01
2.127415680832957512e-01
1.243277681930149425e-01
5.272598584906541541e-01
2.048060180802795810e-02
1.795515957842852006e-01
2.127879626664509749e-01
2.010379699395671849e-01
8.317653268548698131e-01
3.738635154058343735e-02
1.490730893524331302e+00
9.081702810802985693e-02
1.982624906840411982e-01
2.088864973958378529e-02
8.032599185760658234e-01
1.023586346106131639e+00
4.348496340675178651e-01
5.328994234623094517e-01
7.801178171248894164e-03
2.017311296258140485e-01
4.089401522673230538e-01
1.230068314393603507e-01
1.786341438713614782e-01
1.161975409813190696e-01
1.901720929155093220e-01
2.677821077374755165e-01
1.416330083268496076e-01
1.630524168297441678e-01
4.442285679903682505e-01
1.136307164574450024e+00
6.088881144533840883e-01
1.125641337014373855e+00
3.297254204810336486e-01
2.797665898448703503e-01
1.291142252616492014e-01
2.317462098314952534e+00
2.163587685366827051e-01
9.661930195465645577e-01
5.755296130361152451e-02
1.021701311223447844e-01
4.792797563739013000e-01
8.798622202300723782e-03
3.339542412487327416e-01
1.179463113205904967e-01
2.921199430264532215e-01
3.066092531558345380e-01
6.989866773113697640e-01
2.989756011514249634e-01
7.282070046916913064e-01
7.125283876250187998e-01
1.433421920959806473e-01
1.901196215349430507e-01
1.025439077622684880e-01
1.533838839307108126e-01
6.232971538570207803e-01
1.352528593616940888e+00
9.984621602194490575e-02
2.489790592339505559e-01
4.596157239196948519e-01
3.642537275581889111e-02
5.164644755418553723e-01
8.138689255603576145e-02
1.241612550069204762e-01
5.375182831867790778e-01
2.956677184685309046e-01
5.887789401745045781e-02
1.393018959808139501e+00
2.329354406281897438e-01
5.338419621961295602e-01
1.108151609111114044e-01
1.160042253445736811e-02
3.476855094057471063e-01
1.347864081904657785e-01
8.832422567754114051e-02
4.829145934037789578e-01
1.258839496635620336e-01
1.123332589045330288e+00
2.081595602020862579e-01
6.574347741490634001e-02
4.535505328991756846e-01
3.062811827040994750e+00
1.501135733923576188e-01
2.409205962558836622e-01
9.445999006938590736e-02
1.373405644423495719e-01
1.911056542465154329e-01
1.943496385819451777e-01
3.178758967629603527e-01
2.733128207281308453e-01
1.991067675133779968e-01
2.000850796621498340e+00
8.726153824375637580e-02
7.972081546035544863e-02
1.013562373682454221e-01
2.614398354364459998e-01
1.074774907950123204e+00
6.924721068479897657e-01
7.974343304701481117e-02
1.466677453683307708e-01
1.138247051145528238e-01
3.128090126734573428e-01
1.678775695480763108e-01
3.724156268015572646e-01
1.509214100203834508e-01
1.280016738211972593e-01
2.248933238901270892e-01
4.038492477250320012e-01
6.743014909312934346e-01
1.831041781737822449e-01
1.424903492050281495e-01
2.817970361666993773e-01
4.199203019021257033e-01
6.265951674359820922e-01
3.049300354771911775e-02
1.722062813087786304e-01
1.245718626124187739e-01
1.030538452024081453e+00
2.419653487945255255e-01
2.253502735058682538e-01
5.742158310717198066e-01
5.800644611119600835e-01
6.508480931193424968e-02
4.590746335115169496e-01
2.512497693368927476e-01
1.317612720710653051e-01
1.772985131316877350e-01
6.859502543874915759e-01
6.266391702708260514e-01
6.884978540455751750e-01
1.501275386177098603e-01
7.508445408304622593e-01
3.234930761571649382e-01
1.123454510726501210e-01
9.089416367329794522e-02
9.828975312661258901e-02
1.088008628017747698e-01
3.906495981415237795e-01
9.907947503699739145e-02
2.274968779769358934e-02
9.252049944274107762e-01
6.080375402537729901e-01
3.172272976581110848e-01
3.886804605782692712e-01
3.484497010393780569e-01
7.116839993088744376e-02
1.125095565375030082e+00
7.272078818787974797e-01
4.550300504417882363e-01
1.832940341645744320e-01
4.679230719783928905e-01
8.736260726117583975e-01
2.205401650711267814e-01
4.221212929302705641e-01
5.509382818778555541e-02
8.570441614558968468e-02
2.388414366323864668e-01
7.642319431819917241e-01
2.058029716414772614e-01
7.595063760209899706e-02
1.033956379968816730e-01
5.044071432291457047e-01
1.781027397217031516e-01
7.745202976487002289e-01
3.120501843756421367e-01
1.597646624921129077e-01
1.424053383118536742e-01
2.620360818811006132e-01
3.165355576632701284e-01
1.643717723460098035e-01
1.342576729674938296e-01
1.084953052746846502e-01
1.765741240208281992e-01
1.166303829313419110e-01
9.080200082771947012e-02
2.970646893573928304e-01
3.064029451451189545e-01
1.531325812740238768e-01
6.464074614952980413e-02
3.658247537405589500e-01
6.538306520632236607e-02
6.813110458486678622e-01
3.598453726075853121e-01
1.037345713586567963e-01
8.926148056862590052e-02
7.483457352834790854e-02
2.765629561502475076e-01
5.085268257831572492e-02
6.814399269053889041e-01
7.217716325990183868e-02
1.698970320948333945e-01
8.903180939710501896e-02
1.682207190152279763e-01
6.126878939252729250e-02
7.811082892554785939e-01
2.119037802137632431e-01
1.056903508202859110e-01
2.362824215127309058e-01
3.115021085541400669e-01
3.291430708854005127e-01
1.394102442441636225e-01
4.967504698399958230e-01
1.506048019604728561e+00
4.359016058453672737e-02
1.092963173876322358e-01
1.231983574788954039e-01
2.328607917170153474e-01
5.628080172488243715e-02
2.394081937291450135e-01
3.692919022663703754e-01
1.502537136787566174e-01
1.506585777672513893e-01
4.146611594135137802e-01
5.084304061201896374e-01
1.623102631066604684e-01
6.895562994701958104e-01
2.453602494621456298e-01
1.088446554385630038e-01
5.979289769012414713e-01
1.680197868675433193e-01
3.982899540075919564e-02
5.114525723414568015e-01
3.185921400618266786e-01
2.298333320313363792e-01
1.029982781300544936e-01
1.411630376643919771e-01
1.129955659538352392e-01
2.452412085041574541e-01
5.807447409283965356e-02
3.269290578293257421e-01
4.587866482371613097e-01
2.561535582153859347e-01
1.153938975362909236e+00
3.590513522244272449e-01
3.736181444388511075e+00
1.035415831714348867e-01
1.894639803867364802e-01
4.767213512197334135e-01
4.085158296497834463e-02
7.540736776924548967e-02
1.076030023959266835e+00
2.309712187948878837e-01
3.714304277520215081e-01
2.466610555469130051e-01
2.015361231653814422e-01
1.607600256740869538e-01
1.646716589803287056e-01
1.872522970527833869e-02
9.232050171798504845e-01
6.770500800418284282e-01
6.661497425581750509e-01
3.966055395296287367e-01
2.450512195598163537e-02
5.468432893230850134e-01
9.815819070771103494e-02
1.064359334783932798e-01
2.191307496603274174e-01
3.073522421060398413e-01
1.467853822897052130e+00
5.954625499344634587e-02
9.912497614060681306e-01
1.730495260424365633e-01
7.673943027095600500e-02
6.262821255552804278e-02
3.415522509245835781e-01
7.766350783294737603e-01
2.595350177945795478e-01
2.528008318901796558e-01
7.628705227144885748e-02
1.567230359069383128e-01
1.075641115791107633e-01
4.470264615183247581e-01
7.678842623783802002e-02
4.583833985347823270e-01
4.079084309504163453e-01
1.079506716694187851e+00
2.159146254968767331e-01
1.655850890829274891e-01
3.818139552663409875e-01
8.688843933799121899e-01
1.313812841634919848e-01
7.245896772797576213e-02
1.425130048973106134e-01
3.562386685671755093e-01
3.554849398287013990e-02
2.198152374156798206e-01
8.344463499518823824e-01
1.118539982311416853e-01
1.047157570024165318e+00
2.695671328288203328e-01
1.897218730721094981e-01
1.530447355980007362e+00
2.247865667034416037e-01
4.737680644122633788e-01
3.709269018220005820e-02
6.357046257467142691e-01
1.152665945054129198e-01
3.802653342658378344e-02
3.474735561113779236e-01
3.814653045836635670e-01
1.291663878163671064e-01
9.835230405891041972e-02
3.691573282596566363e-01
4.315243226099672036e-01
6.795862749669671077e-01
9.332406046066881178e-01
2.994971380747548095e-01
1.815313146355532203e-02
3.966339101838458059e-01
6.971581800069286128e-02
6.213415213592858866e-01
3.227563072215685058e-01
1.854438392976274774e-01
4.075705469054689556e-01
8.797579906887810497e-02
2.434440642383778677e-02
2.560287138053199962e-01
8.831712251686171800e-02
7.292179886254093191e-01
4.710074994871722431e-01
1.499456466164830748e-01
8.449431514550829192e-01
6.411023644422839118e-02
4.542830463058614709e-01
1.398828405796790839e-02
2.491216367882777283e-01
5.954536620167625444e-02
6.372741800634995624e-02
9.726752379954470284e-02
4.693232891247124394e-01
3.237770616275355562e-01
7.663580829081878543e-02
1.664045053948655650e-01
1.049170698404730401e-01
1.686975035758240815e-01
2.518303207222163387e-01
5.127685934589381045e-01
3.670101295994311341e-01
3.109019100085951282e-01
5.442382581127710311e-02
6.651383306741545098e-01
2.644747205667665191e-01
1.394031841768044733e-01
4.513473704055946389e-01
1.029696466211369454e-01
1.203878667299273231e-01
1.734746994049376489e-01
3.019703305578844144e-01
5.409559033299028430e-01
2.442028871786400823e-01
4.679286902041758789e-01
3.371687826321653064e-02
5.735755551741537200e-02
4.182779298365078557e-01
8.693440310791958336e-02
3.103726435016050389e-01
2.140792069631688166e-01
4.894890841360449718e-01
2.624125265296662346e-01
2.908628678362229492e-01
4.056663862589204861e-02
4.414260910577892938e-01
8.868204040062352411e-02
3.805431354160550977e-02
2.399114114113502227e-01
4.597253614214786427e-02
2.362142759255027660e-02
9.757095504244122086e-01
2.257764163434512472e-01
5.628306154572938758e-02
4.197966511656917588e-01
1.161777529387551661e-01
1.071355213646268678e-01
3.136306681649268513e-01
3.579914219101758971e-02
1.529638062999510717e-01
8.337493806991700396e-01
1.802531071401608787e-01
9.351017373416933287e-01
2.533834790113346225e-01
2.784583759448498452e-01
5.267897778996346592e-01
1.785345746869956729e+00
2.093969452876008608e-01
3.810655751426060833e-01
4.775376370292685330e-02
4.832390681157438389e-02
5.242017877364120448e-02
8.271210956691936456e-02
5.463808670870727580e-02
1.995034312946000754e-01
9.987870826274083957e-02
1.171913435989496016e-01
1.861185457149037159e-01
4.113882211287468449e-01
7.963063747304713336e-02
4.394565878920075330e-01
2.151663806330970097e-01
1.177113582137427478e-01
7.680824743941347399e-02
1.784932222908684474e-01
4.365831625652334402e-01
2.159058481126168161e-01
1.781240566709518525e-01
1.550790186011211103e-01
8.832294875942942047e-02
1.819279980729403334e+00
1.954305138645144324e-01
3.351907444985152695e-01
1.118747743808564232e+00
5.647145292486595303e-02
1.310307607825484111e-01
1.682870295257831439e-01
7.421584011778489809e-02
2.667807519103999603e-01
6.255515235221911774e-02
5.584959925447267048e-01
3.691666405218145819e-01
1.515712283974947339e-01
1.331995252537436558e+00
1.426765885252587462e-01
5.018765775062581508e-02
1.543826235007114689e-01
2.772123971728638336e-01
1.406071780979119556e-01
9.248187197859321362e-02
6.006128474169070142e-02
1.168092402148583966e-02
7.842621411489986150e-01
5.157640560437979360e-01
2.348766278601068652e-02
9.511509555984906661e-02
2.925165892806606133e-02
2.097136133750363562e-01
1.506612032904521836e-01
9.043358620133101766e-01
1.891266562199040158e-01
7.126995270771049329e-01
4.150049700881221215e-02
4.536179673205545937e-01
2.198798126742226855e-01
1.726011468188167197e-01
6.204061462752961248e-02
3.159496865336409721e-01
1.925332064480273775e-01
2.628648312571019718e-01
4.975893842990443128e-01
6.508821380753013752e-01
1.490859298070942307e-01
3.856618546371163858e-01
8.229317577844372789e-01
1.190500433031552036e-01
4.846548456797603599e-01
1.573045422975251628e-01
1.915712117552819116e-01
1.176925163997377954e-01
3.182623180850644440e-01
1.246237787927300805e-01
6.702425083904320346e-02
1.029276059479137667e-01
1.900161169127793925e-01
4.069618116143906839e-02
7.776972143467697496e-01
2.330197316087106452e-01
8.325434210983707894e-02
2.432515491859460199e-01
3.300456812969618792e-01
2.616503704827473076e-01
1.664586321114195633e-01
1.723304275099488136e-01
1.589095334209344457e-01
4.748783111386674638e-01
1.382328637662215975e-01
4.892535720684264566e-01
1.043368099568677404e-01
6.238325526599204640e-02
1.923452660252568946e-01
