6.883751978886125389e-02
6.287258964160920005e-01
3.429696567381522732e-01
1.492987698370134286e-01
1.389968086113472501e-01
4.363799114602236184e-02
4.782390848697090635e-01
1.019169062609451837e-01
9.334424965469467761e-02
1.363777766934679558e-01
4.177952105512078296e-01
3.629415153217736556e-01
5.214484973530147949e-01
1.662143506206048282e-01
2.792689089041068828e-01
3.110225929907169395e-01
2.285888780892661454e-01
4.812622211534099970e-01
4.765882592258012806e-01
1.680037488622147523e-01
9.574712321605768905e-02
7.027086140867618014e-02
2.121791424934061643e-01
3.439702515935317284e-01
4.541633235777600003e-02
1.203558783017151176e-02
5.714736537688135110e-02
3.156541730473104712e-01
3.790424512040127536e-02
1.142744643423110745e-01
7.452343683281806297e-02
3.272678158309281216e-01
4.142692128453202838e-02
1.942327547649783381e-01
2.678932876010162167e-01
2.531540488182845161e-01
4.090382355910146539e-01
1.369660219380732236e-01
9.974438537255796156e-02
1.451255234085046530e-01
8.433477329635158393e-02
2.602569163567960420e-01
7.290396083556609230e-02
7.636686202826931114e-02
1.694286536049677827e-01
1.370104024656414898e+00
1.794744075623572466e-01
1.112856436820541806e+00
2.230015996375275533e-01
1.401045087540479517e-01
1.619805652219318493e+00
7.962011390793269361e-02
2.046828143292638014e-02
1.035557323492449777e-01
1.414539693974331269e-01
5.317493306585595603e-01
3.951440948845129641e-01
4.245932857983375497e-01
1.813218105821506332e-01
7.351152883109464131e-01
1.187200748253089549e-01
1.502485082163774188e-01
7.027240087593999984e-01
9.545178185198620602e-01
1.851347663414117939e-01
2.316744635664233221e-01
1.963449198745798596e-01
4.556956657491838536e-01
8.711504418269011563e-02
2.651742879873330572e-01
8.234974812887661810e-02
9.377549922726575726e-01
3.538639126546159752e-01
1.470067832817052167e-01
5.495307079405622463e-01
2.592673569805750144e-01
2.592339902468455137e-01
1.195606758346294818e-01
2.213615031158921442e-01
1.338552058948439816e-01
2.516736500145272948e-01
4.854207763615139837e-01
2.797644685944851162e-01
2.331307051762215171e-02
7.298078790645948222e-02
1.474879410290227955e-01
1.049474804049949750e+00
1.768167935413684222e-01
1.395524698532743246e-01
3.810541639531029867e-01
1.723376674348370274e+00
7.611740534868673136e-02
5.302394756091712846e-01
6.422776313786907054e-02
1.673953243785220590e-01
1.395106896132694674e+00
2.806849652354118096e-01
1.055567870804208441e+00
7.631153604967441662e-02
2.244508128844113215e-01
8.615261490333180339e-01
3.340856801154459266e-01
2.034197051891403762e-01
4.816589321595163287e-01
1.481622667616914746e-01
3.660644239624748220e-02
3.149615468832571430e-03
1.282460740120883458e-01
2.267053746676042647e-01
1.793865887197269249e+00
2.226046680445300241e-01
5.846333787719919517e-01
6.967422826716296314e-01
3.511092370097682047e-02
9.811610825995645269e-02
6.845391873693441875e-02
4.101718913160394275e-01
2.077461792348635206e-01
7.594213847777837867e-02
8.920060191383875070e-01
7.260485386972097555e-01
2.607346161686595609e-01
6.483448014208013921e-02
1.555602300027970064e-01
2.112626400211700395e-01
5.212003939141968134e-01
1.576362491971697311e-01
4.392749860663186512e-01
1.840004743608020799e-01
2.765535618644734267e-02
4.098141049110777812e-01
9.340896305160703572e-02
2.772371128774471227e-01
1.687436897618695142e-01
8.503594166021447021e-02
1.165458267131727760e-01
2.187787256653369039e-01
3.934549629444225594e-01
5.060739076587913443e-01
9.366961786371048870e-02
1.475851711793426946e-01
1.858237616361986699e+00
1.924774894434310379e+00
1.740021842720948841e+00
5.136533507944980315e-01
5.702512248851082655e-02
4.759414497368229524e-01
4.739597444863682396e-01
2.353542398716618467e-01
5.004004367583492208e-01
4.534476997711999746e-01
1.462595224787648918e-01
3.599978930997842497e-01
6.694062155694664729e-02
1.438896232138143216e-01
8.925265590134378035e-01
1.307629419514524660e-01
2.023988625650248174e-01
7.168204724249787052e-01
1.052515900862917297e-01
7.531239306574974424e-02
2.682208846937538319e-02
1.123398679186077692e-01
1.741615789791926550e-01
1.236201763850055951e-01
8.646536463892150193e-02
1.068537363717475264e-01
7.988315612939488053e-02
3.720118030524745267e-02
3.285476881316290454e-01
7.595542766045357275e-02
1.885931915964253747e-01
7.367479781862204535e-02
5.096496895224532642e-01
4.627254780031948012e-01
4.243693049232737380e-01
5.895124173783005128e-01
2.535925173107237973e-01
4.480006967327733458e-02
1.545000851308368839e+00
2.405084127887943679e-01
2.110693053029396860e-01
1.394322140260916831e-01
1.089939440115472030e-01
6.745001790100949579e-01
8.507924401530193581e-01
2.232668610553495137e-01
1.665985608696522735e-01
4.827109077586738128e-01
3.574487611904053064e-01
7.856255303581331784e-02
3.335050695526481368e-01
3.152672975397027844e-01
2.894460568701222591e-01
3.620357284802107056e-01
4.302358779640189645e-01
1.317690109483646621e+00
6.535647128884003454e-01
7.239803596376789274e-01
2.739803620848781374e-01
1.115345775579111409e+00
3.482139327624493852e-01
1.822611698032930716e-01
6.380836512600938926e-02
1.288961148168853155e-01
1.773435665573848796e+00
4.430248164350862328e-01
1.617851143883872189e-01
1.192585744526110381e-01
1.050450395751880012e-01
3.492366781725719238e-01
9.265506676969467170e-01
2.438800999044193202e-02
4.864707226339790580e-01
3.877538328991796956e-01
2.866456473028294871e-01
3.103614499543240202e-01
1.121241132796585160e-01
4.691456795130050095e-01
1.032189877753233676e+00
2.444471393247910629e-01
1.422495320983906131e-01
4.332990576826797335e-01
3.225136871611806177e-01
1.064214040297713382e+00
1.592052644285489316e-01
2.931301372794754001e-01
1.173993543931240585e-01
3.480208762350270324e-01
2.986638595543817942e-01
1.673569505822119496e-01
5.981220143807919332e-01
1.463231957473478118e-01
2.547451390288068218e+00
4.420218407246497838e-01
1.232211334574958295e-01
5.222053378297499687e-02
4.608248068562607602e-01
1.799554028103003689e-01
0.000000000000000000e+00
1.633740893711382314e-01
3.470025379071374760e-01
2.496049276771311332e-01
8.223535827024381906e-01
1.921131489347737142e-01
1.769406261393554058e-01
9.402767217823962409e-02
1.625009500829306675e-01
5.226855352143685435e-02
4.524327860773151855e-01
3.615330054616724409e-01
1.087701844773330873e+00
1.498259941399526562e+00
1.355748247410972218e-01
2.601273437187899829e-01
6.198478785787954193e-01
1.369286967504651509e-01
1.538667933828397616e-01
3.493260392016356297e-01
9.256374667021136093e-02
9.326293175034632010e-02
4.781320424188033047e-01
8.987558673984528124e-01
3.460997017415324284e-01
1.057251668287032542e-01
2.974570249265680588e-01
5.576251860133343147e-02
3.496423640890939377e-01
3.178996764974498790e-01
8.317334829526153162e-02
9.397496857281925631e-02
1.389383916014237663e-01
7.671029231164044893e-02
1.518604301111300681e-01
1.085050495342003707e-01
8.680548222021874372e-01
4.270960776419467642e-02
1.162511948324592981e-01
6.957379933126904836e-01
2.037500057359560302e-01
2.681023251617984382e-01
1.030282244392216162e+00
9.919458191290985577e-03
7.559628048998056071e-01
3.475001534565881345e-01
1.197190432550917505e-01
6.474679317006535317e-01
1.438820617998005646e-01
4.426469542469112506e-01
2.270630731400273272e-01
6.147843298583127725e-01
8.589933489622572083e-01
2.011029675471352474e-01
6.646892882336688513e-02
1.959167957257850201e-01
4.802541819039047866e-01
2.304020383366354729e-01
9.584945617133111551e-01
6.908309755182766299e-02
2.570272749592342976e+00
5.885588374459100880e-01
3.337464683234060980e-01
1.154791321816439342e-01
1.877744647127838729e+00
8.838273383966623042e-02
8.960936299179020348e-02
4.145223353361381369e-01
2.001408170784961804e-01
3.868284294575891624e-01
5.607370316203149629e-01
8.835178238620365609e-02
3.005109263664454966e-01
1.037933518317487175e-01
7.080058512091238487e-01
7.255186239840205609e-01
4.573667489433454192e-02
3.015175804100437285e-01
5.840722343970446984e-01
2.998245423690862888e-01
1.328013566961560254e+00
1.783605130767066532e-02
1.053875706590209765e-01
5.275666645907437641e-02
2.719330489097853132e-01
1.729212682361166431e-01
3.236439222904144430e-01
3.971317984458072048e-01
9.629258470162008199e-02
5.407884085237065763e-01
3.756132955594851941e-01
8.409280507879045297e-02
7.263584034079476615e-01
2.689978829775224733e-01
1.104763096867477312e+00
9.673049266283091641e-02
6.465884824395328190e-01
3.670609567821432884e-01
4.970108737608534000e-01
4.093173922248244390e-01
4.847474029156300518e-02
3.862839065979071229e-01
2.385602533272815240e+00
1.463722302414111887e-01
1.253093207884572180e-01
2.967913691571374413e-01
2.420083143037625173e-01
6.524920865253655000e-01
9.937548197491945512e-01
1.744110492567004789e-01
3.206006489142490534e-01
2.437795133736943565e-01
2.215729599740146605e-01
4.318484913676175485e-01
1.478170601549238516e-01
5.605112939040298725e-01
1.601082763444167667e-01
1.072505931561542836e+00
1.746158225347330117e-01
2.228521404241732840e-01
8.895231661552341351e-02
1.007644707949615359e-01
1.742926628853626314e-01
6.307230879881496610e-02
7.260623886747319400e-01
1.948110638527657534e-01
6.570369105975629176e-02
9.050061523353558623e-02
9.369564858627211362e-03
7.307101191452798628e-02
6.259398882358106764e-02
8.199040996508069612e-02
2.812545137544961854e-02
1.503031576504854916e-01
6.266080408773737342e-02
4.226942579397365840e-01
7.221878316050880930e-02
2.721016468122222087e-01
4.969787842883918727e-02
1.533621824343716147e-02
5.417414504185888990e-01
7.059361173828325453e-02
5.318017736152186314e-01
9.866826537074893100e-01
3.044586964563216758e-01
1.227562772080154074e-01
6.172266550401307728e-02
8.401988923717741420e-01
1.290697470465006491e-01
1.633392662869215251e-01
1.083098594213369736e-01
1.061706646874635424e-01
1.994122871250356976e-01
8.015313630065061534e-02
2.256454117518436886e-01
1.167427678919125654e-02
1.507479741024135289e-01
4.381623538876505686e-01
1.651820456367120160e-01
4.746451833952424204e-01
1.206085059813359062e-01
5.116792696519547601e-01
9.429511903251045490e-01
6.164974357884065587e-02
5.646726169745820700e-02
4.579153127285999492e-02
5.249884452253396061e-01
4.235884630007795693e-01
2.903898388935873820e-01
7.762869443862363550e-02
1.649154569611754884e+00
2.203026925748894360e-01
2.154776331152866153e-02
1.357257584392614347e-01
1.670313261065882182e-01
2.073040289488464472e-01
9.038659476024656081e-02
3.556085699636211683e-01
1.415869265328649762e-01
5.085122721720482936e-02
8.310420508944439677e-02
1.269083124941800533e-01
8.069151274982047650e-02
6.173066867462156937e-01
2.827710022741519724e-01
1.030919762869915955e-02
1.243556374409320597e-01
6.357553085854324160e-02
1.309047560992334658e-01
1.670352957074562883e-01
1.970000854973966153e-01
3.802909693762013821e-01
2.462933812534241762e-01
5.742363548323022870e-01
1.134072029968919149e-01
2.539245934089706669e-01
3.246318036027427967e-01
6.150277535712217469e-01
5.412272815077125987e-01
2.988120628738054063e-01
1.989038286445392600e-01
6.440424729474222842e-02
4.401201037835539287e-01
9.462376475603570536e-02
4.178941017782660805e-01
9.979030437620729777e-02
8.742613960005731766e-01
7.013265600692106805e-01
1.069562822856247458e-01
1.761653938640012906e-01
4.051964377119872118e-01
2.291700379740803650e-01
2.344857151706128684e-01
9.345428887346584057e-01
3.673447090407767068e-01
4.164233353208687261e-01
2.439716056121225551e-01
3.886539383166111028e-01
6.018584109611756217e-02
1.744707314002964249e-01
5.688927781357668856e-01
4.568351463940376750e-02
4.642012659746462266e-01
8.825351372960291152e-02
3.016977900406594970e-01
5.875996855784469675e-02
3.866515185485067674e-01
2.030653202744779617e-01
2.295868347594221537e-01
2.321097354622841669e-01
8.792519728952992164e-01
2.361330846589292931e-01
3.707893399480800128e-02
6.876836691237224464e-02
6.428922141585107219e-01
1.441413918370178848e+00
6.230264775797096366e-01
1.215857507645825286e-01
4.649057599405389540e-01
9.301485083741700688e-01
3.417022069279352370e-01
4.885947358234694060e-01
1.781349417477068042e-01
7.308510278425194018e-02
1.424547454044281236e-01
3.519745435238810782e-01
3.337097247868416328e-01
2.785970870509023589e-01
5.625997325079165057e-01
1.972589888249567103e-01
6.599777064398824056e-01
9.736136790928016094e-01
5.924938035166209260e-02
2.972066887342404429e-01
2.022064814992823312e-01
5.314369200159206885e-01
5.085899534470459532e-02
1.614967765009194672e-02
1.726212832596120406e-01
2.845057194556857572e-02
1.141430735937788155e-01
