2.740938391143976083e-01
1.881617282394416057e-01
1.732454672148352193e-01
2.051568451563408058e-01
2.072077592832533011e-01
1.001599906535725060e-01
1.165030866090624173e-01
1.615205615810185180e-01
3.765031090548779380e-01
2.231336631612005628e-01
1.606352309326742667e+00
1.731945501808809240e-01
2.371844499696990627e-01
5.653802023709662145e-02
7.584823102993526467e-01
7.548274052013292934e-01
1.224408503588243075e-01
8.633415021880888607e-02
3.362491203906934345e-01
2.859640105561858658e-01
8.882456725901256844e-02
1.076052607208208139e-01
3.960060500186420723e-02
2.472624318122254583e-01
4.122206589622390283e-01
4.978350145445733510e-01
1.831604569701343332e-01
1.466709569651994283e+00
1.481910315704910497e+00
8.813829718252665923e-01
3.149783895665243805e-02
2.739057353663650884e-01
1.164969044599343528e-01
3.374723420030544263e-01
1.005983142256855256e+00
2.628830089145684501e-01
1.429902668412044442e-01
7.373264836993824733e-01
8.697018832624596463e-02
3.665622740480368735e-01
6.534825995805450261e-02
6.579316531784303035e-02
5.951974139929020469e-01
1.787056674024891101e-01
7.549720620901073653e-01
1.064794163610354172e-01
3.596305069309236879e-01
2.316783286718172019e-01
7.355735738922077882e-01
3.942243283359498918e-01
3.488370904837329034e-01
1.401967951408425173e-01
9.253798897362768283e-01
9.629615966056283005e-01
1.089408384091843096e-01
2.015935704768943570e-01
3.250327945662115914e-01
1.160355818558385099e-01
8.632393483822197178e-01
7.276120155902833508e-02
3.414210242095919723e-01
6.158777553652797915e-02
3.007461748803555435e-01
8.469698127546012589e-01
4.422726455906904053e-01
4.542496170970533598e-01
1.986764173754720919e-01
6.795392441593139585e-03
2.187551280119268693e-01
1.673621557145956174e-01
2.129583445263578234e+00
2.455366256899386368e+00
1.221084804516309630e+00
1.209621625648258647e-01
4.315377747633347694e-02
1.981842774447109878e+00
2.104074955654931800e-01
1.638770022304149476e+00
8.687115268480758434e-01
5.685103103412029318e-02
6.341017939956713478e-01
2.388291008402934901e-01
2.806160060097656062e-01
1.405397025420151991e-01
1.620374642301146140e-01
1.136159850224772949e+00
2.470641199802006971e-01
7.708469019226307228e-01
1.462699487917426433e+00
1.431521675006075522e-01
9.808296692984289078e-02
1.070064965953170522e-01
2.973331056355590918e-02
1.136697187608784188e-01
1.719036333215256673e-01
6.361882940331069491e-01
6.041782581720317458e-01
1.972902921608744864e-01
1.484174578071276521e-02
1.843767350170576191e-01
2.682084804127616851e-01
7.789457542896623954e-01
9.706603902214927526e-02
1.292080943127211501e-01
6.188729799285266342e-01
6.331932929715590463e-02
9.633988291764418455e-02
3.426169418191911120e-01
9.940533081031593943e-01
1.298632967304560737e-01
7.853056942924159511e-02
2.782628841112032639e-02
3.913872368211192276e-02
8.863306692019441713e-02
4.080982622400868287e-01
8.061104294600926479e-02
2.571390320647607419e-01
1.703205815572681470e-01
2.389037428781584649e-01
6.499427491635945131e-01
1.291878746372081832e-01
1.002098426305960022e+00
8.375589135200986468e-02
7.826013357866194731e-02
1.219737998330429063e-01
1.228124041405695283e-01
1.076582777955117642e-01
1.459230184571218281e-01
9.014130878513457734e-01
1.720518349058031415e-01
4.984602268816331616e-01
2.500457259525929454e-01
1.203823540444304008e-01
1.080252004128291893e-01
8.372964509660289767e-02
2.121633914819292810e-01
3.030533487317237928e-01
2.831496456640865689e-01
8.219591919626850762e-01
2.296433410551771692e-01
2.063845888869911271e-02
2.216570738785751948e-01
3.580817095088778546e-01
7.839499836614342854e-02
3.399708498213915298e-01
6.507168278564192665e-01
4.328804799066492959e-01
5.890458067551047616e-01
5.690459800258300394e-02
6.268872921579905499e-01
2.101472416363149964e+00
4.455960285205044502e-01
6.392841009370784366e-01
5.545164552552112047e-01
2.672378749328624958e-01
1.309494173432974140e+00
2.604225109416978823e-01
1.390327452078758297e+00
4.440781078776047108e-01
4.700308717232696276e-01
2.383047752307786704e-01
6.679144027366430425e-01
1.384782555158658446e-01
8.092354972772712596e-02
1.300724764984592108e+00
2.944980226557284420e-01
6.306097509043170901e-02
1.056863899962139364e-01
6.625825080275979939e-01
4.934345996754956748e-02
9.146643667345105699e-02
3.877502559392521642e-01
8.893261884227078307e-01
3.572639063231188294e-01
3.514588731785430187e-01
2.008585685746747396e-01
4.020845216619356455e-02
1.676090857619858265e-01
9.306285673817671356e-02
1.194001217868397025e-01
4.414623575144467904e-01
9.678864347236940113e-02
7.498459722865949417e-02
5.221576197803224906e-01
3.401516665280494151e-02
9.199944770864383614e-02
1.885552632708865639e-01
2.638295500016263895e-01
2.725054236000905017e-01
7.853495170054263230e-01
3.592376650547663419e-01
1.854763230491070503e-01
2.040148088680033278e-01
6.913733724427960359e-02
1.440038669792177983e-01
1.897389874785457009e-01
1.951932189194330036e-01
5.392661343206361924e-02
1.715781066239414343e-01
7.934515049840784595e-01
1.859562900217369141e-01
5.649220623627666804e-02
1.013229760576103422e-01
6.534155270563266615e-01
3.763802818107797044e-01
9.143593640567113101e-02
1.748346575369178202e-01
2.216340156260835081e-01
5.277135991745212085e-01
2.045435123893346585e-01
3.178789952571160760e-02
3.761215505089345740e-02
9.418842766522804444e-02
1.559094657502692050e-01
5.226060546757346215e-01
7.314219927672885313e-02
5.695864698060595366e-01
1.923743790100289064e-01
6.809706332208380342e-02
1.234670422288308006e-01
1.745384739577784949e-01
1.431074630114203550e-01
1.880443266245614420e-01
9.511040529686665135e-01
5.468680443343416908e-02
3.337030897778172078e-01
2.863900627976544433e-01
1.192874044330717975e+00
9.642798128107168965e-02
2.232504614432027634e-01
1.895433973607172085e-01
1.323349563029687648e-01
6.034139452312441143e-02
1.539221249411808559e-02
1.257012497628133829e-01
1.403438008979713270e-01
1.058529024564846821e-01
3.036569978794404490e-01
8.130135413353137275e-02
2.490622686421295473e-01
2.509606940613866022e-01
8.881281190484452415e-01
1.501098938907558522e-01
2.420728844294257609e-01
2.005571101554312619e-01
1.422606922126737894e-01
8.711038260997323868e-02
4.381129722925330289e-02
7.676152709087355475e-02
9.531238730064853226e-02
7.371118772659015494e-01
1.417945990301586190e-01
2.031748197858278537e-01
6.524199927543285205e-02
2.558300659642022065e-02
3.063518921414773999e-01
3.154729077087045086e-01
6.926976223380093556e-02
5.104104265236304727e-02
1.307007126299934187e-02
1.088121377854508742e-01
2.065467237006450851e-01
1.798983327232540175e+00
1.713424273983513157e-01
4.095402845920322055e-02
3.416710041711413792e-01
3.434809692556735350e-02
2.565263073624082790e-01
8.132643044484364481e-01
4.594937840626580616e-01
2.387409599130572990e-01
1.065055521804119554e+00
8.117216156137732619e-02
2.083072296373699450e-01
2.802415145238259520e-01
2.013900837942813327e-01
1.668268708147374879e-01
2.009533606495435831e-01
9.434932070607104926e-02
1.091337489771676272e-01
6.563229208332896913e-01
7.537342390840791051e-01
2.735633033240796319e-01
1.062928170127170197e-01
1.166797678069245170e-02
1.057069680322980931e-01
6.235279907343112271e-02
2.909595059662201666e-01
1.262473344263094766e-01
6.967617443297202673e-02
4.233461264430712911e-02
1.547563328428817053e-01
5.943353383253511396e-02
8.408292734191503692e-01
7.098030742547598582e-01
1.324781433202480707e-01
3.863840629395526305e-01
7.449387231038031576e-01
2.210262685892337708e-01
2.192071390455576085e-01
5.731671054803222365e-01
7.524650276307633112e-02
1.060039411932175879e+00
2.499573076207196320e-01
2.772451359673676619e-01
3.074466312683587013e-02
2.964868151208617242e-01
8.586443197316366849e-01
3.620492821743425127e-01
9.824721970987948527e-01
4.205559824322722129e-01
2.058900349734531510e-01
8.516130607287777932e-02
1.994095758699523935e-01
4.832523071568918804e-01
1.412742549192153585e-01
7.054186536401885199e-02
1.831358997793483545e-01
1.356710362188678909e-01
1.538347876237601553e-01
2.474049575878502216e-01
1.710361342737457824e-01
3.355851133664558006e-01
1.061727369051965741e-01
1.017037773446581167e-01
3.865252402578783081e-02
2.606298328301714373e-01
6.633728242045797141e-02
1.364601674143175458e-01
9.036848212895559618e-01
6.179670524602413062e-01
2.956341015227018088e-01
2.647987647406303477e-02
6.862760718958815787e-02
1.970064649694592274e-01
1.266345033002955756e+00
1.125990866183712580e-01
2.079210369090471189e-01
1.385152269504368316e-01
7.784179217473096157e-01
2.825508908655223195e-01
1.940946196104994526e+00
5.038541673563795564e-01
8.426225142709184990e-01
7.575820242560247220e-01
4.080537255757675230e-01
2.688032148513348485e-01
2.805314063148928727e-01
2.339836011405878602e-01
6.062975433541891723e-01
1.346517387378412811e-01
1.379775714980901458e-01
3.238572157551194430e-01
1.971638700444500875e-02
3.909358394824701266e-01
1.243093839288628821e+00
4.514209554550653591e-02
4.215645873104586494e-01
3.879127062463007536e-01
2.495664936718433036e-01
1.120058506448471103e-01
1.948912099233224837e-01
1.277720273894284164e-01
6.255177551706334604e-01
7.279458575763276817e-01
4.496722634730844770e-01
4.961245089176810064e-01
2.055060754836909864e-01
6.472506462175483533e-01
4.122003981843693765e-01
4.255609931624548814e-01
8.507105043353802021e-01
1.149001272237455407e-01
1.149953010457939878e-01
6.306859644863785364e-02
4.869130713563586954e-01
9.393401050717106737e-02
2.753248616230890566e-01
8.721779141269468960e-01
2.858732646142808642e-01
6.152482266347111262e-01
1.379415913979108732e-01
5.707858514245163495e-02
5.932562646616004048e-02
2.302722051936882119e-01
1.196090876494429606e-01
4.499331472037229607e-01
2.821938035982223258e-01
4.845457094244302598e-01
4.260465109651966759e-02
1.095747626519043977e-01
2.718527623463201648e-01
4.115546980768152174e-01
2.165881300303422741e-01
2.432928562980104237e-01
4.534616029424912709e-01
3.473619556973492339e-01
1.391967521567855637e-01
2.371273549673754144e-01
4.321628581030806937e-01
1.735262382258975430e-02
4.833219665385118935e-01
1.176202874424886191e-01
7.382294028962202437e-02
9.028854825601733136e-01
3.872822682530703275e-01
1.247722431792199493e-01
3.822663427775298967e-02
1.029823747334259298e+00
4.506826442979813274e-01
9.920870241128474376e-01
2.771812845017189164e-01
4.841278575417319874e-01
2.899195182547698590e-01
6.666666851394813242e-02
1.800435035042182996e-01
1.308604270865075178e-02
1.433045630892833544e-01
1.744082491710467475e-01
3.539241072894592222e-01
1.756671009213376100e-01
4.656361900834145584e-01
1.542878467615620974e-01
1.417278848907832511e-01
2.831115434536028430e-01
3.788228229308875095e-02
1.912083332515027156e-01
9.354691733547265686e-02
3.163730462275431837e-02
3.072343443420181286e-01
7.096918721860351331e-01
4.318748000169681522e-01
7.846487336574641258e-01
3.289097206392360140e-01
3.199213780407396124e-01
2.984732460332508164e-01
5.517059010953013765e-01
1.997240734149843266e-01
7.472847925938217069e-03
2.395738244399339689e-01
5.447242831149445852e-01
9.733766906939757269e-02
8.358261931751218010e-02
4.753527779729657676e-02
7.732601771510640154e-02
5.707242490290702630e-01
1.924249787088216090e-01
1.229201328467309368e-01
6.564127557093915599e-02
4.990081399308178289e-01
4.730287918303453520e-01
2.276350582537109979e+00
1.240597698566621998e-01
1.483272317708982657e-01
4.276138115603601159e-02
4.083471915153231296e-02
7.030666261043203580e-01
6.919629004418982321e-01
3.315508307221878836e-01
3.797218611950549105e-01
1.367218117862513752e-02
2.277803168493244268e-01
1.619830514020350332e-01
2.921966760870343682e-01
3.657734145303616347e-02
5.575303063669036913e-02
2.711921189008532559e-02
3.175448823630453998e-01
4.877712469228115966e-01
2.987804641743315059e+00
4.280245686052308041e-01
1.845898119580177132e-01
1.029726564191270899e-01
1.853469610913443810e-01
1.850038223064515153e+00
4.441275505869432538e-01
3.563379168904406424e-01
4.292072315131614801e-02
4.730402112644975510e-02
8.155449876701996448e-02
6.321024553186621597e-02
1.397073382874276515e-01
5.889480846872761216e-02
1.034444062828986100e-01
5.993013324253846502e-02
1.817463278792936024e-02
3.182636768930210969e-02
3.442460071382738018e-01
4.833045311502605079e-01
3.644919566107651110e-01
3.170235754278699636e-01
1.738384561411414619e-01
8.580202654774184146e-02
1.414458598970939340e-01
3.055027870020407543e-01
2.352423759299791528e-01
2.175987371120341185e-01
4.531780526537171339e-01
1.095841103916009585e-01
9.121106698713887795e-01
