2.880913020253923484e+00
9.846956469764647779e-02
7.642883563553530823e-01
4.580396988709854733e-02
3.648827469347339925e-01
2.260002561680139466e-01
6.792304604283887492e-01
1.104035432432542985e+00
2.078919876418952872e-01
7.993502164922806630e-01
4.067372852145455520e-01
1.179379920891655831e-01
1.900409697421404087e-01
2.281960504136731627e-01
2.230878887058618809e-01
1.726683074484865466e-01
3.291542061972212163e-02
1.214607665038746342e-01
5.863715568260458033e-01
4.732986435195366548e-01
5.203941845149708673e-02
2.902014855214763434e-01
3.161744824922783081e-01
2.077261571838863452e-01
6.527281209160278042e-02
1.748948542616569068e-01
6.633770612323358629e-01
1.621973625756366055e-01
8.124292689134168799e-02
7.095082830943761909e-01
3.419285491006741062e-01
1.674845160981899284e-01
2.085545365233557047e-01
1.870894209128648455e-01
5.256391961626291076e-01
1.102830137955972817e-01
3.105698190333607278e-01
6.948969038716371061e-02
2.327467408928379500e-01
2.454443501014562656e-01
1.493362803635233348e-02
1.443476114770322061e-01
5.979262964628772048e-01
6.609486541196710196e-02
1.341155069501948349e-01
1.231133290434525795e+00
8.157049549921216447e-02
2.229424826602919296e+00
8.914192351822496085e-02
1.061988359456308428e+00
3.773493997030864522e-01
1.977121354006446396e-01
1.150867344224428129e-01
8.642066201107083401e-02
1.866839991557998513e+00
3.084667358865175180e-01
3.676340618221828338e-01
7.149914822932636367e-03
1.045366989833821786e-01
9.386792760663502377e-02
7.288926126413608486e-02
5.641260702728294607e-01
1.648227924737153890e-02
6.178450669615225266e-01
3.137984949277207170e-01
1.614254967144143349e-01
5.763765613660792875e-02
1.561321940535213559e-01
5.898335095993521848e-02
4.613327348673038064e-01
4.186561185117684825e-01
2.224971095473320948e-01
2.622364585567710238e-01
1.053625972232835883e-01
2.216793010514329088e-01
2.354108879133335885e-01
4.840151318641859879e-01
1.061499174360182873e-01
4.703385357716684256e-02
3.800939265420449353e-01
3.128527426935651667e-01
6.107212771953587360e-01
1.365551653103975471e-01
2.243911845245204761e-01
2.218185505490598008e-01
1.178662584691848869e-01
3.574838929601475424e-01
1.849611416105844675e-01
2.232658817441258992e-01
2.643089470036667499e-01
4.937448491531144096e-02
2.438421220312663174e-01
2.446635415121860002e-01
2.803370474464216278e-01
1.302721519148560270e-01
3.456148761968474425e-01
2.942253182966029224e-01
8.062599169407610455e-01
3.521955145693280165e-01
2.951448150627156153e-02
8.058788117566667575e-02
4.964202628997670952e-01
1.244556488389506388e+00
1.226130995673873347e-01
2.127113820976937464e-01
2.064366424511790699e-01
8.650091237776925956e-02
7.019861168505211468e-01
3.481473856425586211e-02
2.371010363065995941e-01
4.000728614280526507e-01
1.092956516951094359e-01
2.107576595339728520e-01
1.369459890775250877e-01
2.310614789774960709e-01
3.255468885175152316e-01
2.697157680283887027e-01
2.415357743935707957e-01
4.552124435681331738e-01
7.897250856431692334e-01
6.548287957075660248e-01
2.094803600848349490e-01
2.816164702013764232e-01
4.413848553806265507e-01
5.975928691290152139e-01
1.137575038491582813e-01
4.761922376707608540e-01
1.188483038928513091e-01
1.829727277712263067e-01
4.561079380119940907e-02
2.952760882789353669e-01
2.991228148771664097e-01
1.934114391535550537e+00
3.662478760200572614e-01
5.417360132716987631e-02
3.378176014921966397e-01
4.475489625741717326e-02
2.840003004023722855e-01
1.380324883077327813e+00
4.190022753962562296e-01
5.242390765441491685e-02
5.513226614372690459e-01
1.577398001441973341e-01
4.752602603945155768e-01
3.174846876151513619e-01
4.890918047591526208e-02
7.609621516666902341e-01
7.231191741268518935e-01
1.204497671106681267e-01
3.429840695008370410e-01
1.147109037586645786e-01
7.258842899644041280e-01
2.396924864208576922e-01
3.120691704583356541e-01
2.750524634670009627e-01
2.049309801450455826e+00
1.631165702046439292e-01
6.002620277948463728e-02
4.660046748566724906e-02
6.441257579017788393e-01
2.563662350062193562e-01
8.891512831912218306e-02
1.415425575856515961e-02
6.065428681318300874e-02
6.115947549899396485e-01
1.587944986262787572e-01
1.822022198334997678e-01
1.433041688904704292e-01
2.430370130357022984e-01
1.158092052924138693e-01
1.622453201703552839e-01
8.085835220447738780e-02
1.155978480495113841e-01
1.037577532553286830e-01
1.794831135050400928e-01
4.777264798199203355e-01
1.651733663055321988e-01
6.540333572061279854e-02
1.717993978615653672e-01
3.152141031332847398e-02
3.198216425928097073e-01
4.829848669465349187e-01
1.979105063301604683e-01
1.819715541572277939e-01
2.372536817685904631e-01
1.043056191632430185e-01
4.756716340842644941e-01
8.718977464861121796e-02
2.760919599675741853e-01
3.665595065959209586e-01
5.509894133245080150e-01
1.766663737039338711e-01
1.578705811038870532e+00
3.534177117101733878e-01
1.221888540006081270e+00
2.671533183318673954e-01
3.008162219487881539e-01
3.002540741905597166e-01
4.713141306952705056e-01
1.082081479026373999e-01
5.830219060274127729e-02
6.859750362130586643e-01
2.337993831976858117e-01
1.364224969368156848e-01
1.700173055599132899e-01
2.538616572241906288e-01
9.924113244741325501e-02
8.748106915344020518e-01
1.034257824961723582e+00
2.120143103271057150e-01
2.094356400205042712e-01
3.633919886647104525e-01
6.688386708030823469e-01
4.896206307922216366e-02
5.274072235800060515e-02
5.502395409665947756e-01
7.106423228194929109e-01
9.546268256037124256e-02
1.391131257194008208e-01
1.426070388276346468e-01
5.865195888168814875e-01
2.571516549776254879e-01
5.380432837462490944e-03
6.694963663060583547e-01
6.814031532662967461e-01
2.812626182200363423e-01
6.176472859885360212e-01
3.840943238195503873e-01
7.652870536857447892e-01
2.059689779406104204e-01
1.951730663785948283e-01
1.389502566300910014e-01
2.273701372922361796e-01
1.288198041256001791e-01
5.928790149401492737e-01
8.479656045401517961e-01
5.426202214234091548e-01
3.825085503858492997e-01
3.235557184990368595e-01
2.868360892286719310e-01
2.688441313868664695e-01
2.225157672766472916e-01
1.141936900343690081e-01
9.027060877347133083e-02
1.712386620027801787e-01
2.669119520009043955e-01
2.301815669979184464e-01
1.943371160094628791e-01
1.670350372292176977e-01
1.457820810599522732e-01
7.178454013634094633e-01
3.244302421500461914e-02
6.034964771173086107e-02
1.464445649594492194e+00
8.454113977961144055e-01
1.182141197059988491e-01
1.943807782216682600e+00
2.624802443673857066e-01
1.174673956360586802e-01
1.232818516515291174e+00
3.690848980613603003e-01
1.313703348420146022e-01
1.078562496885107497e-01
2.426502696147895544e-01
1.133825875165838382e-01
6.094532030603112549e-01
6.580792416830071323e-01
3.838317579637366417e-01
4.392669682167261169e-01
5.865189295199953190e-02
1.459100183590037014e+00
2.209821904920868663e-01
3.762851987075074844e-02
2.001905479865635495e-01
1.248480568884950959e+00
2.056625648241691695e-01
4.669948647808929154e-01
2.467110373904098375e-01
5.188066565310287676e-02
1.899114292294894549e-02
6.537960927113357634e-01
1.837488512643446759e-01
5.003888220506841344e-01
4.499128152244332712e-01
3.538482706034581371e-01
7.069320314090608015e-01
2.241438742404564533e-01
2.784882213410685980e-01
3.355686682611176697e-02
1.306094610296789083e-01
9.826448353929137514e-02
2.277670486251888171e-01
1.684400892422728835e-01
5.946060427173461838e-01
3.693025919753214342e-02
1.543176832319968494e-01
3.299239984045028162e-01
7.012028315205072471e-02
3.591975207544860771e-01
3.238948189141863110e-01
7.626167039771433731e-02
1.977957485919039082e-01
1.148491779660377327e-01
5.521575916515184673e-02
1.219461727729067996e-01
4.890055418251911812e-01
5.632904638676544673e-01
6.062785003585592636e-02
1.951956133541009053e-01
1.223949882110893228e-01
2.075869213067993990e-01
3.432835026618099583e-01
1.567158568204172764e-01
5.929803121840158259e-02
5.871972538234081218e-02
1.772311852706542679e+00
3.602042230911705611e-01
5.514444301152848782e-01
1.120576885923630639e-01
1.945938506741643759e-01
2.648440623389643478e-01
1.540097389838776532e-01
7.429997656395599392e-01
1.567022230162234520e+00
2.351695569351083467e-02
5.245005500481327854e-01
3.808844134581907959e-01
4.161007051228417519e-01
1.224019896531168550e-01
1.217955832814102968e-01
1.123931663632486283e-01
6.235248095062553286e-01
2.711023844815784734e-01
2.553010517410135849e-01
3.104518758782003410e-02
1.272307597467114415e-01
6.064584290372918574e-01
6.697963374560957917e-01
4.240430289847987172e-02
2.154677600242084490e-01
4.647305139314431705e-02
2.513870197424689090e-01
6.264404214026866868e-02
3.117051887399445720e-01
8.675564377364598789e-02
3.930100094181090409e-01
1.080128878651039487e-01
3.662363945273175991e-01
1.552808790789931837e-01
1.539729046490340703e-01
9.136254123684111050e-01
2.983086032385534048e-01
3.519419932206942492e-01
2.083785488861050195e-01
4.423550861462631489e-02
9.519097065580960082e-02
9.773549494982913810e-02
2.072764202740215167e-01
7.686466547768473767e-02
2.933713128057801045e-01
5.294194315808181672e-02
3.370121605563588529e-01
1.739134713355978135e-01
2.847305937592284897e-01
9.924493767478023698e-02
2.467313770859737576e-01
2.909521226974507435e-01
2.928727219538921345e-01
1.330429683687965603e-01
1.281928572175562220e+00
1.813897430551834611e-01
2.279929541819416539e+00
2.108092570081991080e-01
3.560713116943954870e-01
1.541012411163697471e-01
9.650459893390820332e-01
1.336235777684456338e-01
1.585552245409850569e-01
2.226050275465315254e-01
3.230254435964479559e-02
2.938624583779974042e-01
2.217912174468762709e-01
3.084769958641452314e-01
1.730322377762970598e-01
3.267401193401854309e-01
6.847853204731906285e-01
1.064694785680590783e-01
2.857498937978434905e-01
4.465573166145231920e-01
5.560468763807719927e-01
4.145261592006651424e-02
4.921879870749463343e-02
5.902468578041153435e-02
1.955378242987959037e-01
7.197829807251779344e-02
2.809741970491045904e-01
3.475434681366069284e-02
8.072463111610951592e-02
5.385470409527953750e-01
4.096136819880208391e-01
2.097430746684755820e-01
2.213134410531797935e-01
3.285681923798464688e-01
3.972189755772082553e-01
1.518671547201699001e-01
1.278997386118280177e-01
2.068788018060139788e-01
8.096412689812476637e-02
7.733503116415327283e-02
1.433320323770745086e-01
1.294534854801411838e-01
2.349524988592863739e-01
8.867313816862026910e-02
1.852111870965133245e-01
8.611432506694546851e-02
2.006738031794823018e-01
3.241217526668965787e-01
1.415283754731518684e+00
5.884383943413268314e-02
1.823422781901495177e-02
1.063407797657982962e-01
6.468158069859097914e-02
4.979806321503509881e-01
1.362740571892765151e-01
5.807544680432946693e-01
7.951024329272496360e-02
2.395780643879392713e-01
1.227052523962522679e-02
7.224438962858503732e-02
4.094422167317698369e-01
2.067821739310333307e+00
5.333860385240553337e-02
2.142144479954264380e-01
5.562350863220496544e-01
2.333310498163154723e+00
2.200255301669869767e-01
1.467412590362108249e+00
2.924756768923894579e-01
3.296083177870593461e-01
8.845650887207021085e-02
3.851951534561312007e-01
8.568010320930401214e-02
4.468323935980181849e-01
8.607096996410565359e-02
1.667701931668164606e-01
2.415963743796446239e-01
4.385110358537093189e-01
7.372084621220458267e-01
5.255580275202846596e-02
1.127511574894867474e-01
3.248559261022074263e-01
7.717915951431308930e-02
2.846798739222048888e-02
4.983885004237013083e-01
6.471492178665723127e-01
2.108507760973752365e-01
1.562442048919011062e-01
1.086284108082044841e-01
3.573674999354052584e-02
1.636197700730189775e-01
7.951648210914108450e-02
3.249389390207196859e-01
4.906751395395145959e-02
2.481196768002971176e-01
5.101016820093096094e-01
4.859313519411139204e-01
3.021330077879290643e-01
2.082720308451570246e-01
3.929264963741153083e-01
3.458120270261229035e-01
4.956285485603627583e-01
1.716980319537534938e-01
1.429855617515690902e+00
2.263555990002198981e-01
1.773616309945024727e-01
1.647860925954793831e-01
2.115190858007068297e-01
2.088160342538790126e-01
1.471764218011634706e-01
6.691025483095607296e-01
1.121488847552214452e-01
2.866811546972739544e-01
9.600922634450201332e-02
4.881802513181681680e-01
1.323662865541262723e-01
1.190692551854496406e-01
1.073610299764275577e+00
3.868981848328557904e-02
5.762846042815562564e-01
3.294752707089774191e-01
1.809435884045919596e-01
4.404427785568363479e-02
3.964918008875356614e-02
1.965644575635202840e-01
3.794747853786536451e-01
9.829045859573114219e-02
7.503390884141114547e-02
5.824109220188191521e-02
9.416679261354718444e-02
4.068537864805880921e-02
