2.516016604104930887e-01
4.651387514769179665e-01
6.479096962826061956e-01
1.222604811210276921e-01
1.398219513603026765e-01
1.250302787431715856e+00
9.246518457895176457e-01
1.091532194593669569e-01
2.914117230922868562e-01
3.882394840790894808e-01
2.750863806852977267e-01
8.115397892133930924e-01
8.921307001441748652e-02
3.106941408993051934e-01
1.236391463965976489e-01
1.520915881423084634e-02
7.803764584029278251e-02
2.239350691473468991e-01
1.967987082129341925e+00
1.900691482384571640e-01
5.555600364960553567e-02
2.471777538959259723e-01
4.311645302100083343e-01
1.577443666959045532e-01
5.172189907260671404e-01
1.255860898985861618e-01
6.879589310849729134e-02
8.077083821359373195e-01
2.589247695044568157e-02
3.049341964236006453e-01
2.586620999718250991e-01
3.417747061171371170e-01
1.020382136640756582e-01
6.013802628576654374e-01
6.323058470523998387e-02
3.257621585367787564e-01
3.551224102610761602e-02
1.548693724654736925e-01
6.447489816940370211e-02
4.183268979112750863e-01
1.325795935940366599e+00
2.252243542928173137e-01
1.700023175564265715e-02
9.935614868763199548e-01
1.332553812502629498e+00
7.684744111891009255e-02
2.844906230539588354e-01
4.046505521525421006e-02
1.058026108564851658e-01
9.059071310270402355e-01
8.437633533212930692e-02
2.609572310814265994e-01
2.310428173635164506e-01
5.159179348730617010e-01
4.895132276309655528e-01
2.292464307556835723e-01
2.343876132465997908e-01
2.088131950026111683e-01
5.958192758485555268e-02
3.419220259321343880e-01
2.721124166657484800e-01
6.158100773754839746e-02
2.124424228306806550e-01
2.859182377786300133e-01
1.778712254279121163e-01
4.072667071114888238e-01
5.805868543017983496e-02
5.750878516407492702e-01
3.634994079479166723e-02
2.886557478936379595e-01
3.497416528936845292e-01
5.838051266262615779e-02
3.151255319931499654e-01
1.669055170523957021e-01
9.995087021481260936e-02
9.964719328560969758e-02
1.091507828614234343e-01
1.206999565392784801e-01
1.259617036365263121e-01
1.533494261088846067e-01
4.684748274897739262e-01
2.559390373263611407e-01
2.845314884190808802e-01
2.002734998783366471e-01
7.892291339464849176e-02
4.816535373118274732e-01
2.134016038487647760e-01
4.599694274068383271e-01
1.004371000138948727e-01
1.288088998633707960e-01
6.104034658709840411e-01
5.768597030657709457e-01
1.907916134770124006e-01
1.235985348938672512e+00
5.469870445226365785e-01
1.627752219535852085e-01
4.120927647441438579e-02
2.471632331046190179e-01
8.581547956309210079e-01
4.692509800175752588e-01
4.701867180188440409e-01
9.549553688863865464e-02
3.721095285432132749e-01
2.076078799267980224e-01
7.171837887667646683e-02
2.616608106160676073e-01
9.505159766346431283e-02
2.468275360096954252e-01
3.834004768569451160e-01
3.108405235045947901e-01
6.840052664066589294e-01
1.071303343879197872e-01
2.947628864621725242e-01
8.039767662889552025e-02
6.383126956531877394e-02
9.145996262719204017e-02
4.977242064541001487e-01
3.584172713827332712e-01
1.130457897393119415e+00
1.276133928280361318e-01
3.587947200157363126e-01
1.345779691198780159e-01
6.707874541436343874e-01
3.302968985319537087e-01
2.665413515500038577e-01
1.421340465450872781e+00
6.390299239556094246e-01
2.232930882761783309e-01
3.173732775471306278e-01
5.474324632798487078e-02
2.837707129157635011e-01
5.913796997239761932e-01
2.921734299462621642e-01
6.687490893540732895e-01
1.870016679236699564e-01
6.877977219845204937e-01
8.280224518462903083e-01
9.376363053725782493e-01
8.249949057981270650e-02
6.613677177897560044e-01
9.132124063244589918e-02
9.979347946405855985e-02
3.168300809813771601e-01
8.688063511084373469e-02
6.634985694833578362e-01
1.023307441039704307e-01
3.254139137719679886e-01
4.121166535323553259e-01
6.073762675886852647e-02
1.090472611486658500e-01
1.219964334451934640e+00
1.409295750909028699e+00
5.462551201410783541e-01
5.741105252236617940e-01
1.364069063263013692e+00
6.072105194768609993e-01
1.859259188445208100e-01
1.218419293025502920e-01
5.203570748386621148e-02
4.249158633604121493e-01
1.338089372122596710e-01
1.153118538138708793e-01
2.561059769015333609e-01
1.647400058326984884e-01
2.739856781380439754e-01
1.080968102120748002e-02
1.884326048196944270e-01
2.123099609624874984e-01
8.871438119447638826e-01
5.139576000131214351e-02
1.617400495592577203e-01
2.118978706718833149e-01
1.285961924977415682e-01
1.531181130857666994e-01
2.501367357871143171e-01
1.882725818344126167e-02
3.451329135628716793e-01
7.756717069988526836e-01
6.691903658523497000e-01
4.306577515266205025e-02
2.170414939745206051e-01
2.246607491588109018e-01
3.542577935879519524e-01
9.182021467514396296e-01
4.153474417736885971e-01
2.501630009083620140e-02
5.444686329028645966e-02
1.924071553852433059e-01
5.520385778719062719e-02
1.504513007542160441e+00
4.507818271267621246e-01
1.697645519989707252e-01
2.350533460304323474e-01
7.979787315024329530e-02
2.071721708708620935e-01
5.108076727319680321e-01
3.590456826233107135e-02
1.257200290484940808e-01
5.390267917165608713e-01
1.503025909241378355e-01
1.168895648189444414e-01
1.707016452440629217e-01
2.823878786511858086e-01
2.735925353717648112e-01
3.461476030681611138e-01
6.364284315424962868e-01
2.056372286695428431e-01
1.180243456882126701e-01
9.610911782793318814e-02
9.177441772823602406e-01
2.280795027094774330e+00
9.433760774821273176e-02
5.852074529001365100e-02
4.793637872294475438e-02
1.575034433927853472e+00
1.633490202635140276e-01
1.280050881674417163e-01
6.865135939899981443e-02
5.153259918125304567e-02
1.230820310413150098e+00
2.647171158877952846e-01
2.044352263250790586e-02
1.628463394260262764e-02
8.792668471391698604e-02
1.208318739969346023e+00
2.992209168118308837e-01
1.340519321982229339e+00
8.144356526394837259e-02
4.126123482570646928e-02
2.010620891089189011e-01
1.938290164019662143e+00
9.065286809018744396e-01
6.920779594420674030e-01
1.997626852102060147e-01
1.334566707921685191e+00
6.206516213021175954e-01
2.274004700767209841e-01
6.931840100599183374e-02
1.031866025783134272e-01
1.165738887975646537e-01
8.500587923257596490e-01
2.141637947842685019e-01
4.242923972091719453e-01
6.124502309517430021e-01
1.372885790937763417e-01
2.997217947315791720e-01
2.525786213690345283e-01
1.367661079761532394e-01
1.804599018110687736e-01
4.573921402518227319e-01
9.127934590816207117e-02
1.512871866040698841e-03
2.913508436113446676e-01
2.381245484364105658e-01
3.792293988062277466e-01
2.464966826421043644e-01
4.828594523455301823e-01
6.149328003958534072e-01
7.850111271598463336e-01
3.663783334087326038e-01
6.817645814218805667e-01
6.719046462533741215e-02
1.380140839556849019e-01
1.684684861120931409e-01
1.473818164160725815e-03
3.770066025060243575e-01
3.830675265166603727e-01
4.127957362480354497e-01
1.909599769583492090e-01
7.798427732505211485e-02
8.656082150460950309e-02
1.502159545751619862e-01
1.857786691527090750e-01
1.206766640941887153e-01
1.326861549794098108e-02
1.326783084517950406e-01
6.293939716638734527e-01
1.327637349972674019e-01
3.465887980337737373e-01
1.292028662353342239e-01
7.061055648111979055e-01
6.367777047073674979e-01
2.415545387811428579e-01
1.449820936590408560e-01
8.534526123879346282e-02
2.721340688029285637e-01
8.100147808654244164e-02
4.511350210879147005e-01
1.346113401442925461e-01
9.136103466456295397e-02
9.752886365650814682e-02
1.384894681271259531e-01
1.509417406690087837e-01
2.105336541993474975e-01
2.352732207074736959e-01
2.544171192924382097e-01
1.510602153586308172e-01
1.101512741478705426e-01
1.633732786316364760e-01
3.482836893257768018e-02
2.353940788764160019e-01
2.100536230447457575e-01
7.236754022793354113e-02
3.009199849175721586e-01
1.745715176432243443e-01
3.539227500894652212e-01
5.225716759237231113e-02
3.295069777450612136e-01
1.025438214407896620e-01
3.287741938518350809e-02
8.494896891584060583e-01
2.963845011671197363e-02
4.239291070271912210e-01
2.960984522399295882e-01
4.817918949868141842e-01
1.028382335020305433e-01
7.021702731496988203e-01
6.390128727679461607e-01
1.351042429156946723e-01
2.230480138835961856e-01
3.817229936947328511e-02
2.039195419725574054e-01
4.247987997377178360e-01
7.672432232017559195e-02
1.169454160832917422e+00
3.173523691149505721e-01
2.971683956998393272e-01
1.366234157860957699e-01
3.805619667297686637e-01
7.949487768160012902e-01
1.415605482605942211e-01
1.118663264347951741e-01
4.806851190680718200e-01
1.294167207307948819e-01
3.249672053875222177e-01
9.579324998811232783e-01
9.548210652582975189e-02
4.012372647508405943e-01
2.405241606949757860e-01
1.759540769087682421e-01
1.549412303704161276e-01
1.596488330781286324e-01
1.318306635025564832e-01
4.119657429780012592e-01
2.972130017722507955e-01
1.850772031767186632e-01
2.718515825294617327e-01
4.293852452858594460e-02
4.099719910829203728e-01
7.040683990519788216e-01
8.467695337312972081e-02
5.696254044112936121e-02
6.643260296229933082e-02
2.859495543654483329e-01
2.563601194220562277e-02
1.678095741091232551e-01
1.765345654230440209e-01
7.534815106209588609e-02
1.250613659528302946e-01
3.832209742610130643e-02
1.037210949834850293e+00
3.248524269279186028e-01
2.557134657905596464e-01
7.547963496219717294e-02
2.670172865827383779e-01
4.670974170987990948e-01
2.106506226853911146e-01
9.433623992416571846e-02
4.171282180956908947e-01
4.216205439197282523e-01
8.508973503345970343e-03
5.148964132728243159e-01
1.549461785932671809e+00
1.000783089772129195e-02
3.862045780670368411e-01
1.327615623282456803e-01
1.094654834446811414e-01
5.563755082717251055e-01
1.153575785587955815e-01
3.888707760617449855e-02
1.848540737197306438e-01
3.473281737263470004e-01
1.221149236543138228e+00
7.473514922044947884e-02
9.103752475841563330e-01
9.429994015756940073e-02
3.438150157232968684e-01
1.913024787210067801e-01
2.913952042318758706e-01
6.064957649720608135e-01
1.649571744685528196e-01
4.150606300292712658e-02
7.241774781969489982e-02
3.824541246609406558e-02
3.580197784285225615e-01
1.853591274928682586e-01
2.615509626443520697e-01
3.701999811197026480e-01
3.213203886162810941e-01
2.490574425491683397e-01
4.315367375949006323e-01
9.478074730707200524e-02
1.335171879027160780e-01
3.176864881806818613e-02
1.817380762452562304e-01
8.342563343569135981e-01
6.630192815540921769e-01
2.234855983612453745e-01
4.302973500165738902e-02
1.780735198626624549e-01
3.684780715208560986e-01
6.290370498295625445e-01
4.502901685226238793e-01
1.599282505964731427e-01
4.273774351764777490e-01
2.579783041302635138e-01
4.027510737793528195e-01
1.684800111677276502e-01
1.764083150010558321e-01
4.702804989161091243e-01
2.614070009168616870e+00
2.259769108853598163e-01
3.183839824061264201e-01
3.663071660906220273e-01
1.723951742308851565e-01
6.004499692485917306e-01
4.572054706658274514e-01
6.199819167848615725e-02
5.710328763103977856e-02
1.060797539810037105e+00
4.315290328517137342e-01
4.919000656415038059e-02
1.335501210805434824e-01
1.571869292475993052e-01
5.884599716815221149e-02
2.496598239109671866e-02
8.961843134150818124e-02
2.912311551984646529e-01
1.235306352327721485e-01
2.814119161019097357e-02
1.096257398946187234e+00
1.559493069830229783e-01
2.899247816626692245e-02
5.108060290037838014e-01
7.022151700412579967e-01
2.310424137454744620e-01
1.683782733549429311e-01
4.191072814893117560e-01
1.005077411290375561e-01
6.788613530213356839e-02
1.185426424410573054e-01
7.123650565668404600e-01
6.702787019771917765e-02
1.192928072104154913e-01
3.590790861137914125e-01
1.665544288303459353e-01
1.780140326303837339e-01
2.130922689529164415e-01
3.603683445193989199e-01
2.529514220779002787e-02
1.388917006325696424e-01
1.987157392340185014e-01
1.363876438610596153e-01
5.445725369385985559e-02
7.092127371813744530e-01
5.164106947714723617e-02
3.642158153787982550e-02
1.134652147636627528e-01
2.845772384993838777e-01
3.537521879833869232e-01
3.172327273208915832e-01
1.148668598345134573e+00
4.973195562914686230e-01
6.123377623633092792e-01
5.184865322975188429e-01
5.853978107683362880e-02
1.007821424732900512e-01
1.740361368426263766e+00
1.238510473509358001e-01
1.655749317608725402e-01
7.108178376180940283e-02
4.807285327596295121e-01
2.112938522732926983e-01
1.259695369799309905e-01
3.868620743049865918e-01
1.163221781723474679e-01
1.103116222713111494e+00
3.344453944539082513e-01
1.800987307170983653e-01
2.638252892213879819e-01
1.104013605600953768e-01
3.505161627686204096e-01
1.536831691426285840e-01
1.137719694158748851e+00
3.113814602763325112e-01
1.983623973108605484e-02
3.384857404401721004e-01
4.839345152737110078e-01
1.437123172890488743e-01
3.867247554471913151e-01
