5.574521382876518327e-01
7.927809069879017123e-01
2.219173525441044958e-01
2.127315856597545435e-02
1.045171767723821921e+00
2.788551303768861955e-01
2.580523969674849427e-01
3.287949078551889448e-01
6.437133359480009531e-01
1.207374359854259449e+00
4.923359078929163135e-01
2.269743522736774821e+00
1.220550193881946993e-01
1.880784064412876766e-01
3.261350327152489487e-02
8.787962577338876979e-01
2.032410507096137076e-01
1.205621293747214384e-01
3.029439575391242867e-01
2.298653834491255488e-01
6.558180610187938631e-02
1.378454634037895865e-01
3.457519661531445552e-03
7.628565640811602044e-02
6.966751572655146552e-01
7.633366759417059555e-01
1.637249093814755196e-01
1.202319912049384820e+00
3.137004534653677068e-02
2.884080645529408238e-01
3.641561691856473604e-01
6.985285994380387165e-02
3.697031132237084128e-01
3.956038344585773719e-02
3.625563848209633622e-01
5.984585552904119199e-01
1.490329731497670729e-01
4.497947865043380733e-01
4.320216179956233304e-01
2.952503066974964119e-01
2.191894445652076973e-01
2.122753876185327349e-01
5.895297246827799903e-02
3.108962036696175657e-01
2.039561482709755791e-01
9.630186346475708703e-01
5.335548293067269437e-02
3.358412837665382678e-01
4.366488797017309409e-01
1.304158052916555011e-01
2.121535420323782950e-01
5.588560752783190699e-02
6.462345939983225873e-02
4.275301360025309805e-01
8.196686058953230047e-02
7.806184709944018196e-02
1.112421756184230670e+00
1.032050504553861936e-01
1.663650686188378858e+00
1.501713747728103510e+00
7.639308504085220997e-02
1.241544856318030909e-01
1.015443290611841159e-01
3.285813069785329943e-01
3.266575983186326693e-01
3.114730386680363353e-02
6.985819357426779064e-01
7.817133120053607609e-01
3.813728310831644430e-01
5.301787122258826424e-01
2.568933938082097052e-02
4.236602508467208206e-01
9.552782210432052279e-02
1.615736647402410131e-01
1.677344825520873661e-01
6.630099109687443981e-01
4.222182834353357950e-01
9.117218769377702370e-02
1.019273651108175471e+00
6.933909489544812232e-02
1.994783778352807874e-02
1.900351974969264890e-01
5.802140426155764086e-01
9.219868802549349152e-01
2.810077535655651770e-01
2.840268151321032608e-01
1.875415738939325283e-01
2.968745412425060626e-01
1.082881482746301138e+00
2.063833798544839337e-01
1.571195461392374260e-01
7.212396646976351189e-01
1.418200557677290474e-01
7.834853552923556341e-01
1.702714412417750123e-01
1.719888856598154880e-01
3.844681205240909616e-01
4.970983214480210188e-01
2.687042786569656116e-01
3.510957744402613545e-01
9.691572505774492807e-01
3.317555007891009877e-01
5.775315991093716850e-01
4.190466633289651743e-01
4.149736561554343561e-01
4.407330250854443188e-01
5.061017450811189367e-01
8.249140121187554797e-01
3.180925829605455446e-01
1.904222375827232805e-01
1.841331705501258187e-01
2.293963822929738772e-01
9.769310020049629117e-02
2.389750877170559173e-01
5.646789808252453691e-01
2.048778882634367249e-01
6.366151951563450151e-01
2.292430757099589156e-01
5.483817040998015813e-01
2.506403859319863425e-01
7.064831395927079205e-01
1.453945219848125636e-01
1.223409616508693565e-01
1.087430495592011770e+00
1.857663985400172524e-01
1.966788989635602225e-01
3.990674017934871531e-01
1.029403928595270801e-01
1.096389744070331018e-01
2.357765286860529774e-01
9.659049519433034192e-02
9.728813020656176258e-01
6.196440943968269111e-02
1.352049717832682074e-01
2.242735948568892052e-02
5.509162019426799839e-02
1.453254488993078963e+00
1.777414768510215404e-01
4.385659763876871287e-01
9.171563079460695600e-02
3.426384685561701393e-01
4.648570726288834831e-01
3.840489560868541319e-01
9.788109060422055530e-01
2.278104567212123344e-01
1.162004912303661319e-01
3.661670896553228527e-01
5.568249561665651604e-02
3.963471744150167675e-01
2.993451235717706771e-01
8.337465010576745883e-02
8.730493605775138666e-02
3.840765510770161595e-01
1.110144553524562844e-01
1.179950615330463526e+00
1.072964391334869233e-01
2.346130125347020423e-01
3.593189212096962737e-01
5.610745099245163792e-02
2.088237775869413448e-01
1.644883744463489783e-01
1.437486267700491538e-01
2.554776888408823443e-01
4.994449161641516255e-02
9.801321551121662257e-01
1.531497849432939540e-01
9.898301541486380362e-02
3.168691551975201248e-01
6.822798392770357268e-02
9.523814041140107878e-02
1.070756627535465605e-01
1.310739068245060091e-01
5.953040393712086958e-02
2.539114919936776293e-01
4.097579388170823900e-01
1.375444158714933252e-01
4.866148023512755216e-01
2.080078571479012164e-02
6.546920218203661213e-01
2.811793903064132572e-01
1.421980140394935865e-01
3.894742649352250785e-01
1.076658419684788814e+00
1.046351389629230910e-01
3.076310192529956855e-01
6.741767120160788718e-01
2.773693724621233425e-01
1.948245410061123228e-01
5.030872409949262991e-01
3.700507683213342114e-01
2.158981583870593079e-01
6.338698270928134759e-01
2.114340064951228393e-01
6.336647427098787144e-01
6.314427301441886964e-02
2.450217314367678090e-01
2.813393772881472854e-01
1.028048027569900685e-01
7.473585043133333661e-02
2.905285209584432815e-01
1.377016713407764215e+00
1.345751277560331749e+00
1.561483308274366766e-01
1.040084142735178130e+00
4.270629615078355701e-01
1.271642290946021769e-01
4.155170807526624432e-02
5.072893038924232087e-03
6.562253160936104557e-02
3.277946805500511762e-01
1.375133931839043200e-01
6.418037980184300439e-02
2.930632784675541586e-02
2.492261858625740012e-01
2.828788925037433177e-01
1.105749816593321749e-01
5.494254898496157002e-01
2.511432534396763616e-01
8.551431939886994238e-01
7.483721322165592937e-02
1.038114698900124422e-01
2.806708583773704357e-01
2.792045201333842597e-01
1.694307708612085295e-01
6.459876085332359914e-03
3.899084628972185884e-01
1.643131890484761382e-01
1.042859204214181962e-01
4.618406502262353830e-01
9.669480109638614596e-02
1.523334715620351942e-01
7.080202954093132994e-02
6.679137212472130436e-01
2.279857911517562674e-01
9.633795976264696026e-02
1.649447131819499202e-01
7.103769670027466621e-01
2.769209119164794952e-01
1.348607525719696110e+00
1.472600412408135162e-01
2.385975263773580102e-01
2.252890283387901926e-01
4.665399915781955897e-01
1.485041888425018275e-01
4.351350834868018824e-02
3.105315016567838926e-01
3.764943760020334484e-01
1.133439221822143683e-01
1.392327149670906650e-01
6.981495438790273900e-01
2.142865079287170071e-01
1.792318659340002562e-01
1.912287986935273798e-01
1.051980685749316080e-01
6.303547467863472864e-01
2.056465170995096514e-01
9.740457676122689368e-02
2.249280070853895697e-01
6.122973817176350364e-01
1.240622493165810969e+00
1.000290451492159977e-01
1.619232687238493229e+00
1.516820916780029227e-01
3.529594628125848121e+00
1.571918566616364865e+00
5.679625445591126448e-02
4.281778919838149511e-01
4.616028905843577723e-01
4.571281148064977318e-01
1.392818552044929881e-01
5.325931892443322990e-01
1.495143650019340686e+00
8.267132884769274881e-01
1.339038287942568295e-01
1.873660945980386572e-01
1.590848843977174520e-01
1.340935682496688097e-01
2.946959610283372832e-01
3.567637628829927743e-01
1.898904223696529503e-01
3.404199166260739595e-01
2.588299136706747605e-01
1.061326748141699916e-01
6.730298638546419743e-02
2.924671225426853094e-01
8.049232495236665619e-01
2.729612985630567312e-01
5.846784154353566743e-02
4.771725334985772449e-01
1.075087538660342845e-01
1.623829280128539776e-01
7.818365641876509620e-02
5.820873703573493652e-01
1.342748366045858899e-01
1.261100096989738739e-01
2.096493485571231385e-01
1.651650630766532124e-01
3.593484630103005451e-01
3.701550117573858545e-01
2.133959763770524043e-01
1.555989900507392387e-01
1.480192319901850184e-01
6.599457624646679621e-01
1.743151903141953174e-01
1.451286199323464365e-01
7.492209437773462988e-02
1.522645927123571497e-01
1.815703908942631895e+00
2.403241240067948148e-01
5.158138249078831894e-01
1.847982045867798129e-01
3.309271795978163122e-01
4.110473974414468462e-02
2.785186678521668346e-01
5.198890084813868884e-02
2.056156754067766101e-01
6.296658629011256392e-02
1.173740675951127493e-01
5.938104876298214707e-01
4.770740679276415652e-01
6.020943780612433294e-01
2.940748481941379278e-01
3.908846575061988848e-01
1.046771857127758443e-01
3.452875492360044651e-01
5.432679601765999511e-01
1.615101135604758362e-02
2.983438106909256371e-01
7.901507880750775481e-01
4.335458215082191313e-01
8.804687133013674449e-01
2.086640188732000190e-01
3.407697145127277505e-01
1.740305665648996247e-01
3.936920951890383047e-01
1.674656663609378759e-01
1.423157623236772640e-01
2.566673031183575593e-01
7.206380873592399539e-01
4.418037671020151325e-01
8.643794195463729013e-02
4.220345924425782380e-01
3.119049425667551612e-01
6.185449940421339221e-02
4.465566956821062083e-01
1.814222528869035081e-02
1.131663136065117967e-02
1.496659279923445718e-01
8.889814799368668530e-02
5.074806595206868970e-02
1.451135879428568365e-01
4.102708409671934620e-01
1.814156582955727681e-01
1.378547072244816207e-01
2.997754122077392336e-01
2.231040230447879635e-01
3.324649094171015506e-01
2.060138225889953517e-02
1.459184340161646942e-01
4.477217662965315981e-01
3.070541607943115814e-01
8.051364123525774075e-02
1.452455670808459332e-01
4.252874383064060848e-01
8.410033371951126657e-01
1.303935416672775960e-02
3.517252263118880728e-01
1.632664724012103385e-01
1.704148322529240589e-01
4.931550186035771333e-02
8.080000361040953760e-02
8.200420435679637299e-01
3.606199488911844553e-02
1.664720080653709910e-01
1.252347963995063540e-01
9.647336351353641426e-02
7.925352996841431019e-02
4.941248803077795126e-01
4.199758062427011995e-01
2.804882514777743419e-01
7.854408378701507321e-01
4.980932788699178604e-02
3.862253091805302463e-02
1.954128692642881082e-01
2.574259971136070302e-01
2.156826663645852737e-01
4.075088307868419690e-01
3.392732461542953826e-01
1.130310640919556936e-01
6.231475597344986461e-01
2.865231132306810258e-01
8.062138140285132204e-01
2.576931675312965631e-01
6.657370938807880001e-02
2.447561679065516083e-01
6.152612053695893923e-01
4.806502378918208196e-01
7.531349494120240795e-01
1.154639663390961468e+00
3.196514503040494559e-01
6.726439598422732091e-01
2.241206977704339742e-01
3.746339951941493052e-01
2.082871643527903771e+00
3.109788713070597010e-01
5.957853473486018903e-01
1.010825603018173230e-01
7.375178360883507533e-01
3.424170745480114020e-01
3.158374544816442420e-01
6.593145520578988505e-02
9.612282605499170018e-02
6.323135814233957208e-02
5.520402221506357648e-02
1.713153594111738731e-01
3.659791489805948594e-01
5.291115941241760767e-01
2.510363611669085837e-01
1.248714391292491122e-01
7.301985111212408452e-02
8.932788870315844232e-01
6.319350667242853437e-01
2.634886266965216217e-01
3.283233225630260987e-01
1.089464446879886139e-01
1.043845025866133591e-01
6.506453769339383131e-01
5.140489937860641678e-01
2.623305289399381346e-01
1.282560385835238570e-01
1.398825044313954380e-01
1.334185090211259528e-01
1.194650967488695370e+00
2.714597636544828219e-01
7.180845838226419531e-01
1.065861949932667418e-01
4.145097354138128631e-01
4.738476949610895966e-02
1.664315653054804917e-02
4.458473525417246397e-01
2.385449602569569283e-01
6.591699613278871606e-02
6.853183663831310946e-02
3.015926724092676120e-02
3.358292454503352120e-01
2.858137002626537915e-01
9.839618478625784814e-02
3.577479857237717553e-01
4.561870584346273683e-01
1.965512039348928930e-01
1.384008731013840476e-01
4.695520561167926266e-01
1.407382253139870532e-01
1.869863177893668349e-01
1.952554098895423890e-02
4.433840145167353697e-01
2.496139277788400057e-01
2.397773588407769163e-01
3.096390815888052095e-01
9.497901899212214394e-01
4.070257676498701960e-01
8.192801314141902325e-02
7.751480697630609429e-01
6.821666559256568396e-01
3.536225740186909050e-01
1.037454794163825245e+00
2.671387890412143529e-01
5.144877702996805136e-01
1.445679614728770268e+00
3.915060912432834217e-02
2.631437694226847479e-01
1.314438561930213745e-01
1.635063667041208035e-01
6.634901606573025135e-02
4.008447313233659548e-01
1.124056076374340962e-01
1.290636484914753912e-01
3.073736751432402659e-01
1.069588190341122375e-01
3.352816514030474981e-01
2.805336722310254952e-02
7.705673431915884830e-01
2.586467618204236207e-01
2.234482928658204359e-01
7.947016609946362664e-02
2.615461073582213136e-01
5.221226477384051101e-01
2.287079978286219450e-01
2.124957620682649817e-01
5.415487279455163255e-02
3.323262390909139663e-01
2.300203575735141615e-01
2.657773038359697582e-01
5.359451128464296499e-01
6.709975026764090078e-01
6.325769441406040028e-02
1.267131406799032689e+00
6.734505164711223069e-01
4.183230096382815622e-01
1.734372602504971050e-01
