9.691156357772642838e-02
1.213156944247730101e-01
1.893673280066187625e-01
1.047824648179958240e+00
3.488705054636294101e-01
7.709152647796319036e-02
8.766236899703285790e-01
9.251700149386590799e-02
2.394379136223311055e-01
6.991340220029278185e-02
8.139539071755577115e-01
3.204854427913320647e-01
5.784076434845721870e-01
1.270427347678068641e-01
1.382976544632584237e-01
1.733551066613495117e-01
1.387028029603985524e-01
1.528786894804808338e-01
4.710976381688422587e-01
4.611050290280001573e-01
1.608709430203363877e-01
1.509071109562489577e+00
5.133907683743627048e-01
1.134447004951904397e-01
5.895021376553248871e-01
1.716568978845957882e-01
2.294661696111342797e-01
4.749710831317631166e-01
2.035666322108471427e-01
5.636606956695515702e-01
1.192046464423914542e-01
4.460386514910020805e-01
5.125962205121157300e-01
2.987914203013845027e-01
4.284899967227137063e-01
1.908916227236055196e-01
3.956034905141220248e-01
1.425957172013417207e+00
1.553149202930385497e+00
2.212082149178233592e-02
6.521873428708743203e-01
7.955231862387088237e-02
1.567463493762842608e-01
1.166263704550074137e-01
9.106056387444488864e-02
7.540498002570564240e-02
2.791836164277272103e-01
6.579870489852834847e-01
2.539826504173834376e-01
2.410613016962358246e-01
4.321461579703433920e-01
7.251566354189667996e-01
3.511963170437376602e-01
2.425689075526602512e-01
1.159850491323132504e-01
1.965240301275286428e-01
2.020946512971252829e-01
8.900490887168895915e-01
4.896170143718035772e-02
5.663204575211413516e-01
2.054820294552010262e-01
1.053738264998621776e+00
1.361363917153844971e-01
1.753332875246524647e-01
8.579093974873044925e-02
2.318011541141090093e-01
1.363512495433169269e-01
1.988035046404507955e-01
8.823857853203630475e-01
1.635495768172582909e-01
7.401929650235149205e-02
5.177414588337556772e-02
1.301718686810655889e-01
7.645712568215859428e-02
2.329130576377668738e-01
1.246432200229419945e-01
2.682192781277474847e-01
1.177285012273603798e-01
4.261659538552965004e-02
2.497422049987951254e-01
7.612073879208769434e-02
8.455432826537587210e-02
2.797387572507356035e-01
2.102409425976258794e-01
2.986585608162020677e-02
6.406556144684281140e-01
3.160666496288654370e-01
5.560839827037262761e-01
3.326922483137629838e-01
1.852989511250057730e-01
2.242008018476921161e-01
7.520649390643767418e-02
1.884408380117093273e-01
5.413775910616083070e-02
1.423860952744477049e-01
5.327826832488997966e-02
4.635710215553958125e-01
2.405625229434112666e-01
2.408164727606731115e-01
6.744614797413384100e-01
1.885117187883257883e-01
1.335562535921217542e-01
1.425588449857996820e-01
4.405261169785412018e-02
4.844973117527066886e-02
1.729268974747941168e-01
3.925905108740093685e-01
7.034718270174171451e-02
1.411476687836523414e-01
1.346005972068290701e-01
2.384640233526273967e-01
3.398711568519357518e-01
7.180706843877751044e-01
1.534747585895866739e-01
1.001102455470867653e-01
6.513350727502020647e-03
1.147210104773963568e-01
1.869563663150337895e-01
1.416660291237262503e-01
4.174387701307861187e-01
3.859115016129817111e-01
3.675954400237356201e-01
5.035982510864316364e-01
2.601136466517183221e-01
6.284431937935293089e-01
2.575617985220813311e-01
2.936614076264408221e-02
4.898893420807854393e-01
5.885757360992194265e-01
2.720891992765104850e-01
2.791721322693372365e-01
1.398148527831520882e-01
5.998192405241002945e-01
5.473948811453518415e-01
1.270154887632344298e-01
3.392302552988296638e-02
3.272116178919898810e-01
3.211940693539085956e-01
6.612844560187376430e-01
3.955160792255525692e-02
3.072393434654885347e-02
2.006421577099834208e-01
1.338165403194517544e-01
4.658036238036438736e-01
4.502521468834338458e-01
8.232173519067470524e-02
1.313777394150903888e+00
2.538165135663408289e-01
9.893354150915960321e-02
1.250158973899828219e+00
3.324622486070510918e-01
7.288203035939949670e-02
2.292394588030192415e-01
2.414813919918400720e-01
1.320239982739829787e-01
7.185488911444633253e-02
4.104708206683584382e-01
4.436617997167235927e-01
5.931888765779278483e-01
2.037131294244173552e-01
2.381013721215051449e-01
6.558762189693678746e-01
1.186122138452840202e+00
3.944803858137284625e-01
1.829874373960951595e-01
1.402547586979103977e+00
7.863514843123782239e-01
1.528910725855729069e+00
2.148286904104488859e-01
2.429397856776255582e-01
8.251933652607753578e-01
9.882353229827861574e-01
3.975908024458071344e-01
2.647248006682818566e-01
1.716432727648759538e-01
2.698317852636551994e-01
7.350642360699649602e-01
4.536011477728196795e-01
1.095014319281119863e-01
3.939230920648614243e-01
2.067938105798721241e-02
9.141612442702529151e-02
1.177399891964837630e+00
9.736507909012015460e-02
2.349727669333120661e-01
3.208547448273886271e-01
5.100471061422966468e-01
2.114045507197485629e-01
5.104449662811787192e-02
1.089080041153706879e-01
4.338946329392737722e-01
3.809773030517665804e-01
2.896676683828967036e-01
2.257393983362553924e-01
3.146201359684216992e-01
4.402299459638799872e-01
1.330300729735913734e-01
3.145887077479947447e-01
7.907134373356845547e-01
2.171888144864870251e-01
1.677337777031194244e-01
2.455489326450378818e-01
2.729844345405959549e-01
6.978902163668454506e-01
1.342670731849908261e+00
7.972957835003526006e-02
9.366515856008821306e-01
1.800034184802538073e-01
8.672738731484896935e-01
1.032292417978245141e-01
9.128114161589359621e-02
5.109009340521351861e-02
2.188080396382570680e-01
1.395447323980230636e-01
4.192510312509692416e-01
2.701726492760541665e-01
2.554491056996274767e-01
1.036775727013235227e-01
1.579273590641315506e-01
2.452272990638237893e-01
2.610287391767969756e-01
1.304799128694238697e-01
5.691622619633309732e-01
8.873777888727041319e-02
9.082817960181058803e-01
1.506619430314393993e-01
2.492203353560593082e-01
3.007952778995394150e-01
1.092026633753826470e-01
3.187409457509907673e-01
8.176012868663824762e-02
1.837013755725726005e-01
9.816441633589037541e-02
7.893931292711531267e-02
1.062023945551854975e+00
6.127337129743530841e-01
1.687151324607066016e-01
2.099951244189705579e-01
1.975773454677383356e-01
7.310839290266147872e-01
3.388752546543365440e-01
9.069352661251990355e-01
2.450407745804919490e-01
1.485548195546720351e-01
4.307247923063421413e-01
2.296725852966722825e-01
1.648832458663596900e-01
2.794830788011880562e-01
7.725323168684983255e-01
3.969651199593388080e-02
9.086530120962929558e-02
1.125431201844832307e-01
1.065501689022564646e-01
5.008711593906696180e-01
1.133945401292945770e-01
4.999311596960548387e-02
2.703960980868544417e-01
9.517865925971415175e-02
4.037953748471716509e-01
1.396269954439441907e-01
1.015952701943420439e-01
6.680080426529225734e-01
3.163500396742137122e-01
1.586197643898628051e-01
4.014949988925202440e-02
1.453789350798980473e-01
7.839954542553886907e-02
2.558727735002587211e-01
7.174921285588100606e-01
2.145973800107502105e-01
3.773772353134882684e-01
3.841500128777281531e-01
2.607264846377803647e-01
2.693946887248710453e-01
2.963099324627365694e-01
2.814944050669457853e-01
3.137162659434617473e-01
1.566308577018993287e-01
1.466633307815075615e-01
3.605640797683263843e-01
1.558460659713454266e+00
7.353053485462768268e-02
2.646994077345619090e-01
5.494915217381123040e-02
4.158006525981742252e-01
6.450615952296764877e-02
2.105379902734242914e-01
5.500128996201202325e-01
3.001437651303661136e-01
2.150551917182680628e-01
3.885844662856999254e-01
5.389785276704115446e-01
3.410319796360543054e-01
3.082665573223809519e-01
1.017181688570250736e-01
1.292231223129889361e-01
3.696994598842572310e-01
1.211814248448545711e-01
3.311536205925837417e-01
7.007048618538098961e-02
1.073556758514790238e-01
1.117385378193896522e-01
1.777661660163006307e-01
7.347851888749143967e-01
8.919152256727422290e-02
1.749583883177423804e-01
1.137195163901796729e-01
4.857719905636508351e-01
1.457766942117515174e-01
3.680683611505585762e-01
4.444357425635005188e-02
1.060562876807682464e-01
6.468876907275277199e-01
1.193215965588024091e-01
2.991722172556177117e-01
2.240624518196828174e-01
8.880406131325661867e-02
7.238422520334168719e-02
1.754666253861276309e-02
7.848420827809265976e-02
6.995647569292177126e-01
3.123137487637064197e-02
1.735256025237394764e-02
1.125468594525500486e-02
6.264673339168701227e-02
6.824565566799103977e-02
2.306573653998547968e+00
3.668589617523192459e-01
4.471413026908135357e-01
9.864563539361330680e-01
4.544324271211440669e-01
7.413531069142918761e-02
1.057299634132911892e-01
2.490488537313577111e-01
7.033163455814768483e-02
5.001171637698603734e-02
6.286635308004425715e-01
1.320084703112618663e-01
1.893133920298315509e-01
3.156291122866200505e-02
2.422834344617120494e-01
1.715588953247340342e-01
2.359350335640928442e-01
1.111468138839395436e-01
2.030368178019310021e-01
1.020135982264406271e-01
4.657321863660371375e-02
1.208716342044235281e+00
1.209073391716096041e-01
9.417315533786488335e-02
3.428715885926102436e-01
3.539154852892342218e-01
7.734653644856032476e-03
1.941073553040016386e-01
4.799282611688707179e-02
3.489108991650703429e-01
8.422464309849428954e-01
2.730410652300881841e-02
7.974130947190748164e-02
3.362557004906642777e-01
2.231494506290940816e-01
1.489143756999531665e-01
2.102260158764793219e-01
3.138339244581341281e-01
2.210474369763525126e-01
2.947107992528266163e-01
5.381888788112838828e-02
1.804242718519319943e-01
2.458103584472556835e-01
1.220031170650341112e-01
7.718393128374336776e-01
6.491909669605526734e-01
1.055168397719778162e-01
2.103605037668028754e-01
3.370954424022434281e-01
5.992177243377583284e-01
9.510085014774608547e-01
1.461011401002099697e-01
6.548708117840896792e-01
7.786922690373607181e-02
2.940800273140473792e-02
7.549648425637599247e-02
1.975951508401946888e-01
5.824511252083278828e-02
1.705444940683519262e-01
1.106896715773129092e+00
1.659676195419038658e-01
3.085613916736059670e-01
3.136968459940028126e-02
1.767103597205307297e+00
1.934332922884611505e-01
2.121368781961483485e+00
4.319691184935962047e-01
5.852464292237206100e-01
6.008164820891223057e-01
1.169305527189292426e-01
2.493798605617307818e-01
1.655507619798877172e-01
3.218899901611099179e-01
4.619484373027747393e-01
1.386819495326521379e+00
1.122359386371018647e-01
1.250040751635421721e-01
2.357243293316558519e-01
7.992761354940786100e-01
8.264959283916981092e-02
8.939629913448163268e-02
1.579856548775245284e-01
4.536870476054956636e-01
2.297990650463174411e+00
1.644830532587886474e-01
2.472438636847572868e-01
1.230624466507408421e-01
4.843200216659151319e-02
4.720266131934517384e-01
9.276773789115108082e-01
1.638600032139115315e-01
2.832309141824141396e-01
2.007373253354879650e-01
4.395221401848291021e-01
2.448094286881787318e-01
2.837910793358223716e-01
1.863462355479363619e-01
3.406599342189865487e-01
3.741212692587009836e-01
1.560664095893045111e+00
3.457523140528125927e-01
5.096654385139575139e-01
3.146868486374070351e-01
6.050704456640833978e-02
4.697409978745087367e-02
1.158640616578167082e+00
1.688301789289504418e-01
3.376391512009909168e-01
3.275771483610171453e-01
8.603152034900844736e-02
3.201272983665147676e-01
1.258934583168117793e+00
3.044550573710516628e-01
9.744587150540902076e-01
2.857702680980956367e-01
2.340445437183462651e-01
1.736300330760432775e+00
9.278869655466484567e-02
1.543085732360279239e-01
1.646125244544192068e-01
1.231567181569654112e-01
1.137979488459174050e-02
4.319402516892616173e-02
4.997653935187380131e-02
5.965045751499153948e-01
9.748050665368397649e-02
1.625665731447473727e-01
6.054134374393693729e-01
6.056796658557703911e-02
3.086143639826066098e-01
2.015848402384899374e-01
7.154598801770351013e-01
1.266652596000459041e-01
3.410026210912421307e-01
2.550707678600768746e-01
2.622755798855658793e-01
1.704692767430518452e-01
3.045591891594031653e-01
8.992255299113455225e-02
7.234359893839659161e-02
3.921354708941332534e-01
3.578805811422762218e-01
5.215192404084384448e-01
6.323040263414389517e-02
1.195059376108637661e+00
6.571107437233615622e-02
4.063424381988080536e-01
4.560226744718754444e-01
1.660378018605218886e-01
6.703088761641136095e-01
4.268753064921002038e-01
2.522114188870001536e-02
7.485340277466872028e-01
3.310541103814614305e-01
2.227963933996283397e-01
8.406672190263607403e-02
5.837051782174136338e-01
1.082323952737206801e-01
5.742461607900391229e-02
8.071750560542162445e-02
2.653808101992144453e-01
3.330825206853480491e-01
1.142907721560031675e-01
3.285039560633890576e-01
5.479331419778412163e-03
8.389692027006880881e-01
3.091863367858899148e-01
8.241520511083601230e-02
1.234761855394775690e-02
8.531409038999258898e-02
6.370004818502288113e-02
4.337613098207201423e-01
5.285130466553324968e-01
3.053099324799591341e-01
