6.717920566509697489e-01
5.774894269256219959e-02
2.721052995377324923e-01
9.554872729925810437e-02
1.760679804476007748e-01
4.323615251772994772e-01
1.782023614196085237e+00
2.182426650217170194e-01
1.726056016275261673e-01
1.921220503844750238e-01
3.207168900807623180e-01
2.290048906871552936e-01
8.651224138100858940e-02
6.972161408078117462e-02
4.154877685452046943e-01
8.161146012880164669e-02
5.065671574767894869e-01
2.641389270633335284e-01
8.884332260350470689e-02
4.262580949999257851e-01
3.392930385223628248e-02
2.174929186829491989e+00
1.558040065492247717e-01
1.599418733509536394e-01
5.244061693704780147e-01
2.740684943067245305e-01
4.619665681916680922e-01
5.532183769755437686e-01
9.727814535624398906e-02
5.352281456884347977e-01
2.373124146034815696e-01
5.507891755374904053e-01
2.525378691688360822e-01
2.462115110719582667e-01
2.396855219568933548e-01
3.250238292359426684e-02
6.736623461182145167e-01
6.429191814003305527e-01
2.547785157699539171e-01
1.978304176293483319e-01
1.120770485663480642e-01
3.996517125838160434e-01
2.542020400863317375e-01
2.777914432733584807e-02
2.557769898568909017e-01
1.163802545855018022e-01
3.422363692750381992e-01
1.418217774051437341e-01
9.395140352644777426e-01
2.352952456035756756e-01
3.064744601158722048e-01
2.802928757250685576e-01
2.252330364846453353e-02
3.052113226861573603e-01
2.627372570171841448e-01
8.575553745764283309e-02
2.050415172599509839e-01
1.036670099288996838e-01
3.638250617669250286e-01
1.009040506394658088e-01
2.451641129164955635e-01
1.274213139525076921e-01
3.452328246430744207e-01
2.063506888360338090e-02
2.912372663089757285e-01
1.591198669908962249e-01
1.306573943003616102e-02
2.845762187316715486e-01
8.798118032905459796e-01
1.075924932010764862e-01
1.183482287604247229e-01
2.367702221720177636e-01
4.486865982502242362e-02
3.438400104530863199e-01
4.032916030772133453e-01
1.456060602863105680e-01
3.034973569660518455e-01
4.102758840656857697e-01
8.024935047401285382e-02
3.455943834579605634e-02
5.610333765414171614e-01
5.077950919926468160e-02
2.499992754847149001e-01
9.897757199334784872e-02
1.263748011375245284e-01
3.584293493633901595e-01
3.032288275785436915e-01
1.506989718526124677e-01
1.133608486653373271e-01
2.253557260703650811e-01
2.121859956996125507e-01
1.222933021596024350e+00
1.727489205553983942e-01
8.458143313985920508e-02
5.045454313016297654e-01
3.801470121446535178e-01
1.461154369184606283e-01
3.119263287369495319e-01
4.668358652438648476e-02
3.869006851619959386e-01
1.852191733998543310e-01
1.521749074107345279e-01
1.280686064070887253e-01
4.769020520797630225e-02
9.005103171452495392e-01
3.139205439318964452e-01
1.228697996464995779e-01
4.206909172548997100e-01
1.811823730707757540e-01
5.727590399834669999e-01
5.065586052978414688e-01
2.123077181627074927e-01
6.020671838429429990e-01
5.672245003259805685e-02
1.921192868098011153e-01
7.501558291418455870e-02
8.399837779288009676e-01
2.194939125982073302e-01
6.717947623898955223e-02
3.569504680307183375e-01
3.802840849968687764e-01
7.067692058947980249e-02
4.985117305979955837e-01
1.465209245366595026e+00
1.952664310284343008e-01
3.029844077651462284e-02
1.661259211117974144e-01
2.934519345657645162e-01
3.950495429233968903e-01
7.389500962145333363e-01
8.215464623176002568e-02
1.328043806864846466e-01
1.860936695963786858e-01
2.919793548248222348e-01
4.132219625275829894e-02
3.346291174621595504e-02
2.835015867131525646e-01
2.428651581052184150e-01
4.074153516252379537e-01
2.407993242521398791e+00
6.747983685688209270e-03
8.611015196348932588e-02
2.486327656881709147e-01
2.021598000364650538e-01
3.809727626442667714e-01
9.566123696876209503e-02
1.609739763652877631e+00
6.409010570963357134e-01
1.644311546524150347e-01
5.877274237617384767e-01
8.201351909546854280e-02
6.181562407042719143e-02
6.458938173579023001e-01
1.069721370014237588e-01
1.408797064002055288e-01
1.417262720825505362e-01
1.661231196648774999e-01
2.078229103531366861e-01
1.678901494529955463e-01
4.392222426345678832e-01
6.198154210062765263e-02
1.036950624961874567e-01
6.538550150959607232e-02
2.375632290255054735e-01
6.403076864240681010e-02
8.113355778363645632e-01
1.699207800708716631e-01
8.948776181483174275e-02
1.507170995720457651e-01
2.016355267864061163e-01
6.339471160811486206e-01
1.681031059650215931e-01
2.238442509803763997e-02
4.544895835062531253e-01
1.458214138176709085e+00
2.539210659718460494e-02
7.687889689323337272e-01
6.691271131201357303e-01
1.170533578139933695e-01
2.345771049247004636e-01
5.944752457480325658e-01
2.603135093799885946e-01
1.842357438174381246e-01
4.657656777921449498e-01
8.065933762721849698e-02
1.486082732685267693e+00
5.061298162125942302e-01
1.617416068977578850e-02
5.229424385835548250e-01
2.182366160844646519e-01
2.547937606479259154e-01
7.403554879418818846e-01
1.126101157972436706e-01
2.116248258231360868e+00
6.600569035771234327e-01
9.816368350495238704e-02
1.104543106402275515e-01
3.569278518476680095e-01
3.662813261608198756e-01
1.460642006436941032e-01
4.299299505826713330e-02
3.037192512530575983e-01
6.295349346802993074e-01
1.947536847794010539e-01
1.020574818899349978e+00
3.673599880583266336e-02
1.174986030015886945e-01
3.795955558789889661e-01
2.667592577515392332e-02
4.253212239262413874e-01
7.344656608809893572e-02
2.855533923322683965e-02
3.798778691186881218e-02
1.655262785941090109e-01
6.847396462724379684e-02
1.521516503723350199e-02
5.056446754857166770e-01
2.378518688905752188e-01
3.780856007545213004e-01
3.096271238769646161e-01
1.365942895294240123e-01
4.730161010492549556e-01
4.113708960618945309e-01
5.952363371154291427e-02
1.335755026688469627e-01
1.018704922296063964e-01
2.620617610350867710e-01
9.798620331832709474e-02
7.834463797869734014e-01
8.148794360552732985e-02
2.772908424334291633e-01
3.079336737131085910e-01
3.456592576361143809e-01
1.036583946922544214e-01
2.412164338716318510e-02
3.103408209673272355e-01
1.742848404804580920e+00
1.397432526158091104e-01
1.324959035200818369e-01
4.332644216897284517e-01
7.904598663360565269e-02
2.769715041008225520e-01
7.154458982815012358e-02
2.084900775104053250e-01
2.752930871277718405e-01
3.444697599348390260e-01
1.541653453188076006e-01
7.652841430654759858e-01
2.761179480801406183e-01
3.666686832126736517e-02
1.442220923823374634e-01
1.339095395546182843e+00
9.067834600593530081e-02
1.980492522442302561e-01
1.699808256042603938e-01
2.218194420258928490e-01
1.602207521661535572e-01
1.304427490927583255e-01
1.147281031297389953e-01
7.792721076659220314e-01
9.646442013502820600e-01
1.005337321347734791e+00
4.699518534948344817e-01
1.125102565061393278e-01
1.478695346567760194e-01
2.468286183147897217e-01
3.771209666919180248e-01
5.441559754742335553e-01
9.287703439664331262e-02
8.880692987772217939e-02
1.266316178025396477e-01
7.623496065408970068e-01
3.136161792117934666e-01
5.481758004819110575e-01
5.931283275079839157e-02
2.488925007324063743e-01
7.619103593243443939e-02
6.005802434279010615e-01
2.186919534750046412e-01
9.111978543365595318e-01
1.958139010269978886e-01
1.525174896956637549e-01
3.051256713692204192e-01
1.711037021197639119e+00
6.227632904837077099e-01
1.818825208217628719e-01
9.863032549587744668e-01
2.264483665115254729e-01
2.539594484884700187e-01
1.450047835672206853e-01
6.363622041169406107e-02
5.856900492456521556e-01
5.509796724391053946e-01
1.846616702611173277e+00
1.288683310343934907e-01
4.682356685942998809e-01
4.510652164074323567e-01
2.438313907326007113e-01
4.437053814194817647e-02
8.650189474533974410e-02
4.477672002058187273e-01
2.944689093110162137e-01
3.063598844053226355e-01
3.301519396297941666e-01
1.954417254897887202e-01
3.436403000836456278e-02
3.105337564640419518e-02
3.421361791564406230e-01
6.112909514099797992e-01
1.176530077549114567e-01
8.196631824245435849e-02
3.566248210884043202e-01
1.079164903035748219e-01
2.317022066146788573e-01
9.393195768355926123e-02
1.211346852593544049e-01
3.391458777933410995e-01
3.008161156021025434e-02
5.736619069584676378e-01
2.707447331906682741e-01
1.009498771201519131e-02
5.985672811917654851e-02
1.302241326486324735e-01
1.304504705613534488e-01
1.924719008814101961e-01
8.406579564875314714e-02
1.693111409349641050e-01
2.838490156500047407e-02
4.266598447111283332e-01
8.675073528850969773e-02
9.101365989253092925e-01
1.749754712953129343e-01
1.360851262881475510e+00
4.060630959448154331e-01
1.662620761359252103e-02
7.966110760985121164e-01
4.295927906558217879e-01
8.560753145272037568e-02
8.036681701668733080e-01
1.955039128050883313e-01
4.622060341075456824e-01
1.922359641141989095e-01
8.840003476528587867e-02
9.745947071154752173e-02
3.715064393067361026e-01
1.293086321648437398e+00
7.179409335459286945e-01
3.632655782426057467e-01
5.807163746516789266e-02
7.306824446383558547e-01
1.638768983320703920e-01
7.593220142201910494e-02
4.529729883225052101e-01
3.999737513975617359e-02
8.095859025213917315e-01
2.147430772295665924e-01
1.663289835408832407e-01
8.400613372982563831e-01
1.525043258055381601e-01
3.945775088349153803e-01
1.624596632680440078e-01
2.437871012822038885e+00
1.393269269111763742e-01
1.700680869810799745e-01
1.233718331961047632e+00
1.464358231749555816e+00
5.301335958348241117e-01
2.818302543009213942e-02
6.427009079185025398e-02
1.258889920400935170e-02
1.415297412021048751e-01
1.126946894275543176e+00
1.128279711342609903e-01
3.434923973868497793e-01
2.108580405743688269e-01
1.585502333818143317e+00
6.428462702103046045e-01
7.781509693851906828e-02
1.166510591503900490e-01
7.136314504900793665e-01
1.661564863499897515e-01
1.186520438189310411e+00
9.467332981185461183e-03
1.074912637900208995e-01
2.635053262204681834e-01
2.174743634824827798e-01
8.766804700316548349e-01
1.012814746412444566e-01
1.887294581102920144e-01
3.896627056125276933e-01
2.626991640476376011e-01
9.145753791522629461e-01
5.242705849319445610e-02
2.007274532905153897e-01
3.977048261609644753e-01
1.706156555771413674e-01
6.851023431058217428e-02
7.013478556887689508e-02
4.582837140095377682e-01
2.343186437057609428e-01
4.132482909662512638e-01
4.094705748442100668e-01
1.210770968489452148e-01
2.555629205245675273e-01
8.059227870694746221e-02
1.012865667029966721e+00
5.902326403860770343e-01
5.920613383692359122e-01
2.777955716148945986e-01
4.525596583261019823e-02
4.909929276985613988e-01
2.358199335730414847e-01
1.404746266041061675e+00
5.394361876738562600e-02
6.403031549116118271e-01
6.970025761916989193e-01
1.337388174742161484e-01
1.334595203258734097e-01
2.384799077839193093e-01
5.003214182671611443e-01
3.670651868370101711e-01
2.265299751165748832e-01
1.723751643396309041e-01
1.925373417257368880e-01
9.116509439009773397e-01
2.335876666972579729e-01
1.115136040003268797e-01
1.968943616087800164e-01
1.456717422159539699e-01
2.103959344014615651e-01
1.978065755765594957e+00
4.109044819728017300e-02
4.373213214671700655e-01
5.303685478254120955e-01
5.051128517855778544e-01
5.533728383649073601e-01
3.024272585599080410e-01
6.319539015804578330e-01
6.334121533234673973e-02
2.264114591998015735e-01
5.484326825608373118e-02
4.514205045572023539e-02
1.465239662625407724e-01
2.452700078299450692e-01
2.308804786883919546e-01
5.331422048155819160e-02
3.182980691650992566e-02
2.769029425375112430e-01
7.579563226188684721e-02
8.209356620280207351e-02
1.199381915056735970e+00
3.182189861052932001e-01
2.190643010298588267e-01
2.100930807067224182e-01
1.037069683748631510e+00
1.218288926437526287e-01
3.036087059712867520e-01
1.175285878459531308e-01
1.269131019856879483e-01
1.212059504094738366e-01
9.624464917017475085e-02
2.539972163694183965e-02
4.760931298003737711e-01
6.998008171042861825e-02
3.942525843553214560e-01
2.250201377915658774e-01
2.362689812375261614e-02
2.749415986018091118e-01
1.444237401915363372e-01
6.496061521445757603e-02
1.510262104711243281e-01
1.101875548043457886e+00
4.184078843225871869e-01
2.441194246670840562e-01
4.789989803812890190e-01
1.797601863427544244e-01
6.359923583303206396e-01
6.069511012297114372e-02
2.505065183197090484e-01
2.565182979383726081e-01
6.857896965425889224e-01
5.456954877073872945e-01
4.561501822145005297e-02
1.495750713240071028e-01
3.757552422974447803e-01
2.677434768093348572e-01
2.206744167608010176e-01
6.327922968916673829e-01
3.652797602822422940e-01
1.114813829191827060e-01
4.371331265634357810e-01
4.282555478409870442e-02
3.236281187535388626e-01
2.451428445232200770e-01
1.540494991107758394e-01
1.392086386667996112e-01
3.014969669373108729e-01
2.458495718181275824e-01
1.724143003163352006e-01
7.032238900057866116e-02
