1.779514449542479282e+00
3.845201618671512112e+00
3.367574518170818099e+00
2.534239231054071784e+00
2.640189167263121028e+00
2.828188875630893495e+00
2.658137515744523505e+00
1.267051680022250215e+00
7.791639229389933918e-01
2.992708421051002432e+00
5.650837092639264370e+00
2.986568767659147028e+00
4.432096256334628670e+00
1.925618314638634088e+00
8.664504964309969193e-01
6.516848947526436397e+00
2.639119628301979326e+00
3.549272887200557669e+00
5.135719977142195525e+00
3.820195453604610769e+00
6.009549521645663361e+00
2.442044050521562149e+00
3.378988185289156121e+00
2.022253879138809385e+00
3.937918946976377121e+00
4.157353656246334239e+00
7.818324565566255657e+00
2.064791460880432972e+00
4.091671309570996229e+00
5.988011023395253929e+00
2.076879986214239970e+00
8.083086398753449586e-01
4.801546713406511735e+00
3.737864221494962891e+00
5.287162053397511663e+00
5.319850695355555104e+00
4.658766671650186098e+00
3.960488106632219285e+00
7.897065346700351540e-01
5.647763682573654798e+00
3.375247068418781193e+00
1.992024446441284624e+00
2.810427844276747411e+00
5.429203677009871498e+00
6.397834035686396525e+00
5.739915609213282366e+00
1.331936919706850020e+00
2.448841074809249729e+00
3.265489597275646361e+00
3.675124882342406529e+00
1.603923395505730820e+00
2.471053996081884030e+00
2.742124389418700403e+00
3.416668615186453373e+00
2.380811973033417406e+00
3.070357856958147558e+00
3.965095066733164142e+00
1.654615891856975107e+00
2.517099216465886080e+00
4.660616264616794346e+00
2.907568930780435323e+00
6.854766703327624278e+00
5.332626026732554259e+00
4.895220538610260519e+00
3.568935557744936204e+00
6.269014422041029988e+00
3.744210395622880050e+00
3.253365145235540545e+00
3.841141614539043125e+00
5.638627435338626093e+00
1.065822596825678259e+00
2.385592693399298359e+00
3.774599160381634455e+00
2.962593128189269454e+00
5.354581360738981388e+00
3.014816901523977410e+00
4.143282058768539500e+00
4.510501521278858839e+00
4.621010545812243464e+00
3.409938164852227338e+00
4.073953159532927693e+00
4.131585941553771235e+00
3.864672479773459290e+00
2.260506811380594172e+00
1.001332140923040015e+00
3.932476521816437476e+00
1.372038797401757382e+00
3.082305338541621698e+00
1.489447923748314029e+00
7.201739646588919186e+00
2.043398502933565730e+00
4.610877969418423206e+00
1.885600605124532425e+00
4.110834783334584408e+00
8.473784389392774230e+00
3.501986755704972865e+00
3.608600887366507415e+00
1.963539241834911353e+00
1.955057312693189164e+00
3.832436520899066501e+00
