8.973075358072064578e-01 4.880628869912360557e+00
8.986907144052945773e-01 1.024749004086293347e+01
1.902994654516063866e+00 4.019514997983985261e+00
1.323932383614630837e+00 3.461619689337433137e+00
1.022707362369694284e+00 1.219039097911029268e+00
9.830545047155759830e-01 1.388394148020269059e+00
1.123514280988508807e+00 1.877559715786269567e+00
1.063962689305311571e+00 1.148438573063745638e+00
1.175591800709596013e+00 6.079825234604204098e+00
8.934016153834537510e-01 2.315362044223459481e+00
1.139063497170799577e+00 5.453755357723906627e+00
1.373625420919426965e+00 4.458788225874013911e+00
1.171378684776045676e+00 3.217207256866227105e+00
1.005842132117739318e+00 1.312687707900046963e+00
9.318243998549262663e-01 1.079111543978577892e+00
9.347620855844324117e-01 5.972005104658287822e-01
1.163571567771033433e+00 6.689553891513098982e+00
1.029411670224274156e+00 7.645216866486149065e+00
1.032572831911093170e+00 6.361845503685048531e-01
1.094194561972326563e+00 2.217599070296961017e+00
1.478033893946535393e+00 5.413330543775225934e+00
1.088945938531626245e+00 5.343088454168788637e+00
1.095832804010927752e+00 3.738163736140570403e+00
7.326574538401233738e-01 1.265265276949543427e+01
1.044104326758843904e+00 1.297689948143875505e+00
1.539267277225954578e+00 7.596306701227292457e+00
1.180813048551269118e+00 1.168174884504391997e+01
8.397067471805670369e-01 4.741449343583286513e+00
1.292087881306938524e+00 1.856787476398609638e+00
1.252247554772044191e+00 9.128535189804994232e+00
1.148382750790952533e+00 8.823674959475760193e-01
9.282772356393547142e-01 3.786816637843450017e+00
9.609593907773009702e-01 5.366353073446030741e+00
1.567252237960142569e+00 6.146732075370532122e+00
1.190078109091919467e+00 9.470038724117076256e+00
9.519137767677925410e-01 1.517297847112774711e+00
1.166827454911634643e+00 5.573339452177300757e+00
1.185938532228307807e+00 7.550098181376152517e+00
8.157341808799081218e-01 7.031710361391571018e-01
1.150655453170590370e+00 4.966421968376337759e+00
1.154449505720766878e+00 4.414736181713696972e+00
1.083042338647184577e+00 1.418881661366819147e+00
7.810624796652226864e-01 1.069972785236782853e+00
9.579028810942833427e-01 5.204146508563183282e+00
1.162301192139406858e+00 4.803974067799149594e+00
8.051392713846465821e-01 1.239556232549784198e+01
1.009335380838305873e+00 4.823441790334295654e+00
1.008817652311257307e+00 8.531351280957961691e+00
1.152942376549591197e+00 1.162731557245385083e+01
7.657487175871788843e-01 8.244514453586385017e+00
1.009003176950706182e+00 1.464264041377207892e+00
1.064226073792938765e+00 4.044896352791308658e+00
6.852033007189983760e-01 8.363621158633609554e-01
1.231820182776422135e+00 2.322486757965008142e+00
9.451621416883745352e-01 7.210826823168476896e-01
1.156228809621006492e+00 1.094426142994506801e+00
9.549232935962518320e-01 6.201507186792610149e+00
1.140168650540915207e+00 4.068555055098987516e+00
9.185836767216630783e-01 1.222644505670817061e+00
9.390506308588174589e-01 1.499381579143340248e+00
1.142147182588189258e+00 1.930806758117308952e+00
1.049011103155345292e+00 6.115342269119693697e+00
1.292653943636750791e+00 4.906674869963148389e+00
1.175561717601973477e+00 1.355731157289785038e+01
1.149862361573631642e+00 3.000194646846945368e+00
1.101123348157182491e+00 1.157322057767149248e+00
7.514214652810594641e-01 1.223866988773809261e+01
1.319241773702175102e+00 4.815452710184040974e+00
8.495729640882088152e-01 3.397265140948044326e+00
8.035154648427984547e-01 9.463210591600502042e+00
9.326954406884693238e-01 5.904333193263616053e+00
1.451206492678768889e+00 4.521476057388006176e+00
1.714215480098632671e+00 8.109848659073308763e-01
1.102212998725510262e+00 6.669451913993425407e+00
1.150853931788809570e+00 4.667539731116779222e+00
1.504026486177074684e+00 5.380664894956626476e+00
1.026493945828153231e+00 4.361553534425776313e+00
1.237566216814697473e+00 1.625085330531203853e+00
9.999115328748312548e-01 6.251816138002981305e+00
9.879119742959057149e-01 7.609917105450422214e-01
9.754456703467468959e-01 7.356009119907853666e+00
1.128761473334206400e+00 1.312150558656201671e+00
1.055484278943770615e+00 4.605220679909414194e+00
1.479396229171519028e+00 4.727243378257535156e+00
9.491957274643224585e-01 7.207967906912684519e-01
1.120045398882562049e+00 1.008933231702556732e+01
9.231830568973230511e-01 4.386963558654543016e-01
1.022068367453940363e+00 5.214419029414701257e+00
1.272657372884350213e+00 4.307397854020487138e+00
1.113229483875986858e+00 1.390261366913803753e+00
1.321403063595403049e+00 8.285522304173017716e+00
8.898242112879392041e-01 1.491848404428131325e-01
1.241751315523637267e+00 3.582093757222452712e+00
1.019959451282226093e+00 4.796786461861549888e+00
8.974772564915550754e-01 1.235321553316575116e+00
1.089658080864951417e+00 1.360458744037697620e+00
9.452308179483668304e-01 2.243670875103515261e+00
9.022965546700013606e-01 1.163871092344543445e+00
1.056776289449838702e+00 8.380485178015231185e+00
8.686774768088737497e-01 4.835036119951329425e+00
9.335709000168096461e-01 3.585530146038469201e+00
8.381374163880542794e-01 1.228985053377060233e+01
9.130101373925886277e-01 8.704301213904815926e-01
1.103043794863721727e+00 6.807844544717530866e+00
1.044404034413174198e+00 7.747407073553324253e+00
8.198495126372087327e-01 1.473333577559208463e+00
1.027108466664957254e+00 1.369447958375819452e+00
1.150209966626864588e+00 1.082617242765373744e+00
1.156789923760201289e+00 4.480854198410773037e+00
1.082493670716004663e+00 1.369913576263981136e+00
1.321737837828442341e+00 5.152557199751803374e+00
9.595513780415991789e-01 1.404492033207348722e+00
1.039177528875653733e+00 1.605512529391791121e+00
1.201510473503095922e+00 4.595768391416746645e+00
1.003356287656189672e+00 1.174732024219410143e+00
1.200657799553604521e+00 5.697569802266521322e+00
1.202309073689052932e+00 2.240188529926204097e+00
1.026000798002369763e+00 2.782027509562536416e+00
1.176813365342562756e+00 1.600796134466533793e+00
1.277734095654287527e+00 4.921087811768027009e+00
1.041722282324055504e+00 6.678589629825242291e+00
7.020861719942167456e-01 5.338854624099889534e+00
1.168965108445207290e+00 3.065300784157261926e+00
1.206668555990441760e+00 5.985639996590625067e+00
1.031568015960242057e+00 1.978359526388858036e+00
1.053989271618954726e+00 1.259131871406862890e+00
1.468042648801854755e+00 7.030309771573114652e+00
1.208167494937369080e+00 5.134777146578368701e+00
1.068472877261970932e+00 5.951553404947332204e+00
8.533087092451381306e-01 6.588327359564098984e-01
7.127771620583053247e-01 1.152613854667017712e+00
9.703935977417040837e-01 3.534389913302020680e+00
1.080485693282177140e+00 4.795321855745593886e+00
1.173813278354091993e+00 3.086086987457856701e+00
1.058406566257065862e+00 1.636543141257665646e+00
9.904061458549167085e-01 7.360080645284457823e+00
1.126695465183872091e+00 1.035487466876797136e+01
1.065610139452145999e+00 1.337468454110102289e+00
7.435343214925071997e-01 7.200293376232864695e+00
1.401734785769840119e+00 3.349253334975319074e+00
1.004138649465528221e+00 9.075440956490112399e+00
1.097573170152224886e+00 7.876641588623699342e+00
9.522003006412129711e-01 5.595006559281488379e+00
1.179849517637745926e+00 8.571016292292917838e-01
8.410723819598598938e-01 1.651427026250544472e+01
1.133431989410413010e+00 1.000497849970147124e+00
9.379934744203503039e-01 1.927706553447535276e+00
1.177876531040309649e+00 4.009313745135524520e+00
9.568490600366984511e-01 1.583897469725974005e+00
1.235047573767098061e+00 3.525792628330545408e+00
8.477511620001865200e-01 6.323803136341719977e+00
1.122460053057973584e+00 2.160644109609370922e+00
1.023359291624248879e+00 1.273996202556417989e+00
1.170503829893609460e+00 7.018660342030424104e+00
1.146366549557864101e+00 5.763254748276533945e+00
9.401050015770074930e-01 1.125329520688421070e+00
1.087118255276685597e+00 4.744288432023906488e+00
8.809327606589362203e-01 4.866677163660939054e-01
9.467916602747329380e-01 1.974870572547890113e+00
1.259929742910502304e+00 1.096726655215435331e+00
1.142987505442698115e+00 9.803953646370475283e+00
7.622102041129151795e-01 7.779248774685817658e+00
1.022595351299508515e+00 4.930044728332500625e+00
1.114842585136257558e+00 7.382766782548946694e+00
1.116493660242316110e+00 1.123382918930191599e+00
9.910329972807614407e-01 6.665303795095107731e+00
1.219044821796936073e+00 5.236173195962834370e+00
8.242700701356262538e-01 1.417510044317860096e+00
1.207863797718470522e+00 1.138556412567561793e+01
9.180243555226323959e-01 9.881394507082006395e-01
1.164471392400241445e+00 4.272006148465217201e+00
1.306911757903650662e+00 5.397213583031432727e+00
1.154591442047089966e+00 4.193849998558524028e+00
1.047582138071601499e+00 5.211049026993816113e+00
1.607746567284767725e+00 6.152987835460942634e+00
1.274896794557088597e+00 3.767975138406126412e+00
1.100591925149255523e+00 9.844184641586765094e-01
8.391635220783237870e-01 1.337721611127679822e+01
1.147770850796603570e+00 1.109825690427511002e+00
1.123253662081058257e+00 3.506464464373947543e+00
1.247826300174673220e+00 1.752280402118570724e+00
1.126458439753276863e+00 6.548817918432020768e+00
1.186378395786973572e+00 1.815641852285019286e+00
1.085516255289995513e+00 1.174059768059730668e+00
8.142797758364487271e-01 4.975717521012235633e-01
9.814481181336458526e-01 4.839046711547119628e+00
1.131370112635036174e+00 5.164692162896969307e+00
1.089381550789369602e+00 1.252318219351348239e+00
1.415216468860219790e+00 5.480046362938507665e-01
1.203448908174046039e+00 9.161907414278326334e-01
1.120267351158121150e+00 9.667339289877570074e-01
1.159858822931276956e+00 7.087349209229119928e+00
1.297444176407831939e+00 2.409665395553185263e+00
8.775104555990368427e-01 5.876344013017189560e+00
1.479907773777456637e+00 3.056108250513867031e+00
9.175364665828993349e-01 6.652020569076399603e+00
1.176617497288048320e+00 1.942083795318708894e+00
1.348226223476114427e+00 5.144064642138093113e+00
1.077214726349930984e+00 5.751772386975786411e+00
9.659658288970650597e-01 2.281123744010555399e+00
1.021753958005099827e+00 5.202180145984648618e+00
1.111198317961868520e+00 6.214365739760971508e+00
1.519511390248706295e+00 4.818951894166191074e+00
8.828633401506942313e-01 8.820827823565526415e+00
1.260436210759620534e+00 1.496656245102594873e+00
2.049457489577192870e+00 3.862244249303986798e+00
1.121225302272025104e+00 5.968733201716920789e+00
9.436728917564027874e-01 1.345087724825345221e+00
9.128712672110870230e-01 7.649101036855902036e-01
1.381499814085985989e+00 5.437923095992290179e+00
1.132031481243898519e+00 8.075646813797714429e-01
1.138317920405443440e+00 8.457663619311045267e+00
9.987471639032443615e-01 5.929976568726628150e-01
9.187140955375142637e-01 6.331872499335042370e+00
1.047890257106784517e+00 2.367514432372990640e+00
1.139929051809189353e+00 1.720633120169762220e+00
1.271662113868029520e+00 5.001407607614797302e-01
1.140303709436975454e+00 5.328970768918531498e+00
7.498185120984810492e-01 5.576220911331187580e+00
1.219948216028151844e+00 1.619951865164977578e+00
1.067783427817058595e+00 1.478325550806710798e+00
7.336716585040321537e-01 1.270057615568576104e+01
1.166401735642115689e+00 7.063382244653924502e+00
1.004304740239505778e+00 1.653640707662893616e+00
1.236746766648976203e+00 4.307980672946198908e+00
1.274520099325463507e+00 1.922264619844955780e+00
8.738250629537683833e-01 1.033057035453806005e+00
9.486473313549838027e-01 5.127953293921516664e-01
1.239874714622762220e+00 7.262489843424980052e+00
1.211173505491595748e+00 5.775577060857086664e+00
8.957816155382462009e-01 1.130635959535027490e+00
1.196696715419140356e+00 1.925728721503611185e+00
9.485849709962385079e-01 9.528729955345474067e-01
7.857486738655524716e-01 1.217944804734039987e+00
9.868910817471395758e-01 6.044500409683343234e-01
1.221359238048320028e+00 1.020670239583616201e+01
1.046196314830251994e+00 1.606543784621077942e+00
1.224948286131967379e+00 9.559509663716475814e+00
7.484225819748231423e-01 5.052048384932449565e+00
1.033257746590869663e+00 9.348522425755326992e+00
1.154715261990229003e+00 1.239898620237394944e+00
1.337220880067531148e+00 2.184022423802645996e+00
9.402416274187168632e-01 4.898708208274183740e+00
1.425300089667847159e+00 4.317513559957727232e+00
1.173404338230970012e+00 4.844265660505381987e+00
1.063297065048879109e+00 9.871534867281754888e-01
1.217082423906792776e+00 1.395055857989446979e+00
1.179314530943969208e+00 7.534501289667272061e+00
1.266290449546781938e+00 1.683084281984694952e+00
1.042574647118266640e+00 6.968348104190319470e-01
1.120583609629775879e+00 4.804268974385831115e+00
1.178011043281915748e+00 5.336377263177819685e+00
9.841479864184683457e-01 1.089759489122391400e+01
9.285348765256614678e-01 6.649848005610921042e+00
1.171937817587275887e+00 6.030888502099930548e+00
9.748774819907047862e-01 6.730809351146821662e+00
1.396603341682020494e+00 2.793493179688945727e+00
9.800587044544362136e-01 5.071194684046928636e+00
1.605730443845434507e+00 3.151289467315192105e+00
1.340655184125492561e+00 4.653394159781229611e+00
1.031651852591967122e+00 6.901637544451769912e+00
1.243061827071930692e+00 2.132150564065592224e+00
1.118682803933426007e+00 4.023027659416975155e+00
1.227067484466969338e+00 1.296388839495525191e+00
9.637932456377367174e-01 5.494164677046374123e+00
1.166099120642537512e+00 2.079928978848018861e+00
1.062664976220335955e+00 6.829463155603306745e+00
1.439567377785848423e+00 5.812904458428016063e+00
8.468658035696120523e-01 1.560688526374292628e+01
1.207693194565373274e+00 1.196830946676880059e+00
1.039610118089990598e+00 2.032196881543947953e+00
8.124664697152049753e-01 6.929548075239321037e+00
1.085130002980990938e+00 1.063765618209592256e+00
9.503075976405157554e-01 5.580247613355431291e+00
1.191784761104746293e+00 7.339209255707500823e+00
1.050415559405558641e+00 1.119899967274637653e+01
9.429024343150735898e-01 7.881424568600701619e+00
9.602361581381496647e-01 4.767956803439008517e+00
8.891852658982959401e-01 5.886750086342087407e-01
1.144578915109266237e+00 2.199784103445186823e+00
1.033827734711588509e+00 1.789494200183204375e+00
1.123967687300604146e+00 5.988318307465221757e+00
1.130073052811944478e+00 1.066875832043458239e+01
1.519476260235025133e+00 3.863185775123056942e+00
1.015815179754911535e+00 7.510493704845559115e+00
9.490366470553033285e-01 1.003370892479099163e+00
9.591588648329933964e-01 1.041330263646136345e+00
1.180455258761597515e+00 3.626751477566507731e+00
8.108392225553959776e-01 6.450605844737208550e+00
9.261212744998984503e-01 7.204286316564506798e+00
9.349050683372156501e-01 6.723956378757448782e+00
1.361394047772236382e+00 6.619571460607773794e+00
8.536549858216021525e-01 1.282453953985874806e+00
1.181259678831334980e+00 1.267519621333170754e+00
8.607636816336661223e-01 4.579575257017438616e-01
1.225583318396561872e+00 2.232859942244333151e+00
9.601281996131517671e-01 5.879825662170954814e+00
1.120914128765591267e+00 1.005940856529170802e+01
9.611732467145305270e-01 9.451237189991729792e+00
1.197260613583719602e+00 1.940979747425968460e+00
1.000324731184800919e+00 2.425817990190779927e+00
1.045244582747668405e+00 9.266122486190035090e+00
8.559350702801227229e-01 5.351128234950516038e+00
1.209826787180449781e+00 1.650498615219832654e+00
9.547977330033808885e-01 6.290036904545631025e+00
1.274079517267663331e+00 2.043538194451284706e+00
8.083048462800382916e-01 1.834747062171927112e+01
9.725961846857374971e-01 9.183779579431272211e+00
1.088644254182505211e+00 1.160059842966149501e+00
9.713913095986006496e-01 4.496156872151543027e+00
1.135131907538729390e+00 7.346308929684040478e+00
1.007163055559963771e+00 1.242899048792212691e+00
6.736991090124770931e-01 2.525148609632182684e+00
9.776574062046849978e-01 7.307379156826385724e+00
8.452314905072033646e-01 7.094285717969506244e+00
9.917874224634541935e-01 1.214846746907924713e+00
9.625595000772499965e-01 5.808512063414704052e+00
1.037105198181568211e+00 1.743270224215859310e+00
8.057483126986110245e-01 1.274243476125388908e+00
7.769394054671403538e-01 5.037890343861289644e+00
6.733952494086233864e-01 4.774805856393706804e+00
9.886757642749747221e-01 2.603450246865758100e+00
1.178125726646325644e+00 1.429991936309957135e+00
1.081501234156718727e+00 4.524092567283363842e+00
7.436774993238257636e-01 1.364881581305193592e+01
1.141985237818733179e+00 5.210607607744619507e+00
1.252561954480913009e+00 1.584310432141162739e+00
1.189324666680851905e+00 1.425184450709431561e+00
1.127287748823236457e+00 6.251344558996196454e+00
1.034052643367819657e+00 4.656603968433864260e+00
7.711240265504267777e-01 1.264549342265637222e+01
9.190638603725859168e-01 6.794268321946313804e+00
1.575585300302527081e+00 3.281716084096915953e+00
1.025615009909875974e+00 1.819815961981777530e+00
8.429674982486410340e-01 1.253697633351046781e+00
1.664106014463689442e+00 6.256526040127186938e+00
1.105925614181578087e+00 1.131298985576883798e+00
7.875661163203639958e-01 6.048843968201309984e+00
1.089843279356160988e+00 6.883091598308348047e+00
1.062333662367836995e+00 2.280033930459645919e-01
1.425981835183363078e+00 8.502293016359232070e+00
1.413591640322955811e+00 3.900834896666426577e+00
8.009674025101373163e-01 6.814910268667921933e+00
1.173582232576861673e+00 2.952082419394734814e+00
1.131997806596324763e+00 3.361059206891080731e+00
8.935401948539545280e-01 1.334531994821378742e+00
9.133530790786766884e-01 5.769446367931784891e+00
1.042693536670720622e+00 6.297470905599963586e+00
1.049205518211953292e+00 7.195876470239253031e+00
1.385486756914080742e+00 4.129152974891585615e+00
1.155925042078094656e+00 1.627366435258795763e+00
1.210800880708883254e+00 5.691232696830624604e+00
1.271572028329047255e+00 3.621847344383930967e+00
9.751726604505309703e-01 5.398225176324872976e+00
1.624679134591541230e+00 3.823447557297798838e+00
1.641528927936599880e+00 4.144662334977637919e+00
1.129915918754267778e+00 6.595478224809783185e+00
1.328072942220622332e+00 1.634647959517627536e+00
1.402070241856804067e+00 1.735886597007946230e+00
1.228415183409539146e+00 5.479094669992061739e+00
1.643958891094517760e+00 3.607038258255431895e+00
1.129151150898675571e+00 1.165235655819229166e+01
1.147065985125879317e+00 8.096044743468209237e-01
1.514211159591172917e+00 4.719009573908232724e+00
9.327979795954863818e-01 6.265660295146131098e+00
8.509987463492899584e-01 4.606585597622705031e+00
1.355929410231453636e+00 1.981850583465774251e+00
1.161318102759534288e+00 9.383172916051599088e+00
9.032103877577579709e-01 9.085341827444279872e+00
1.175622044462635518e+00 4.727096271031927976e+00
1.101387597776279925e+00 1.044699229441587107e+00
1.316816612704173606e+00 4.955943832538491023e+00
1.541729979541817119e+00 2.937119491488908718e+00
1.460778742226869653e+00 5.521482841861375945e+00
1.050903824382065643e+00 1.570941986163562065e+00
1.174921380183109543e+00 5.794814976228005676e+00
1.153826789137800013e+00 1.194915864786133319e+01
1.228895380142299265e+00 6.287884978090614752e+00
1.044983500997844761e+00 1.545713336384691328e+00
7.986108091845436352e-01 1.638155144142892183e+01
1.169336605345903335e+00 8.575072298423217276e+00
1.442338676617010762e+00 4.734857831799551775e+00
7.380776775092307007e-01 2.807933668347741829e+00
1.156412156048616025e+00 4.883984960338696446e+00
1.118114705360982564e+00 5.728713953352067456e+00
8.651196695072004283e-01 9.007672966618891497e-01
1.102048294792345562e+00 9.790412315753915795e-01
1.051797407935904483e+00 1.743133370942582028e+00
9.762509647405808177e-01 9.766931339907287679e-01
8.288893291246717254e-01 1.233725015798922975e+01
7.274111562061464920e-01 1.086238645499399169e+01
1.246552268321230894e+00 6.620769480834542087e+00
1.048709676304546701e+00 8.644165454483773159e-01
1.131122326381947651e+00 8.379647667538892009e+00
1.088796233204578634e+00 3.839097621067592225e+00
1.117934101969407124e+00 1.063185909306028964e+00
1.037339527351329505e+00 2.014508942274933823e+00
8.227397919462456910e-01 3.523657979831498643e+00
9.645668219165117740e-01 4.674647513279246436e-01
1.165699836155818847e+00 4.789732339397521521e+00
1.287470154228972596e+00 4.893355363110313938e+00
1.003040098291553273e+00 1.696831940469308186e+00
9.477642645977928382e-01 6.393752881151572254e+00
1.040570447590055903e+00 7.487198847031640625e+00
9.788440335407464499e-01 8.197362936504721809e-01
1.539424612079936860e+00 1.170661423442115101e+01
1.117441676102020054e+00 7.805658464651790140e-01
9.959660382042083704e-01 1.694421191501968682e+00
1.057049132569733096e+00 9.318802200801035163e-01
1.413256064723251049e+00 4.917755637191739027e+00
1.339769761347376020e+00 1.582896760523130331e+00
1.099803206100703257e+00 1.301268061841456181e+01
1.178815815781965703e+00 1.341844364956664704e+00
1.222100843202974740e+00 1.841064322888898319e+00
1.302084742498983205e+00 4.346832172794765192e+00
1.662489602504969133e+00 1.042726592302740229e+01
1.222273693808888284e+00 4.701081146843279157e+00
9.995029991601677155e-01 8.568866250041552446e-01
8.337141303363466704e-01 1.134414713791808182e+01
1.183911490021009261e+00 9.297954889260019229e+00
9.708777638894877660e-01 1.051420503549292285e+00
1.164517746196729764e+00 5.845673531561129899e+00
1.153964555304376471e+00 9.911222846549712084e-01
1.178180975781302209e+00 6.517035664211904056e+00
1.213020998127867456e+00 4.230345524854836725e+00
1.144552541717347660e+00 2.207017520965314006e+00
1.488706248079686212e+00 2.678611363837971382e+00
9.657847583459647778e-01 1.436872508064389153e+00
8.247126660651122876e-01 1.541128548332069315e+01
9.040219150432780015e-01 1.919065934057045952e+00
8.724410075216905147e-01 8.875584871371657858e-01
1.295154571853474934e+00 4.591510026754357376e+00
1.227924837130338176e+00 7.595053055727805535e+00
9.778288981586569228e-01 1.132989977032160089e+00
1.145052549140054943e+00 2.234824260928946593e+00
9.439512550887299014e-01 1.318358061369348855e+00
8.101461241984485584e-01 5.790584180968423311e-01
1.488647941383602680e+00 1.150043327070400601e+01
1.399253579490599364e+00 6.869132300865833152e+00
9.477141308224111826e-01 8.246309358757882180e+00
1.208055158706352827e+00 1.271913624530766063e+00
9.350779419384490643e-01 4.724576953642465327e+00
9.815184394181755145e-01 9.212689371061809851e+00
1.073048450834502621e+00 1.773669322652385638e+00
1.156636303561129342e+00 4.832924213243547484e+00
9.375767748597522155e-01 9.931590596454366038e-01
9.734560570817291092e-01 1.542433436345358677e+00
8.213608898489230814e-01 9.231677407076869457e+00
1.303136333573452266e+00 1.623883519369689221e+00
1.287964250283727408e+00 2.030678033782272074e+00
1.147401186365074821e+00 8.124736407356831336e+00
1.068812501083623800e+00 1.086119154421505195e+00
1.233203443278489964e+00 6.857191331520404276e+00
1.083420648970845557e+00 1.368902650975502677e+00
1.428040837670902397e+00 8.428177005049365178e+00
1.047430481253099233e+00 1.013587479182319839e+00
9.831947252890973488e-01 5.161673525842862542e-01
1.039318070995430832e+00 1.956557057868898886e+00
1.185856731779825868e+00 2.496103476646667652e+00
9.897772216001380352e-01 1.117389183837696587e+00
8.226901560440955663e-01 4.911817374394652269e+00
1.150334720594297533e+00 1.443596780230047338e+00
1.443789558946231510e+00 3.871561766420994477e+00
8.149892127707260014e-01 1.085287535656073032e+01
1.017305445649053341e+00 1.346081828483500331e+00
9.396835634973367268e-01 8.507482428126035501e+00
1.370508492690397873e+00 4.938445609925390833e+00
8.329001595861117435e-01 1.039291684004160210e+01
6.310355411428266725e-01 9.702209267952547345e-01
9.779152560099858560e-01 5.213931854492744655e+00
1.257570621593890214e+00 6.541451129956539212e+00
1.079909393300744203e+00 4.985664713699736517e+00
1.022969647865960230e+00 5.701752342297650600e+00
8.459390908792570052e-01 7.001941000515937930e+00
1.081039962221680639e+00 7.679589684235934577e+00
1.283970603478144179e+00 2.344075719712592321e+00
8.759595079764350700e-01 1.569334884553739151e+01
1.134371118915335597e+00 6.202437364135423792e+00
7.512380300079491979e-01 7.830071468146564406e+00
1.051965837442504492e+00 6.063460755298866189e-01
1.040446174001735447e+00 5.586284919007670879e+00
1.044791431372718460e+00 8.266279519628630723e+00
1.088742972166104384e+00 4.957473419513827473e+00
1.102672595707445913e+00 4.377245356206358906e+00
8.140813133306898930e-01 4.289689906474769998e+00
1.178862185536549756e+00 4.824397994622235508e+00
1.113651899416541857e+00 1.479531515786868923e+00
1.059711079522348998e+00 2.952282680105066337e+00
1.352713367241728193e+00 9.506985136521812763e+00
1.125931842804193783e+00 2.411275375103391738e+00
9.562139957442047367e-01 1.113717220429417454e+00
1.045070687899002149e+00 7.439187416055061064e+00
1.310058182081316192e+00 6.861854003885363706e-01
8.755422452971373115e-01 5.365786943260344444e+00
9.583422457858468135e-01 1.361257940779021958e+01
9.887689424008614392e-01 2.585928709692280947e+00
1.079688873584129905e+00 6.938960551655612541e+00
1.235923651674065482e+00 5.136768793015688672e+00
8.930027472181973902e-01 5.307398967569549875e+00
9.761788644738016441e-01 6.543427384168560845e-01
1.383934810752119438e+00 1.522744049158749391e+00
9.629537803076059221e-01 1.213885088830896741e+00
1.377970339134808597e+00 7.952384588710507352e+00
1.013864239649414634e+00 8.829263928080555601e+00
9.972506369544339444e-01 5.252889999725671721e+00
1.189786552748274939e+00 6.911487163806350864e+00
8.837829509156877039e-01 1.296317802771863814e+00
1.109625557141283414e+00 3.828552794732636766e+00
1.188799069997692248e+00 4.265192116111701459e+00
1.023766378123314835e+00 6.038363180302061650e+00
1.104879150180801517e+00 7.835352219643499261e+00
1.151889459772806434e+00 1.963839875718843553e+00
1.368709069944922030e+00 4.251012028611106608e+00
9.209193115296202548e-01 1.025675121191510275e+00
1.137559831071395910e+00 6.552893389336161611e+00
1.452107820122576554e+00 4.513143593779493479e+00
1.160476698766728543e+00 2.316910352733978495e+00
1.125192293025568890e+00 4.595458704718438092e+00
1.108255217446826979e+00 1.615366594008291301e+00
1.021272715368872541e+00 4.844452230315406283e+00
1.111622722581379286e+00 6.008231530354123606e+00
9.025027415091305683e-01 1.293716578852639687e+00
1.101049486214363826e+00 6.799597306781948625e+00
1.397347590180625376e+00 4.623833483017349977e+00
1.037390884770632349e+00 5.927885883487920893e+00
8.966346346061416783e-01 4.019112908566034870e-01
7.549648304903284757e-01 1.724620172700247522e+01
1.105267240099966575e+00 6.457827527843797988e-01
7.599102605003570376e-01 7.598930715346912557e+00
9.830422362188421248e-01 3.590847262903444026e+00
1.197893803028214244e+00 1.899962911352365724e+00
6.912445219325907830e-01 5.001600159310792826e+00
7.820302366853920661e-01 5.118455374608178232e+00
1.181371228783574479e+00 7.117531501935367544e+00
1.068816417941259589e+00 7.057443754019815385e-01
1.099707091768115541e+00 4.875265965753294850e+00
1.330254928789978752e+00 4.591538309658172778e+00
1.243859805607464786e+00 4.570501693669897225e-01
1.099292849617935275e+00 6.481066582108118368e+00
7.533587079530449371e-01 9.598660493776216995e+00
1.039455774506515828e+00 1.288237663065013372e+01
1.400452426334615197e+00 4.828985741277612043e+00
9.070770459461158230e-01 4.466780529574594816e+00
1.031384752751622003e+00 6.786842631835829920e+00
9.512156044052063608e-01 1.689542522136857849e+00
1.143399007408597789e+00 5.159482013873572193e+00
8.224962156753823361e-01 2.976259629539735219e+00
8.003111669720722743e-01 7.476382071839947407e+00
7.818704833589438241e-01 1.180478021858418991e+01
9.161537436362718889e-01 3.580608096515435879e+00
9.598289347295919649e-01 4.367326992009936681e+00
1.244549404281048544e+00 1.479744542246492323e+01
8.242735885312049149e-01 5.712279935871806380e+00
9.398116972958021620e-01 6.320752619753230661e+00
1.142810692358698699e+00 7.256821936798910633e-01
1.276439930277940782e+00 2.287622869446678919e+00
1.249417574169376710e+00 7.205973135250356876e+00
1.160771887233551514e+00 1.439841088840856820e+00
7.307827473735593049e-01 4.509821843222248994e+00
1.169052741698319853e+00 1.758259237743880155e+00
1.083278445994274808e+00 1.189776440092891363e+01
1.350717365251198121e+00 4.897753612245385746e+00
1.260154012210544572e+00 7.667004864770667893e+00
1.032723336332105113e+00 1.482389367814576087e+00
9.648105179229482520e-01 1.544299668576397666e+00
9.320780794132076386e-01 5.403675455218482249e+00
1.066341227860923890e+00 1.015150089566306590e+00
1.022917258594242984e+00 5.897768573497365274e+00
9.879727853771348434e-01 1.693890028452910812e+00
7.627533798069145998e-01 4.156616318196231674e+00
1.426030830118712789e+00 4.022014960923811167e+00
1.148230044036179676e+00 4.904071793015109648e+00
1.243606459333493452e+00 5.133656172291609643e+00
7.272083359766280397e-01 7.976315698114862407e+00
9.993818642920974105e-01 5.797366809077417749e+00
1.182389694144312609e+00 1.161999680198614726e+01
1.180954161126785085e+00 1.563540414907911957e+00
1.035902386529956143e+00 4.477948148963787567e+00
1.016024036810025288e+00 7.889299886505262149e-01
1.131406224744603950e+00 7.643222356739386214e+00
9.707451470974577390e-01 9.964729026479909990e+00
7.683915509637428976e-01 5.282047136565343415e+00
1.197521338229999399e+00 5.054002218170363214e+00
1.082346565190414278e+00 7.286337794809156776e+00
1.318228053548251344e+00 9.818256775965414462e+00
1.588215469828071713e+00 3.509116434182195654e+00
9.847466993631979193e-01 2.638846235563458986e+00
1.119041928526171903e+00 1.586344882330323003e+00
7.375155736023552011e-01 8.832603993144902077e+00
1.091693184094094882e+00 5.250934222958746567e+00
1.297534787830262326e+00 4.711293338083652138e+00
8.091442633649736926e-01 4.696115745370675221e+00
1.340802640840818016e+00 1.943535119406601952e+00
9.627438594325370413e-01 2.186734591740132405e+00
1.164116197754741178e+00 2.144197646200102891e+00
8.889953681283482290e-01 1.070463574757488523e+01
1.217778084452456167e+00 1.684473682728312216e+00
1.148513801101971765e+00 6.243185582131649980e+00
1.256040884596085760e+00 1.038302724065478344e+01
8.992917985151128724e-01 4.777124139325977126e+00
1.245842381884433081e+00 8.881787631418683659e+00
1.118456106586144916e+00 2.568441977774204688e+00
1.249907579832407079e+00 4.269583100590002900e+00
1.340955158339997677e+00 1.849719798196105103e+00
9.862418020850394207e-01 5.396515364159317762e+00
8.789197468251338519e-01 7.119095773486698420e+00
1.017137522690992446e+00 1.311253028969802559e+00
1.104120106070111351e+00 7.501509800863092714e+00
8.374314732220234925e-01 1.230758062059053337e+01
1.024102185727545189e+00 1.251167835980810050e+00
1.285212729753164806e+00 1.888576270120636336e+00
1.154216978760211010e+00 5.100060539739567744e+00
1.265206743120657507e+00 2.719476186205260326e+00
8.833488011486695379e-01 1.166787274527980323e+01
9.056128747237073284e-01 9.438707381680756514e-01
1.355618901567060330e+00 4.793282132176647004e+00
1.000979976445965036e+00 5.272984306812531941e+00
1.222413284147175316e+00 1.065871088979197978e+01
8.003533232816458787e-01 1.483960772675008144e+01
1.229261006772949694e+00 5.495872241910204181e+00
9.270857994294456894e-01 5.318110921142202407e+00
1.028816229935352045e+00 5.394867421415882269e+00
1.178386693316147538e+00 1.446553325036128657e+00
1.200550543352960409e+00 1.093676462284852668e+01
9.374644421604998445e-01 1.322099460838786600e+00
1.155761440902704384e+00 1.065557970110832464e+01
8.556483482442115429e-01 9.371616449688339401e+00
1.438981517241856745e+00 4.445109839073955627e+00
8.243999313391835448e-01 1.419802473889193806e+01
1.085942220279218162e+00 1.144922985253147907e+01
1.101858370999518444e+00 1.943753793363846682e+00
1.394557605826497015e+00 4.411634734208908171e+00
1.099361915388401778e+00 2.001467769217298631e+00
1.267899538636062307e+00 5.986681142944211054e+00
8.813000932526903197e-01 1.361527825954555126e+00
1.001783094457171064e+00 1.296484815288468084e+01
1.094364306588198277e+00 7.352766023826931008e-01
9.808325957294944386e-01 9.699265565367986008e-01
1.180352841247596540e+00 9.710922170550447818e-01
1.053051993777071038e+00 1.360794574406850010e+01
1.130615673353884798e+00 1.647145065952236864e+00
8.152200060511857194e-01 1.747727897614393289e+00
1.354983959755918566e+00 4.287320997335460682e+00
8.965383613244847227e-01 1.140367682234063818e+00
1.177863512990777739e+00 6.772165301095150802e+00
9.669022832642638621e-01 4.653291197066919516e+00
1.111330625072097567e+00 5.579734053433679897e+00
1.031986160302434508e+00 5.369319639209901851e+00
1.056860149627646628e+00 4.833483385252037579e+00
1.267218160882835232e+00 2.622969853287036468e+00
1.093072342749277226e+00 4.750205536945375506e+00
7.921650450746599015e-01 9.888748410442184777e+00
9.639488411693468706e-01 4.769211632035037951e+00
1.090132433168924164e+00 6.728521215952122603e+00
1.321726678418253531e+00 1.957442212136179416e+00
1.401898406031100386e+00 7.216724682367449129e-01
1.152234211875433845e+00 8.270626605855033731e-01
9.312418291207323895e-01 6.915648560560979652e-01
1.380681759506732220e+00 1.697294947886385685e+00
1.393446868952709972e+00 4.719463219098870788e+00
1.109681775000968429e+00 8.430835829228305656e+00
1.001845523320109566e+00 4.214265855056498644e+00
8.836909148242201306e-01 1.353614981457265998e+01
8.136442221361925853e-01 1.706796005813195904e+01
7.682367488143277967e-01 1.052461445517506755e+00
1.315496240547909590e+00 1.785814061927213148e+00
9.460761169039777485e-01 1.597997003172213715e+00
7.308372908152496183e-01 6.408980202514078961e+00
1.211892578127994557e+00 1.265765856130719413e+01
1.058562801992327884e+00 5.721145946161242613e+00
1.234750448278677082e+00 8.813773353850411496e+00
9.909367740212923215e-01 5.238316838425060240e+00
1.307978743657598475e+00 5.515422027004753147e+00
9.036630971023820180e-01 5.520124376558182000e+00
1.191578648391410367e+00 5.207107083798115710e+00
6.752538621004611219e-01 1.027233255821835112e+00
1.215858151232237061e+00 2.807606171672266893e+00
1.008427003161102009e+00 4.264163609384482356e+00
7.417418304034576471e-01 1.583715716956211317e+01
1.284747567334713070e+00 4.538821818830242272e+00
7.432322625184690779e-01 5.891525467180184883e+00
1.334285811068496308e+00 4.434838845757065329e+00
9.579101578985241838e-01 3.401425577528598421e-01
1.446629396805819034e+00 4.840733429907851715e+00
1.177019469392866613e+00 7.511365559535255976e+00
1.309754382620896163e+00 1.884868966003569790e+00
7.577525828219767723e-01 5.778976145122587837e+00
1.099535722300808649e+00 1.382102818337251682e+00
1.153201694699931501e+00 7.406874811454079444e-01
1.083660428690358835e+00 5.731446019673952286e+00
1.060740531196838754e+00 1.822792727139180391e+00
1.069040197086154942e+00 1.910290618150191078e+00
7.053026421149863889e-01 4.152342997221536436e+00
1.114215788053253497e+00 8.885122454125324865e+00
1.102371449595947572e+00 1.304198120193188482e+00
1.216026339973357073e+00 8.085425120486561923e+00
1.167732161312365902e+00 7.057619576167107889e-01
1.110984543233583421e+00 2.153328766817759643e+00
1.150518301101988827e+00 5.097884388319653404e+00
1.232778753068894728e+00 6.055627299585067291e+00
1.176176955336848406e+00 1.537969857281064279e+00
7.730186407927092107e-01 1.063913923180522758e+01
1.204669419547859111e+00 8.587599794891088933e+00
1.196572060807633564e+00 1.777083638881085559e+00
9.216395316621206479e-01 3.965136656412424632e+00
9.717932638199627826e-01 2.028898903054330738e+00
9.491127308622472336e-01 2.836233513458930600e-01
8.945589353589229464e-01 5.523491961362335667e-01
1.164305768391753260e+00 1.610197617916250490e+00
1.104518254041177983e+00 5.540239969756128424e+00
8.272008719085438555e-01 1.434395690654494615e+01
8.698172481763415398e-01 1.111579592321960241e+00
8.974399976989222427e-01 5.064218689323197964e+00
7.629130468553534383e-01 8.398232012714824890e+00
1.001849254759747287e+00 7.885116948753600141e+00
9.014433816808142819e-01 7.592547006648130425e-01
9.009047586633073257e-01 1.310191631675094559e+00
9.765679422323193526e-01 1.275234988341272580e+00
1.079033814931780189e+00 2.954893188020234263e+00
1.108766560644447008e+00 1.892875114003798709e+00
9.674860561346529941e-01 7.336172471678621410e-01
9.818831568131209941e-01 5.238351674404307268e+00
1.173443448920951537e+00 9.923775247807911981e+00
9.520855669698313761e-01 4.361851444688789492e+00
1.037997513056600152e+00 4.006850189495615666e+00
1.001775190785692882e+00 1.019975105658613268e+00
9.925077074429005108e-01 2.837928680518347235e+00
9.486944213274924875e-01 1.482695099905248393e+00
1.191338459039379405e+00 1.643270606655137245e+00
8.561442680694739682e-01 1.037360528067909726e+01
1.076842078477054265e+00 1.135142360595610134e+00
9.666500056254850870e-01 5.288198586867975948e+00
9.934499952464301842e-01 1.758529078221732656e+00
1.376062874663747104e+00 3.743138579954417011e+00
1.193995372955825252e+00 1.061090820975327631e+01
9.263059135491020779e-01 6.440919127900166963e+00
1.215441403464298187e+00 1.004264455967868663e+01
9.990935612886604478e-01 6.414887593911527963e-01
1.033115183741173393e+00 2.481053385575796799e+00
1.246794918636768612e+00 1.139423973315513594e+00
1.119658567549663530e+00 1.296284741648190630e+00
8.273298783036413528e-01 1.494482313465673151e+01
1.119493980338881478e+00 5.020496373688305702e+00
7.747133985252416810e-01 4.554493301502612113e+00
1.043532409529389859e+00 9.190087803766941121e+00
1.453194131057022664e+00 2.878447894735879586e+00
1.018909585261933426e+00 1.795384904693096528e+00
1.346145865042863488e+00 6.583906799677084365e+00
7.989597197749572777e-01 1.267292667013472540e+00
1.218409690414478552e+00 1.165227290108689306e+00
9.291062745822289415e-01 1.385039710427010018e+00
7.494879773758533759e-01 1.256410839996088269e+00
1.132467837090644691e+00 4.432553479347165037e+00
1.014763617517018268e+00 4.352215667993166726e+00
6.851904018440365673e-01 9.814769876992821551e-01
1.384300098619071440e+00 6.880857944663580916e+00
9.058244544567836121e-01 1.223265247907883158e+00
1.403452881926050333e+00 1.115735514851707677e+01
1.092207993907744923e+00 1.732308267008414449e+00
9.848676142562373670e-01 4.102693979021070803e+00
9.546098024783918889e-01 4.896857447369346694e+00
1.280997446228123282e+00 5.024925790479795928e+00
9.054588137726022889e-01 6.229060747367478612e-01
7.549933770227025276e-01 2.966405220533705034e+00
1.156868595499034091e+00 1.235474258653260904e+01
8.045965980245640692e-01 5.481927679994043068e+00
1.076204206880440939e+00 1.068897535907803231e+00
9.691068078763144245e-01 7.729967349942159061e+00
6.476001963857237476e-01 9.008693630214583692e-01
1.202098113064844265e+00 1.239121301167745992e+00
1.335444087571862060e+00 2.749715268053829487e+00
1.677068028511540021e+00 8.360494793023605098e+00
1.047767782655958602e+00 4.304280214156078088e+00
1.163634585896788476e+00 4.294871711590888985e+00
8.736876959289717748e-01 1.266471615517480886e+00
1.118637287704112859e+00 9.386317679187584417e+00
1.124310168448309444e+00 2.805932792297688660e+00
1.014641787585248034e+00 9.286205026783614924e-01
1.503072710434791848e+00 4.461934737524331673e+00
7.226174943375354154e-01 4.455767000741285955e+00
1.172866258602767608e+00 1.603345921819860909e+00
1.059884442606453536e+00 8.749799935103434123e+00
1.102069303881969997e+00 1.129810121021897906e+01
1.244904306372552671e+00 5.175360746433111281e+00
1.081906657824543982e+00 1.100892875811829263e+00
1.083028109312513809e+00 1.811152111839545942e+00
7.478737828835386736e-01 8.407449101856689921e+00
9.832078915738521330e-01 8.748043314089228861e-01
1.037373114598315604e+00 8.274275961843725602e-01
1.191754416970939978e+00 1.236217211275235650e+00
1.166497273690463299e+00 4.854855663649678021e+00
1.596635928858191278e+00 7.269717406235084667e+00
1.067051301343129532e+00 7.083925561680989524e+00
1.226755332976128265e+00 9.127275955061348256e+00
8.880251374740543158e-01 1.080975191075220998e+01
1.005487099244943394e+00 5.747355801506497386e+00
1.170728447819257223e+00 1.731530104301063577e+00
1.007095482301138212e+00 8.086511066257349611e+00
1.009871319930600420e+00 5.123134372089586108e+00
1.025367792368525599e+00 3.572781129617979445e+00
1.108066719747625273e+00 6.900312876826771635e+00
1.173387335240689833e+00 1.005389258651312545e+01
1.067298332269273065e+00 2.280432565481083973e+00
1.046104889532325499e+00 4.853024390075564298e+00
9.826943593282740919e-01 1.489607646824284259e+00
7.911735255237172248e-01 9.716662230853370108e-01
6.313097627337708184e-01 4.656574730550663510e+00
1.190370030939819967e+00 7.568196702686587507e+00
1.125268433856153383e+00 9.489861914165315326e+00
1.032623125938259001e+00 8.906774545452874392e+00
1.054913608720611684e+00 5.046885264257232606e+00
1.150041286495497861e+00 5.179480414372467756e+00
9.385544822601185055e-01 1.066403447293138518e+00
9.988988986153135574e-01 3.586367415041006534e+00
8.165717718253594493e-01 7.336586937412961973e+00
1.152249287983712955e+00 7.344040239271115489e+00
9.399269374019746381e-01 1.244551390584206718e+00
1.174510376986244609e+00 5.932947741955605814e+00
7.795508337229462015e-01 6.610150079612384211e+00
1.247358473053259198e+00 4.732447166042972775e+00
1.346063033203588777e+00 8.962249876361097378e+00
1.370093967123834355e+00 9.195382817309884160e+00
1.162213643986609535e+00 6.676517878705736209e+00
7.103342043353740864e-01 5.367286854277989683e+00
1.226835297510025624e+00 4.795062238785506636e+00
1.127512750346297388e+00 6.812832369240516606e+00
9.263180928782344115e-01 6.153914428292550642e-01
1.009838334356183420e+00 3.564295979019347804e+00
1.151516691519827384e+00 4.303894937334566406e-01
1.160660030784715691e+00 3.036122670999777728e+00
1.171231234147568578e+00 5.132240005287139084e+00
1.273279799359085418e+00 3.173915141572804632e+00
1.152538583017092222e+00 6.514331337983649384e+00
7.721252013519839252e-01 5.942432357475416538e+00
1.101330686613682497e+00 5.899702706043036926e+00
1.140950053534885766e+00 1.217481804411623125e+00
9.843391401172576494e-01 6.400041118874517654e-01
1.256495169758902186e+00 3.362732533291758585e+00
1.188056795275951982e+00 6.499586029614581761e+00
8.573782665453856255e-01 1.830813973453345733e+00
9.092170955763688722e-01 1.616899652010094002e+00
9.329091337579965559e-01 2.160368211063552035e+00
1.156118189719007150e+00 4.552768835816586979e+00
1.305268489542238841e+00 1.762444080877452635e+00
1.088565296269315974e+00 6.565847202488506618e+00
1.084356331310825761e+00 1.325006482540058039e+00
1.437316719266597431e+00 2.619387369329262416e+00
1.244856026878114141e+00 2.119814291050507560e+00
1.137937534604826384e+00 9.692927915955087403e-01
1.290190573655032757e+00 4.757836497128336006e+00
9.471357006449102611e-01 1.086439869231499067e+01
1.055539744200396202e+00 5.359848651507300943e+00
1.282297687502018890e+00 3.379056847240960337e+00
1.105092289767030778e+00 6.411371270273649614e+00
1.597761038775924458e+00 6.611578881259291052e+00
1.229440873857038152e+00 6.053727602648330652e+00
9.213428655598597805e-01 1.150048917024670825e+00
1.127554615002811289e+00 1.658429135319859027e+00
9.442506668685435312e-01 1.875838972452429365e+00
1.081057957049012641e+00 2.012547446463930800e+00
8.916939857326621199e-01 1.178120272735729612e+00
1.084019003699262740e+00 5.292730432202954916e+00
8.811136752066459632e-01 6.923569076836312952e+00
9.851808053657753472e-01 5.332941094471091326e+00
1.367074514565406851e+00 4.436564997363808160e+00
1.149112332341563292e+00 1.373335216842855866e+00
7.810050668871367785e-01 1.219806090653799746e+00
7.409286540558331913e-01 4.562953770336274140e+00
1.214647463342592326e+00 1.269181779640911722e+00
9.259110367150814591e-01 8.106835089190767007e-01
1.175481735602366573e+00 1.668247836102576764e+00
8.404819972924950644e-01 5.033282237896227862e+00
1.169451918762568265e+00 1.074997099366610342e+01
1.100871520265759296e+00 8.063788845658482529e+00
1.281637516917359942e+00 1.293589414133996529e+00
1.293981509109041195e+00 3.111605849705358917e+00
1.091341284521307742e+00 4.652243466253773718e+00
9.738310099999014646e-01 1.623102382362908269e+00
7.499804673932358723e-01 1.428667686670481718e+00
1.313931323438063847e+00 1.620171262662184031e+00
1.267549839282052559e+00 1.434442852295515269e+00
1.468780897288152421e+00 1.068000697377450869e+01
1.069117058765448158e+00 5.315374639202902429e+00
1.054165259439232338e+00 1.162812871927315328e+01
1.108589394795771232e+00 1.347689261017694262e+00
8.767744539014468153e-01 8.097967172910141898e+00
1.079706357070811418e+00 3.078127075855839667e+00
1.387551524759681687e+00 4.724411846954631677e+00
1.053418733709168498e+00 1.783109587183741240e+00
1.010922959819440692e+00 1.017139884460889876e+00
1.119325679092507020e+00 4.458715894793656709e+00
1.229655551065317098e+00 3.998339947824734786e+00
9.350934584729327925e-01 4.825742444147355314e+00
9.997805629855037735e-01 1.133341424242802375e+01
1.231677815099367246e+00 1.340304489466439319e+00
8.534074056358074145e-01 1.254642253560980691e+00
1.137301217733725833e+00 4.857395447450080006e+00
7.442578030001323341e-01 4.286002382268772948e+00
1.093451665473714973e+00 4.321493605731661525e+00
1.162274662517423174e+00 8.391965153069155248e-01
1.181937975042445466e+00 4.825081993744904985e+00
1.048088091385383391e+00 6.174597384536556710e+00
8.530497372003243983e-01 3.891417279550815067e-01
1.204622493110852011e+00 4.754472477985125956e+00
1.018706075453270854e+00 9.430493805625607129e-01
1.288475876625812200e+00 4.340037284947073637e+00
9.398193175916169650e-01 1.316283829076060563e+00
1.018040370570629349e+00 6.604831738338579505e+00
8.278511736996295722e-01 1.385898086512399452e+01
1.196304290037774720e+00 1.086821209101622943e+00
1.351559311621587600e+00 4.529920950348423681e+00
1.166432832423471844e+00 5.801928409026533728e+00
8.998367848297538218e-01 1.442891478480973655e+00
1.009713386683784853e+00 3.473685473012749103e+00
1.088921988805162666e+00 3.784223100125483796e+00
1.075792777266376454e+00 5.940750546024370138e+00
1.146551771326046465e+00 7.733032352558208089e+00
8.605384735709695754e-01 6.616571706183299817e+00
1.083204373483746208e+00 6.488675542433277599e+00
7.686589459951330694e-01 9.650026695768811891e-01
1.295674063019589317e+00 2.670750550527468459e+00
1.478107985466943219e+00 4.918384895956889657e+00
1.081704886674826005e+00 4.781918046826351798e+00
1.046808197878950075e+00 6.040130664053695142e+00
1.332222883660823420e+00 4.562207866316193794e+00
1.208694856311750776e+00 4.813514960764103456e+00
9.308486988006462459e-01 6.731382995588756080e-01
1.304300911921560946e+00 2.066236177318302225e+00
9.185485243663333854e-01 1.432815156682560875e+00
1.244348102435099079e+00 5.267968376711492873e+00
1.283489313547096833e+00 5.616159449372013057e+00
8.037682290701131382e-01 8.357256977051203961e+00
1.102911020266875264e+00 3.833903713897691024e+00
1.191726999374792761e+00 4.858468028228855040e+00
1.152920378404304724e+00 6.377436578695151681e+00
1.395143861459492429e+00 5.606959072742637495e+00
1.149236536531079045e+00 8.741623790434106311e+00
1.013075217180353649e+00 6.632987026579952872e-01
1.500437029720293136e+00 4.395160075007876976e+00
9.299463806110198627e-01 1.033249842365167481e+00
1.155695925130088453e+00 3.928733473598915893e+00
8.501272339923797716e-01 1.371744792489860254e+00
1.141615198246302754e+00 1.261512830438244359e+00
1.048646406264447606e+00 9.204829459048106344e+00
1.360582255439914956e+00 5.442481867458498712e+00
8.837121656549212778e-01 3.978576385658875836e+00
9.979293128639405985e-01 1.199994921667789205e+00
9.993565709105488581e-01 5.058070486391917919e-01
1.093616906989141713e+00 2.984257706914893671e+00
9.784301208097870850e-01 8.726303563211244452e+00
1.130409205642750603e+00 1.622917849957765002e+00
1.053586057762449624e+00 5.997690115453419679e+00
1.034274423506591267e+00 9.310013220804727041e+00
7.687860779705705250e-01 4.757453577639291886e+00
1.274711325532525530e+00 1.759722821069269028e+00
1.257350525292322718e+00 4.392551276725222387e+00
7.432810699592817816e-01 1.093978821307893812e+00
1.175427783849398500e+00 4.432870804968113809e+00
1.408618666502609473e+00 6.788959391225238171e+00
1.490063295569842516e+00 4.578483975289506347e+00
7.734227942670235389e-01 1.152480543933337209e+01
7.864474247631706438e-01 6.914811630947060861e-01
9.046384245391481116e-01 9.069913908888365128e+00
9.588604275532762733e-01 3.150026327520563996e+00
8.158750635758974523e-01 1.133803969801538969e+00
1.217165203378669958e+00 5.138565629225604336e-01
1.154666290457085243e+00 5.245977364206437343e+00
1.192250332380285105e+00 1.361431941006815860e+00
9.266326760880055913e-01 1.447058795901039918e+00
7.323779792034956770e-01 3.518865548068390137e+00
1.087606504563844112e+00 4.536743267733958085e+00
1.124118074481582630e+00 1.302990494223930762e+00
9.875919094183019942e-01 4.633015475897342306e+00
1.094495788865246899e+00 7.168449354659662820e-01
7.406393328311531299e-01 5.381929179075723546e+00
1.108285599589716508e+00 7.200923373668230987e-01
1.305237436151974073e+00 2.815118460554905777e+00
1.088784522954264089e+00 8.950640522460995285e+00
1.141787672338109072e+00 4.532502279823413249e-01
1.322610067683730461e+00 5.159617333822332341e+00
1.069281426684897340e+00 2.411224153201684484e+00
1.083049829379170381e+00 8.121847155577631483e+00
1.209696056893395433e+00 1.053975344120222779e+01
9.284301865097431827e-01 4.472041699432897310e+00
9.556268158243954591e-01 5.540375975168342570e+00
1.063198720844038547e+00 8.528258810659226086e-01
9.112839092803712848e-01 7.381299531801793989e+00
1.032853833814365352e+00 1.208697376223211384e+00
9.123576406333915312e-01 9.626329349979589889e-01
1.135937450490518863e+00 4.844551651295469163e+00
1.127038892831435435e+00 2.458751653527817549e+00
1.055540257591705666e+00 8.794836679258498435e+00
1.263897794578758393e+00 3.326634921046023763e+00
9.103205438659418558e-01 7.719815404119020341e-01
8.255449241784308390e-01 4.169455310384816649e+00
1.414637051447687144e+00 3.445132815049832153e+00
1.051231718444167296e+00 1.242306289447073331e+00
1.088003944946686063e+00 2.489933523325173592e+00
1.018349005628326420e+00 7.788074987120615411e+00
1.208103555096587511e+00 1.740367773780701732e+00
