1.164448579991957944e+00 1.352881872152521758e+00
1.103548667401794692e+00 4.915832632331629704e+00
1.122932234924261419e+00 3.780347157201919828e+00
7.579770933862522986e-01 4.367806011097479235e+00
1.497480890320580516e+00 4.694738865648810489e+00
1.385730791649724347e+00 5.785971568466639958e+00
1.091229739251772690e+00 3.756642754885458624e-01
1.209995333310704746e+00 4.409234180161138994e+00
7.697702619815386393e-01 1.455839125218401642e-01
1.341999929241562750e+00 8.505007488606378674e-01
1.319310913449305511e+00 3.657532445279368272e+00
1.197059779904046550e+00 7.370664884100417424e-01
1.141471635827742359e+00 4.351989799785068058e+00
1.274281105076214171e+00 2.804464839561413569e+00
1.475378062324690376e+00 4.292052008523702611e+00
1.237925503030245178e+00 1.765435351295577826e+00
1.229262134181714483e+00 3.688908706795098524e+00
1.118414567714190122e+00 1.014369386512245441e+01
1.563227819301763244e+00 8.942828118145222049e+00
1.162661566597511298e+00 2.407439023367483166e+00
8.179326158693570603e-01 3.855433467139355752e+00
1.175019755693584633e+00 1.267077402243440964e+01
1.127244530251237942e+00 4.456070853609580773e+00
1.051517573172525699e+00 1.051531144064399292e+00
1.468382733694153730e+00 8.129539316787823822e+00
1.250410049605959806e+00 4.485058297296146357e+00
1.280936876876258346e+00 7.310586380691303177e+00
9.947028043513820306e-01 1.603277040259828201e+00
1.056647977714207709e+00 4.649489209591473937e+00
7.046248310068099485e-01 1.933849356679485931e-01
1.180557028494327199e+00 3.944843965649978745e+00
1.414450257719054083e+00 1.279518948799746259e+00
1.285743734627924129e+00 4.763189128067018885e+00
1.262115143765700775e+00 2.236353195343774747e+00
1.041722332063427459e+00 3.292791006213434124e-01
1.465895645467342412e+00 4.542582132328733202e+00
7.761135680353651312e-01 1.288006462405760999e+00
1.028496663995557059e+00 1.689774898142160919e-01
1.237760496249552089e+00 4.898634090405560748e+00
1.186403834023624926e+00 1.555445998069814761e+00
1.472499531179312093e+00 4.521712337371679880e+00
1.408874163789172407e+00 4.024835776524410491e+00
1.158876282589293316e+00 2.091188860174902686e+00
1.657185177918518049e+00 8.834771739149047676e-01
1.124151332717173934e+00 6.601513274186046054e-01
1.110099590950785142e+00 9.645795537534631592e+00
1.173008139462234034e+00 7.789454359245397974e+00
1.349720649243883130e+00 5.749901852368703103e+00
1.689523004045481835e+00 8.250545457904782110e-01
1.437119136758348903e+00 8.633850074875811131e+00
1.393527491064000534e+00 8.689536888843115037e+00
1.280430246241966108e+00 3.566723356209032136e+00
1.563435446336236545e+00 6.785527552985969102e+00
1.420157561892618325e+00 3.914690044492781684e+00
1.507765864015355506e+00 4.664137644346377343e+00
1.239824278445851524e+00 3.132551436693246760e+00
1.190096259693102176e+00 4.680398100882694479e+00
1.210989541040529360e+00 4.659680243780645270e+00
1.528424970759062917e+00 1.022597170478747053e+01
1.298698986153437263e+00 4.970220847732964131e+00
7.558171253871359685e-01 6.713102081151118838e-01
1.156483162265295572e+00 2.083042560046263869e+00
1.088993432447139531e+00 5.349654889760282472e+00
1.415125879439267598e+00 5.192229401889725260e-01
1.248412724072559099e+00 5.038976441631694669e+00
1.341353522409176824e+00 3.818312033331300093e+00
1.389313539946242848e+00 8.723255842594737075e+00
1.283257911202240198e+00 3.654419509777707020e+00
1.116449565864062077e+00 5.361663187238796979e+00
1.405384119290734590e+00 7.980498742054654926e+00
1.024844938761330093e+00 7.554849657915767569e-01
6.911269369541105378e-01 4.288041469343365497e-01
1.574992777956324641e+00 5.280584689604988391e+00
1.183298983898279699e+00 3.324633600491023744e-01
1.333765814572138941e+00 4.421419144869759954e+00
1.275752718704467714e+00 4.511599611392727915e+00
1.104797431587430934e+00 1.767701214735901694e+00
1.321180337051621745e+00 5.682526912070496650e+00
1.166747369068402262e+00 7.046127929336908124e+00
1.296042775260946911e+00 4.997058096769371183e+00
1.133591920018794719e+00 1.004672899347381332e+01
1.306400511634530526e+00 1.351397259010312935e+00
1.312731348430273393e+00 4.483038922915168811e+00
8.601778606215841894e-01 3.763549754427352845e+00
1.596416947757586913e+00 1.396857129639904826e+00
1.216218252966540847e+00 9.743961077665737491e+00
1.221064470907720745e+00 1.253623087423831661e+00
1.223673315748644130e+00 4.629432646292729325e-01
1.130500276583422226e+00 3.620014820209279893e+00
1.353688036112401960e+00 1.874843811612384670e+00
1.289018158205810671e+00 3.574838293029280134e+00
1.621504679466660326e+00 5.347411358044102947e+00
1.102157128593882041e+00 8.015338854168550853e+00
1.061716141007106762e+00 5.659028974225855935e-01
1.250602858360910341e+00 4.264560745344109449e+00
8.563482188429409891e-01 1.249471108173372258e+00
1.475860193297792389e+00 4.026471656645415287e+00
1.365161060166334428e+00 2.489151055872578677e+00
1.211416682890275931e+00 4.526489478536325883e+00
9.885824065198048904e-01 1.314206403090582231e+00
1.150592684148809663e+00 4.291617232862411591e+00
1.331329405339938932e+00 4.712722782638551600e+00
1.467565364448727649e+00 7.862625586088904939e+00
1.930685486244819726e+00 8.732403482303172648e-01
1.085809747067169262e+00 3.689183594727484916e+00
1.352741629879508078e+00 4.885651198690685426e+00
1.216605163376335286e+00 4.028213038724629769e+00
1.450231329667314828e+00 5.509058783024859629e+00
9.421410451554889098e-01 9.198954535748824490e-01
1.448551223309806568e+00 1.129648920410768120e+01
9.527738133851312297e-01 1.087596664062348450e+00
1.007264303759218160e+00 5.049709455677741765e+00
1.362892550604057007e+00 4.427453809382337013e+00
1.521220049733210233e+00 3.500079690419145351e+00
1.340351618941323153e+00 4.811057889525957698e+00
1.442617870768129418e+00 1.290979041092630730e+00
1.181330814965487086e+00 9.138570161791834678e-01
7.052604973147741374e-01 6.342460736131971810e-01
1.277618818209925067e+00 2.217129552271825954e+00
1.379480567845430050e+00 1.559587977616227583e+00
1.322557552267989101e+00 4.765314309185244568e+00
1.485117884380473763e+00 1.110603877707500686e+01
1.010613402197000132e+00 8.786152272382367068e-01
1.114190685653049018e+00 4.183052644808625153e+00
1.184453536774623172e+00 2.293326073705875157e+00
1.023387439799162468e+00 9.081641379988241169e-01
1.209034236630269543e+00 7.606251714605929415e-01
1.336232174241949178e+00 5.702254022720643967e+00
9.932917090961369544e-01 1.549172453037549912e+00
1.523414735038591372e+00 9.043175315308319639e+00
1.216912458649379802e+00 5.567566328293084510e+00
1.330339078709673828e+00 1.363313241526966424e+00
1.398775861091373640e+00 9.701969016846515359e+00
1.392374543593550618e+00 1.105789778143572022e+01
1.133252999205921707e+00 2.413572274699267606e+00
1.180944231795742816e+00 2.745507948403548504e+00
1.046392640356454073e+00 4.869945785896280022e+00
1.426625760348179561e+00 8.664461569577017741e+00
1.125207705863586982e+00 4.694354691933216195e+00
8.011142346128126146e-01 3.128926864259679030e-01
8.566815325211419863e-01 5.245013909807203500e-01
1.207459137985201991e+00 8.205121848707036536e-01
1.400761331738161308e+00 4.437047580664143176e+00
1.528363681114832895e+00 3.602852814649397217e+00
1.001497868593631990e+00 4.846476344515919799e+00
1.048809007986259756e+00 1.313870765905068572e+00
1.345051800341488635e+00 1.937005275147615224e+00
9.992077869567119741e-01 5.120599694995777718e-01
1.203200861390463450e+00 1.500654224432912631e+00
1.192204686337780650e+00 8.467523441695868902e-01
1.361106388062449435e+00 4.093386878408590057e+00
1.284183674194462998e+00 3.011878811971092418e+00
1.427217583641655407e+00 4.705277840162762182e+00
1.011841417354580441e+00 4.111498436646368937e+00
1.259138526258777979e+00 9.127162257966912051e-01
1.268294419155385766e+00 7.592222598909299514e-01
1.320536070825765407e+00 1.891988832953162225e+00
1.422516188807707582e+00 4.288784766620122646e+00
1.156357429200693065e+00 2.316942167311063727e+00
1.099491348620737829e+00 4.641363415189657893e+00
1.363114436202682578e+00 9.518528568011489499e-01
1.601393591027554075e+00 4.373391596053290975e+00
1.114161317466525691e+00 4.684490131989159423e+00
1.413483358259200129e+00 1.065701198912825776e+00
1.555659603639343747e+00 1.068448265173162959e+01
1.331184536929973516e+00 2.619485673220289801e+00
1.209267586154339824e+00 5.021803792811103229e+00
1.530881128850110517e+00 3.152228896566120930e+00
2.369890799660597569e+00 2.002980153797372154e+00
1.263047351558884923e+00 1.145926431430954295e+00
1.192528842139612744e+00 3.222137826620520951e+00
1.199763452493002980e+00 4.491708861523448171e+00
1.141685462087649761e+00 1.797660607356553530e+00
1.412880729235510335e+00 4.030947724322518688e+00
1.368355078354401622e+00 3.826761270121791458e+00
1.243876672428833041e+00 3.784677408119308417e+00
1.025210353893233783e+00 8.339106739211623598e-01
9.807330371625058163e-01 7.371672914024979262e-01
1.311585501513726770e+00 1.476274899002882002e+00
1.186111607748028263e+00 4.832724549752327903e+00
7.861787033668984348e-01 6.696879204521923867e-01
1.403164684457211431e+00 1.527068041745620608e+00
1.396872715401677567e+00 4.783318372048409373e+00
1.535551201743723615e+00 7.845619190800150911e+00
1.284664362301292106e+00 4.330819702821745665e+00
1.338490276521448585e+00 1.016953599089701177e+00
1.105055026129063700e+00 4.807498518045402847e+00
8.014576498621027723e-01 4.785469255747955231e+00
1.500748029033599718e+00 5.798951887924267190e+00
8.900831734678874563e-01 3.219900490428048379e+00
1.037338350542099219e+00 1.137551929475861590e+00
1.255741602058353612e+00 4.559960715438041490e+00
1.020572580613434033e+00 1.403575834809387857e+00
1.320438956699283128e+00 1.051415846717185687e+01
1.019006907157489206e+00 2.951510024415773703e+00
1.235668338462159177e+00 9.595422855527315775e+00
9.720688622558905090e-01 2.060060373926825950e+00
1.305410443612451843e+00 4.813121268252233520e+00
1.261951089112442803e+00 3.901304325805261541e+00
1.414343809331759516e+00 7.847448475437115434e+00
1.160867886230829260e+00 1.020516177626408449e+00
1.320457737585609470e+00 8.688119826783402999e+00
1.213501122388111808e+00 4.703405887368690586e+00
1.188205788892709558e+00 3.909654187759692423e+00
7.195377324542233666e-01 5.215400753345060814e-01
1.349838230339780010e+00 4.365503164931855196e+00
1.318694833714134651e+00 8.042972952194689995e+00
1.742932586206174639e+00 8.238764845203223608e-01
1.295185828331134603e+00 4.529093476642828797e+00
7.278354387306862350e-01 4.762994259989314472e+00
7.269972284127848017e-01 5.722150007787046855e-01
9.778694128913868466e-01 5.125778032222533476e+00
1.560145702061335404e+00 7.111880776711953622e+00
9.832378989419731097e-01 6.795678172619612489e-01
1.174843250196869304e+00 1.363127310421292204e+00
1.490527170004786406e+00 3.579353593330039995e+00
1.376826919089040535e+00 3.618300808433839943e+00
1.033100049034623824e+00 6.476109576444283311e-01
1.405367079461500079e+00 5.627209372121002140e+00
1.197747634427482222e+00 1.697997916390400430e+00
1.065546885298991775e+00 5.997466328583775930e-01
1.446494500337487388e+00 6.776657390068120179e+00
1.025669130862933320e+00 4.218883795553345806e+00
1.262645461366929789e+00 4.769277551923675418e+00
1.235198344947122440e+00 1.565535334198719042e+00
6.111732000065817072e-01 3.527465669633901291e-01
1.257210275359124996e+00 2.712780205605720418e+00
1.265390014768924543e+00 1.969897254704642942e+00
8.680312689166463924e-01 1.943817650565451194e+00
9.009966276000296315e-01 1.376575464954154615e+00
1.393429964942459964e+00 9.136982135142462935e-01
1.187224476723037769e+00 1.658059443540612632e+00
1.353457599516910248e+00 8.727381282381129202e-01
1.325172247719702989e+00 7.383823961318690676e-01
1.569049583029048955e+00 6.015120186564749005e+00
9.088361009394160250e-01 7.966774300036680856e-01
1.371585242387547199e+00 6.918393809340425138e-01
1.104299044356326753e+00 1.689962910845216770e+00
1.468806986731822528e+00 9.145763854335257292e+00
1.008176123701066906e+00 7.265262982651742085e+00
1.041646890692373040e+00 1.047591482573281052e+00
1.466043245644691240e+00 4.898278002111673857e+00
1.536422656601154735e+00 4.338894902519229824e+00
1.410254739375268240e+00 4.515895471716420140e+00
1.697904794327719902e+00 4.150607755793809694e+00
1.161783337859901843e+00 4.857284308823506258e+00
1.172383890201473156e+00 4.499713619726713354e+00
8.494021552329114044e-01 4.562816946600160017e-01
8.038755272567477128e-01 3.593243029396796295e+00
1.478566451198161324e+00 5.982944631593607454e+00
1.261965261613041234e+00 4.812112116696035891e+00
1.338992474979291414e+00 7.754194905798658333e+00
1.754573187185038963e+00 1.208210313619931808e+00
1.313158210614906229e+00 1.216534202888774452e+00
1.308775995728691077e+00 3.643188991864885651e+00
1.805180343230676110e+00 9.537683609178100319e-01
1.448553904307430029e+00 7.330912773605039234e+00
1.137390013869465255e+00 3.990454585434647150e+00
1.194543754927511303e+00 1.217861583501950395e+00
1.584687030599681634e+00 6.796718387005041606e+00
1.964831516271993150e+00 3.347345229458993376e+00
1.205485928369060433e+00 1.601517016411659444e+00
1.576164269235368565e+00 4.281931625332838109e+00
1.450450472168850702e+00 5.599510833186131187e+00
1.368068773186394305e+00 7.586040763617679872e+00
1.458719358558215662e+00 4.897849560835934923e+00
1.297267130279013525e+00 5.074558600910161310e+00
9.762006372980399638e-01 1.182112108542425988e+00
1.138598859264887464e+00 6.245268711467350187e+00
1.321927767709529800e+00 8.606593407716355282e-01
1.173346334216056164e+00 2.309542278766965939e+00
7.990472814920214217e-01 1.520847415142796699e-01
1.147716360390995893e+00 9.943912734037321233e-01
1.516698413847475502e+00 7.390760476744470120e-01
1.420924608694033697e+00 4.573746721295516515e+00
1.210125127863779237e+00 1.082871377529485590e+00
1.232079357959137811e+00 2.726003602950998861e+00
1.203126122347471183e+00 3.270754991907363518e+00
1.526327429781088263e+00 7.768241931831021851e+00
1.245409637541869730e+00 4.737173787219666643e+00
1.203181240181752987e+00 1.224536026911303033e+00
1.004664801935712060e+00 8.589588545139907882e-01
1.367773147820405821e+00 2.511665705155043504e+00
1.393703397529270305e+00 4.589099844453524035e+00
1.416019557566031262e+00 6.712887242202153493e-01
1.203370288864832993e+00 8.949715724211084744e-01
1.311125150848175602e+00 1.220984624171536526e+00
7.632121391486809125e-01 7.238276660882618785e-01
1.153397408718706885e+00 4.586633334435122222e+00
1.208345800610312271e+00 3.523244428590298405e+00
1.284537669286125228e+00 5.462394025880003667e+00
7.513444785736825837e-01 9.746337549342694473e+00
1.638426757788615351e+00 1.112445803330829985e+00
1.178575065205533789e+00 4.476563870761772534e+00
1.515323981077068671e+00 8.995528460458277920e+00
8.191713884136739843e-01 1.627732073739450058e+00
1.331612723192229453e+00 4.861220692229999862e+00
1.273505032668449388e+00 4.972614434298285424e+00
1.454029508498059675e+00 4.495165879397551301e+00
1.055159991376531048e+00 7.607474342239044507e-01
1.420906054742261615e+00 8.692881503088690787e-01
1.125640376827036659e+00 4.204444953010426644e+00
1.178794704820927075e+00 4.470638436770636659e+00
9.251447451782358611e-01 1.731808009183903652e+00
1.255054711748387675e+00 4.703486095575744486e+00
9.720354942937305953e-01 3.199103954207418443e+00
1.534664790921405064e+00 1.169106287185018633e+00
1.161619708875319290e+00 3.728944519908715449e+00
1.388563150446219252e+00 4.642004555729218218e+00
1.213665066972276163e+00 1.588263305826104421e+00
1.200592385511347615e+00 8.825269166038658852e+00
9.657066663470916801e-01 5.013631593917249329e-01
1.593853562808831503e+00 1.271799930861246652e+00
1.011472687609287435e+00 7.814235528718074253e-01
1.372077911431114128e+00 4.144702642120503100e+00
1.309074011273146709e+00 4.563777390936485823e+00
1.426195658055228854e+00 4.666018797246513472e+00
1.286253401601756385e+00 1.369749869817908472e+00
1.257767874842858680e+00 5.050428525814425917e+00
1.345265283850669791e+00 5.074198188954260225e+00
1.032596762666955659e+00 4.858389445704145437e+00
1.384033338831259563e+00 2.184375039885350755e+00
1.319572278766223627e+00 4.521191264211492644e+00
9.064050533196812420e-01 2.369512749712317512e-01
1.233771617735242465e+00 1.001442149561926787e+00
1.204901984993814068e+00 4.628047642775343640e+00
1.084984206545276608e+00 2.928271945159903744e+00
1.394420557210631184e+00 1.411770124778325641e+00
1.228378208581956565e+00 4.299302212820957259e+00
1.208028381895777104e+00 8.826559633240268488e-01
1.326086226671933765e+00 6.649843052330330018e+00
1.183657519388905177e+00 7.414647221463146032e+00
7.480242306956340625e-01 9.770287868645144869e+00
1.423709880065745947e+00 4.352393178789694339e+00
1.424921891221400561e+00 7.154823248814598635e+00
1.216151831469163058e+00 4.377264121920405593e+00
8.792070660169513108e-01 1.110406973551881782e+00
1.080253700700731567e+00 1.044483120515588404e+01
1.111956990683897084e+00 2.838375787842589704e-01
1.590674924833548554e+00 8.466638196096720748e+00
1.391987195366304109e+00 3.565202734434898435e+00
1.360383467680248648e+00 1.361257068608097587e+00
1.112553251572989010e+00 6.192776494991954372e+00
1.437760990232669789e+00 3.147313393750512223e+00
1.233057276315449258e+00 4.014501585309736775e+00
1.391269335391174922e+00 5.618879420106364542e+00
1.289892358399465033e+00 4.741701237198780561e+00
1.351827448023998235e+00 4.648162752652364560e+00
1.005116321177551120e+00 1.187758338761735422e+00
1.342497351978843012e+00 2.053306928021802147e+00
1.188831397376857391e+00 4.319197150886881609e+00
1.079673460036246091e+00 7.476594652247930961e-01
1.395133113987285789e+00 4.344433221805446443e+00
9.735080687226034257e-01 6.003360795533807526e-01
1.445825025332840186e+00 1.975462936256934476e+00
1.040525943755084004e+00 1.905973680751173349e+00
1.226803419123876582e+00 3.895120201478078581e+00
9.903523636418168907e-01 1.428356699423459553e+00
1.108027366866139563e+00 9.504609483318523511e-01
7.631609916618995459e-01 3.002217675380112194e+00
1.350948442360979662e+00 3.695964256249864910e+00
9.914018075090206272e-01 4.935280870902669648e-01
1.351114737375316954e+00 3.271548092739849700e+00
1.270198467117376939e+00 1.778142064596613281e+00
1.300868935132722504e+00 4.787293375445293542e+00
1.201412703647566582e+00 8.735676393404130380e+00
1.022187907486199698e+00 9.110739303191655036e-01
1.015536773130528259e+00 4.671861523639932123e+00
1.298359438164020885e+00 4.026684310756078133e+00
7.444566922618003346e-01 4.420047105250650699e-01
1.074048732073854318e+00 4.811744001522205716e-01
1.448483279989802419e+00 4.943308981021522719e+00
1.631073570376848192e+00 1.121181598601212492e+01
1.030152118112741322e+00 3.054356579414508333e-01
1.289660632715274868e+00 4.634820590270549268e+00
8.797360212673855928e-01 1.604258169426810987e+00
1.153669625043397096e+00 1.238273131184367770e+00
1.352438638507762692e+00 5.403621274517740325e+00
1.340227360056246653e+00 1.158236307562046763e+00
1.094595700260604820e+00 4.324459609302758523e+00
9.776322286753751367e-01 1.789819903445983296e-01
1.467012402288702777e+00 7.801212464009003256e+00
1.900787020348971623e+00 4.256850266726669219e+00
9.412154670611455609e-01 1.276790087818478359e+00
1.449435242329881302e+00 3.866192588109538697e+00
1.208137145385827393e+00 1.377592647615468291e+00
8.841163997883251247e-01 4.597304115760143084e+00
1.247770704526541818e+00 7.676872389369259198e-01
1.451623352080622986e+00 7.221652176348592356e+00
1.012803611301116291e+00 9.570952588944539041e-01
1.478367636129270579e+00 4.585240729111112579e+00
1.203494915929107512e+00 2.637790506733793006e+00
1.518984076964557506e+00 6.518761478786555763e+00
1.141916271451932641e+00 3.777052232721463287e+00
1.105403173205707024e+00 4.990177469121013232e-01
1.322680406145854803e+00 2.928090284040724356e+00
9.678566603499799692e-01 8.284986397267897207e-01
1.160750886445626628e+00 4.886918057484307631e+00
1.226431570338909038e+00 3.724987923048891147e+00
8.247201224426763400e-01 4.238929979469295617e+00
1.266627294092240286e+00 8.551267049308827195e-01
1.359953638610526871e+00 3.673445946700045095e+00
1.345553671661146034e+00 1.040602495938453664e+01
1.164388576669847408e+00 4.739413624527468727e+00
1.519011230997137751e+00 6.403613189106206249e+00
1.171435976576839622e+00 9.514578938436236699e-01
1.151184803890214825e+00 7.143244581570369345e-01
1.020894616402679533e+00 1.529411878591380614e+00
1.437196514842161044e+00 5.348917711944320530e+00
8.707143766224657577e-01 3.272846714147957803e-01
1.563635232687704990e+00 8.317389161091156780e+00
1.201710649686958954e+00 4.580669264878686420e+00
1.506525900542637464e+00 4.756547233511059680e+00
7.463067413713595499e-01 5.740924264222160289e-01
1.101580530492965782e+00 1.193485740267287820e+00
1.501192677160955169e+00 9.898524916430318399e+00
1.434604809975735362e+00 3.899116539174133589e+00
1.593962443988718558e+00 8.830432030851344649e+00
1.374184382813150807e+00 4.581102186993348369e+00
1.305501007513896417e+00 3.165642026630826944e+00
1.463778512127668074e+00 6.659606607583823390e+00
1.200589048326768271e+00 2.994541366457899034e+00
1.140459308570547892e+00 1.408617576997763798e+00
1.284545189657849695e+00 9.408525750772741558e-01
1.244532712467003366e+00 6.347901309880075171e-01
1.360206031298994533e+00 2.462163649786621278e+00
1.484204835420590118e+00 2.682917293434592398e+00
1.431421774826639570e+00 4.824261524727583850e-01
1.324250283722093524e+00 4.046600323841175850e+00
1.312910461937212503e+00 4.782551413069219270e-01
1.435060495941330450e+00 7.494284158872222434e+00
1.048283076950067949e+00 3.729689204264141189e+00
9.539788192182176996e-01 6.021744439721099518e-01
1.439247611927668258e+00 1.550796583826212105e+00
1.336111015453365747e+00 3.461568610905914056e+00
1.263200344258381014e+00 1.769254009669738004e+00
1.132068369547705844e+00 1.119594358925724009e+00
7.869290212913168103e-01 1.197732117747186642e+01
7.688788472666218121e-01 4.145137736303325049e+00
1.329589012524060143e+00 2.705406693486254177e+00
7.951866700895180440e-01 1.956546560971527959e-01
1.238662122611508654e+00 9.091234573891870951e-01
1.140967485708379581e+00 5.555546219191333179e+00
1.449143479622686748e+00 4.315858331648298574e+00
1.338771874290427544e+00 2.615593371174287807e+00
1.358609828477060466e+00 3.941617067378633266e+00
1.317457992570112646e+00 5.242604291876165945e+00
1.253848105913244693e+00 1.037687772221518578e+01
1.518617661518843587e+00 4.234914166140235636e+00
1.352893258804826582e+00 4.568499497659862740e+00
1.034491052647616982e+00 2.657166798551104381e-01
1.090702742138112136e+00 1.135564535332704850e+00
1.394421295315344755e+00 4.801730917838150425e+00
1.177053703517917382e+00 6.916791794305202634e-01
1.257844126471263646e+00 1.406202496346706576e+00
1.322057446894234545e+00 1.043277905730679356e+00
1.236448844013104065e+00 4.513165861068032747e+00
1.435573294591920623e+00 4.568623268408869009e+00
8.158874885823879097e-01 5.262636098722863309e+00
1.161315349845037481e+00 4.909140396102965376e+00
1.086145351059421005e+00 6.498857732223545236e-01
1.402265741319026482e+00 4.601174966718454939e+00
1.388351048433087209e+00 3.888745824339070456e+00
1.170284802234002886e+00 4.632895665401400187e+00
1.258385707488430150e+00 1.979023073689818002e+00
1.244749773511798718e+00 5.184175833731540450e+00
1.255930700954713153e+00 3.929966819712337411e+00
1.252706444055875945e+00 4.819050927404420648e+00
1.355630237686914263e+00 4.944703987777781862e+00
1.295073691245787861e+00 1.351160156525252010e+00
9.233377912829769940e-01 4.659414167543510787e-01
1.292303401705237720e+00 9.282787867453882180e-01
1.329036714877676273e+00 2.204212742506503453e+00
1.305028476047927821e+00 4.305894634066881999e+00
1.159722675314365237e+00 1.668517108302459917e+00
1.097028196687904966e+00 3.779603445425287145e+00
1.148640215257267894e+00 1.068136442476771997e+01
1.195642704214542995e+00 9.922606522176230515e-01
1.110102644159278062e+00 6.407468952533379891e+00
1.325105915118055977e+00 1.210834624482596711e+00
1.310311120018735842e+00 3.396363524399127698e+00
1.314831502087834059e+00 9.821245627244822529e+00
1.162472013260037906e+00 4.605399543530841022e+00
1.187508890288683006e+00 5.808173872689252892e-01
1.025735504359969408e+00 5.166480236429078943e+00
1.460706812029772594e+00 3.922356938064364140e+00
1.551233700747709943e+00 4.136462888322351539e+00
9.446089493911493662e-01 4.907964265640835322e+00
8.214460311368576573e-01 3.311653098842265219e+00
9.673972186236613480e-01 6.738606042255526063e-01
1.218755321132268366e+00 4.644208714872316790e+00
1.161483387778770471e+00 3.904089175390987876e+00
1.556314402665802232e+00 4.991392907923592581e+00
1.227770135194966361e+00 4.958580044892602068e+00
1.218924751897741521e+00 4.853766927355524174e+00
1.276610806298077883e+00 1.998325494665870172e+00
1.318224028022547456e+00 9.935199350694487563e+00
1.079941756805414821e+00 3.663445461137661230e+00
9.526420317080261935e-01 7.811358370659642336e-01
1.445499632827192960e+00 1.707077724458041956e+00
1.505095776207348246e+00 4.782536332205822305e+00
1.377704070519076174e+00 6.305878688281773670e+00
1.177213932940637253e+00 1.160879207629697873e+00
9.754504422970594613e-01 6.156677283099787346e-01
1.289897777759583697e+00 3.741263848013213433e+00
1.244121936315185861e+00 8.871137525644403610e-01
1.193242433262944102e+00 1.397970643053293882e+00
1.122796867566196344e+00 1.823168309763213868e+00
6.714417257168399100e-01 3.807677137755702268e-01
1.206031781645320544e+00 1.424883561180151803e+00
8.287174813547039109e-01 1.944725267708586613e-01
1.107970051657022115e+00 4.647322701761224195e+00
1.047146392032725970e+00 4.587863934853638526e+00
1.263012052739943103e+00 1.774027342279228092e+00
7.475923793287412300e-01 2.458621923917226615e-01
1.572941369105036014e+00 8.392790087028588530e+00
1.094486306064454961e+00 1.982851545633400381e+00
1.159472850162736046e+00 4.461201204627517569e+00
1.429911548527580623e+00 2.668333152223564930e+00
1.183647222681605493e+00 9.283139524239922835e-01
1.009650543358863839e+00 1.235057323610797342e+00
1.101818442158788658e+00 4.819887863649385373e+00
1.279181639778523172e+00 9.634428102662944582e+00
1.072523652975492015e+00 7.442895747992649413e-01
1.235426055368813891e+00 8.932177464383601162e+00
1.365084424492088777e+00 4.445543000613345619e+00
1.423145078488011084e+00 4.772006643238883683e+00
9.977444662037567857e-01 1.323810824417726018e+00
1.253729724741304841e+00 1.465404090599618625e+00
1.408573614431494647e+00 4.318739488805292126e+00
1.337006082254920791e+00 4.510815971727328844e+00
1.417796425489797008e+00 4.364806764922064097e+00
1.102696714252251908e+00 4.713169302619646395e+00
1.405600138933574828e+00 4.304897294248498874e+00
1.440418686611118160e+00 7.452795253680684517e+00
1.262177974190995311e+00 4.941295631797725463e+00
1.124912576644653717e+00 4.193468692717882362e+00
1.578882152838731567e+00 7.237281765411026413e+00
1.073092925406278875e+00 1.892435462481213859e+00
1.335802844406865475e+00 4.931803851576074926e+00
8.568678501219946231e-01 6.911625131677192613e-01
1.221819840429404502e+00 1.907090971631045351e+00
1.211156558505797953e+00 4.704508391966324865e+00
1.270023609308293500e+00 4.705399580781583602e+00
1.022547578532713386e+00 6.624284750053391901e-01
1.191782578861008801e+00 1.637485471899869038e+00
1.268452785994778731e+00 3.453979736301714620e+00
1.576110933403908065e+00 4.091417419177703962e+00
1.480206666221637768e+00 8.053731037699404238e-01
1.329592106188934864e+00 8.967727176142229473e-01
2.149127478482502518e+00 2.945387827189434482e+00
1.158591980763632678e+00 4.941224052912123632e+00
1.201457196786285708e+00 1.327171354420151772e+00
1.030547118355914060e+00 1.981078253915409482e+00
9.332696740183641371e-01 4.384026750800080197e-01
1.220762254119702295e+00 4.226212564862432686e+00
9.171936149374310121e-01 9.580764560785715034e-01
1.081330377830181044e+00 3.451734302057396953e+00
1.427395001760619841e+00 5.741147688998461618e+00
1.229230907443839671e+00 2.576545683811782173e+00
1.180064839763229623e+00 4.353151402024544758e+00
1.212755632400845274e+00 3.603698006358651895e+00
1.059292093245194133e+00 8.392127309471001384e-01
8.393276697919499485e-01 4.910420030561742699e+00
1.198541236278647393e+00 1.607690001732181129e+00
1.172985092556245723e+00 1.057485839491852042e+00
1.421434289026732634e+00 3.100734847999830901e+00
1.314736742280917525e+00 5.178171678797831134e+00
1.223939744122432005e+00 8.145206994422755642e+00
1.345296521366759146e+00 3.085972143489290609e+00
1.035761640033462605e+00 3.269404399862499311e+00
1.377860450421759309e+00 4.813138159766358726e+00
1.335637895307026035e+00 7.379046398480593183e+00
1.440129143861589300e+00 3.751913192279540343e+00
1.235300566004885914e+00 4.485845803916568286e+00
9.575643550895065470e-01 2.113845904835517930e-01
1.536600988741271712e+00 4.765838831588371960e+00
1.470633701513752722e+00 2.992544382520459845e+00
1.547470326033267618e+00 7.598102957679821579e+00
1.331464959264845982e+00 3.354207555945698971e+00
1.266136619556481380e+00 1.309738342628631314e+00
1.038148154506572274e+00 5.216449052235986095e+00
9.501907403706839617e-01 8.657863159887254634e-01
1.189025339931256697e+00 2.062538652502931225e+00
1.068898134627227048e+00 1.342370631193658737e+00
1.266637489582864040e+00 4.217425316826215465e+00
1.120179491769856428e+00 3.706262142937756021e+00
1.413232795825431598e+00 4.547555286215253290e+00
1.354920315649275286e+00 1.625237450057906319e+00
9.534556055491555382e-01 1.317842388337280735e+00
1.016633989474309274e+00 3.248521459032609027e+00
1.475091548347306603e+00 5.357665740212086192e+00
1.271832716151010567e+00 4.555976787976403486e+00
1.207966548098590165e+00 2.164097697982211077e+00
1.334000490556346730e+00 5.157761671927919345e+00
1.228280514810945245e+00 2.207300837152764483e+00
1.273318972345376610e+00 3.954374800069829554e+00
1.019517087403631450e+00 4.732883230675680730e-01
2.331834496712157812e+00 1.541666629289331736e+00
1.096083054284926472e+00 6.313641378553570327e+00
1.020312283995165048e+00 2.377591686916984415e+00
1.042310073837389606e+00 4.503822699971445687e+00
1.398897711869843352e+00 5.048243323869480825e+00
1.077074450888314328e+00 6.350410915726723005e-01
1.143230982272753105e+00 1.435808367229563176e+00
1.113913698482604575e+00 5.885494184220840808e+00
9.909749695998535390e-01 5.077519111307362110e+00
9.538620844707914603e-01 3.771690213617902465e+00
1.337635808741486576e+00 4.817614092945620818e+00
1.213165299651552287e+00 4.418637916751526618e+00
1.064078802071575458e+00 1.409627889393283207e+00
1.093664953462330613e+00 4.914759335794345874e-01
7.347108448298915739e-01 5.596474462365360614e-01
1.061028836447602153e+00 7.014960321838526802e+00
1.334671903011530159e+00 1.406520328944350640e+00
1.086316822786654424e+00 2.103846357967523062e+00
1.261450239881521052e+00 2.233670135662819245e+00
1.390694967312699371e+00 4.787000789599018091e+00
1.468856729079483392e+00 4.449536123477570548e+00
1.010307187990904243e+00 2.304797924468348747e+00
1.301712864775198986e+00 1.323517723323693884e+00
1.441683968798776361e+00 4.329129227413992531e+00
1.482218253528102325e+00 1.229862133875773589e+00
1.351293014562359174e+00 4.570882465125563066e+00
1.159296608250350191e+00 2.756060195913955901e+00
1.134552589489535634e+00 6.632817001212062413e-01
1.196813941507013812e+00 4.334827323233428231e+00
1.382327016937227482e+00 2.079226549899375165e+00
1.012016580333235938e+00 1.111798709146543995e+00
1.139828473520372754e+00 6.470525219249988469e-01
1.196235482588752674e+00 2.002969358830657853e+00
9.283039759826954285e-01 7.653131027239002959e-01
1.340486105583104548e+00 4.683575549414658035e+00
1.332452566543975481e+00 9.613109737137467192e+00
1.225396658389522386e+00 1.702284717577467354e+00
1.119823307986439476e+00 3.284366007389106557e+00
1.313950573822334045e+00 3.890590534009780388e+00
1.087949506558216761e+00 1.023040043751458406e+00
7.870063751742645275e-01 5.345518195705105668e+00
1.229673585569918792e+00 4.871239896389920609e+00
6.484633227281557666e-01 1.163678930993229665e-01
1.434691405033346800e+00 7.592198679254850369e+00
1.163820044648147700e+00 4.634663023533525106e+00
1.185090689621687288e+00 4.454518793758480477e+00
1.048864366517527458e+00 4.660324268566029993e+00
1.244262396833952788e+00 4.832860637997451470e+00
1.121594374213591871e+00 7.756498621566743079e-01
1.227232982438612785e+00 5.299446254508603182e+00
1.233589983775812859e+00 1.217826714814817413e+00
1.203490211861824477e+00 3.295574108608124497e+00
1.077130063575637342e+00 8.814372457479976442e-01
1.438019339698106247e+00 3.738170054531666064e+00
1.225980304392735976e+00 6.311081195978960778e+00
1.161571536978061259e+00 5.097007573586240348e+00
1.360579745923522488e+00 3.194948612920367470e+00
1.508050017718308045e+00 6.190551831278413353e+00
1.091930054446638154e+00 7.310997013184944437e-01
1.534872799283903300e+00 4.735152379040591164e+00
1.033360545424667709e+00 1.045894362567703073e+00
9.862677556332377637e-01 3.499192313946754229e+00
1.347591142122119390e+00 3.281372964810604476e+00
1.289323193029225489e+00 4.105463307626778580e+00
1.351693267029081102e+00 4.392853415536873918e+00
1.294640400466468444e+00 4.892370302818879857e+00
1.682312480506092500e+00 3.576101196217044365e+00
1.288409026685078951e+00 1.729042651650764872e+00
1.386699594158490090e+00 4.494667686663980533e+00
1.225126460655404426e+00 6.757967175436845331e-01
1.362414483685381761e+00 3.530443570567245004e+00
1.347186086520046011e+00 4.170203952165433492e+00
9.276675405631679139e-01 4.026577886606825807e-01
1.063748054289074707e+00 4.978111276824087383e+00
1.513283045230115587e+00 3.704453528669791051e+00
1.166821755233870439e+00 5.346044011348178415e+00
1.234687038482969124e+00 2.170839233365812859e+00
1.396710092881361387e+00 5.598433220760064444e+00
1.234379312724039668e+00 7.182785068310513221e-01
1.334440654713995755e+00 3.825608131573968507e+00
1.411031224172429654e+00 3.710572127071663395e+00
1.203590901970635452e+00 2.302509647079984401e+00
1.686837455548010789e+00 4.048277172660874612e+00
9.878199161523311123e-01 1.938716254601500655e+00
1.485219448420485033e+00 4.698766296808354781e+00
9.459051940698823824e-01 9.223593205764846203e-01
1.211347826217025414e+00 2.994462643388019263e+00
1.024434445666916549e+00 1.065776205996559201e+00
1.222961264350621136e+00 2.776539845333646728e+00
1.417293192728114937e+00 4.750525038034821179e+00
1.128488915388902170e+00 1.568028835324741133e+00
1.002214209502710007e+00 8.046835300998471663e-01
1.361014700506751662e+00 4.349746241150614701e+00
1.317543762494694848e+00 4.923088305879717907e+00
1.191506233559256334e+00 1.079650975136490221e+00
1.141556446954323789e+00 3.732244704997837448e-01
1.361299442192403397e+00 4.414384925796477788e+00
1.114595424950242997e+00 8.621376978790111778e-01
1.299744397685879571e+00 1.725120286313144513e+00
1.209883402276686448e+00 3.762269199059680602e+00
1.318936863357002220e+00 6.728253865570686720e+00
1.044253154488680835e+00 8.145963951431535177e-01
1.559198241388471518e+00 6.646890146024257540e+00
9.649898759912498569e-01 1.674546878882476442e+00
1.090706533847508153e+00 2.300690290954981787e+00
1.315189860744702122e+00 2.224518434121681487e+00
1.114284746249134761e+00 2.937816139883156819e+00
1.471093381048149906e+00 4.306751144159859379e+00
1.511202744208511861e+00 6.347625892951405113e+00
1.493248046844664723e+00 7.558074346443114599e+00
1.028656788340238215e+00 3.870739961964881015e+00
1.063709851444391896e+00 1.504921353866532252e+00
1.044511708644783932e+00 4.047658366374395911e+00
1.483388681226619488e+00 3.591001227663849882e+00
1.341706849572364746e+00 4.937317957087948628e+00
1.273371120751537244e+00 1.862138012701390677e+00
9.380097410014772707e-01 8.389909808714657302e-01
1.524233253289309475e+00 4.330279136101859550e+00
1.304080107053183113e+00 7.233154578283726988e-01
1.142544297996718194e+00 4.973625921697665042e+00
1.281811720992654058e+00 2.530434459714359541e+00
1.301922947420692811e+00 3.715218623145652987e+00
1.630253224847141080e+00 3.927104292439238531e+00
1.128276490277633437e+00 5.214665769858261690e+00
1.316635152622974481e+00 3.346733028939733678e+00
1.302534213427130494e+00 4.750955779946743895e+00
1.211626727665696901e+00 8.111593475528524610e-01
1.466966386605774497e+00 5.099852663132933728e+00
9.536484048312749984e-01 2.484829243315568592e-01
1.484354512418597949e+00 4.357379519009727531e+00
9.396396107608098180e-01 4.631940987501899087e+00
1.419749049453568501e+00 4.861671184684992930e+00
7.005094301602153850e-01 4.118690609808385306e-01
1.471866232544302822e+00 5.021894199241754286e-01
1.196353969062030176e+00 4.882732382898140600e+00
9.354670160625991882e-01 1.120481833392577897e+00
1.097354264180572914e+00 1.635122576901655300e+00
1.365524117241092794e+00 4.474400293841171106e+00
1.283465228505496603e+00 1.005153739271492874e+01
1.496635511883675829e+00 2.005964919002505731e+00
1.251552953451210204e+00 1.337251179045627625e+00
1.059486271352849007e+00 1.112097984003972639e+00
1.342998417512228704e+00 4.490814107832462376e+00
1.157067740550287605e+00 2.559446589693292307e+00
1.296231651851109890e+00 3.250256996278780619e+00
1.503474132791901008e+00 4.008262748323180524e+00
1.114818373968325282e+00 2.378516148818379250e+00
9.977363077230967381e-01 2.361049468833169129e+00
1.289637871283709325e+00 4.439430485371836710e+00
1.297505972462659862e+00 4.652572142842902991e+00
1.349071617645262400e+00 2.347812805765189914e+00
1.521861062708101731e+00 7.896139187335633913e+00
1.215506876806882408e+00 1.084491323512114747e+00
1.553486747209375851e+00 2.190387533563744604e+00
1.190425797353151571e+00 2.384898073793307649e+00
8.466139915530769278e-01 3.718945321198630638e-01
1.453123437789995753e+00 8.237851418064794373e+00
7.920691552748697628e-01 2.054756710026793343e+01
1.055682597455145366e+00 7.553583017652369946e-01
1.241290941156063532e+00 4.867904539388010043e+00
1.350662361691829627e+00 4.552128343492983120e+00
1.200840241938038622e+00 6.323981711892390223e+00
1.454259178016349408e+00 4.554792892689078165e+00
1.253975619444473555e+00 4.689331558510509979e+00
1.340590401359081696e+00 1.272215774777718966e+00
1.654146755068782504e+00 2.092418125024974263e+00
1.815660267149476592e+00 1.424752803036406945e+00
1.053612555028247133e+00 8.132674509520597894e+00
1.538524503931809395e+00 4.550428819474184650e+00
9.819057840111066193e-01 9.391788701296011066e-01
1.323456096296592444e+00 3.680342507374141370e+00
1.216951399139584389e+00 4.634532178071807174e+00
1.454667862739733808e+00 2.740405219831701711e+00
1.238808216677694585e+00 4.478336240425323744e+00
1.325880884065985255e+00 1.197073574440879140e+00
1.074682201799604497e+00 4.399113831110215145e+00
1.358192821293184416e+00 4.911298380732428193e+00
1.797977342824228941e+00 9.364211676325825406e-01
9.668059155623270895e-01 4.694466872504473365e+00
1.518579823609667478e+00 4.555855383717525520e+00
7.713147721250781519e-01 4.459548937448293948e+00
1.482730960980981338e+00 5.322937108925707150e+00
1.439128284600113883e+00 2.713006613438132320e+00
1.017278751417103555e+00 1.964323328100534838e-01
8.845715271963844328e-01 1.957109561149776300e-01
1.282600606607894322e+00 2.623166658668240725e+00
1.367517887379736674e+00 1.384749500153173329e+00
1.409573922443033700e+00 4.108742336331638434e+00
1.168005404202104192e+00 8.263526065301135537e-01
1.409093835979375209e+00 2.430970742100036386e+00
1.274183068864481294e+00 1.930643562831272142e+00
6.853220160465675059e-01 4.832149788233177090e-01
8.209603138481983420e-01 1.642657030479588998e-01
1.533546312738677031e+00 4.310651199590029847e+00
1.234242268476304139e+00 1.716668961890416512e+00
1.271818544566792886e+00 1.088576123070549784e+01
1.394995928958852494e+00 1.007088551173399971e+01
1.345162159123223899e+00 8.785511659646200400e+00
1.037569673043273744e+00 2.254623527394466365e+00
1.243333267146211174e+00 4.710249890611453161e+00
1.227054106791638066e+00 2.400798370870202536e+00
1.447047793265024973e+00 1.062888764361242799e+01
1.004578362704350081e+00 6.617397461813054882e-01
1.305654853165114648e+00 5.027493883072781777e+00
1.181736675531274150e+00 4.685325103610353814e+00
1.303236862175183086e+00 3.690721064783288430e+00
1.093847391757590382e+00 2.647445372816389142e+00
1.402266949651927996e+00 9.549725465823808435e+00
1.427101116412602178e+00 5.330689987447963851e+00
8.029218167297582642e-01 5.726760328738481620e-01
1.808210516354687325e+00 6.843389756586759631e-01
1.393513209224252147e+00 1.155754731904938382e+01
1.328620512607130433e+00 5.793061623751889044e+00
1.201608884740408945e+00 4.412972177321506706e+00
1.511075999215906407e+00 5.658713438900071502e+00
1.251992755625473741e+00 8.904399854483111554e+00
1.127479169401992554e+00 5.002801636617479453e+00
1.452029205886836705e+00 4.098404894354613859e+00
1.366734119948109338e+00 5.063614197802733585e+00
1.563348722662529555e+00 9.178049749882293273e-01
1.803330618409278996e+00 1.064067958947482628e+00
1.099688625333640202e+00 2.641572313799727567e+00
7.137741066688325642e-01 2.615674408347243407e+00
1.220730245715774265e+00 6.056056567244143096e+00
7.576683931117720316e-01 3.750538692375599559e-01
1.046684598772590347e+00 3.393909347893055983e+00
1.307414920235782096e+00 2.737695450203369241e+00
1.317443737815258809e+00 3.706268629147614124e+00
1.507969211917511210e+00 8.028771639110544811e+00
9.907782316960977997e-01 5.665454815797261734e-01
1.666667430941451977e+00 3.735160774826721930e+00
1.263064129253297141e+00 2.012331834454472279e+00
9.749757865296827530e-01 6.680030477839348224e-01
1.293718972353416596e+00 4.689114525315386750e+00
1.283368052421294481e+00 5.132066754790638896e+00
1.439625170163378653e+00 4.730746203982099551e+00
1.179265548369359706e+00 4.401592856152293898e+00
1.433257268723859834e+00 4.869629430328898501e+00
1.524169006657784875e+00 4.702908699260835768e+00
1.115308530081642768e+00 4.371669513123042528e+00
1.193086735141744459e+00 4.531025216271209466e+00
1.173528892561441550e+00 8.161254760906505590e-01
1.147804949894730253e+00 1.076874954241319404e+00
1.431587018681486523e+00 2.517528226219910792e+00
1.342928078112799684e+00 1.196698098360382545e+01
7.091463229543052416e-01 5.580402769903308746e-01
1.433822527438953109e+00 5.589251299217566915e-01
1.297601057756990972e+00 1.245396291693875002e+00
1.291289231895217160e+00 2.366717873356694923e+00
1.399044628868619577e+00 5.106718977201452070e+00
1.016707697816508604e+00 4.766380977873962976e+00
8.280973737245274080e-01 1.988715451481090080e-01
1.066560832260911695e+00 4.887704473606293121e+00
1.290524335385744070e+00 5.885141180177813958e+00
1.355919570524102724e+00 4.435694534579508463e+00
1.310817154698926235e+00 8.241759245856368210e+00
1.453825272661878554e+00 2.420616595352572009e+00
1.275511832932850087e+00 4.059797407716653872e+00
1.548061475908176110e+00 2.641162311388085104e+00
1.461126441419002386e+00 4.581523642796143214e+00
1.022993640399861182e+00 1.043030415936014421e+00
1.250559817836592424e+00 3.224324001468291900e+00
1.288716663177105870e+00 1.703300136839859036e+00
2.224571677508638601e+00 1.995181331504634947e+00
1.082688185680945159e+00 4.684107122818153002e+00
1.215518626592455131e+00 4.051350140045170356e+00
1.030479220186485190e+00 1.613804003742009829e+00
1.363256425701502517e+00 3.882717897578992883e+00
1.573576735752671985e+00 4.313943191909546115e+00
1.473096653752721030e+00 5.631096053088810116e+00
1.140715043608260926e+00 1.308825930935623383e+00
1.156672057629963390e+00 2.624448343954977503e+00
8.848871978263401772e-01 4.405175864352216308e+00
1.041921333647674253e+00 6.999785136194732749e-01
1.661828403375854579e+00 5.328633276402509056e-01
1.110356377322047505e+00 2.920433971457162770e+00
1.278779065707042140e+00 3.227908897743582806e+00
1.491160712049872439e+00 9.743044910059047936e+00
1.095868762577520972e+00 4.731370221085982042e-01
1.533895314235779406e+00 3.956637587237540110e+00
1.052020848614753756e+00 3.650415942027566807e+00
1.038088980852162724e+00 1.040821035885004520e+00
9.051892029225586667e-01 5.429242094475938973e-01
8.728931308102565456e-01 1.558747619902335069e-01
1.033707439910539927e+00 4.380161159412142347e+00
2.466421376085722539e+00 2.752868810420841417e+00
1.362862184608777838e+00 3.154749535637461744e+00
9.784562485505651219e-01 4.913862938136695391e+00
1.039195031776480427e+00 1.009211934578276626e+00
1.266048808827957117e+00 7.071269423097425566e+00
7.884660314457925256e-01 1.464362127999564167e-01
1.477874151635433453e+00 4.694495221402130269e+00
1.225607559200198260e+00 1.585931481515383989e+00
9.132215207008664848e-01 1.075548292180236842e+00
1.020354047177053136e+00 2.286456875269906153e+00
1.939760524372323713e+00 1.853086263385338217e+00
1.321578039556338791e+00 4.498793182828538129e+00
1.235708275384804100e+00 1.412937306753822231e+00
1.318773692197410918e+00 7.140583127910050898e+00
1.092451892943184344e+00 4.861202669186252656e+00
1.187177034427693512e+00 7.341810520599999501e-01
1.058574537887225553e+00 1.465190008617133444e+00
1.115832269349604777e+00 1.146713819643783605e+00
1.224022809403897183e+00 1.030071571314699774e+01
1.531992909157292138e+00 5.199108186090146688e+00
1.021659860565111266e+00 4.921779887906260420e+00
1.446102338747723426e+00 4.628053699170710189e+00
9.779861773662467117e-01 6.704928374601907271e-01
1.249391913972961010e+00 1.001819983746423892e+00
1.015654915590148866e+00 4.958315299990042391e+00
1.280104634553540510e+00 3.257780420860380666e+00
8.296824527667615579e-01 1.034974853229343061e+01
1.566094217557302271e+00 8.378767031794120967e+00
1.017192591109020938e+00 3.598383061734473642e+00
1.011123769994225485e+00 4.218647592044486583e-01
1.366347114445083610e+00 4.098747946208539439e+00
1.180347468416390377e+00 1.124618513609390469e+00
1.390915947964920019e+00 4.788444324629053561e+00
1.263579609937955706e+00 5.321896663383955506e+00
1.258010227477634579e+00 4.750257785832126878e+00
1.254908681081538191e+00 4.754906575388687884e+00
1.359732064795676987e+00 2.886965760337965925e+00
1.092893180278236454e+00 3.111604049055332943e+00
1.242858373584094123e+00 4.724803153692406887e+00
1.325670312114236360e+00 1.804394631577988184e+00
1.217614195780663655e+00 2.978437336018454840e+00
9.636293684551366923e-01 2.843898595789830619e+00
1.612787338295443851e+00 4.337325284425947558e+00
1.429166267595143092e+00 3.933249929076812812e+00
1.339465594183708363e+00 4.550231338982008822e+00
1.231821967869186407e+00 4.845342665309971153e+00
1.003088329611011353e+00 1.341905669034247905e+00
1.426907204807374541e+00 7.349642218020606688e-01
1.196120789331993617e+00 1.669473040173240719e+00
1.537064474371506062e+00 4.489749623691900560e+00
7.229919821440975447e-01 9.311156153142167158e-01
1.143447396789173620e+00 3.558309846131265886e+00
7.931329187657737423e-01 4.395819778565628333e+00
1.257275655658944391e+00 3.657689811940885161e+00
1.561284277056012026e+00 9.217386046095247920e+00
7.009671013589743316e-01 5.569975431699372148e-01
1.383386513237827131e+00 4.670519337020581752e+00
1.384194982776467242e+00 4.726678788496272432e+00
1.292397296808716289e+00 4.916089194642213833e+00
1.382551515980028567e+00 4.993995955890464522e+00
1.264737095416471391e+00 7.428754495003357938e+00
1.331021469575156990e+00 8.663704652538122275e+00
1.430987601211111127e+00 6.448757804722047737e+00
1.159023081486749707e+00 3.085982941343711428e+00
1.150880659252524918e+00 6.233313647941547408e-01
1.397435718712306540e+00 4.952476027172249218e+00
1.333118553174008847e+00 4.059201057955236003e+00
1.371196700320797435e+00 1.501269795561116505e+00
1.219121878162910733e+00 1.147056350633015587e+00
1.732312351939425454e+00 1.331199455549961774e+00
1.220785618839197229e+00 3.255676673147533950e+00
1.382485447195779704e+00 4.331737982690752276e+00
1.232974683427424445e+00 1.304527167218176187e+00
1.436347308744260198e+00 4.650600528997653527e+00
1.002624114891837337e+00 6.879170228929232245e-01
1.299455694006383499e+00 4.805583141621264431e+00
1.092949444766572187e+00 3.860124190627498120e+00
1.272100293082923272e+00 3.541528353425765108e+00
1.362133484450509746e+00 1.749087231804958842e+00
1.542675705512765560e+00 1.031158257015656776e+00
1.223144518649385226e+00 2.507224745832300261e+00
1.419030353370687836e+00 2.251901137526640895e+00
1.329411466388043195e+00 2.441490503968567705e+00
1.073687164099031754e+00 2.388855077631339419e-01
1.295999247971705959e+00 4.547339345305507763e+00
1.619081139320300178e+00 4.069377414958226247e+00
1.332056988819446453e+00 3.122021339608985091e+00
9.964298520162584438e-01 4.574549730730236519e+00
1.256066274902938540e+00 2.704604135677739052e+00
9.830532205770355914e-01 5.397788215493484199e-01
1.525117412831627384e+00 4.906938591912006764e+00
1.179473035039014794e+00 2.757576175438905874e+00
1.477497325352897128e+00 4.660602770691332886e+00
8.011374615625499462e-01 4.418355769988968618e+00
1.401778259675809268e+00 4.789444501024984646e+00
1.559001056194263768e+00 1.053958131961659994e+01
1.307132865457402149e+00 6.055400847721687185e+00
1.197829137897228557e+00 3.190331032800402422e+00
1.388431482489866697e+00 2.176419819636062680e+00
1.151822609021298183e+00 3.960743764534058631e+00
1.251902239665951821e+00 4.205515766877066852e+00
1.218823650109193357e+00 2.041966979219770106e+00
1.444460290778130762e+00 3.597314103975505439e+00
1.296660892788538799e+00 7.204781619205340437e-01
1.229777559597664327e+00 1.220561957544094023e+00
1.402984394114543010e+00 1.558706416513892190e+00
1.878365409381802520e+00 3.082550052129802598e+00
1.315413282723759680e+00 4.683794533782287495e+00
1.392594656310642831e+00 1.147658391874997719e+01
1.443799565860226730e+00 1.108650141607955852e+01
1.156701315782386219e+00 6.037615867572876382e-01
1.345959825526586329e+00 3.001610608410923309e+00
1.407425304037689839e+00 2.401719905259347421e+00
9.989893959837173876e-01 1.018484767154407278e+00
1.276226558511260878e+00 1.379874407771339850e+00
1.073835763064036941e+00 4.402910234523678135e+00
9.810607612616061290e-01 4.277583755706534596e+00
