1.851359234375831719e-01
1.668080582444860238e-01
5.093070425843743143e-02
3.966465154658629921e-02
8.302752121443221500e-02
1.602956052115674102e-02
3.733797211225876878e-02
4.401165548847248143e-02
1.227744565404289279e-01
1.352094952892233214e-02
1.796741393637640571e-01
9.691910568603460951e-02
1.492088298109432443e-01
2.023328706357991474e-02
7.374854113064290007e-02
6.660087622976131050e-02
6.393925540120201645e-02
5.088603997063265855e-02
1.672813668645348195e-02
7.035191792818243361e-02
5.330061594846180473e-02
9.777124626497410431e-02
1.660989410954407663e-01
1.091661639310524262e-01
1.402007469919256955e-01
4.999829792024953340e-02
4.191126990253250112e-02
1.285116781236971331e-02
3.533506130817104518e-02
1.061081768160285488e-01
4.433505079002580951e-02
2.231541936816994892e-02
7.047875435591162419e-02
9.755933408276198926e-02
3.527310390878285462e-02
5.548482389025020250e-02
4.621609018929333235e-02
9.101976847777451529e-02
1.686009301343600608e-01
2.302505007813156201e-02
4.226460354766841537e-02
3.787763689924011912e-01
4.372723305927316700e-02
2.011458792317959848e-02
1.416271179819285075e-01
4.413130350485449521e-02
1.581481533148692067e-02
4.617960784904714955e-02
9.717269557629049440e-03
5.741058397646568029e-02
8.541564549811611617e-02
8.259527216870297950e-02
7.560167643457550712e-02
7.877593161182347425e-02
5.087586861287723972e-02
1.246753517803813882e-01
2.256024551650212540e-02
7.654443260473306476e-02
1.526077925340433780e-02
1.309923309362616070e-02
5.007129214116901039e-02
1.021847730457364073e-01
4.007893240792881340e-02
2.989450730577023485e-01
1.074185799048943228e-02
1.821099288890109524e-01
4.917450077375479789e-01
4.537815840257729549e-01
1.634600582894575257e-02
1.475666692298859828e-01
4.971222131117312287e-02
5.702473029788308889e-02
3.982923117350817624e-03
2.582087987563176923e-01
7.274759514409527561e-02
6.013989934087531075e-02
3.941315317585646072e-02
1.362846160975115795e-01
5.250823320094867228e-03
2.222575376986416287e-02
1.343814780995477576e-01
9.363191147149718674e-02
1.883413063373152729e-01
3.765836509856211600e-02
1.501020425320229446e-01
2.176253169754424344e-01
3.082808243820896535e-02
3.776219441369551427e-02
8.798430810705375194e-02
6.646162511083766877e-02
9.792966902260388795e-02
3.050480598308349944e-02
5.431018800120605144e-02
6.163747337367453394e-02
9.430546776117884611e-02
8.154299918449144091e-02
1.169916108786022840e-01
2.654225341268455843e-02
1.116618258316477014e-01
1.732200990840493046e-02
7.622525353248416069e-02
4.442356358770309377e-02
4.283967316675001136e-02
5.739130453597511561e-02
1.551066951167204278e-01
7.734763472493724756e-02
3.248355228008038553e-01
4.194393705644786086e-02
3.560214870406334942e-02
3.318900195509874584e-02
5.942590798912718991e-02
1.196519889165819847e-02
1.003583467637607640e-01
4.549657927763616633e-02
1.754650652090339324e-01
9.933105795000989058e-02
1.639791648424602233e-01
2.379245862636388334e-02
9.470494478811440631e-02
4.503837228648046032e-01
1.983095307492512005e-02
3.090204585852320690e-02
5.932786999500664488e-02
3.489892993749256489e-02
6.353708916195506262e-01
1.020734553785587473e-01
1.841833719173557593e-01
4.849749786385286476e-02
6.602684576137006489e-02
3.145453003806090997e-02
1.352174467185966455e-01
3.933238566289044141e-02
3.712173667091857310e-02
3.307850890516933484e-01
3.877279040162590062e-02
7.308792346889633751e-02
4.213685296194259050e-02
5.664738206798251158e-02
2.379311356570000535e-01
1.523075450943535136e-01
2.719999498341174604e-01
2.939141724799883976e-02
5.923409290375053482e-02
2.586801358457826994e-02
1.630641014262529664e-01
1.045751455451120887e-01
9.198487613334474511e-02
1.387626224689897658e-01
9.848047432911125054e-02
5.332159226332222612e-02
6.427482844511853144e-02
7.463007485882002801e-01
4.771789868374513022e-01
2.672172503654723918e-02
1.304452496322930366e-01
4.191999949011013943e-02
1.927885504878032175e-01
5.915621731030139274e-02
3.660144699392293283e-02
5.012565983543024878e-02
2.956146136924749923e-01
1.369264773365350130e-01
1.406523440619592558e-01
1.426856892438529978e-01
1.198587679980082366e-01
5.014688403155413005e-02
1.322066738391153573e-01
1.289644083914063544e-01
7.248285953677074955e-02
7.749472677378546615e-02
1.444530259481655310e-01
4.666720895036063910e-01
2.109546120672330799e-02
1.679686324532996822e-01
2.746683156111220381e-01
3.083506930507448618e-02
7.109298482931411881e-03
1.204305967448693060e-01
1.655047743030247653e-01
1.098897306516305045e-01
1.139253401171234359e-01
3.170193846980592922e-02
1.595341835451072332e-02
6.898821630618404144e-02
7.315488230561147109e-02
6.733737193661913645e-02
2.627454317202640444e-01
8.794170204057275009e-02
1.542355972352996429e-01
1.251161180609494661e-01
1.256381622657520847e-01
2.230004310582927793e-02
1.922962799090058572e-01
1.445475415582037348e-01
5.899876870499912856e-02
2.180714579670506859e-01
1.010909215859127352e-01
1.921694414619494126e-02
5.225571336036982650e-02
6.880841971087507669e-02
1.170419653607091687e-01
5.045432119375405089e-02
3.245052453877589338e-02
1.408794377898507921e-01
5.025762236924582321e-02
1.761420835253163508e-01
2.641929271359008125e-01
3.245618387383473850e-03
2.110622672231384986e-02
2.108954086008888937e-02
8.625019477222131692e-02
3.620859416747067294e-02
9.814112580820744114e-01
4.070880114621718698e-02
4.332020134963857072e-01
9.093981875998305431e-02
5.680144386637382692e-02
2.739849545949388232e-02
2.084539013789704076e-01
3.673690940179476228e-02
3.708550745715612218e-02
6.037971904417673702e-02
3.920925686278602107e-02
9.217468327480929022e-03
7.900305455877772165e-02
5.581426041197430632e-02
1.614037517803980359e-01
4.081360835728879005e-02
1.083014264298033380e-01
3.068040909064191982e-02
8.165979674958326329e-02
5.321851807988937921e-02
1.390009279869325320e-01
3.130637555212577028e-01
1.017564268879021239e-01
3.463435995932442890e-01
2.672156864783951230e-02
5.368971349278067740e-02
5.663650370073196327e-02
9.243898697151343991e-02
1.076306536017094251e-01
4.773263313656918999e-02
4.076931147284255236e-02
2.329259107862319544e-01
9.079622384490385056e-02
2.337645653721890510e-02
8.804923347730705951e-02
2.752876311014785388e-02
2.644172206454871096e-02
3.159828543277719282e-02
4.906773436929189047e-02
7.944830765823433782e-02
7.207879285768351019e-02
3.094316698363144130e-02
1.140086546943049617e-01
3.850735753546263851e-02
6.330695974126468450e-02
6.452602577528125660e-02
3.120952410463824767e-01
1.523365207302413427e-01
5.949013553911726426e-02
2.222455298654786859e-01
9.877089257133148115e-02
5.774028837222976163e-02
1.260645045837781308e-01
1.535988254622277227e-01
1.209077282869402692e-01
3.433859265425957819e-02
5.818507475422500519e-02
3.403441730761574968e-02
6.967330812683895924e-02
6.227460713465119563e-02
4.068186684456130686e-02
1.060196404274507814e-01
3.547001867524914032e-02
2.161862395246617885e-02
1.586280713755521821e-01
1.400273933882412725e-01
1.005219332305549440e-01
8.091924581530285376e-02
6.804891625445627645e-02
8.799846520678253348e-02
2.343519245391887523e-02
8.973231162079606249e-02
4.678384963472298486e-02
8.175001124718210554e-02
4.360045364805910373e-02
6.886238213678544384e-02
4.511244126123682696e-02
5.354623330124300834e-02
1.619793053530156901e-01
2.636437297595412010e-02
6.180791873890296995e-02
5.659433347451083701e-02
4.302320815140839305e-02
4.596649057419347623e-02
3.221149800036761379e-02
2.078751849525047324e-01
3.991232627522574572e-01
1.505478417330549656e-01
1.420694503869171857e-02
1.209109297261582727e-01
5.356860213283250183e-02
2.640338567352423782e-01
9.613932391837994723e-03
4.611170451328995556e-02
2.675776055197724018e-02
1.496970640514721784e-01
4.467729530172903640e-02
5.956507166743781889e-01
1.661470839054171034e-01
1.986950454672787442e-02
5.763698378842809639e-02
6.485769708948327383e-02
1.512290303052847042e-02
1.058309431864969258e-01
2.220632283722321840e-02
2.554583810273438130e-02
4.301835966069377654e-02
1.275885972565421987e-02
1.979569418502214184e-01
2.954262285789324705e-02
2.491863851477608624e-02
6.095679522021154456e-02
6.219026004269440078e-02
4.313571804045505248e-02
6.839263367989825704e-02
4.105796218452877067e-02
1.031553055966236976e-01
6.152209848842667139e-02
1.300442207089951840e-01
1.728858521343009103e-01
1.001140332647740827e-01
3.379408395004693810e-01
4.658539145707285556e-02
7.741921842957751043e-02
4.497029826177417755e-02
1.889186144854758387e-01
1.792595557503440587e-02
1.233077900715147043e-02
9.351778489560878815e-02
1.576660776585685209e-01
6.328312921770277988e-02
3.353082405957844014e-02
9.337074431018832499e-02
3.061585841269239688e-02
6.336327416456886130e-01
1.357214124762421911e-02
1.225707902547640699e-01
2.802370594892827221e-02
7.682181419372288711e-02
2.100935610282683372e-02
8.157893208695635168e-02
3.118157313809025721e-01
5.665446140853273860e-02
5.782591487479556147e-02
1.739298405129341696e-01
5.114900030818018972e-02
1.246687812601742634e-01
6.283089087078373713e-02
3.593574714702021944e-02
4.572458537630419428e-02
2.760363327809429654e-02
1.329080318790965831e-01
1.239986824982211439e-01
1.299477318072383147e-01
1.177129147992309402e-02
1.195424013478334491e-01
1.347990068708859457e-01
8.152436325901543657e-02
2.847357462858631227e-01
1.372694194619482055e-01
1.372708985263641490e-01
9.986546669661386377e-02
3.165120500648280211e-02
1.086568454824021063e-01
6.834104105882128632e-02
3.972789467705807598e-02
7.658848364232120898e-02
9.490751500024093013e-02
1.707812583705451900e-02
1.030709567258269593e-01
3.823318638659725655e-02
7.105739816568260037e-02
1.688952152720367139e-01
1.108515241981576915e-01
4.767398990965265176e-02
6.948327663366983542e-02
1.820055052435425869e-01
2.465493952504740904e-02
4.402485095271598675e-02
1.605380935392623776e-01
6.838521178024607738e-02
3.752604331966546969e-02
1.105820679057756967e-01
7.261805519799349740e-02
2.434464490770823220e-01
9.493858473457184033e-02
6.225253086689787052e-01
1.961897409739004478e-02
6.435249041624782618e-02
1.945156889514758347e-02
1.099993667494843230e-01
4.270651488476683022e-02
7.451116488518741421e-02
2.883207459003072487e-02
5.125967230305104871e-02
1.917668411843534426e-01
8.331883471049808532e-02
4.177837912746077964e-01
6.842824882677112086e-02
6.910395026521334860e-02
9.783509392319104936e-02
2.433995137083571486e-02
4.602499360947790441e-01
1.052052156070895084e-01
1.072406004736940754e-01
1.450756437774234908e-01
4.571430012423546158e-02
1.440166519354753871e-01
1.982291011150143917e-02
1.791005800042689555e-01
1.769175238846093512e-01
2.640671178576976530e-01
1.717616529705703332e-01
1.351424144419630623e-02
6.572751489196086705e-02
2.030680167965926708e-01
7.113905207412281329e-02
1.399585701119293070e-02
3.332693141878661364e-02
1.062035110830796408e-01
6.982878917820288522e-02
1.658155061614555170e-02
4.419403234257023722e-02
7.336763506452438632e-02
8.530162300499920247e-02
4.424380730175202225e-02
8.966117238339602405e-03
9.058899124728517216e-02
5.747487853492496551e-02
5.391244953179559485e-02
2.987188363137072145e-02
7.399229311686018884e-02
4.783631302071701674e-02
4.916470783009816575e-02
2.756741730853476957e-01
1.092920584761734870e-01
8.050874310773752096e-02
9.688100146571085314e-02
2.311871753445503275e-01
4.430425209302115558e-02
1.100933669566321604e-01
5.623513943720939018e-02
6.326390648735140398e-02
7.385674137123451888e-02
6.360909686732581225e-02
6.820038363745446752e-02
2.735698669634595293e-02
2.046576459596097589e-02
3.398022035481002706e-02
9.075010666570390572e-02
2.481408879681951396e-01
8.024235739513495280e-02
1.609145054705267697e-01
2.908824554544510721e-01
4.998319773135317945e-02
2.649196327905297688e-01
6.737121090906533771e-02
1.588393645341432958e-01
1.349821542291115284e-01
5.067360837918659378e-02
7.665620795688785072e-02
1.933719090718483691e-01
5.551058290682005930e-02
8.964388493296775173e-02
6.318079651839139665e-02
9.912766528648922493e-02
5.878088577434066597e-02
6.837215184098928422e-02
6.704911066459165458e-02
1.132835644325960456e-01
3.405500534196401891e-02
2.569303952073298536e-01
1.367954103426361478e-01
4.559710045446947746e-02
2.157698709269621484e-01
1.765464528271044539e-02
1.226958489978452055e-01
4.818754393359368782e-02
6.740214578350595120e-02
1.610418192290545211e-02
1.094166066837036488e-01
4.587822927103755999e-02
3.360313267097745586e-03
5.815033795729256105e-02
1.111555221134549881e-01
3.816479693588665373e-02
5.557042916103185348e-01
7.312949779564451025e-02
