5.073495383265106545e-02
1.229216182367353777e-01
1.431533222077919706e-02
3.171804408154085264e-01
1.420406366384031893e-01
6.505489261298939840e-02
5.452507251084123124e-02
6.403319184409103637e-02
2.222055228481254613e-02
3.080641021725553236e-02
2.813736528196265629e-01
1.951173659617611578e-01
9.140225013681137906e-03
3.356023347406670437e-02
4.465991297615883732e-02
7.856026029743983646e-03
5.774118954738889642e-02
2.104936813772991522e-01
7.125599225045983753e-02
1.312669326361179667e-01
1.761060349679911818e-01
1.380329996624480790e-02
2.023817231657557697e-02
8.204220760501534926e-02
1.937085339901762834e-02
3.413354846585007346e-02
1.734993817784745151e-01
1.690761257658482397e-01
4.938910479033638279e-02
8.426455336528212992e-02
2.152607902161257081e-01
6.226619944378786187e-02
1.125080531453874072e-01
8.061250410351680773e-02
1.274156200861088217e-01
8.036179733635663569e-02
6.675132133250794020e-02
1.494913899848905083e-02
6.494653662647140169e-02
5.727089704411647553e-02
1.421856218073138944e-01
1.223886491766026652e-01
1.424595365370822375e-01
2.914256946181704652e-02
7.966035672163275516e-02
2.410865296890617737e-01
7.636963508124855471e-02
1.805182205672325318e-02
1.686610568725548792e-02
3.253403229771497512e-02
4.462205578308754694e-02
3.024323964730472533e-02
8.565606760174056256e-02
1.032978798616416560e-01
7.927643801127876033e-02
3.540930403591504017e-01
3.649887232119625180e-02
1.212869041152418587e-01
3.078123802593000710e-02
4.753879955374500088e-02
5.564016455714443365e-02
5.785350533505927151e-02
1.196365769092726239e-01
4.896169326834028807e-02
3.025527545276002206e-02
2.646857044725127103e-02
4.329859814920478112e-02
1.084218690070335445e-01
3.345737747091639958e-02
2.661344005552682690e-01
1.892593992950147574e-01
7.596497381074038442e-03
6.081762328003179757e-02
1.549536157229357003e-01
8.517128603802079367e-02
2.963170718691677738e-02
1.407604418330802853e-01
1.288796078808182588e-01
5.586533684455250587e-02
1.825969979586871406e-01
3.588337300861631912e-02
1.029830269010597321e-01
5.345049351995114634e-02
6.506220146159799600e-02
1.282980545586714372e-01
1.103548131830864587e-01
8.424893781687563254e-02
9.320720294111492499e-02
8.321387687665501853e-02
1.358025618131303847e-01
7.259848021049646050e-02
1.206818894752499649e-02
2.552392780085334101e-01
4.684941345789348510e-01
8.647151868858329871e-02
3.983976104585674194e-01
2.482387769729656468e-01
4.872923073663936594e-02
6.125317613495517843e-02
4.469516035066628534e-02
1.885660376990531267e-02
5.870543359488396978e-02
2.844736762612323777e-01
4.662805234936066162e-02
9.978100653359091299e-02
9.383698267658771575e-02
2.410028150482328158e-02
4.345755447663495197e-01
5.315528294361095141e-02
3.804720724822493461e-01
4.973021620476568427e-02
1.064642779463405436e-01
2.669034649536015935e-03
6.340843434466868211e-02
7.851949558308533861e-02
5.386562946431272536e-02
1.161208802555588893e-01
2.295248066445739477e-01
5.814645310510312137e-02
3.628410675363160642e-01
1.180667488121787956e-01
2.273893986086328312e-02
4.034599491681566119e-02
1.315488620097979289e-01
1.663663124634224277e-01
1.377925655452514886e-01
2.493576744633183018e-02
2.448480526329941884e-02
2.783377112395528097e-01
2.198760668481148858e-02
2.546761137215947102e-01
1.036360122175787601e-02
2.099581085249274670e-02
3.814319179749008776e-02
5.505410170077403020e-02
4.584040630308233721e-01
4.704293557262775177e-02
1.120675671303439647e-01
4.655386508223432335e-02
2.960670215667839944e-01
5.362904635821715005e-02
1.302531485228550223e-01
1.165585034710137913e-01
9.093201613429653662e-02
1.235358864576613092e-01
5.925928533121377351e-02
1.294799599390669340e-02
1.166925001205192797e-01
1.394579311474135885e-01
8.967048307013820996e-02
3.778051418249923910e-02
1.702893894599798175e-02
1.341557242875134406e-02
1.342283351496642574e-01
1.705801170835591352e-02
6.282905703915483975e-02
1.252421266794326304e-01
8.629792719519832622e-02
1.360029638914037053e-01
5.190914984801275889e-02
1.291327715834270362e-01
2.469857564455048282e-02
5.455292519828323916e-02
9.975935116051418486e-03
1.799998732423957470e-01
3.325515039930670297e-02
8.798504211168772793e-02
7.413217491018324334e-02
2.020673181405941918e-02
1.583978776801126670e-02
1.547871533443641867e-01
5.132960333210121601e-02
4.104627525663128718e-01
2.282252888674520808e-01
1.004333534400695116e-01
1.168983311868836417e-01
1.606047226107044090e-01
4.068702385129109589e-02
4.781989707394503075e-02
1.279639158314639091e-01
5.566190756396963840e-02
2.503762196625976613e-02
1.033656583560855352e-01
7.644443559724971304e-02
3.053614379554534658e-02
5.666084049238924447e-02
8.267916124964977964e-01
1.541062105919907554e-01
7.431523004370760299e-02
3.142101989789906208e-02
9.877245798643528862e-02
6.443920270932305960e-02
1.161863984686544171e-01
1.187285192295474134e-01
7.482200843988510985e-02
4.986899892225672704e-02
7.535784493102541670e-02
1.662538458816685272e-01
6.029788887153507415e-02
4.503184113276876843e-01
1.065686858953379945e-01
1.381439953126293307e-01
6.372274891666723784e-03
3.133875571369537649e-02
2.571297467938485348e-01
1.674756048370645289e-01
3.297488254089158549e-02
3.267891582254785904e-02
1.259112470094131964e-01
1.927665506924435279e-01
1.158970544985381962e-01
1.284481775867129527e-01
1.527773884591407394e-02
5.505487572198118629e-02
5.934689191484895238e-02
7.621573386157344532e-02
1.225792239642236464e-02
1.310121930883424990e-01
6.120023515613712967e-02
4.700291609074792876e-02
3.146987610798897966e-02
1.550560317405583755e-01
2.534925377649300815e-01
3.426979838327096073e-02
3.426844025810973915e-02
1.905550436863397840e-02
5.235242025552997586e-02
2.173616450381584964e-01
6.547213650449842937e-02
1.134074254989769770e-01
1.682749933448711432e-02
2.190806956955701490e-02
1.308822056321029027e-02
3.290306170304153899e-02
8.117211129688585436e-02
3.836496213073994910e-02
5.643767196099543776e-02
1.479139825599634916e-01
2.511398253214266324e-02
3.066604386069468058e-01
2.369331882024760527e-01
1.596555785545289152e-01
3.388504836450063895e-02
8.760645021252226605e-03
1.214962342432013287e-01
3.413537492219736319e-02
1.741751855061492854e-02
1.350740092777636125e-01
1.020439569858964113e-01
6.975746883525543729e-02
2.075209322018106428e-01
1.068746973997315025e-01
7.629272788316564247e-02
1.676251991147966192e-01
3.986443322624280694e-02
1.802763654288906392e-01
3.178267944417333957e-01
1.846605412810274280e-02
2.928717503669090449e-01
1.954925934930363818e-01
1.441283495888178445e-01
5.821165875932278466e-02
8.082277043322547150e-02
5.103934899640137635e-02
1.212865652909962816e-01
2.939788563231550134e-01
8.504489082232530306e-02
2.040509740954594281e-02
1.218182520674142288e-01
1.281479188861993010e-02
2.988687228700440818e-02
7.683780769662401644e-02
3.919070569794181336e-01
3.191629894350547780e-02
1.219666950769704022e-01
2.588933744739858184e-02
1.836394229789766602e-02
5.651410369108157694e-02
4.545752329122081797e-02
4.083782832300613536e-02
2.742404809643606556e-01
2.811712061229538692e-02
4.754758645537315170e-02
8.910740011649416481e-02
1.162164670973486469e-01
3.177038689502271335e-02
9.769710022274381844e-02
8.853578989597389592e-02
9.062407816234646640e-02
1.213463471035875971e-02
1.343980376743486582e-02
1.116980397470322267e-01
1.097631987203209203e-01
6.819525180772696704e-02
2.177867688262063450e-01
1.140230202035975166e-01
3.673955462126221594e-02
2.032389642071265323e-01
7.388037896276680727e-02
5.558461609298577244e-01
9.372159492274859116e-02
6.437766670404773683e-02
1.362225970356396032e-01
8.013129973131158032e-03
7.379137749523176359e-02
6.915278053575771300e-02
1.733653248796322710e-01
1.443575445289762005e-01
1.078777440129536497e-02
7.978396276128897624e-02
5.041867873605735545e-02
9.069599743121851965e-02
4.072669627892874962e-03
9.552665593935652510e-02
1.159400815948172514e-01
3.366662166000935347e-02
3.863900175648680990e-02
2.533673449454543897e-02
2.211059645451891598e-01
4.960826537738795006e-01
3.663191577071623489e-02
1.094444437260367609e-01
1.215743558479062542e-01
4.902610622650411393e-02
1.771827302446630781e-01
2.242857729779859643e-02
8.988739700928054244e-02
3.778385418125674439e-02
5.109479504152712737e-02
1.114699399522783158e-01
3.292184808176896321e-02
1.529231997809114285e-01
2.115633777740985599e-01
5.462178550207232031e-02
1.508281143001315994e-01
1.407905472297253657e-01
1.759314538031990852e-02
1.486261636068871295e-01
3.970530669421095116e-01
1.587206000780817250e-01
1.297212945760641278e-01
1.154441431353255831e-01
6.069466033855414056e-02
1.007549579396443545e-01
7.855576859205397333e-02
8.348719446041662218e-02
7.188903982003037874e-02
6.006256735932278407e-02
3.054083453292667089e-02
3.563736166298533264e-02
2.818163351869301669e-02
5.560542605122342774e-02
3.670357942141760227e-02
2.060277037131386796e-02
4.036756927902103442e-02
5.257211859848349988e-02
6.193334346776947774e-02
1.151606131867160057e-02
8.617469848776308783e-02
1.533866060958093483e-02
8.741788166080867450e-02
1.690010137566846371e-01
7.823508157464276191e-02
2.968848379981237073e-02
2.974079895211151348e-01
2.186311428326763173e-01
1.380757757732015423e-01
1.180138195899139431e-01
7.385177616127912292e-02
4.490407802420525590e-02
7.721316640990358304e-02
1.400955186014216612e-02
3.550909225028494459e-02
5.342458321683234146e-02
5.828770485984321320e-02
3.504981646472246637e-02
7.563670295578980851e-02
1.083109362105195463e-02
8.079843685762742866e-02
2.203432186762529776e-01
3.580747328656530559e-02
1.249124352163313301e-01
1.989676859360698657e-01
2.837437399243471908e-02
7.105076765048225218e-02
4.961760069604764095e-02
1.921948201911764104e-02
8.158866572041877097e-02
1.154469613699305314e-01
7.392121532344006485e-02
4.606033018233858523e-02
6.968402514155748462e-02
2.546992251288849457e-02
4.353472275834823629e-02
1.121441292338104939e-01
1.881331100312367763e-02
3.566551607239892840e-01
4.694450125448342698e-02
1.132508520698362747e-01
2.027532577462819174e-02
9.117085128182617071e-02
1.134220369296920217e-01
7.215902540888531613e-02
5.846964259258733559e-02
1.182182600686582513e-01
7.487327854784869841e-02
5.485850496653567332e-02
5.900166069209601682e-02
7.247960551570287180e-02
8.711777316437734064e-02
2.754976725075356653e-02
2.773450621920298120e-01
5.073052357918218791e-02
1.177839434528611673e-01
1.224428751719542144e-02
4.127734945751980467e-02
7.740472288375427334e-02
2.056636431856911362e-01
2.416578282202740124e-01
2.679951325220420594e-02
6.962380396329181931e-02
4.552623905442922808e-02
2.001516192732519586e-02
9.278708360867909954e-02
8.038949632240641185e-02
1.076362320736798245e-01
8.097835024954982974e-02
5.852143413705231806e-02
4.211006017541597118e-02
1.203537384955408462e-01
1.504829961465349863e-01
1.316503292784412249e-01
4.005625561712527344e-02
1.549279580024749969e-01
3.119981725227629482e-02
2.120241357977945551e-01
1.779575759358291431e-01
7.824961117558874857e-02
8.005946192276063023e-02
5.859892425233960422e-02
5.868105946804771239e-02
1.508571572425201034e-02
1.167275308361920630e-02
6.679704250171232538e-02
3.495419681414900226e-01
1.302955840776654772e-01
1.236855247258073637e-01
4.455023849625892179e-02
2.475612743190339360e-01
1.036634798871360376e-02
1.285435695058543826e-01
3.175928605087642576e-02
3.684907201887624439e-02
1.394552644422592247e-01
1.604423633576282648e-01
1.318722973483053562e-01
8.754401220560184549e-02
5.839098733846768280e-02
2.639715405479526461e-02
1.013278134857047014e-01
3.650428035357203282e-02
2.150539903663398200e-01
9.326762970747713710e-02
4.322264272653653094e-02
5.520201185918375414e-02
1.113329139415939438e-02
4.717369700506958419e-02
4.923721034992953327e-02
1.448235036807787590e-01
4.483408490994607309e-02
4.544966985463364528e-01
3.051767091439335639e-02
1.580333935478998308e-01
2.187135446224311441e-01
8.134530120042705870e-02
3.020725560060761455e-02
2.613154648830955801e-02
5.012554817249252892e-01
2.877703471209693692e-02
5.891903989259339447e-02
3.124707742608957006e-01
5.160909298171671711e-02
1.051759769463645744e-01
2.705878098779810892e-01
3.428590893319424238e-01
7.676419833117628655e-02
8.522717464982973445e-02
4.328421366555240679e-01
1.249532958883416561e-01
2.346404532066349025e-01
3.520434883499207884e-02
1.726836898072859616e-01
6.474784982353196661e-01
4.064843344606021425e-02
3.294766788499821353e-02
1.086602775735985710e-01
4.134478711310996535e-01
8.520239691556077966e-02
7.324961049410699809e-02
1.299557693096745070e-01
