1.228107956579275600e-01
3.552188672382692453e-02
2.352959331500209181e-02
9.538905068314278146e-02
1.880053644506986948e-02
2.401157211399417013e-01
2.304993428501188324e-01
1.995920997648503725e-02
1.553408228239709643e-01
1.261436699322997512e-01
1.255313157899353750e-02
1.181901317164987808e-02
1.947517182127983804e-01
8.464078775778063890e-02
1.683630106179650476e-01
7.236423649864154317e-02
4.065555878100873821e-02
2.713517717828752701e-02
4.402805020222326504e-02
2.581250570204475236e-01
2.454645795539685538e-01
1.036353029804147063e-01
7.396565798042034623e-02
8.224039634487369244e-02
1.219651344991615760e-01
4.788881354408082436e-02
1.036374727547720864e-01
1.257895949829293814e-01
2.464632919186538970e-02
3.633791782960463929e-02
1.663179043044768490e-01
9.709747828106075895e-02
1.432021122604264785e-01
1.420217012998005734e-01
1.244673584196849259e-01
6.521742121922839697e-02
2.300920293123547011e-02
1.275696022602152424e-01
2.693644927584637472e-02
7.488897479231002019e-02
1.149799616547253489e-02
6.481902418492793694e-02
2.264783624299616244e-02
5.988723247624526402e-02
3.848026244135208107e-02
2.453231106476098586e-02
7.089093889008588403e-03
3.861408154802487697e-02
3.047380280683588058e-02
4.120556144967912199e-02
8.821342197706232013e-02
1.337160407237297788e-01
3.610551939481360106e-01
3.320124177369224855e-02
2.970381220771018890e-02
6.142736031867684909e-02
3.190289890048413762e-02
6.829260049765505103e-02
5.732118683982197205e-02
1.559879063676485392e-02
3.265522302212058026e-02
2.547210738720453449e-01
2.216276013841302073e-02
1.245508676913454904e-01
4.389999545349858312e-02
3.578785154416633946e-02
1.024985131160354168e-01
3.838555678134008414e-02
3.950040024303653335e-02
4.275220270976144016e-02
7.403500775540240719e-02
1.038805023520774223e-01
8.371357425601745617e-02
1.508066263866092716e-01
1.211438544718565768e-01
2.015455699353088936e-01
3.608000360192025607e-02
3.712902146503864742e-01
4.556377975505982586e-02
1.583474528292735939e-02
8.819249677086425654e-02
2.362052270169502644e-01
1.073983037243033019e-02
3.201667175445813696e-01
1.419898820907609382e-01
4.078781723224141065e-02
7.218386001459799195e-02
2.610049247070102968e-02
2.609958412607229356e-02
3.472624193960244243e-02
5.584115812440899884e-02
2.069227167175137772e-01
9.611878953031528783e-02
4.354674414516103431e-02
1.789660265216247159e-01
8.130426518149862225e-02
1.980647486197005813e-01
3.573570058754788059e-02
1.452860284586348361e-01
2.097029321476688302e-01
6.051661222458459485e-03
8.859146186287869540e-02
5.427461314013552751e-02
7.052866369579242900e-02
7.642445983198098425e-02
1.504203022863674077e-01
4.718284688394004667e-03
6.024180519838052972e-02
1.122788637801528863e-02
7.542343266029352677e-02
4.295557690198400363e-02
1.015516871914668301e-01
7.054493797871812244e-02
2.966688866190330121e-01
1.953168392899664110e-02
2.558467165401974719e-01
5.368339013723354147e-02
2.007313219273396815e-02
1.654162202090475944e-02
1.202964315920642714e-02
8.471166319377994303e-02
1.227883718476957126e-01
1.763404055883920074e-01
1.528038556928755509e-01
9.681714954695741504e-02
5.628857718733697169e-02
2.796051484303797505e-02
5.907346688058469353e-02
7.370303861275409596e-02
8.797448718393853506e-02
2.223993424144248346e-02
9.559135996022802284e-02
1.079260500862273542e-01
3.785592354088315736e-01
9.449022800605270944e-02
3.581802222465925445e-02
5.452262479047616239e-02
3.142737054914942346e-02
1.148478544272279675e-02
2.109264476940840571e-02
3.693828675252693733e-02
6.474508512265268745e-02
2.351914840730510298e-02
3.647881811891981463e-02
2.165796741299351458e-02
2.464944889087787860e-01
5.021155784879927086e-01
4.113082013135288539e-01
3.651649221630414582e-02
2.240604059441675400e-01
1.943550690708793771e-01
3.232767834532605800e-02
2.249407270182563479e-01
6.025619371705308591e-01
1.522128732846434740e-01
3.662295425893434542e-03
2.277927980261587951e-02
1.302826567385396983e-01
3.180940885423708675e-01
5.065767849189296845e-02
1.034863568343407370e-01
1.835027136474317450e-02
1.511362899086765230e-02
1.160914295371862914e-01
7.047287294117199341e-02
8.241161379482983551e-02
3.273321138823197946e-02
4.090074447999501872e-02
6.265641061633012154e-02
2.861205885621137535e-01
6.316892187262196368e-02
2.454224731366972667e-01
1.076039677284475610e-01
4.333944820283754107e-02
9.594652396452707510e-02
1.343484197430276292e-02
2.423541564426267766e-02
7.874280388831020328e-02
1.462660935495458357e-02
3.232904112762412241e-02
1.304986358164608728e-01
2.018826520599223961e-01
2.864089501703775964e-02
3.018127336673296843e-02
2.347286207474146708e-02
4.383897220025946562e-02
2.392621907607501153e-01
1.962899430300204529e-01
5.865996196298321752e-02
1.683110762470973326e-02
7.651894959035618338e-02
2.588508703442268105e-02
9.942763106210386614e-02
6.658119851977647996e-02
1.082445924848774305e-01
4.762421785586848921e-01
1.961508799467285846e-01
2.859022907507923206e-01
3.013570774040933431e-01
1.390775972708165401e-02
3.227436166813837937e-01
1.567098130347734375e-01
8.841469864438721016e-02
3.948649949736739856e-02
4.382235626612639157e-02
7.864783477971983017e-02
4.049770061181952319e-02
2.591318870078893055e-02
4.643988248740705399e-02
7.833698704883132469e-02
1.740817429834862207e-02
3.877488020378492412e-02
2.200964491261029471e-02
3.511983144879100849e-02
3.483195640872065180e-02
8.027202345706206665e-02
1.102859461084100684e-01
2.718593017234978079e-02
8.658829487091437849e-02
1.416211331161446041e-01
1.172857489159254279e-01
9.175559268551651201e-03
3.705168706601626172e-02
6.273974323672874831e-02
8.650383122154793603e-02
1.278383392690801146e-01
5.438881237640909305e-02
2.108287524706610461e-02
8.354864870227683704e-02
1.114648614787062397e-01
2.424818430249063919e-02
4.657926373625299876e-02
5.509558535439459254e-02
3.584103193224714989e-02
3.910286450102305050e-02
2.986053531690981838e-02
3.553837934887580374e-01
1.442901986420248306e-01
1.519498071809535777e-01
1.299817138637130443e-01
2.265297623517825154e-01
2.301412138885269854e-01
2.694200085820349644e-01
1.542139698006059212e-01
1.116540187987610233e-01
1.140384386171510167e-01
2.747811779748390859e-02
1.091117989772376895e-01
2.242793748136152066e-01
1.884991612571489117e-01
2.801531539169955232e-01
1.589450368420053938e-01
3.701637732385726354e-01
8.158257055197663810e-02
2.540866169653800410e-01
1.563865545512848829e-02
1.179536569452867278e-01
1.491443523241178792e-01
8.613957109455724903e-02
6.060880563629720413e-02
7.894037658519105494e-02
5.483809857375464281e-02
5.990049152169807378e-02
1.459380913604390317e-01
8.598965267366510956e-02
8.981155266512057256e-02
3.559293791467877527e-02
4.975542069504720194e-02
2.667709364629886060e-02
5.271243134203749958e-02
3.252415341059622933e-01
3.134776530915496517e-02
2.048925525559496530e-01
8.648939741399390424e-02
3.041206983685373899e-02
2.941065920709464571e-02
2.328506696654302627e-02
2.698339547448675921e-02
1.999073561925648057e-01
9.973232457259699479e-02
1.177251596448122307e-02
3.482820121725793139e-01
1.605931345335553373e-01
3.796959743940434701e-02
2.464998315213155419e-02
2.471612675027375430e-02
6.509370155001019398e-02
2.029129606110950945e-01
2.046385704718819143e-01
1.078393541072305770e-02
5.466848895122113777e-02
1.508082321481254984e-01
6.397267789854166331e-02
6.554585587839688310e-02
5.829981071141546872e-02
6.264295497349180175e-02
1.477858078066100478e-01
7.400964350138594661e-02
4.711189088832200278e-02
2.756763570068923586e-02
5.680534675501340558e-02
1.210557023663275250e-01
3.634684363087923448e-02
4.346072242389609208e-02
5.363997724886745283e-02
1.503838137716388690e-01
1.062024788986966756e-01
1.030876097079493625e-01
1.715755463694295657e-01
3.959532697099907295e-02
1.230438416283850395e-01
2.909801211197501902e-02
4.774026236396014533e-02
3.124481969470221387e-01
2.147995459013674890e-01
7.659133386743458005e-02
7.368150119072887361e-02
1.091355260475585787e-01
6.754733558958157802e-02
6.092576579343831483e-02
4.593727490411120273e-02
2.692328066382437823e-02
8.149668381135569128e-02
8.857451659853100845e-02
7.342567694796056643e-02
6.791188585181920367e-02
2.416713425224612660e-02
2.373530931374741582e-01
1.574690948481065611e-01
2.752269350068865111e-02
9.615325231524847471e-02
2.791033510434682771e-02
3.058016643483752947e-02
1.095436597830256320e-01
6.275122289886263249e-02
2.916091757531676376e-01
9.223548983921378563e-02
5.751023661824315736e-02
1.999394600080150741e-01
5.878927046116928790e-02
1.261502737235674909e-01
4.510881965673237126e-02
2.872740285426148704e-02
4.535543158835669830e-02
3.046056827103668652e-02
7.868670794071516705e-02
7.719319493464393833e-02
8.401098903762560521e-02
1.471318754166277276e-02
1.109779041791874726e-01
9.125678631437383892e-02
3.988659682896107672e-02
2.462103843540511608e-02
3.896725282669417090e-01
2.155321779614090966e-02
4.986183140482024490e-01
2.316641367585285383e-01
5.564112513976251367e-02
1.937835242136623226e-01
3.443327255890710203e-02
1.259597931093222045e-01
3.955902278649536807e-01
1.437646438998748354e-02
1.940309272014166253e-01
2.370344299345016406e-02
8.363664403058805596e-02
3.067156658901552535e-01
2.880949142073169766e-01
4.893542019309048141e-02
5.919550099010319893e-02
1.092549223970605554e-01
3.845041490617862739e-02
5.397280802735300587e-02
5.494293331554076648e-02
1.472564416484229699e-01
5.156174548164441790e-02
9.085095840199255285e-03
1.261865844112416701e-01
9.868064370819387698e-02
1.515127920924145000e-01
3.655463754882783828e-02
2.534891450079860831e-01
4.449239937365474795e-02
2.269747731610236019e-01
2.383859937869607301e-02
9.364370558422686897e-02
4.809749099268299105e-02
1.133338686130007655e-01
7.846628721802609285e-02
3.966049875547685705e-02
1.492535620203760127e-01
1.515464604377048663e-01
7.252533003685933399e-02
4.269505405949131083e-02
1.866829480832577978e-02
7.347902633990414933e-02
1.206635933453455989e-01
5.420879692446948367e-02
2.962222558881867363e-01
2.649566403172342044e-01
3.167301639565971334e-03
6.158140743192872663e-02
1.495217691381462433e-01
1.765236702938710600e-02
4.652512738337609421e-02
1.375959857005500386e-01
3.278917426447271882e-02
8.395112267407139894e-02
5.273871347658724146e-02
1.386968225558246615e-01
2.111055280559461234e-01
9.206556427957555966e-02
2.813976920405138540e-02
2.776584071948887678e-01
1.174226053986529850e-01
7.952880383351225435e-02
5.038995294601167352e-02
2.737086571071281615e-01
7.435050107528352881e-02
1.373791117451823030e-01
1.824821549629673800e-02
5.637714235725536580e-03
3.244907875390924401e-01
1.138150602703978942e-01
1.273135994279465388e-01
6.524869795900491154e-02
2.545004006931875229e-01
2.011892995269125850e-01
1.221182455621791646e-01
1.754036554585375329e-01
3.198465617077946195e-03
8.252839704425161960e-02
2.946785778935647263e-02
1.353672462812980370e-01
4.254611758190596227e-02
1.566962625655296260e-01
9.688921313247624012e-02
8.850040807458049719e-02
3.763009559285278305e-02
1.752712399115005371e-01
1.520806086738624163e-01
4.228993290085760609e-02
4.911505152822141784e-02
1.530150449823505787e-02
1.960638731548792688e-02
1.073460616673313356e-01
1.533168405866293903e-02
4.980802576819224475e-02
5.321357131931390982e-02
5.165057679071979185e-02
3.289829185613276086e-01
8.425405648912377699e-02
2.635373762314666690e-01
6.750405261035088977e-02
5.915414025589593727e-02
8.418609116685278615e-02
1.318663146503888661e-01
1.980148940645507782e-01
1.032977358680245150e-01
1.230539011938691918e-01
2.709649948260086164e-02
2.771431682996549489e-02
4.650191662815422039e-02
7.543429293924872048e-02
2.855315357649641436e-02
1.182993961013336925e-01
3.185519599930890233e-02
4.521911189264186948e-02
5.833045313713029756e-02
2.140006450549061801e-02
1.132737744325744284e-01
5.797187672713029032e-03
1.653684341889515852e-01
9.235710768967587969e-02
4.863360969352126806e-01
9.636873457259663434e-02
9.812025503744441213e-02
1.416597707358487335e-01
3.794016185814885062e-02
7.500129912038508428e-02
1.419133463069873480e-01
1.880758950715084518e-02
4.628792120540846378e-02
2.793019576913675084e-01
8.406165418001733391e-02
2.427630262831400806e-02
5.833660938803129220e-02
2.923837479379048920e-01
3.052930386332435367e-02
3.259289800099959833e-01
6.129422744333355016e-02
2.531951059253099642e-02
7.081770954788930983e-02
6.532545710065448263e-01
1.484108408314567806e-01
3.664367926028486849e-02
4.393111978726253752e-02
3.450752812745386949e-02
7.087518135525854024e-02
4.964826134247565109e-02
