1.420788582548029533e+00
1.224409180326269553e+00
1.302898682069159042e+00
1.084084093907595081e+00
1.252592224336538385e+00
1.258598810801673684e+00
1.591937388150685306e+00
1.139884053356202909e+00
1.158149028425143889e+00
1.513964518577159524e+00
1.140753373544830973e+00
1.710132081935777038e+00
1.040661924399123084e+00
1.230747587137037691e+00
1.207205354804763653e+00
1.215534820547248041e+00
1.262781933120529221e+00
1.173146291542508379e+00
1.275953811277343641e+00
1.146959844653298255e+00
1.414776879609514371e+00
1.129105054237430128e+00
1.101025181484854176e+00
1.479916140546815306e+00
1.148234018372567666e+00
1.138417243673486956e+00
1.124727541128130115e+00
1.392821022280292143e+00
1.168220397084603679e+00
9.446823301875009182e-01
1.099464935707052948e+00
1.588475956872521078e+00
1.185373398839175696e+00
1.471484960633503647e+00
1.829595957783797244e+00
1.129884857488189454e+00
1.113442600611064037e+00
1.830454806789538980e+00
1.030782447005915481e+00
1.435506681724385114e+00
1.416222950403910774e+00
1.416479649586352974e+00
1.327760987811319682e+00
1.670648562044629859e+00
1.587595166059477370e+00
1.530434672096787185e+00
1.424689085675083788e+00
1.209419506351596008e+00
2.091370992954762364e+00
1.036214462673270553e+00
1.176334603703539594e+00
1.351528897608001101e+00
1.227557053974249968e+00
1.500502727609677400e+00
1.199766086987209990e+00
1.364181625568932521e+00
1.272823645211215382e+00
1.175004297758487581e+00
1.328542264901387160e+00
1.413545764808272986e+00
1.284931138840706755e+00
1.137004171625469739e+00
1.354148456344008045e+00
2.062844863924658600e+00
1.132209235329450170e+00
1.104073118255619823e+00
1.201413098901604304e+00
1.206774340780472077e+00
1.178742408996390933e+00
1.234180087833218087e+00
1.235007322355935466e+00
1.116886257027858376e+00
1.146970504798173085e+00
2.067183628761049885e+00
1.116219849659127794e+00
1.321949264225714238e+00
1.162738731647312784e+00
1.005213970443901816e+00
1.274024293064142332e+00
1.134289677974722244e+00
1.388270293175941417e+00
1.108804410655106487e+00
1.062355336442964093e+00
1.221736030072666734e+00
1.161054392847231664e+00
1.102470970688665730e+00
1.186785475013493185e+00
1.515736568915801774e+00
1.147601700369686561e+00
1.532067955032061057e+00
1.347524146194240879e+00
1.359719860408452607e+00
1.268384113863923135e+00
1.179207523556778714e+00
1.525644981774274989e+00
1.375763151630254644e+00
1.582673628408020283e+00
1.272233194153455482e+00
1.324611161668793002e+00
1.271530682620427122e+00
1.275759538455461195e+00
1.397305043049298146e+00
1.138639302505830786e+00
2.194362063426961829e+00
1.361585176292825494e+00
1.209091446083283117e+00
1.304978052237849129e+00
1.405758421515884704e+00
1.210764556747126797e+00
1.194038840514921818e+00
1.216745561871105608e+00
1.374534277680322436e+00
1.234351486225574002e+00
1.437008447256614918e+00
1.169271922249156770e+00
1.568886119995687167e+00
1.218732952458255525e+00
1.310709023048267197e+00
1.736706283843205689e+00
1.604445908445901958e+00
1.500049676062480408e+00
1.139833893544620835e+00
1.155429519763810253e+00
9.696172247940323397e-01
1.016249216958185597e+00
1.121321705594554130e+00
1.819283657271070220e+00
1.125218601287857556e+00
1.614107966466839850e+00
1.088093940734246479e+00
1.282492726987215503e+00
1.274610781624803124e+00
1.152727527808034447e+00
1.009569155274073537e+00
1.252941373161182259e+00
1.688080342807545486e+00
1.238065518389090736e+00
1.570723236572282078e+00
1.277565686261551203e+00
1.385531640670767173e+00
1.496401199663045301e+00
1.520632747461349465e+00
1.664055573472444038e+00
1.196491829968168163e+00
1.628707945461819406e+00
1.171364196758507115e+00
1.452968290535838092e+00
1.350659566448293880e+00
1.522918883608815888e+00
1.540148622364584385e+00
1.299396415670927452e+00
1.409638893147950212e+00
1.469743406489046444e+00
1.299034959987645177e+00
1.574655666190673209e+00
1.343791348023329890e+00
1.349582820434870101e+00
1.102697088205184972e+00
1.500018844877212265e+00
1.197755743770903880e+00
1.930681609800813048e+00
1.336830210704577304e+00
1.159246816996743368e+00
1.617713061632573668e+00
1.317818582322725529e+00
1.180981600177102075e+00
1.224196047283092392e+00
1.680468389472159929e+00
1.978611436010958347e+00
1.222028447555066677e+00
1.112388898912930468e+00
1.096978856512999867e+00
1.124804221427356810e+00
1.114908877629319006e+00
1.669762028450176850e+00
1.145826731957981348e+00
1.305326784851292166e+00
1.483543976456870750e+00
1.197611495054493158e+00
1.270886269937959279e+00
1.080173091057408330e+00
1.070228908138507684e+00
1.591397552049750086e+00
1.385959471758669848e+00
1.086181639431630597e+00
1.449169329483293245e+00
1.626589971798449552e+00
1.027825199707769643e+00
1.226487846950371496e+00
1.186088898729316332e+00
1.321019065861814612e+00
1.317494824690250477e+00
1.160180030695767250e+00
1.118946215561844371e+00
1.451702519704954897e+00
1.235533707506754730e+00
1.163861342586637981e+00
1.202462216181570120e+00
1.222064331821443695e+00
1.179264536139959629e+00
1.676172451637448990e+00
1.056958326845938378e+00
1.241795492347514296e+00
1.488847713557256869e+00
1.210648833611250419e+00
1.397918494766998920e+00
1.462846816707243480e+00
1.503413819763058878e+00
1.306994698996708504e+00
1.034168547504688895e+00
1.278688544316226361e+00
1.289035232272201625e+00
1.127010645672783085e+00
1.601346037244227860e+00
1.269250326932793937e+00
1.572201421056914405e+00
1.297707240360369774e+00
1.150051534266388620e+00
1.072092869179774421e+00
1.278337847992286447e+00
1.301605953262802595e+00
1.228891559822886004e+00
1.129587788758756428e+00
1.089413266850156381e+00
1.463530047048623883e+00
1.139127745154737692e+00
1.192020899058786831e+00
1.311382124587041176e+00
1.123344135449075409e+00
1.082603685775709090e+00
1.418620098222526327e+00
1.269282795567700628e+00
1.522173047758481390e+00
1.386576554006129891e+00
1.347890625114588348e+00
1.148316823335945092e+00
1.465886060922718004e+00
9.998596597955707876e-01
1.201109046050876872e+00
1.148037230679231913e+00
1.249854392148575410e+00
1.486507706298322296e+00
1.638373754565703999e+00
1.483891967752605012e+00
1.632564628187820777e+00
1.197624807938324931e+00
1.253180708630831752e+00
1.191284339314271801e+00
1.027352435217692594e+00
1.278321892658530690e+00
1.173706746077056051e+00
1.047612303893484809e+00
1.697721689331688655e+00
1.463383791163610059e+00
1.308924575465244322e+00
1.638749967594539614e+00
1.165393428876277282e+00
1.349472708036241642e+00
1.284482283540696157e+00
1.512964910229600335e+00
1.585759682181401287e+00
1.132816628585810115e+00
1.583640044581102968e+00
1.564098410126214311e+00
1.105715917888449251e+00
1.483464748211309914e+00
1.192694888574679535e+00
1.186054046835444131e+00
1.354967242264625282e+00
1.386349631344446331e+00
1.120039975137310240e+00
1.530970696128709063e+00
1.186949304072957068e+00
1.611537288762580955e+00
1.464952494885372269e+00
1.419325490435888737e+00
1.333789248502403657e+00
1.500790411529622670e+00
1.369181803087593963e+00
1.311788944710945204e+00
1.115520941407655231e+00
1.358278279397085786e+00
1.263964805757727294e+00
1.333586598816657087e+00
1.594761689912505220e+00
1.519788054569122915e+00
1.501252165337771505e+00
1.193597783126185252e+00
1.497504228961071160e+00
1.391521476284859560e+00
1.096926016812729721e+00
9.695028941171702774e-01
1.551780646670030350e+00
1.175071210132956123e+00
1.262291610654623364e+00
1.259284797202777861e+00
1.416578026496375431e+00
1.171274618599977835e+00
1.499041447627985635e+00
1.234749722214089074e+00
1.343633705402931477e+00
1.287182789520024739e+00
1.297733330900680437e+00
1.177975509742597460e+00
1.526311402480589940e+00
1.202139315491983051e+00
1.603368391614304667e+00
1.562161696398203681e+00
1.207614519818401400e+00
1.142277283567316726e+00
9.981395322402120129e-01
1.192147129985459131e+00
1.443867079169532719e+00
1.363062951835221526e+00
1.190597384303584416e+00
1.119821805292960271e+00
1.429078587842037784e+00
1.390786569537495021e+00
1.241722384765036713e+00
1.250322518194462607e+00
1.599988390954284911e+00
1.266562661793483979e+00
1.481898044302157658e+00
1.380763835223121960e+00
1.408506572646572641e+00
1.164162388501559287e+00
1.111781838209988882e+00
1.380823796377460999e+00
9.907035281895413270e-01
1.507957116940072506e+00
1.115415094000324236e+00
1.383281080451725487e+00
1.222488873337959303e+00
1.120889594504271169e+00
1.251331499206059350e+00
1.399870280808954925e+00
1.210069445361477758e+00
1.344220212610908849e+00
1.889719517005185256e+00
1.198039932742850810e+00
1.335044598698684526e+00
1.245256954255124393e+00
1.456777984172095808e+00
1.117339068726263207e+00
1.542561892749680474e+00
1.052224134970174640e+00
1.177841842769333347e+00
1.127343168519441052e+00
1.357629647932842243e+00
1.187947222343166187e+00
1.240805461167484136e+00
1.229359521412896949e+00
1.599703707651456419e+00
1.488239840754576271e+00
1.384387216426636424e+00
1.100651917609894337e+00
9.953225439696042898e-01
1.376584213835972514e+00
1.412753716552785921e+00
1.040976076881305667e+00
1.306778233585944582e+00
1.626088507577013065e+00
1.309868526276302791e+00
1.394502117355249649e+00
1.437181769094447281e+00
1.094067980415254215e+00
1.107286163546695068e+00
1.321391580631573248e+00
1.422973835793490904e+00
1.535882195472994649e+00
1.211172913171646437e+00
1.606150196112212880e+00
1.481345211994007594e+00
1.580467034585093744e+00
1.238507577913649182e+00
1.040667472401871629e+00
1.643785437149295481e+00
1.521894073979862982e+00
1.572649934636844771e+00
1.451337576898995563e+00
1.657594199666242218e+00
1.479581288916597570e+00
1.738470180880331117e+00
1.368702812511260136e+00
1.572421149160137865e+00
1.217975683553548905e+00
1.289570727041028819e+00
1.342993520945154895e+00
1.245025471873285827e+00
1.475313900820324209e+00
1.173847450862095521e+00
1.515521998620891431e+00
1.348807747834759097e+00
1.235973666997930209e+00
1.281857697860999901e+00
1.356858723351974216e+00
1.510137429449561086e+00
1.224344719609423926e+00
1.206616624865577414e+00
1.215596654499714102e+00
1.582483734827629274e+00
1.282676907365598362e+00
1.236962910620920120e+00
1.331406612444732129e+00
1.211664284155432370e+00
1.431359597969512620e+00
1.213254010893441537e+00
1.166992415673565819e+00
1.154329855692463491e+00
1.311068883479036717e+00
1.589742397461789025e+00
1.236788878037376582e+00
1.634423589933626353e+00
1.224769076280034508e+00
1.026043841635950082e+00
1.707051900654656729e+00
1.576776738080843066e+00
1.607801371927027878e+00
1.504543571501685717e+00
1.274819086005989144e+00
1.255884218192507396e+00
1.113230961600303326e+00
1.138249052272320760e+00
1.612266968037666226e+00
1.455872171412810445e+00
1.635628805166462030e+00
1.170036982914634427e+00
1.278612521812364289e+00
1.301736858125079666e+00
1.406876104173638620e+00
1.237991115281088073e+00
1.230247083812082476e+00
1.542503852789002483e+00
1.479181126400212376e+00
1.434151701276762170e+00
1.180165430224752621e+00
1.228395393388753920e+00
9.728042803915888381e-01
1.008282102198629904e+00
1.573385330689678785e+00
1.257147980454593306e+00
1.347205917295115407e+00
1.246120801335934392e+00
1.212670327223519751e+00
1.172516457178051530e+00
1.100834629668042020e+00
1.479641671522317514e+00
1.201718170176243161e+00
1.432665862936493673e+00
1.084088283585136869e+00
1.982213285552677284e+00
1.075843510240967138e+00
1.311091887155967584e+00
1.515603571179456877e+00
1.680329201541287842e+00
1.427393273083211289e+00
1.432122043392221267e+00
1.401604903974143390e+00
1.000682480806020624e+00
1.258823754628576985e+00
1.356337771692851302e+00
1.197531432122910688e+00
1.548453266655752003e+00
1.204851172447961805e+00
1.309928701888564362e+00
1.310993274295286781e+00
1.281521616993617219e+00
1.317255248636948206e+00
1.302758106249143566e+00
1.435490608823256187e+00
1.172643768752588800e+00
1.224765660581306648e+00
1.607815447441622192e+00
1.615534615891274672e+00
1.239470948916454818e+00
1.246108081338548335e+00
1.352611801368206690e+00
1.639576156698877130e+00
1.185892105889206016e+00
1.178112554802793754e+00
1.021225584183047097e+00
9.933412389059407266e-01
1.288763605665167900e+00
1.387453282398211307e+00
1.397203301499737149e+00
1.535233961471552444e+00
1.388355248718225576e+00
1.457874806747750274e+00
1.120533650444179186e+00
1.161233584959600940e+00
1.536680037512116570e+00
1.226976632598225203e+00
1.193255867651938695e+00
1.174148779093101780e+00
1.250262748813665281e+00
1.460943815577167459e+00
9.887545389671148488e-01
1.169298466717867413e+00
1.447434996480649882e+00
1.353932135625472988e+00
1.618891456741993862e+00
1.168548584093429765e+00
1.677940458864726647e+00
1.376923501270645778e+00
1.534230245851810004e+00
1.564035339472228614e+00
1.244677814595370302e+00
1.329371907656017537e+00
1.046527713153687422e+00
1.152471901198281579e+00
1.450833568149863639e+00
1.166094107356104193e+00
1.165842635584190656e+00
1.205493782827082638e+00
1.062746864667820645e+00
1.510192987432056766e+00
1.002965990846442113e+00
1.175373830518201990e+00
1.693526147561547734e+00
1.543421415175389777e+00
1.497286116309420878e+00
1.268646138260798084e+00
1.102496349932595709e+00
1.373508558985462091e+00
1.169103617171418419e+00
1.238303843981456653e+00
1.301972164822407407e+00
1.143836609609204080e+00
1.323616242652313035e+00
1.384869232333516331e+00
1.463015961317752911e+00
1.379920077516250787e+00
1.459407135446857184e+00
9.004207488950782823e-01
1.462128970582948551e+00
1.261473536943409579e+00
1.245525306866334114e+00
1.156044000734056887e+00
1.152928712782066434e+00
1.181202937668469621e+00
1.507043705466180050e+00
1.310245520343183534e+00
1.231282144733419015e+00
1.323836174213491867e+00
1.523137327457830370e+00
1.047210075450259348e+00
1.463921311327468944e+00
1.491299167172412510e+00
1.649893491740061613e+00
1.069818044200392837e+00
1.809586020986055699e+00
1.058697050415921215e+00
1.455269777381552387e+00
1.398149119376291161e+00
1.206544121562743044e+00
1.135429097628747552e+00
1.119200481298897820e+00
1.340548348081637808e+00
1.339634415364768794e+00
1.187214751869950291e+00
1.360699455347197828e+00
1.073827542674068436e+00
1.066229982676190957e+00
1.202074221249570751e+00
1.088782732020960209e+00
1.402366886568155113e+00
1.464564823820553308e+00
1.182758287603798752e+00
1.413596999479267202e+00
1.155762692992280627e+00
1.242808521414617395e+00
1.471269905016544310e+00
1.137684648136493726e+00
1.595047741162875621e+00
1.213656086165098902e+00
2.071039710160244685e+00
1.549984673242266187e+00
1.106669147015178822e+00
1.510021087598654610e+00
1.728218867539429437e+00
1.594573470117090386e+00
1.720398008564849146e+00
1.590133407801834320e+00
1.287832501432175869e+00
1.206537781683974631e+00
1.275709590299078711e+00
1.346005859511848701e+00
1.550330569330025332e+00
1.348490781941404260e+00
1.194199705274360701e+00
1.129750272722655380e+00
1.387138413043086160e+00
1.232805149567431924e+00
1.192803080022524220e+00
1.511571198824864126e+00
1.206667920056549104e+00
1.335528118130804742e+00
1.610296419486961339e+00
1.714181552614849613e+00
1.376218444193566537e+00
9.980187229941439586e-01
1.380374676813697965e+00
1.197665831396779401e+00
1.035886455488172597e+00
1.599564275357949539e+00
1.318915492535442047e+00
1.194523615862030264e+00
1.345701970335296371e+00
1.299070472953859579e+00
1.486147727210438862e+00
1.458656578164350348e+00
1.521024907115119396e+00
1.104692444642634941e+00
1.569100174796189684e+00
1.545281195066628754e+00
1.204760217588465077e+00
1.492692549732582030e+00
1.338875624831005862e+00
1.507002337622516563e+00
1.053021571007318746e+00
1.317881492987759362e+00
1.449657021231927301e+00
1.713710962739273480e+00
9.688429837661031163e-01
1.300737805695196814e+00
1.159806478935949903e+00
1.501629029439414564e+00
1.578277681141781130e+00
1.377994202262020851e+00
1.573559843504725997e+00
1.005906145851397371e+00
1.164144637593413467e+00
1.111061601309420777e+00
9.746618310313714950e-01
1.423007512693361898e+00
1.213863214052807837e+00
1.256604019381049930e+00
1.300890857262932521e+00
1.144909233839786600e+00
1.314126908862599086e+00
1.286587301197930522e+00
1.227901256344744452e+00
1.300167714533959851e+00
1.339290696787116985e+00
1.568015418237298064e+00
1.278307121413674086e+00
1.674572047005363107e+00
1.121773588978086877e+00
1.576103565708042442e+00
1.508690631089601997e+00
1.223427499966674326e+00
1.629272857095573901e+00
1.259533533553326423e+00
1.021681025563470735e+00
1.558803210760154379e+00
1.216672008436276764e+00
1.118425085345424508e+00
1.260817569316418085e+00
1.111482896428489298e+00
1.278714025799363663e+00
1.115524426568663685e+00
1.389186805911175382e+00
1.441567880578390470e+00
1.305012929531443433e+00
1.393032190638070489e+00
1.314987988622284609e+00
1.344991530002348945e+00
1.371654729115979077e+00
1.332731695842376718e+00
1.084912491533778667e+00
2.121526010670553575e+00
1.381853484707936008e+00
1.267233972772379813e+00
1.309088319477321738e+00
9.579184136506800895e-01
1.096901004031703541e+00
1.494594573102463464e+00
1.335787367575020701e+00
1.202654254145383739e+00
1.177615063414113816e+00
1.686373809848482175e+00
1.064217578109536211e+00
1.366233969868284159e+00
1.526015208624973418e+00
1.292369137095869425e+00
1.415445035806291108e+00
1.420823147592503721e+00
1.560092093453233630e+00
1.115591565281347286e+00
1.677349980510216998e+00
1.370101459529668553e+00
1.245208422433527140e+00
1.225897337930613284e+00
1.288351953316242415e+00
1.532506830713783241e+00
1.329921551269296787e+00
1.339383924325190600e+00
1.067898862807641347e+00
1.212950320551204442e+00
1.633729386402212214e+00
1.599807692311701501e+00
1.554168997933225160e+00
1.009433205653490262e+00
1.614616134226340316e+00
1.248061101504571280e+00
1.515302190297683538e+00
1.305383414305867129e+00
1.161145955399080165e+00
1.109661130624777670e+00
9.985968622725125421e-01
1.527802748759965468e+00
1.154023240453402765e+00
1.400091415014252494e+00
1.310223082918771542e+00
1.630348640883787059e+00
1.274662444615547230e+00
1.511847856266347101e+00
1.041828788632272351e+00
1.218822446445328112e+00
1.181693160759077266e+00
1.322552985403730563e+00
1.221348317526000482e+00
1.508283212443890964e+00
1.383463230924673271e+00
1.667103230947759140e+00
1.066139378533578874e+00
1.510109496995827527e+00
1.564126012281999989e+00
1.248671968861783776e+00
1.501764809484859686e+00
1.311679848482640853e+00
1.845619675227106349e+00
1.153524799046654836e+00
1.289922653991370849e+00
1.106313743026764218e+00
1.156697875142975729e+00
1.013561916313239442e+00
1.551312691605326810e+00
1.118299906789107068e+00
1.184786116486310270e+00
1.140925259787188617e+00
1.549917927557125985e+00
1.563305112478623471e+00
1.227495862714585773e+00
1.178213706102956282e+00
1.130544492611922802e+00
1.249022348459279730e+00
1.231885966414295375e+00
1.325817441937501728e+00
1.151374666029595595e+00
1.316535579690357505e+00
1.601265537913331372e+00
1.258606950118229095e+00
1.508174138518049157e+00
1.134103217101541272e+00
9.593511109730549213e-01
1.006735674846879869e+00
1.053842170766980502e+00
1.222257205868864105e+00
1.342381820022318095e+00
1.551307537905254330e+00
1.092222347026574392e+00
1.333473746276669036e+00
1.353678625839306093e+00
1.915694404549233232e+00
1.346322047442967129e+00
1.445010829497234139e+00
1.424615214463468504e+00
1.384843670664803517e+00
1.251965194204241127e+00
1.498982174776709586e+00
1.448269145734939478e+00
1.418179468772119201e+00
1.163463399596781356e+00
1.093619624755951092e+00
1.832562444904184185e+00
1.235040805077911585e+00
1.416024395806687597e+00
1.147390601549628242e+00
1.377196109550431258e+00
1.412384566514951700e+00
1.882861891736310467e+00
2.026739119377915177e+00
1.133968259733353356e+00
1.485709917571275129e+00
1.443705081377611110e+00
1.518505551407863807e+00
1.138300634633327757e+00
1.167929083137388968e+00
1.287941178477436166e+00
1.321497411478503414e+00
1.466253690970298784e+00
1.203061320456743744e+00
1.141507172296726713e+00
1.052454065132831573e+00
1.077437605304280677e+00
1.292992879350968849e+00
1.315540290431544523e+00
1.140317644208715064e+00
1.217757160256659921e+00
1.442031609428011674e+00
1.132288206729017865e+00
1.164540052556193084e+00
1.564154313708460586e+00
1.208280904729013505e+00
1.063301204934121502e+00
1.447167429747646228e+00
1.342878283387171523e+00
2.157121063524024773e+00
1.056897637177282911e+00
1.246476444742867340e+00
1.268361486333797084e+00
1.334270120647532698e+00
1.180932717201527371e+00
1.347596870567228100e+00
1.620518634411717063e+00
1.277472224630388009e+00
1.740856105964980749e+00
1.671102867764572064e+00
1.195135460007367811e+00
1.006186888667929935e+00
9.402834509887991743e-01
1.196836146143990032e+00
1.350484281159771260e+00
1.380378882873976920e+00
1.584290805921291234e+00
1.308794883393798791e+00
1.238272989552285042e+00
1.304771556100770225e+00
1.174695136284160668e+00
1.162798016058852912e+00
1.292632921099664767e+00
1.049863352636417613e+00
1.222460314827213512e+00
1.252506327424421251e+00
1.305290015797597514e+00
1.387310373628159565e+00
1.001913615288157366e+00
1.162896770200984253e+00
1.521950831397855586e+00
1.375645618510253909e+00
1.500182105872722937e+00
1.387079314062620750e+00
1.218362844372002707e+00
1.638060404905950396e+00
1.458643372421537077e+00
1.309263999742075857e+00
1.509318504484537193e+00
1.403613503503669424e+00
1.610008364712382622e+00
1.394028925447739153e+00
1.154724352012250765e+00
9.662446709455732030e-01
1.492378875100690561e+00
1.733240669547163604e+00
1.604736928047080902e+00
1.279704264112082601e+00
1.465028635257228595e+00
1.154706514281912622e+00
1.104485576413443804e+00
1.336110966112813658e+00
1.789845746592237274e+00
1.268526427873198026e+00
1.512986044292374377e+00
1.353618623560364886e+00
1.163335162688695412e+00
1.213122495751930652e+00
1.337966633869355215e+00
1.480568251835998161e+00
1.167593266651027140e+00
1.200158879394950695e+00
1.409027175639075313e+00
2.068469664051800994e+00
1.260662469482658032e+00
1.186541948302964444e+00
1.617313554475625192e+00
1.374227117200911286e+00
1.574040639116393470e+00
1.283366245961310215e+00
1.108593218359583021e+00
1.216127039866847559e+00
1.807466729331936417e+00
1.392221749121301366e+00
2.154715424820442760e+00
1.210827724153403118e+00
1.457102476539267499e+00
1.427613939724021286e+00
1.020420327213965805e+00
1.533511042897219401e+00
1.409253006075239956e+00
1.479852750640799020e+00
1.279948977035531010e+00
1.300106008336318064e+00
1.544245668521265991e+00
1.340628397627428470e+00
1.004623436138130321e+00
1.073421931593065315e+00
1.268562450004936171e+00
1.432111405287394668e+00
1.234820471081391036e+00
1.250006186476313896e+00
1.437311916428876568e+00
1.402294017505768764e+00
1.103470021317695782e+00
1.398175613009582596e+00
1.100120516707982610e+00
1.305640982272253448e+00
1.594380140042785943e+00
1.197545661284087792e+00
1.219305846733954812e+00
1.427189738748348979e+00
1.071577717224689419e+00
1.565237091171776340e+00
1.307196773194691630e+00
1.173848290471101175e+00
1.325796334589310455e+00
1.156726230961928392e+00
1.110497421599742074e+00
1.556818244696436926e+00
1.253880924251791429e+00
1.055744652241941584e+00
1.166914442020086762e+00
1.155309558903115486e+00
1.152592143365252619e+00
1.164667554303040475e+00
1.692754839619328822e+00
1.134373131088035391e+00
1.488051061483500970e+00
1.475467468993608255e+00
1.409861849583507132e+00
1.870215137042968045e+00
1.306665999079539286e+00
1.672148947694045207e+00
1.375275085300833533e+00
1.259601450714071591e+00
1.067579135845839744e+00
1.569805302818206405e+00
1.185961623972434875e+00
1.176650443359680720e+00
1.365042777036141075e+00
1.642335594350107453e+00
1.086460875212675647e+00
1.603138189941306857e+00
1.071269737292772195e+00
1.556350225339265814e+00
1.154262261551456836e+00
1.328690457800957736e+00
1.322485489620145671e+00
1.320842270061800994e+00
1.132133432323510380e+00
1.171421164205780352e+00
1.506583886607578249e+00
1.718409492989158682e+00
1.462483759947208917e+00
1.100266302005095564e+00
1.605952451259785141e+00
1.147074992678127181e+00
1.443319418217750449e+00
1.339777253639471644e+00
1.128178028380804054e+00
1.261401684440407678e+00
1.278758397014677417e+00
1.573962640808206359e+00
1.260270650715380247e+00
1.469857518748148184e+00
1.129117044464077457e+00
1.678671629864250114e+00
1.408227828356582556e+00
1.324233623878972921e+00
1.244993754857541823e+00
1.517060663980224433e+00
1.421357255176266987e+00
1.381288701801690388e+00
1.293679829352990085e+00
1.303861567411884748e+00
1.181984198216005533e+00
1.129411399369346425e+00
1.138662123722716579e+00
1.359640949224810713e+00
1.498731833143282843e+00
1.048749126706014945e+00
1.467482769408403609e+00
9.695673235953822244e-01
1.126013037916729242e+00
1.331363214513342275e+00
1.232291454917123774e+00
1.762103624664943746e+00
1.404358185268427706e+00
1.334126720988053849e+00
1.521676541754609202e+00
1.436471146472011018e+00
1.001232557699786252e+00
1.658425217640925098e+00
1.147064792102922004e+00
1.192634881101589661e+00
1.398909494944779119e+00
1.160919102449611495e+00
1.289428588672152820e+00
1.396558580544113415e+00
1.013725831273017075e+00
