1.583945280067345918e+00
2.109791539437866348e+00
1.391570246583684334e+00
1.643734037273537174e+00
1.361742244044736871e+00
1.453125134898069826e+00
1.119607789197287984e+00
1.444881019737638050e+00
1.219406485713024013e+00
2.168884787489601340e+00
2.252158850589079275e+00
1.384903899912228065e+00
1.732834699253720245e+00
1.618124111449895652e+00
1.834772105268162479e+00
1.606742491575664067e+00
1.614724857614105780e+00
1.333255751295095992e+00
1.577310860099481848e+00
1.568618111289268535e+00
1.676105252262313883e+00
1.687005336741830286e+00
1.627931874106447907e+00
1.669754262321253568e+00
1.651890947577147051e+00
2.009105245373595583e+00
1.752245479134916017e+00
1.765622638562375668e+00
1.383892635106046320e+00
1.557246000124540730e+00
1.582896909856282841e+00
1.839914046260681779e+00
1.780831227628411062e+00
1.672531778140764036e+00
1.221814161046142821e+00
1.770388987605614917e+00
1.799827653122554993e+00
1.195308021792303776e+00
1.496645111827844543e+00
2.068940894223589844e+00
1.583188904275525166e+00
1.721354517757170743e+00
1.250758268403478368e+00
1.669335285762951093e+00
1.651205356915958156e+00
1.006699893349616071e+00
1.216602093876788304e+00
1.582848195947712311e+00
1.335509355238589713e+00
1.506431010655417513e+00
1.539526689285057870e+00
1.395719965818627673e+00
1.284138933501522528e+00
1.299976802182606361e+00
1.641501929499489920e+00
1.474727164937229773e+00
1.305209454246609502e+00
1.739294313583410245e+00
1.643162973508655478e+00
1.444233329971515989e+00
1.403897696224794878e+00
1.730913616641500230e+00
1.610962625137948301e+00
1.419816038559495786e+00
1.625407137810769953e+00
1.382603612389994296e+00
1.399420699969460946e+00
1.803969099887384520e+00
1.210257886503012026e+00
1.396081654303782615e+00
1.782017472119332702e+00
1.699928059302588945e+00
1.334773519849861811e+00
1.350091771736826818e+00
1.526180790761919814e+00
1.609363012493735479e+00
1.697262296688839767e+00
1.618696106283898262e+00
1.545395874817031556e+00
1.524121120306003219e+00
1.614424232601418652e+00
1.643093472143021039e+00
1.275553937743359345e+00
1.548586153697687262e+00
1.513938158247648991e+00
1.565839925864247251e+00
1.903710851573555241e+00
2.218993550296071593e+00
2.063138787889010395e+00
1.949037055140171004e+00
1.764201950892079873e+00
2.119334378438343158e+00
1.528016895587333446e+00
2.304750327596454706e+00
1.376021354927154272e+00
1.366397867358765339e+00
1.711123253719506909e+00
1.052733428671948746e+00
2.020241557722861181e+00
1.418843445488645605e+00
1.522928982108086249e+00
1.281214084565620581e+00
1.415543065166226411e+00
7.386675374947684336e-01
1.257255839940024433e+00
1.911819884582655726e+00
1.664956483100750173e+00
1.612245588822170284e+00
1.710589565149658320e+00
1.569356188950715936e+00
1.293357336122878065e+00
1.481877424481036654e+00
1.557258680247874505e+00
1.335404203178669480e+00
1.698747306150661940e+00
1.257764887570748780e+00
1.721144960759714237e+00
1.859493474924238443e+00
1.724741164130902060e+00
1.961914636787101429e+00
1.658762903646620712e+00
1.372503790668677448e+00
1.737230653853189644e+00
1.847668510410522380e+00
1.674997845894333093e+00
1.470420437636983824e+00
1.590313884863831850e+00
1.922317102569411684e+00
1.370180723127796041e+00
1.369660826729375058e+00
1.150526667350056709e+00
1.689602392199971437e+00
1.666933845135643022e+00
1.699511642825229707e+00
1.623049775128640571e+00
1.218759254962882954e+00
1.710545740694121353e+00
2.030971921022234561e+00
1.717297493219765769e+00
1.299425894354807820e+00
1.696691155063302814e+00
1.509512856756781041e+00
1.383481267181074115e+00
1.384849918169125615e+00
1.468937323241971349e+00
1.322982919600393714e+00
2.154601694487623842e+00
1.756808345600056942e+00
1.720501611243800300e+00
1.640491224261154679e+00
1.330493558835245116e+00
1.602270652641097248e+00
1.661360269785870036e+00
1.546993241916009731e+00
1.253602769974343278e+00
1.824560407449519417e+00
1.552674685056443682e+00
1.324570938625937222e+00
1.337981590799369735e+00
1.853825346364061044e+00
1.241272035526165940e+00
2.003043370715700267e+00
1.560111829562010888e+00
1.322088749338914404e+00
1.549386796865151350e+00
1.130764812745191028e+00
2.009409292901798594e+00
1.833971390596483619e+00
1.451183342639471574e+00
1.531821761705941087e+00
1.777428529011756853e+00
1.997336989530053231e+00
1.669108292427827767e+00
2.033134684384054758e+00
1.544211062479530217e+00
2.432648579485856555e+00
1.592808090138587485e+00
1.719298438922061134e+00
1.627243228781425799e+00
1.351256557052290752e+00
1.651236470248538479e+00
1.303479641517107046e+00
1.769947808458654182e+00
1.634569903363380705e+00
1.559468522625746756e+00
1.222084707866375242e+00
1.318441647205029765e+00
1.604945138105239977e+00
1.324645944289239985e+00
1.424405581198558535e+00
1.623546922525622049e+00
1.433981522343199311e+00
1.692457309714400671e+00
1.558745971647541806e+00
1.639047693138744322e+00
1.504000296131857262e+00
1.642054297735174639e+00
1.817778719224967032e+00
1.756816116571337183e+00
1.592450938229362123e+00
1.328662406896202741e+00
1.959569480179512269e+00
1.644519094613174248e+00
1.560737008683485749e+00
1.723511405557402565e+00
1.577056981432872096e+00
1.598012044075490135e+00
1.172135894715653714e+00
1.512225288246555222e+00
1.784812164299739878e+00
1.808810995435474744e+00
1.495204562169143658e+00
1.568268229517181922e+00
1.720667692410438265e+00
1.707326653121970406e+00
1.680160783220902010e+00
1.286998273212777155e+00
1.561853424055272832e+00
1.449014589023197574e+00
1.671696628238750648e+00
1.464470916401595879e+00
1.337405097435723444e+00
1.519531878354782872e+00
1.437310873879563022e+00
1.686791499273666561e+00
1.640436265908390645e+00
1.922735524850411659e+00
1.455408797552774747e+00
1.627146134644869457e+00
1.861790298791579312e+00
1.756058700507470371e+00
1.640226285158365327e+00
1.789040502148635969e+00
1.085589003670215158e+00
1.643952632852696105e+00
1.614781561004095201e+00
1.768367079897869898e+00
2.118797142352420781e+00
1.663100484281779368e+00
1.448350197505575698e+00
1.675661681396001690e+00
1.721144359499155119e+00
1.769974305268467329e+00
1.778400090656819144e+00
1.784210649282651717e+00
1.438124261617965471e+00
1.701174534564294127e+00
1.870302097934284813e+00
1.514295816239744630e+00
1.344029209048163143e+00
1.800948131976683797e+00
1.902384108607189761e+00
1.852401086129209506e+00
2.413586149726107966e+00
1.793161590636219938e+00
1.609806987184700278e+00
1.941783655681099896e+00
1.337972082589668377e+00
1.424911737409949808e+00
1.505247141011830880e+00
1.458762645259222390e+00
1.804776316681462323e+00
1.873451262599388878e+00
1.757559087088803595e+00
1.732366503879833264e+00
1.609710648612989514e+00
1.559183854421092086e+00
1.608189850946121435e+00
1.609110770958615433e+00
1.515845195973111625e+00
1.499951598962671717e+00
1.795922820421930410e+00
1.672283794184189931e+00
1.317523203056551795e+00
1.678437725223856924e+00
1.181796684231709804e+00
1.763332039530136175e+00
1.615624511672678620e+00
1.457739916241149514e+00
1.581885431917084084e+00
2.017779249237707351e+00
1.463185874081519566e+00
1.338853128306807250e+00
1.536667005847356160e+00
1.604212142958068243e+00
1.172081855612613577e+00
1.454428111154062231e+00
1.416657915527657075e+00
1.377386676002277266e+00
1.683665924265597802e+00
1.333866259426337963e+00
1.853262937697094159e+00
1.567378423705945600e+00
1.562194394796758257e+00
1.558635537561181783e+00
1.419261437366720058e+00
1.582685769049185343e+00
1.596026290253434343e+00
1.764913550001088849e+00
1.330559496305037559e+00
2.117983663218213408e+00
1.341095456643178307e+00
1.702761170772647770e+00
1.558068426645457638e+00
1.493511879016575117e+00
1.691113329897189432e+00
1.914792698704196106e+00
1.405351159600205957e+00
1.572639031374783336e+00
1.776469505175272356e+00
1.866672424940472030e+00
1.396613554727457185e+00
1.922863278792082076e+00
1.689465747150790564e+00
1.240269895949051238e+00
1.594615877606780696e+00
1.362107802482386720e+00
1.697127314172249157e+00
1.110553491789392888e+00
1.572771591616538345e+00
1.553395695068803928e+00
1.158304436856309572e+00
1.506927686245951525e+00
1.310894090029962156e+00
1.876152330638844568e+00
1.707604115966923741e+00
1.353362929840203455e+00
1.582334099487179957e+00
1.917182082576706303e+00
1.656458883749686528e+00
1.448034848949815157e+00
1.364142788090288771e+00
1.537887260414958712e+00
1.510642793917022830e+00
1.601098620654809457e+00
1.768873451504484828e+00
1.502618876053957164e+00
1.562404891093677417e+00
1.206843807988311257e+00
1.475926654539537086e+00
2.017152911624386480e+00
1.546400555800746091e+00
1.050093371576433565e+00
1.870038072649367722e+00
2.030313469104217283e+00
1.624844435176036939e+00
1.456496244293890019e+00
1.610896990856925726e+00
1.747031317224834845e+00
2.119734668191512572e+00
1.428474435527445685e+00
2.020261751135877581e+00
1.707091009109456659e+00
1.316236763352009564e+00
1.507623942185097876e+00
1.477175065872520676e+00
1.998315524853474523e+00
1.603277463966152228e+00
1.446072161025151903e+00
1.506561844890046409e+00
1.393934384323861186e+00
1.196741560053177444e+00
1.432938064340611772e+00
1.786298536982731111e+00
1.676500101385268504e+00
1.450303000507285223e+00
2.414542011975978397e+00
1.684533079050014814e+00
1.730258959250925210e+00
1.290627748510896788e+00
1.496729172913237704e+00
1.865000802065199137e+00
1.613989280252454916e+00
1.696795877272275321e+00
1.571388045239547671e+00
1.677400371022970127e+00
1.357740005706649988e+00
1.980877440625809172e+00
1.566052436681553139e+00
1.592549339440625600e+00
1.528414178620699504e+00
1.587043841347931084e+00
1.962800287253315012e+00
1.330036124062378144e+00
1.361821872547086087e+00
1.493165669520206240e+00
1.798166251898302148e+00
1.202273605798569012e+00
1.638737516299483499e+00
1.753732515985098050e+00
1.551347743899224030e+00
1.776857963486697667e+00
1.722742702691805849e+00
1.595420430986581151e+00
2.205546680915916991e+00
1.574439374882258269e+00
1.279170838086054474e+00
1.479072633344224785e+00
1.517408321093782764e+00
1.839980553137408270e+00
1.776829135427981043e+00
1.822708823413661694e+00
1.855608285522387879e+00
1.615506948477802407e+00
1.285264967098039834e+00
1.801329290227067892e+00
1.873773119002094978e+00
1.593023012816225048e+00
1.442744243095595902e+00
1.424816596883177411e+00
1.612548630071237277e+00
2.034743121877645056e+00
1.715554158071775692e+00
1.738590739684206188e+00
1.804670343335056160e+00
1.730302967271942993e+00
1.685779881497319721e+00
1.633338091425589944e+00
1.768375399531724179e+00
2.040743244436696191e+00
1.563372071448807965e+00
1.952287488099277990e+00
1.685388171796077028e+00
1.373390394326144737e+00
1.424090078002631543e+00
1.606520691430643799e+00
1.353940542640543532e+00
1.820283435573101016e+00
2.027046726273984856e+00
2.137719152166887238e+00
1.489239969393600038e+00
1.254097165138388315e+00
1.586363376154515947e+00
1.767368922183695901e+00
1.937970465313965107e+00
1.621552098781192219e+00
1.541452049192925999e+00
1.525302390110677697e+00
1.975714146959350215e+00
1.780771607623662156e+00
1.328410610872617470e+00
1.318001018391415924e+00
1.593412961032628639e+00
1.779012675650054831e+00
2.049374009722559897e+00
1.501252967257495019e+00
1.599091903538741199e+00
1.520204504620838559e+00
1.821740447983088096e+00
1.838948364375956324e+00
1.228789268914135313e+00
1.787393579984462910e+00
1.944360640269080065e+00
1.336381619568733692e+00
1.472402306663611382e+00
1.736400633369444391e+00
1.644600607691407257e+00
1.659777504467405906e+00
1.668559092432273294e+00
1.294865854692780038e+00
1.737425235347611840e+00
1.612261564088085741e+00
1.520428026653432685e+00
1.319921802971239400e+00
2.014978351009780067e+00
1.673971084379467733e+00
1.803735924343607078e+00
1.585868728205011902e+00
1.149117233083482903e+00
1.266962906563654734e+00
1.313995200588062184e+00
1.441161054925480078e+00
1.395996296211834853e+00
1.717517591004144917e+00
1.795981515170955278e+00
1.571647250891006431e+00
1.376498532003909592e+00
1.486835000045857003e+00
1.462925516964719952e+00
1.313680695590293990e+00
1.563640649818712092e+00
1.563633565859370078e+00
1.646315228926078733e+00
1.874052976481937804e+00
1.588375753829995851e+00
1.765509857230242341e+00
1.877168836937799901e+00
1.476034202075032997e+00
1.817636745822867494e+00
1.706415217617069047e+00
1.606428414766869484e+00
1.597267941178079909e+00
1.201746832172974511e+00
1.469052776250981518e+00
1.327581497272648958e+00
1.763795128052477290e+00
2.014566307983994609e+00
1.821478731430466791e+00
1.816659183999259186e+00
1.695367559189718376e+00
1.713683504693934045e+00
1.639773909588120748e+00
1.473022597781619369e+00
1.528314506753769120e+00
1.317555531062774010e+00
1.240437909902883717e+00
1.610531909132858930e+00
1.616143405913053055e+00
1.726741031668737936e+00
1.930828096693807838e+00
1.550784450845495765e+00
1.893486983412492775e+00
1.668410954105415067e+00
2.018404062017004730e+00
1.643583704105072263e+00
1.649025931782193366e+00
1.749745338153277707e+00
1.911739085822258710e+00
1.485599298305094518e+00
1.165086166361335662e+00
1.509065271520876994e+00
1.522390713414705443e+00
1.947808612816306795e+00
1.604123800048068649e+00
1.645958958139867256e+00
1.230413730829730490e+00
1.774642537487205241e+00
1.460224325580554039e+00
1.998035129462955473e+00
1.420596196229348518e+00
1.316424964821479415e+00
1.590125940112854686e+00
1.577524674613602906e+00
2.037723522228322981e+00
1.433294104552385928e+00
1.811567361290631117e+00
1.593546845821909308e+00
1.479921619532573729e+00
1.648320304302498762e+00
2.267473665628338075e+00
1.299039269889963100e+00
1.749756056621904809e+00
1.326190416862822907e+00
1.398887809843657459e+00
1.813054340377866946e+00
1.784856105701688067e+00
1.550587359760789763e+00
1.915821187936356251e+00
1.728925278141709931e+00
1.398241446133845267e+00
1.457193420066996703e+00
2.227636756342125768e+00
1.658620609501740395e+00
1.640385805861406698e+00
1.365164252244779997e+00
1.620925943249357015e+00
1.741061473700494799e+00
1.436675461056196035e+00
1.612701550812891016e+00
1.634613192289269934e+00
2.014098065900448375e+00
1.718207900662209964e+00
1.565750893075107175e+00
1.577264541196601089e+00
1.882773221438697409e+00
1.851938357244749200e+00
1.631185848557721751e+00
2.027690930383029944e+00
1.349702440795550684e+00
1.609221752793549953e+00
1.913441428996093263e+00
1.649536289621004403e+00
1.715310683533679326e+00
1.623017059918837379e+00
1.827450989097751277e+00
1.235698630416534272e+00
1.325124446860238558e+00
1.819361228352398108e+00
1.616142778399355828e+00
1.362563069425338780e+00
1.227750586302778002e+00
1.295642457193767916e+00
1.649457199424737786e+00
1.879035167892778802e+00
1.664037379016246598e+00
1.608172386178917890e+00
1.395233142752558164e+00
2.010061528303108247e+00
1.867329584169799439e+00
1.635523125300114566e+00
1.567341326864243323e+00
1.543239724703250770e+00
1.576681584126630398e+00
1.707937261412002528e+00
1.677956505275708832e+00
1.350399640935957990e+00
1.385727510823258957e+00
1.500754278672271180e+00
1.335479791344113210e+00
1.366798982656507899e+00
1.825823988149976040e+00
1.588793810278980256e+00
1.613503515839298519e+00
1.624090472515577366e+00
1.464774214382574602e+00
1.122323559172398788e+00
1.444910923867332775e+00
1.769627357683188240e+00
1.677605313976277657e+00
1.795811796316463482e+00
1.423813873771275329e+00
1.330228691100154848e+00
1.961578759522511595e+00
1.033569090386242229e+00
1.534493276624935953e+00
1.566885507014105228e+00
1.478656111016974917e+00
2.050195155330251318e+00
1.514939461103555596e+00
1.990609863041880701e+00
1.280687458826085035e+00
1.519658667038011224e+00
2.010603231054394424e+00
1.642511343637819143e+00
1.748992663375545487e+00
2.056788179334866129e+00
1.561773068469744841e+00
1.444589407729723662e+00
1.733174005650903515e+00
1.225475444823967086e+00
2.013965842388158123e+00
1.868774417844636382e+00
1.637622189787421467e+00
1.984389014400095741e+00
1.153544000282187065e+00
1.525277355273532365e+00
1.419119309092075731e+00
1.536826081619547590e+00
1.628434555905750702e+00
1.295540258049380666e+00
1.868213605779889042e+00
1.810002015439011291e+00
1.501206057144944817e+00
1.638393973060141784e+00
1.349555018180638388e+00
1.731789152193007997e+00
1.184122350778744615e+00
1.654629124486448832e+00
1.621238253603795920e+00
1.743137157971422990e+00
1.727271575208708221e+00
1.333294236932227816e+00
1.613354133831046866e+00
1.695325684022224833e+00
1.746410837843585862e+00
1.435655087299197330e+00
1.549453297573247790e+00
1.322200542042346605e+00
1.394047710513218963e+00
1.368049525212176487e+00
1.823032997176579961e+00
1.299069792725878525e+00
1.426384275612949004e+00
1.570804303734136376e+00
1.588426037001111402e+00
1.817063593848916137e+00
1.792380712315187363e+00
1.949939941256555009e+00
1.869731534895788583e+00
2.046606893667692884e+00
1.419693446184880248e+00
1.611871900379661549e+00
1.567314738607740399e+00
1.514614712459629864e+00
2.126539311263584420e+00
1.240113764125126750e+00
1.741128765403842094e+00
1.358717705547441312e+00
1.740699638402951832e+00
1.550955767835422883e+00
1.882588989144915015e+00
1.764476873511978017e+00
1.240686177863463024e+00
1.432656622608715846e+00
1.577941060932161799e+00
1.466448506814691521e+00
1.657257012249154782e+00
1.593589605633346507e+00
1.528836226601402837e+00
1.338546058605035727e+00
1.515797671110044487e+00
1.621475977089047449e+00
1.294739854308769145e+00
1.459695420396650567e+00
1.496376632083064706e+00
2.041310812102033800e+00
1.542973326177141002e+00
1.628406122116907051e+00
1.729017064037563278e+00
1.548991520354077833e+00
1.499607095337921248e+00
1.539051814653298766e+00
1.933408618215634256e+00
1.762649958907089864e+00
1.211476270052119997e+00
1.141819107703958114e+00
1.295689431256406010e+00
1.576926473591979905e+00
1.446314494621758096e+00
1.726544756894023536e+00
1.594560687198693705e+00
1.409846183333381298e+00
1.825389275952395529e+00
1.354831762611032220e+00
1.084288803916969357e+00
1.643925130088925268e+00
1.853443418399236098e+00
1.720693294690361919e+00
1.954227451080842615e+00
1.611624361886006218e+00
1.678553952114393510e+00
1.687072335261248446e+00
1.671855246592228283e+00
1.594358608332499205e+00
1.235025494744380392e+00
1.812236703474103372e+00
1.490452401511071834e+00
1.336705483085870894e+00
1.535644498241036882e+00
1.705347896476226754e+00
1.921488601597635792e+00
1.428772739062410979e+00
1.447024078286091697e+00
1.609533370666371033e+00
1.766844112324791105e+00
1.628774344064166435e+00
1.965042021242880299e+00
1.667860918536616444e+00
2.033061084726093259e+00
1.432833788604677361e+00
1.608926087654819925e+00
1.596242359729899363e+00
1.400654375359596804e+00
1.657291926989684638e+00
2.024700675561194263e+00
1.807459207519164446e+00
1.595554174172245876e+00
1.687012198415153819e+00
1.759077869709674946e+00
1.615365054439819481e+00
1.654145848230791804e+00
1.915247787865563156e+00
1.407567165258221342e+00
1.721225245827167072e+00
1.336935230783437678e+00
1.710554547780875456e+00
1.550043909211755722e+00
1.799909381728814983e+00
1.843651685813332053e+00
1.457357890096541153e+00
1.546745167158759982e+00
1.503911752608491970e+00
1.697270113354077514e+00
1.950309507485488814e+00
1.236882642390207954e+00
1.137089359818005629e+00
1.525596055174526899e+00
1.626612004163099590e+00
1.080826031206740812e+00
2.038943767125529050e+00
1.689793230620463493e+00
1.611214743132136862e+00
1.611395459731122637e+00
2.015102913854862621e+00
1.418630745332970733e+00
1.340514710052308933e+00
1.542443609420107054e+00
1.711041286736827205e+00
1.632860135830582093e+00
1.638275062012516159e+00
1.964183567183461321e+00
1.276423449730609505e+00
1.201498933591856444e+00
1.530849351529055768e+00
1.756324554705839702e+00
1.705969606961478924e+00
1.720120515060954425e+00
1.341133238414809137e+00
1.487574779035043981e+00
1.755968218421463778e+00
1.832646270435071889e+00
1.762609793931839697e+00
2.066194526797485498e+00
1.788645418943127563e+00
1.922129642325996368e+00
2.039120227196978608e+00
1.472285288817881455e+00
1.864333367950188558e+00
1.333776214968356966e+00
1.543928483385084149e+00
1.761897802996009066e+00
1.593816844918283238e+00
1.627538611179470296e+00
1.284616349791296130e+00
1.585198550257233219e+00
1.250411541137377736e+00
1.407135513755592093e+00
1.516020984898010182e+00
7.622387521195744808e-01
1.691403542670326221e+00
2.052457570611816440e+00
1.869270203268738495e+00
1.863916924738173497e+00
1.549619956641886676e+00
1.465442899349711281e+00
1.791528327155246680e+00
1.444166111840580191e+00
1.189132083640938697e+00
2.053894737428017425e+00
1.534071194254179815e+00
1.869046682723901620e+00
2.084049493649279938e+00
1.284930730335922977e+00
1.380508842554561300e+00
2.032853247382286899e+00
1.557147877905308508e+00
1.479426247662186000e+00
1.587924005133836136e+00
1.323949384362333781e+00
2.016722992016100502e+00
1.889572844353009096e+00
1.578245472272584271e+00
1.998913383766721674e+00
1.729090585236775501e+00
1.338070174465642248e+00
1.485740314790309657e+00
1.430685912089197709e+00
1.851080311187451199e+00
1.625784704152895443e+00
1.640250645743652980e+00
1.180203701074940881e+00
1.753469275635055835e+00
1.685638102179552344e+00
1.361083405452587103e+00
1.202838051544293130e+00
1.917459470205953087e+00
1.644344647636176049e+00
1.499961252501089026e+00
1.298104112708454272e+00
1.225736334975178643e+00
1.216716958438941898e+00
1.867904160121665935e+00
1.744867312967444795e+00
1.530229933833862077e+00
1.701386556997245059e+00
1.975081832664098647e+00
1.791608137170982440e+00
1.830086373786527165e+00
1.701428343720925884e+00
1.650292850646825960e+00
1.480861944662161145e+00
1.179604694155037770e+00
1.261611070742017837e+00
1.363722598206870140e+00
1.471906060666687166e+00
1.303229344577937265e+00
1.730350763241460532e+00
1.516383127640954065e+00
1.675505151189917497e+00
1.358932947678149095e+00
1.963250404492129730e+00
1.294740597940341909e+00
1.368789733394093933e+00
2.147906111688856257e+00
1.508652667244172685e+00
1.751494199811150621e+00
1.893415621922238889e+00
1.917668931271131250e+00
1.640363274036346963e+00
1.860875119466069760e+00
1.702005997347992405e+00
1.265985343007148156e+00
1.550568025894895507e+00
1.322204014717623055e+00
1.524369394536966960e+00
1.699767524374135030e+00
1.427065837605357768e+00
1.921180543006951513e+00
1.454115101543925537e+00
1.494459049303743292e+00
2.034851982335611709e+00
1.539102831843224939e+00
1.249557836302261249e+00
1.217772086334908632e+00
1.599679241399950991e+00
1.351670508227800882e+00
1.963160296883523559e+00
1.179642782071435692e+00
1.345415829078505432e+00
1.343312858663622489e+00
1.987537598470124234e+00
1.630381863225181860e+00
1.600234147366601301e+00
1.755608635385045968e+00
1.602034248817859163e+00
1.660185604006859661e+00
1.800774166497393303e+00
1.172429593439737516e+00
1.406411184972869322e+00
1.391208177305003790e+00
1.798411051510517389e+00
1.570176621782923165e+00
1.707546519039055521e+00
1.805311988935941470e+00
1.620734646506094112e+00
1.369703466104404965e+00
2.308787973002917493e+00
1.424244487542117410e+00
1.432565702429486665e+00
1.058905099821367823e+00
1.638768052094828676e+00
1.785379697105310859e+00
1.982805806318144848e+00
1.729302698796595150e+00
1.715257316599297699e+00
1.852215752636537260e+00
1.344456352557438228e+00
1.582350835878383766e+00
1.688728103463334129e+00
1.814382921478085997e+00
1.412080444443737148e+00
1.242509100048619031e+00
1.848943353160463543e+00
1.569267595281993444e+00
1.755846465670630741e+00
1.782715844986471732e+00
1.418886166668080095e+00
1.780940620256394880e+00
1.280643582172929618e+00
1.397961201964256217e+00
1.895726523996740909e+00
1.457134872927135838e+00
1.294797109102929777e+00
1.612935234746336599e+00
1.846265777158879295e+00
1.491158954256609048e+00
1.535079509636274153e+00
1.710081151250306686e+00
1.455309461144827621e+00
2.177512535296918905e+00
1.957000499740387589e+00
1.708559205006523918e+00
1.806365791184552538e+00
1.672437178784302425e+00
1.628773182778991746e+00
1.584870708251274740e+00
1.290706613358932220e+00
1.307643161069872884e+00
1.541993884958676286e+00
1.697204742496896790e+00
1.535207990721444204e+00
1.599959653390542913e+00
2.116995399725204230e+00
1.981817955449858282e+00
1.674486982712003025e+00
1.645509433130705856e+00
1.303430394397147474e+00
1.411702916216148074e+00
1.652403227487493576e+00
1.553013957381312427e+00
1.879361805661958984e+00
1.597395953291185000e+00
1.734427200562294047e+00
1.667789842451060878e+00
1.437825447728605655e+00
1.349870779418650413e+00
1.926638252978706056e+00
2.353368558235736430e+00
1.361509065606506974e+00
1.566841720949476269e+00
1.719213955234963009e+00
1.389991675977359176e+00
2.349582329885157694e+00
1.672465594592087212e+00
1.125456525702476673e+00
1.430844056115882834e+00
1.298982369531928915e+00
1.543626290107091625e+00
1.529458576727515728e+00
2.038615513806496082e+00
1.475411400779168769e+00
1.861337456981929872e+00
1.499873315205429547e+00
1.625329909234627834e+00
1.644535419365724449e+00
1.428358105006552137e+00
1.639528903035970764e+00
1.483422458844122049e+00
1.560479574323053953e+00
1.475314510758223951e+00
