1.620515562733246373e+00
1.032659929333357596e+00
1.443523834766699876e+00
1.084055894434344580e+00
1.732934911474348416e+00
1.530729121179632557e+00
1.585529428292066889e+00
2.701128952331902866e+00
1.207399974649362440e+00
1.545078924393972875e+00
1.198178966860078853e+00
1.319004386025736109e+00
1.011691465781328736e+00
1.609201756009657647e+00
1.782535049083077139e+00
1.612041744174318891e+00
1.287086262639848044e+00
1.114822352529659666e+00
1.923991875792309791e+00
1.391983205153531244e+00
1.076821593402788935e+00
1.029748290669655564e+00
2.610012394153920834e+00
1.613123660631742950e+00
1.613824691546107637e+00
1.512316565345326325e+00
9.847739800968149382e-01
1.730881499188358985e+00
1.081276407932306283e+00
9.742474309007700395e-01
1.616817363143234543e+00
1.801396098286156100e+00
1.564856913368216862e+00
1.497220816772594443e+00
9.984911157086985289e-01
1.635162226068199276e+00
9.964685941019973958e-01
1.272320282832236860e+00
1.376326156994515770e+00
1.817087407267689469e+00
1.544083989926291700e+00
1.730753243462531454e+00
2.154910266123949203e+00
1.512385971185341793e+00
1.566395622230341234e+00
2.116512843505422126e+00
2.865741486893549794e+00
1.197802502420326487e+00
1.237965831307020981e+00
1.539400812223330473e+00
1.448922250008503498e+00
1.922252143946470815e+00
1.823351804635565676e+00
1.518234974066984044e+00
1.532553896602766308e+00
1.606261523073981401e+00
1.086233000062565957e+00
1.297831551735855848e+00
1.618128541476227200e+00
1.540565821441006955e+00
1.293151597144272413e+00
1.077340176474543165e+00
1.459397656732114523e+00
1.038148045301715339e+00
1.534949343185713300e+00
1.277355739677445978e+00
1.535917313720725152e+00
1.701164270505282960e+00
1.181428465915463466e+00
1.449596887759888375e+00
1.290401243882881577e+00
1.265536714973115595e+00
1.920983442003345587e+00
1.408249906353885139e+00
1.105116942658062262e+00
1.297664913177738910e+00
1.471312082766536244e+00
1.510388278343190782e+00
1.110562711280131731e+00
1.588375156243124309e+00
1.951229461261777098e+00
1.367974050611669989e+00
1.086081217974626423e+00
1.614628260535730053e+00
1.662852721363713870e+00
1.074660895100194358e+00
1.496529679244917421e+00
1.540272470075922717e+00
1.196358761209044275e+00
1.840342722967331479e+00
1.139222640418418919e+00
2.220085563623740210e+00
1.129387860586385628e+00
1.379218904707896654e+00
1.904051296432268670e+00
1.348582768614560612e+00
1.533499066281490242e+00
1.697433547007906274e+00
1.212134990628169318e+00
1.400461782817409961e+00
1.122680765290210658e+00
1.398011633691175426e+00
1.728700835722816409e+00
1.061410199991650982e+00
1.199764173381171029e+00
1.583460289718958025e+00
1.770971558485221919e+00
1.718174650416700144e+00
1.158090054981570027e+00
1.521219755141038688e+00
1.126559911227672295e+00
1.928293041555898979e+00
1.285248037012933775e+00
1.683894576110555485e+00
1.594643376262494971e+00
1.466991069114100821e+00
1.453156112338519268e+00
1.500485634795793333e+00
2.040825925312208522e+00
1.639456832750797233e+00
1.527158152966061166e+00
1.666874073889283769e+00
1.546430655887111261e+00
1.034102116474798327e+00
1.225891782465032165e+00
1.243929746418769078e+00
1.593597958261396164e+00
1.833976538446959514e+00
1.227926086960244634e+00
2.619167898671248995e+00
1.696707528424511224e+00
1.379068422956911677e+00
1.378371075689807101e+00
1.547355121056859240e+00
1.088958751489560894e+00
1.253422238636487496e+00
1.006049510207601028e+00
1.830113872200431979e+00
1.584921427796050830e+00
1.257091476611600367e+00
1.727316641897224780e+00
1.167742366500754247e+00
1.739365944471802594e+00
1.729975403730564132e+00
2.014786414390524527e+00
1.237107549906339976e+00
1.768529879613139233e+00
1.313387154070040141e+00
1.778422313714848269e+00
1.460007491622010711e+00
1.692795023823717715e+00
1.671095012431710325e+00
1.710416361512915095e+00
1.066519734439774769e+00
1.291821454195048569e+00
1.928351899744994435e+00
1.418792353161669961e+00
1.756934560117871191e+00
1.391967984010775261e+00
1.486834033474828676e+00
1.094198641754552392e+00
1.521398490830653705e+00
1.335847464594688505e+00
1.391760531847104465e+00
1.935689460346174284e+00
1.303327931004567564e+00
1.462471597935171452e+00
1.815276675593235911e+00
1.090028569056579189e+00
1.520376762678582239e+00
1.512655441614728424e+00
1.059857369243548009e+00
1.088469111717409898e+00
1.350667600962051518e+00
1.726565486703228958e+00
1.318326308950052317e+00
1.526449957941499180e+00
1.570289683676900694e+00
1.521757816251981588e+00
1.152614861324506190e+00
1.291618742571288836e+00
1.057190425209915574e+00
1.828455929658967305e+00
1.674687927557938716e+00
1.521553109341482246e+00
1.403727407918340608e+00
2.199496932042194430e+00
1.358036087959908711e+00
2.611253302649028996e+00
1.429665447859417737e+00
1.834800117820339915e+00
9.921130020368426061e-01
1.586766411117771947e+00
1.485201748486417506e+00
1.522648234835008108e+00
1.000243784455318918e+00
1.456276222828948974e+00
1.404382663928913644e+00
1.341771085260522023e+00
1.449352187021270222e+00
1.458243070849177370e+00
1.109659840549619192e+00
1.406814077633759874e+00
1.454460355381993253e+00
1.487651613082852542e+00
1.970483182995885540e+00
1.426570332925366946e+00
1.531792650122795196e+00
1.670349131881503357e+00
1.039235957847714387e+00
1.557202386667424721e+00
1.530940528894243036e+00
1.826063688980295474e+00
1.547151198523512239e+00
1.644071475082476086e+00
1.677733428174996932e+00
2.094655369778464671e+00
1.139373829294155538e+00
1.406658340120123363e+00
1.591393075659421008e+00
1.362903748105197321e+00
1.797420785746220329e+00
1.062127895999554816e+00
1.356991156974358459e+00
1.909784081807125888e+00
1.346914394383390778e+00
1.558093811213648205e+00
2.074837002361459959e+00
9.803997332949182519e-01
1.112720581698439126e+00
1.546144906627668236e+00
1.400591984632202802e+00
1.908499019581778144e+00
1.756837061614214823e+00
1.896598436462034076e+00
1.005961523691190074e+00
1.599884822243086813e+00
1.086674485875297247e+00
1.604091973926755621e+00
1.130487511010117796e+00
1.298627141178491762e+00
2.000692207278174983e+00
1.752871633754663927e+00
1.849828968932411666e+00
1.556870192961480992e+00
1.495117429853579871e+00
1.456047718105879074e+00
1.042651103939856716e+00
1.361711849010522224e+00
1.786575703913493740e+00
1.006684277724829935e+00
9.795000193193689197e-01
1.633079419409037003e+00
1.679183773912751310e+00
1.396262900140081697e+00
1.576075874448464864e+00
1.905029863588916683e+00
1.777506535884655570e+00
1.531021745235421339e+00
1.642573604911431007e+00
1.706910020333437972e+00
1.074281802772770522e+00
1.664802342418551184e+00
1.830968208092971672e+00
1.482828889498397196e+00
2.614923172877150481e+00
9.877084634650640238e-01
1.244947981278725635e+00
1.473892716708361306e+00
1.623748863650815721e+00
1.201531450369544451e+00
1.481716222349608758e+00
1.525297555521869741e+00
1.457629961040354916e+00
1.365709040691843734e+00
1.072575932430618106e+00
1.472943723518041148e+00
1.552633403154113578e+00
1.896287871973224570e+00
1.322028070009438450e+00
1.449070842552975025e+00
1.729072546951033074e+00
1.194216202688468398e+00
1.486913556634924305e+00
1.699658890604701655e+00
1.534659348886328933e+00
1.895344462624910076e+00
1.240635928656030673e+00
1.889950007772607909e+00
1.480468738135882978e+00
1.193427733248209721e+00
1.076357960700750738e+00
1.634652519621003997e+00
1.467820686902204352e+00
1.664087205807809333e+00
1.439816958750086195e+00
1.408736428793570861e+00
1.088194016464010261e+00
1.448793220960588490e+00
1.223243245733177220e+00
1.495975950888875250e+00
1.103789137058776459e+00
1.633932957161472688e+00
1.241616450071694855e+00
1.431447414301071586e+00
1.180373792727680948e+00
1.619035672200979548e+00
1.410305772647730382e+00
1.648649593168105998e+00
1.334299078549819439e+00
1.027744298837967252e+00
1.382043938576686060e+00
1.754152260223498239e+00
1.491533922490158925e+00
1.550435330182011517e+00
1.330363128101429204e+00
1.558310866392242700e+00
1.584366404146224871e+00
1.034444235557384850e+00
1.657684513671907611e+00
2.112942400624401085e+00
1.752156140214903068e+00
1.634890707159724288e+00
1.096190495741477866e+00
1.814565051191070255e+00
1.013221359066845961e+00
1.152724110157244075e+00
1.492177701061681461e+00
1.015964031450318661e+00
1.426449998401078556e+00
1.442298025149457708e+00
1.259857483124342314e+00
1.284349374317270032e+00
1.401819887340336912e+00
1.568028889345275401e+00
1.406737996226065768e+00
1.332393668890978766e+00
2.308192300333526958e+00
1.145258968027611957e+00
2.138718487758068498e+00
1.401359160861185504e+00
1.624953496890971794e+00
1.780123385308750361e+00
1.443065446084120795e+00
1.737545166091720938e+00
1.400176047001223223e+00
1.312820929698175654e+00
1.336244436969757698e+00
1.511331478657454319e+00
1.716901620862790523e+00
1.302665473111138006e+00
2.604704341253587963e+00
1.561109440084708311e+00
1.482390812171391792e+00
1.746686474425471092e+00
1.166968225707680773e+00
1.165345440434702340e+00
1.519535341847193077e+00
1.546409314894652498e+00
1.063666536538317109e+00
1.899064045853957161e+00
9.759612298265668562e-01
1.418506693353592141e+00
1.508913019280135437e+00
1.594619136010278382e+00
1.236483842002591649e+00
1.405142893182696362e+00
1.002844236702168601e+00
1.522886465477808260e+00
1.064437698090165973e+00
1.555815168561249129e+00
1.627186506134199462e+00
2.066033217919252873e+00
1.077623463247935565e+00
1.442925623501604582e+00
1.157949160218766371e+00
9.855098037927169097e-01
1.485653964183978770e+00
1.603785540894822725e+00
1.621884958074776062e+00
9.674730595229116270e-01
1.679288492812054390e+00
1.848396317805633293e+00
1.400578613822652141e+00
1.425668095730086904e+00
1.493089640805654428e+00
1.481737277083067239e+00
1.269412417878661214e+00
1.906974629225849371e+00
1.639781423415825445e+00
1.676196001150595860e+00
1.409314626444948981e+00
1.716499459672607752e+00
1.110636151862707699e+00
1.376177411406661388e+00
1.992462104729548988e+00
1.188187188048055232e+00
1.285859332348244344e+00
1.546862063890986461e+00
1.440365773801241422e+00
1.647676890874887334e+00
1.632981489949856257e+00
1.215250915718530944e+00
1.477771877910798004e+00
1.596304050344534708e+00
1.227373805138494589e+00
1.594083417203239872e+00
1.286225423430275017e+00
1.594604124852156080e+00
1.287332819004726625e+00
1.723793525922467040e+00
9.214126807763810545e-01
1.796796621020835927e+00
1.398976943201728718e+00
1.044493324190662209e+00
1.833260726949826669e+00
1.657695976162926854e+00
1.816722863904195462e+00
1.480247743557224993e+00
1.216602763614496485e+00
1.830297578671317149e+00
2.603423305569938506e+00
1.492823646807224236e+00
1.663834039615701865e+00
1.015002407578982302e+00
1.764082046315942565e+00
1.733991906354389823e+00
1.477326615200006188e+00
1.624335246106321407e+00
1.636025345601834324e+00
1.572790011946335387e+00
1.322468156140458762e+00
1.086159088624015556e+00
1.634601028819075985e+00
1.761425751176092014e+00
1.444763439105724467e+00
1.966409119647779535e+00
1.070989163323478932e+00
9.490728047961426439e-01
1.814480342894714493e+00
1.081804756576058013e+00
1.452858596720807638e+00
1.046857766550550073e+00
1.439420616399191610e+00
1.469914413134318476e+00
1.482855210917307875e+00
1.730901701240972868e+00
1.115441685856378484e+00
1.671867021397045683e+00
1.264900322162563207e+00
1.077340373156610021e+00
1.516127867329687851e+00
1.011203907730279905e+00
1.545145717736740032e+00
1.099007194888151906e+00
1.517437317600689894e+00
1.852704588558618637e+00
1.568903082485913592e+00
1.153576780002260271e+00
1.018719873556591882e+00
1.579226411154065701e+00
1.478334006545822588e+00
1.584033380152391368e+00
1.486700911793006785e+00
1.705479783701419061e+00
1.344127700826542204e+00
1.571924043099388379e+00
1.649209662815326105e+00
2.064385518501471672e+00
1.360598956981213359e+00
1.132295206257692088e+00
1.413129042927798062e+00
1.443477183226107741e+00
1.739076283513044219e+00
1.315683937587222907e+00
1.039888553549292771e+00
1.283361072782257084e+00
1.607937877365057666e+00
1.615115397879925307e+00
1.599580460496279777e+00
1.213702920751660086e+00
1.198818290587672530e+00
1.193605881028084514e+00
1.308213442345743660e+00
2.592607935956896981e+00
1.563079780505111760e+00
1.503614735802130564e+00
2.024007499676739208e+00
1.099138120368949645e+00
1.295020375065835339e+00
2.216716699234829058e+00
1.043427865774426699e+00
1.928966903430086033e+00
1.447667042291412853e+00
1.128259271903648386e+00
1.564115411956549906e+00
1.044767909431115305e+00
1.197499405329456756e+00
1.917113471511978418e+00
1.841373791970361440e+00
1.834884290558696174e+00
1.458211524039511708e+00
1.526481912043896383e+00
9.922078214509408856e-01
1.596997914462165769e+00
1.197678460097987285e+00
1.328476531946717110e+00
1.424928739904820274e+00
1.201055304617124841e+00
1.430043707655318519e+00
1.438467039927961988e+00
1.243990003615871975e+00
1.170212794662397249e+00
1.606328820449285821e+00
1.174577283743069689e+00
1.817521150287541243e+00
1.233564776434980637e+00
1.348232101069644528e+00
1.562316591805361865e+00
1.876615050552528086e+00
1.005817751588989006e+00
1.335512035960372046e+00
9.997029377215880253e-01
1.494598788468363360e+00
1.679783447289548759e+00
2.620257266842396238e+00
1.686921121772624987e+00
1.586623642364795472e+00
1.558381687199333676e+00
1.435460809900486856e+00
1.645581966608303803e+00
1.754311889303302285e+00
2.045545553007028339e+00
1.002683729599534557e+00
2.204188770068484349e+00
1.398135440779156857e+00
1.394427998862000972e+00
1.897599023183193401e+00
1.089343579342070489e+00
1.556845155059833008e+00
1.031125712007145534e+00
1.413818233334586560e+00
1.709414051589743799e+00
1.356855111202746711e+00
1.591781578587371238e+00
1.205868318319375909e+00
2.132366258773054302e+00
1.665634828406037160e+00
1.740303578838108489e+00
1.536871926628423868e+00
1.528647959855757410e+00
6.938803974897416182e-01
1.563055495332356770e+00
1.392464790495328675e+00
1.564678432013557829e+00
1.321873581006910880e+00
1.062277400914865666e+00
1.640835040014062995e+00
1.658074835019216042e+00
1.478792729035808051e+00
1.295449469277945465e+00
1.177070621266421702e+00
9.772561501762981884e-01
1.336314960136619989e+00
1.134936249964210608e+00
1.593835082300380623e+00
1.690615978362385308e+00
1.711470721929214456e+00
1.367655972984949342e+00
1.531234529182086579e+00
1.208503105152947121e+00
1.310603143979026886e+00
1.458526104676782342e+00
2.266309865069112472e+00
1.377596853125179654e+00
1.009338062935577485e+00
2.048988645781342210e+00
1.668461406802374869e+00
2.178730216925843788e+00
1.391168806054640994e+00
1.555033241859987481e+00
2.715402700639350186e+00
1.459834663775179564e+00
1.839126441487770380e+00
9.506314434000612268e-01
1.423993061734159626e+00
1.438717094615675984e+00
1.739959332426529670e+00
1.696218267278383207e+00
1.229429278724965879e+00
1.193970498487697318e+00
1.804296072150215924e+00
1.393131452515392388e+00
1.400443531825533050e+00
1.772847470139993664e+00
1.321479960622612859e+00
1.299844667632642725e+00
1.661264414921450605e+00
1.044615935778498317e+00
1.495062170959350345e+00
1.006325819228311103e+00
1.377609674493700531e+00
1.545586046388224277e+00
1.315026817833397699e+00
1.204684235250145230e+00
1.768103700516588939e+00
2.642537036801954731e+00
9.912327521018371446e-01
1.420206616114774612e+00
1.643636100597886784e+00
1.860899895298668616e+00
1.317917331328535724e+00
1.189676523238336170e+00
2.532685369451365798e+00
1.924981772647464728e+00
1.522912928211001882e+00
1.452772486272032815e+00
1.053991378833383674e+00
1.586084315360693386e+00
1.022025638558963001e+00
1.462334121779106599e+00
1.552079339661715407e+00
1.927890481337496631e+00
1.006341495590162394e+00
1.475532342470651237e+00
1.078442175919180013e+00
1.819388801420620982e+00
1.573111620171173897e+00
1.450842266691371396e+00
1.143526472059947618e+00
1.364047849035355586e+00
1.446252613008232935e+00
1.400394254805321426e+00
1.054750060258879518e+00
1.843157123120047203e+00
1.251398781078822742e+00
1.595920223741208233e+00
1.747984703237480675e+00
1.283421267202391913e+00
1.043245325123616229e+00
1.484260374268193017e+00
1.537459640744976985e+00
1.636829272234535004e+00
1.734089573619086000e+00
1.644127446178324847e+00
1.950693234706052381e+00
1.036023166194660838e+00
1.344656536642013345e+00
1.375217560104673220e+00
1.694014132214833435e+00
1.680822387155771924e+00
2.326281938145298156e+00
1.402218373166762566e+00
1.033126066011333277e+00
1.663437341362040467e+00
1.997825512684527904e+00
1.592538540145403747e+00
1.795626360974590385e+00
1.293026426763533854e+00
1.186562146857500943e+00
1.265456118149733467e+00
1.724773707356592300e+00
1.476961925032092227e+00
1.508369959076365729e+00
1.863900391895144670e+00
1.489090458926934701e+00
1.558800573437571613e+00
1.644839930749617096e+00
1.141357257479762133e+00
1.247186862909577254e+00
1.013562933985855619e+00
1.687084525143613511e+00
1.027832211059073630e+00
1.324964250679164790e+00
1.089872437346026457e+00
1.784973288865776553e+00
1.548961857947458221e+00
1.656946114494607825e+00
1.609328868871595875e+00
1.509683406622589485e+00
1.902141392457758151e+00
1.356959265007161575e+00
2.618309163956680674e+00
1.611513826164671537e+00
1.128486060533655522e+00
1.384150147395206254e+00
1.562414150843729477e+00
1.925016260819954139e+00
1.673350198101838604e+00
2.606447204254648486e+00
1.657414607903062942e+00
1.392300216605826702e+00
1.842251344479309161e+00
1.091595289165125937e+00
1.656813771923624001e+00
1.310106142186694189e+00
1.660653124204669151e+00
1.334016496846577082e+00
1.305298375599393212e+00
1.038195812159884879e+00
1.920084813132300727e+00
2.149875203306849780e+00
9.759688827716338499e-01
1.866526232794310625e+00
1.489988622632512971e+00
1.138860346807777146e+00
1.958271391903779524e+00
1.694291961588142437e+00
1.197966005102271136e+00
1.092893189852716107e+00
1.911436552442913994e+00
1.649382466652666412e+00
1.680571747235452218e+00
1.522196634540117444e+00
1.011568904659109425e+00
1.666966122064362565e+00
1.619112270235474105e+00
1.381987168411755507e+00
1.583075271918230165e+00
1.418571028050367167e+00
1.722236622416985163e+00
1.337548500592350642e+00
1.070980016926916578e+00
1.831190939243630300e+00
1.478984018627706121e+00
1.534950824846883277e+00
1.446425805412523857e+00
1.625024771699336013e+00
1.277798205125538988e+00
1.661373620010207386e+00
1.533852320536426950e+00
1.460573189887821366e+00
1.223918002780054248e+00
1.206651912340793276e+00
1.009477975131980676e+00
1.395049785063527503e+00
9.545326855743012651e-01
1.919551768399799352e+00
1.234298364287415017e+00
1.655335235999947807e+00
1.425771542272082026e+00
1.520463734926848831e+00
1.415187239893372695e+00
1.453690092145914825e+00
2.107225389286622619e+00
1.066453811052856082e+00
1.334822246462336048e+00
1.011817687909724706e+00
1.796674549409521759e+00
1.824296530976877051e+00
1.475327641462584660e+00
1.807960602167299147e+00
1.690984519670937880e+00
1.294873946119566632e+00
1.701645654298602706e+00
1.111858829356752842e+00
1.275266441841885756e+00
1.009357369240735380e+00
1.601154565810422703e+00
1.447403985337621934e+00
1.510525052663305390e+00
1.223083331953859654e+00
1.682096954360319918e+00
1.884264275641214903e+00
1.041799889675441237e+00
1.598479823002842526e+00
1.573396738254021709e+00
1.405233543569667898e+00
2.238383007166993455e+00
1.587784116619023633e+00
1.754259979599272379e+00
1.466158388753694641e+00
1.545573311061827493e+00
1.229762855007150657e+00
1.524725509425368886e+00
1.088970046867640429e+00
1.088911841452890883e+00
1.759756698663022201e+00
1.241867282956266472e+00
1.734326691918099739e+00
1.713502130357579034e+00
1.348962459135865100e+00
1.266092701469268889e+00
1.232015682004923507e+00
1.619276370045110935e+00
1.528886755646521989e+00
1.471615557840638688e+00
1.606204234337581305e+00
1.551601829988900283e+00
1.544917268875540595e+00
1.367096667116350694e+00
1.427154649676583453e+00
1.009007525492488844e+00
1.017757953711442287e+00
1.586013159827698971e+00
1.408462507788646123e+00
1.665195163315570159e+00
1.384136889633800882e+00
1.326274319622402276e+00
1.545465738810513301e+00
1.423689974736836339e+00
1.062655712895020255e+00
1.396583798361359596e+00
1.863755345035954525e+00
1.813764824558833810e+00
1.675421394575062894e+00
2.004935150651379505e+00
1.048690783912589630e+00
1.013831607158274473e+00
2.612486780381888085e+00
1.799608888576164523e+00
1.196826646277389328e+00
1.654120197434652217e+00
1.266806833902412999e+00
1.413025653620396449e+00
1.462305917516600218e+00
1.820605674935488860e+00
1.014099755108093692e+00
1.630418017688623378e+00
1.416603480458358488e+00
9.854088606319848509e-01
1.033626377034305488e+00
1.004739164139352603e+00
1.939371122293217287e+00
1.704050745774651654e+00
1.573019280622800276e+00
1.806917228715376744e+00
1.497428203241158773e+00
1.738601784050169963e+00
1.346651399518448367e+00
1.192815713116500698e+00
1.349132760874514947e+00
9.283128846045304305e-01
1.674540904042802536e+00
1.054534922695772536e+00
1.853613826190406710e+00
1.792324878676595068e+00
1.202062721823022207e+00
9.494117574077114430e-01
1.653440504331718408e+00
1.743747604880348412e+00
1.688297476162801347e+00
1.775751016917235026e+00
1.140105918655570205e+00
1.285941853994537976e+00
1.654901923756050719e+00
1.633632118135590838e+00
1.704663597414294740e+00
1.743228665737350358e+00
1.139302047880160318e+00
1.016825916586607814e+00
1.518782241759083940e+00
1.289852285859885539e+00
1.580811410516240301e+00
1.629909573067706896e+00
1.850681128219433091e+00
1.739558566528136341e+00
1.727296716273376109e+00
1.423722838985124195e+00
1.238154141903449412e+00
1.828895985117369616e+00
1.578308606642114365e+00
1.180543322485854141e+00
1.537116405756921989e+00
1.589360777061180174e+00
1.532219630963754797e+00
1.503638047921373566e+00
1.836820935607028193e+00
1.566026598041393658e+00
1.619676122315915956e+00
1.392863277419336798e+00
1.650695569658652273e+00
1.010985009640361199e+00
1.219597794417861536e+00
1.552900286439454325e+00
1.779331908541706309e+00
1.610496412885572770e+00
1.704473603983180041e+00
1.643260880595378781e+00
1.384258746326688660e+00
1.556431762886737236e+00
1.020543939156272506e+00
1.810860018493253287e+00
1.487911228454803503e+00
1.562979339159385805e+00
2.205232632950631544e+00
1.853232391252948252e+00
1.014850223482075764e+00
1.412822172955083389e+00
1.662123289170337026e+00
1.584761561641752747e+00
1.200930224772127186e+00
1.289273970724945872e+00
1.184269950310087971e+00
1.707470372936730207e+00
1.417496005204686549e+00
1.122832875879133940e+00
1.791627522948181950e+00
1.518205202816108601e+00
1.338300308336968447e+00
1.478113878626086342e+00
1.852476825376930814e+00
2.137236993173568411e+00
1.055571101391736821e+00
1.864646362623571196e+00
1.278863186352969583e+00
1.528610685161142957e+00
1.493063780898922888e+00
1.657354485670360811e+00
1.218153894521299074e+00
1.692784625724618852e+00
1.149619681389820514e+00
1.551142502980597859e+00
1.611834839281609311e+00
1.364228734779478591e+00
1.023673658039536472e+00
1.133511177199592268e+00
1.283548175404152225e+00
1.050674509972943094e+00
1.823726068023465929e+00
1.228933237194592243e+00
1.434321656470507911e+00
1.305450326491712332e+00
9.874216882238440185e-01
9.977824036397301422e-01
1.611904569394598807e+00
1.620570099064390313e+00
1.757141798045997350e+00
1.587230556618153932e+00
1.165619279063319080e+00
1.334523708515399809e+00
1.367689972818042943e+00
1.881443530466678338e+00
1.349813491592120940e+00
1.309858788117886474e+00
1.077902467271421916e+00
1.322963363734904529e+00
2.124089635331471548e+00
1.144532962441816348e+00
1.631262486688810132e+00
1.724164778384556840e+00
1.110711774364475879e+00
2.386278262585589616e+00
1.070500751412065688e+00
1.575500801120492511e+00
1.611937964190122585e+00
1.517934085472510075e+00
1.583046395955619356e+00
1.397518198291018088e+00
1.320366679557294143e+00
1.484800025485647490e+00
1.343230488173543513e+00
1.455318402696710312e+00
1.720636952183271395e+00
1.295289899061285555e+00
1.620273306262412838e+00
1.393879254956695846e+00
1.398941751507278397e+00
1.013135186472232885e+00
1.661210597472143169e+00
1.435043419928788921e+00
2.704814839874338350e+00
1.898972555060193024e+00
1.607639813138708851e+00
1.858684200145708898e+00
1.611682653493252015e+00
1.440936191959784285e+00
1.586590679997187170e+00
1.447884122275836294e+00
1.672792781288303443e+00
1.681140835503999176e+00
1.823779992396404426e+00
1.755583503809083901e+00
2.609698683354638060e+00
1.530518334106968803e+00
2.613701446574324017e+00
1.412213973575188630e+00
1.271680894366021386e+00
1.937638084050138376e+00
1.545598309605163312e+00
1.046307150219415227e+00
1.582882519791468434e+00
1.040477580811121516e+00
1.334020096713320003e+00
1.032748440090807129e+00
1.579594538996230035e+00
1.635385370759744772e+00
1.728964964619241096e+00
1.646829135037015002e+00
1.632095693563616168e+00
1.334354787318532631e+00
1.178507172704867489e+00
1.744061323874789959e+00
1.595931604397715198e+00
1.872609119444261561e+00
1.875590868652118548e+00
1.200317570576202142e+00
1.429602636786664993e+00
1.579560970133720543e+00
1.237090978296359278e+00
