1.000000546298951853e+00
1.038676092557957009e+00
9.936971571806405557e-01
1.097654742770347136e+00
1.475401319398152555e+00
9.486060085553046362e-01
1.596760976540752219e+00
1.333402379778662494e+00
1.001716670685414368e+00
9.521960559785481726e-01
1.323442957403517140e+00
9.494423817904713570e-01
1.101142903121432148e+00
9.892074397004736452e-01
1.682235492823381584e+00
9.734421091469060983e-01
9.962454791778448948e-01
1.008959197675800334e+00
1.398116036355714353e+00
1.086757608376099471e+00
9.962036041753112858e-01
1.180912247967569551e+00
1.631583818324062518e+00
1.067483266898344496e+00
1.294041218016953154e+00
1.128793909920125849e+00
1.342864875914075107e+00
1.059619652550191304e+00
1.081861424393549376e+00
1.109086241645199200e+00
9.365537095842388915e-01
1.201379002054540068e+00
1.040570796185691371e+00
1.114735673561624951e+00
1.884322105443634987e+00
1.382999027659907787e+00
1.020709454320865461e+00
9.438696200523937208e-01
8.832556063701735294e-01
1.216094394445219606e+00
1.489067005289388401e+00
1.026601010587597118e+00
1.198810568166260637e+00
1.208544507672172585e+00
1.111254449293763491e+00
1.216222858540019214e+00
1.142442394921629134e+00
1.047582932162220981e+00
2.332767560286123754e+00
9.549048092066042548e-01
1.011669944312954428e+00
1.117280064346921620e+00
1.304278635313967705e+00
1.568978272333868551e+00
1.282184266020763852e+00
1.133920054508055886e+00
1.089263622946905041e+00
1.046308561115248725e+00
1.004824472654812118e+00
1.105845061830160070e+00
9.371235892314393467e-01
1.476839301395939996e+00
1.021703592930593762e+00
2.201208312990594163e+00
1.012409883419980394e+00
1.917974095855273786e+00
8.818360757213528078e-01
1.395607541394507711e+00
1.112635722304696539e+00
9.803202352108424389e-01
9.797444069645538933e-01
1.084731952973602587e+00
1.444937022191610909e+00
9.514454766111052342e-01
1.139771028005433839e+00
1.133655904540058046e+00
9.295946833179434821e-01
1.409745266256831275e+00
1.135718255606009475e+00
1.033744850671724835e+00
1.199499116553368383e+00
1.378190087756132387e+00
2.703246460649434191e+00
9.710813170827713448e-01
1.490590276810587644e+00
1.111553676383872258e+00
9.203556103003387445e-01
1.054734252191209753e+00
9.861930462651046225e-01
1.190942912949354948e+00
1.610763152274846677e+00
1.544674646323123346e+00
9.705165028249441717e-01
1.036135732383970831e+00
1.144576126227370816e+00
1.014618739137806536e+00
1.165551105748950045e+00
1.487285980842901312e+00
1.053296463827963159e+00
9.656454111874063218e-01
1.024031603746427876e+00
1.143929162405920685e+00
1.143427695488705487e+00
2.478495675932989251e+00
1.064049102512664380e+00
1.405558724356569700e+00
1.009496705506743419e+00
1.363218027283559453e+00
9.333407504716559888e-01
1.508194716844353245e+00
1.009100885452862473e+00
1.009234566973345348e+00
1.378833649926552107e+00
1.168726357432114060e+00
1.344155084978978287e+00
1.265407089206081803e+00
1.123278984692169802e+00
9.780766042977268038e-01
1.141226274390415130e+00
1.430840072790537265e+00
1.411200075812518495e+00
9.476331116606371285e-01
1.085626774565342068e+00
1.344587888601213477e+00
9.627352835514433327e-01
9.831996853687953175e-01
1.175511075222758439e+00
1.823458778018568038e+00
9.957074766088644946e-01
1.136680600679647490e+00
1.236578902078345088e+00
1.153763164004043551e+00
9.968576427673954132e-01
1.067612064449853460e+00
1.153459562457304965e+00
1.157090848948150841e+00
1.019472757423504294e+00
1.160093932082419954e+00
9.546406844621344590e-01
1.489482398149194475e+00
1.029550420364056640e+00
1.213322148947737711e+00
1.145213201247568424e+00
1.372511489212111302e+00
1.017588840162256147e+00
9.397802897370376440e-01
1.054026664054109830e+00
9.246579254770035394e-01
1.114484348694611437e+00
1.143551537516617422e+00
1.119926184106081468e+00
1.242444682230952946e+00
1.368800633667326183e+00
1.042975262974662476e+00
1.378429053902506585e+00
1.361248234152207859e+00
1.094770724490753411e+00
1.313873663524627533e+00
1.050424967883114569e+00
1.036578712272294034e+00
1.481958330773767374e+00
9.814150064564889364e-01
9.934020272087258352e-01
1.066642518519094862e+00
1.184762151259525442e+00
1.165455993824964231e+00
1.175118758567722743e+00
1.210689140133845765e+00
1.540801470822589669e+00
1.320821932459897763e+00
1.026848805327512659e+00
1.606285739311240413e+00
1.927774116064184584e+00
1.205094409310493830e+00
1.176689079172147601e+00
1.184476413682401974e+00
1.036015478385147182e+00
1.004022436431865284e+00
1.413402061279505961e+00
1.026165147327565252e+00
9.984523973969170463e-01
2.050063687087727349e+00
1.161247629173135509e+00
1.205429275585567117e+00
9.633220339076873362e-01
1.547697443650896121e+00
1.097260483978748979e+00
7.622249857176205401e-01
1.634942265829485875e+00
9.164139968094741073e-01
9.710869229038130435e-01
1.121226715815177855e+00
1.255520879426934799e+00
1.046334391438121347e+00
1.000889069269930154e+00
1.347939125955029072e+00
9.363549525101046989e-01
1.280437358422125360e+00
2.708815922441845547e+00
1.230066440055012089e+00
1.183854757323558049e+00
1.704169173219703515e+00
9.045177834079276558e-01
1.029785878400003130e+00
8.393935979748905485e-01
1.165804801740107477e+00
1.195186629427762215e+00
1.747495870488652292e+00
9.888925351939692465e-01
1.055844725456967392e+00
8.716760633645362910e-01
1.084399537786885581e+00
1.552494075481039015e+00
1.043781776269576689e+00
1.196850262908369933e+00
1.206993731563685390e+00
1.489306681026405066e+00
8.849002707750388552e-01
9.725937975581850914e-01
1.056235663379685441e+00
9.140857033320528569e-01
9.756043106207419324e-01
1.051049511289256833e+00
9.844999501123126162e-01
1.008845343168095710e+00
1.002673929403336439e+00
1.339333953913576902e+00
9.907596320401355072e-01
1.576404045065559645e+00
9.785459461106876811e-01
1.058835833242635749e+00
1.116611550455853585e+00
9.772015379263085944e-01
1.475733201589668031e+00
1.323757879185684772e+00
1.041185548770474201e+00
9.977854420937007918e-01
1.540559870918951191e+00
1.103499415367854342e+00
1.034005426917897319e+00
1.103236666411725908e+00
1.200640379383179024e+00
1.097030794258199160e+00
1.151753664668389909e+00
1.158935695173896940e+00
9.547901514325735084e-01
9.580498905964416334e-01
1.525451101757555383e+00
9.174025276806023754e-01
1.469204625115195340e+00
1.205736133842287172e+00
1.727218459045278820e+00
1.565281082491597253e+00
1.022437824649455429e+00
1.063196672449461699e+00
1.148272448445599503e+00
1.745474259839005615e+00
8.508751443762531119e-01
9.675644178807807361e-01
1.141399416626037944e+00
1.071549439012752680e+00
1.072949945718217446e+00
1.034398556388063550e+00
1.087017345590129747e+00
9.832623645648989053e-01
1.703533415341854207e+00
1.019619181939022790e+00
1.008519825746089449e+00
1.022034833879785554e+00
1.110252883389481360e+00
9.702665270048598245e-01
9.850408624623996356e-01
1.099011742090293842e+00
9.282469158213753069e-01
1.656047217186505716e+00
1.388768816887085977e+00
1.027944614264597822e+00
9.494489593339925371e-01
1.336347439599686604e+00
1.018364260909892849e+00
1.586772999462754408e+00
1.029329111011959563e+00
1.533321361313665143e+00
1.077599155854184643e+00
1.340502646908370510e+00
1.544627226644359252e+00
1.188801502009530386e+00
7.963528913850087543e-01
1.189405898985976151e+00
1.032835261580959507e+00
1.083596570593281072e+00
9.693036184311789594e-01
1.042048065433279769e+00
1.020876338991257182e+00
1.146055090397507525e+00
9.783291350535943121e-01
1.112857097122525563e+00
1.065875346533058599e+00
1.078514969390893086e+00
9.866972432399363502e-01
9.398261139507160244e-01
9.940415823157953135e-01
1.136719620127491615e+00
8.742379289578366963e-01
1.041091417570895628e+00
1.009820876073499241e+00
9.853845670747859442e-01
9.730504829110939724e-01
1.038313172760328307e+00
1.597297469553222049e+00
1.402883103052031677e+00
1.223895024346636440e+00
1.039828024515671911e+00
1.021827983660547057e+00
1.080335601392982792e+00
9.975002147822454868e-01
1.269044268844233159e+00
1.211848958445263635e+00
1.332474244681709941e+00
1.132433663500171273e+00
9.782501517272101932e-01
1.556521948640930075e+00
1.072659885382276412e+00
1.055816861342072421e+00
9.814474689184824463e-01
1.374280830718249469e+00
9.927265330550976152e-01
1.289956758204641174e+00
1.404486392735896150e+00
1.133247721913563488e+00
8.591315426870372862e-01
1.058851058909797915e+00
9.210309019701536926e-01
9.179100940298809963e-01
1.030535352418304740e+00
1.080598216797812983e+00
9.737655043551614042e-01
9.544547008475848804e-01
1.366458969323165018e+00
1.612486069871349903e+00
1.089413968577444436e+00
1.591835010959363084e+00
1.020226895157046343e+00
1.461206812555297718e+00
1.128402632433074482e+00
1.069756098766970309e+00
1.146380714417930324e+00
1.570040654710817885e+00
9.704944207385830524e-01
1.240762998953667928e+00
1.077497369111759307e+00
1.448158333686614840e+00
1.117690639833679889e+00
1.326304874652317833e+00
1.444913923750589468e+00
1.243801108441716430e+00
1.458585074563225614e+00
9.530475967017768557e-01
1.085803577517475693e+00
1.074511973943491405e+00
1.194301734018987871e+00
2.050334678641252850e+00
1.036863418507134593e+00
1.464287315796955813e+00
1.210100022005934139e+00
1.058496829327977951e+00
9.576924380232871847e-01
1.009180557498448705e+00
1.070938339206298107e+00
1.014862432850185625e+00
1.186140739224248897e+00
1.428214045924492748e+00
1.490611957000860022e+00
1.186604131359557890e+00
1.083408988736549228e+00
9.577516149558571446e-01
1.544656466845646614e+00
1.613077068000302816e+00
1.449998579057306225e+00
1.023952979219967974e+00
2.127644405883545087e+00
1.267829299047090075e+00
1.127606525656299041e+00
8.194664154306303683e-01
1.143984302244503759e+00
9.663843608086295500e-01
8.893310524143313023e-01
1.406751287568227093e+00
1.630111131905990884e+00
1.017444790768993634e+00
9.650487742404273428e-01
1.057839426707801733e+00
1.428460550616291291e+00
1.030769024927393085e+00
9.790687701112743557e-01
1.183041317505833412e+00
1.017653904803667686e+00
9.301351778608136778e-01
9.445952843857720049e-01
9.455851815849168895e-01
1.152943276423145536e+00
1.056596777529755782e+00
1.172674090905578614e+00
1.093843167859115617e+00
1.287162189496791731e+00
1.067242709687488800e+00
1.009443078531293558e+00
1.082083181788396020e+00
1.035051144536491607e+00
9.172502801934668826e-01
1.232118972563589931e+00
1.682385480944896150e+00
1.244343387969420789e+00
9.606508641904651924e-01
1.522450106640161005e+00
1.260340929967576740e+00
1.149157615365146601e+00
1.193198197179931697e+00
9.819750527348606317e-01
1.641701873377628740e+00
1.326990606150890706e+00
1.171280518038455565e+00
9.380583372168694867e-01
1.258146244630875321e+00
1.846440831140219174e+00
1.081439948064285561e+00
1.312588082586539251e+00
1.116612902383622208e+00
9.495348786579678180e-01
1.253835097227023798e+00
1.373558684530551632e+00
1.054097539736106093e+00
1.356341345192916048e+00
1.070272069934872006e+00
1.201485845589729262e+00
1.136291893898279559e+00
1.193860538649479164e+00
1.035395436008991643e+00
9.792003670320476028e-01
9.971164424977136953e-01
1.263371818898247900e+00
9.957432639415784159e-01
1.142845552120188124e+00
1.037554729263532538e+00
1.756260603812984655e+00
9.004921831140040300e-01
1.038129127207271241e+00
1.101783027052708919e+00
1.315633814517193967e+00
1.351633626839938707e+00
1.393670944412040757e+00
1.114155822301969634e+00
1.555393521321614125e+00
9.917184641253399269e-01
1.794706362212072914e+00
1.173387605509985443e+00
1.025715663126168353e+00
1.198840561794318749e+00
9.470239893235011808e-01
1.177664914966094933e+00
1.018840368666803275e+00
1.174252613625153874e+00
1.174434453899065200e+00
9.235119185151328125e-01
1.046413742343268227e+00
1.071091793258436953e+00
1.109254300517883207e+00
9.819867685002809932e-01
1.131035826399595878e+00
1.078301414288841409e+00
9.551498610869947337e-01
1.304734211805484101e+00
1.119021248276468761e+00
1.180588818134296059e+00
1.087230283489374338e+00
1.083682950527878441e+00
1.014593952781209341e+00
1.106030688590846189e+00
1.011146654112936139e+00
1.226383831752883680e+00
1.002864708108181402e+00
1.140640741227880284e+00
1.029554280845197178e+00
1.008322463634493849e+00
1.078702750312409364e+00
1.100409884389770054e+00
1.132756510430636965e+00
1.017315198380471131e+00
1.106594948574390447e+00
8.768289387225765008e-01
1.138430359935854730e+00
1.048740073362388170e+00
1.843409802227388816e+00
8.415221853094480009e-01
1.093097482061325953e+00
1.118456529788664389e+00
1.816365545362461642e+00
1.006049113916527293e+00
9.642245091112474631e-01
1.387066966228406084e+00
1.209981182260062127e+00
1.111843005389514749e+00
1.700498672313220494e+00
1.321246480504510545e+00
1.308104077586843550e+00
1.702802766967812520e+00
1.035531938460936052e+00
1.062562522792668274e+00
9.435122177135848442e-01
1.169426170479969107e+00
1.043541814764003428e+00
1.009412806972683319e+00
9.363090356635885847e-01
1.086437179344296622e+00
9.182187954508562733e-01
1.110858662264651686e+00
8.439446570137262293e-01
1.087269382265142248e+00
1.256710927549288037e+00
1.200804750334416138e+00
1.229650505921012105e+00
9.934979422292847806e-01
1.586668472815237374e+00
1.017757160452454235e+00
1.000009435189499918e+00
1.302856486820839210e+00
8.738032192792348773e-01
9.661889818361083515e-01
1.087404194943612623e+00
1.176280468363102294e+00
1.385599486273774161e+00
9.636656503462132095e-01
1.124382366502631125e+00
1.426196043649726075e+00
1.269485602880888520e+00
9.941246672493349035e-01
9.557396718246286005e-01
1.549716461588182659e+00
1.075911994181722342e+00
9.497516052678947052e-01
1.259192119494585871e+00
9.627484012837109750e-01
1.362782552374953937e+00
1.076980006491403907e+00
1.139363542090781722e+00
9.160034758092452378e-01
1.246440042817302585e+00
9.909038605410289691e-01
1.040337865592964706e+00
1.335878670170276283e+00
1.052791698502095530e+00
2.015741841781781840e+00
1.317412935495877013e+00
1.094537488618278598e+00
9.162136999085437328e-01
1.063182000676899275e+00
1.118999877669580423e+00
9.876108563013955566e-01
9.929212990954551232e-01
1.113615231634474290e+00
1.442939486247047487e+00
1.118210891498613080e+00
1.177490709715812933e+00
9.470862366647386787e-01
1.566139726253952924e+00
1.093306689724442116e+00
1.170103318110627066e+00
1.324726908749739751e+00
1.480398805849038713e+00
1.080633308179822283e+00
9.913174113022641398e-01
1.216651404873892561e+00
1.160568100999388674e+00
1.081505781821060053e+00
1.006070901114941574e+00
2.385481283234268890e+00
1.559007263194354120e+00
1.332803430272305079e+00
1.363164646897060628e+00
1.170158875394380349e+00
1.240323966174149861e+00
1.083491203490171584e+00
1.029470329360930414e+00
1.576222587928743035e+00
1.189628466416531083e+00
9.867871801265395426e-01
1.032991067168903099e+00
1.098540489754619376e+00
1.052726257129053877e+00
1.017406468169551603e+00
8.593402971641876942e-01
1.102364242032829234e+00
9.723658139195563432e-01
9.789935588973918135e-01
1.092333549614872057e+00
9.253262305788338971e-01
1.033101338251034562e+00
2.075393025736040453e+00
1.852952852756297730e+00
1.153455482414997180e+00
1.008473170689155207e+00
1.000363175182110487e+00
1.263439156687664600e+00
1.189604842820523034e+00
1.050543988617810287e+00
1.141102261812348972e+00
1.282294417556870236e+00
1.041770096829468528e+00
1.021128297041222543e+00
1.017682619147850964e+00
9.373264859392350656e-01
1.014292493238843740e+00
9.660196773045690577e-01
1.014766725504354872e+00
1.198105965654255867e+00
1.000676736047599880e+00
1.084396549633773521e+00
1.659539430074013833e+00
1.059279704960298885e+00
9.158648358289998015e-01
1.105016476207760778e+00
1.158560859974762547e+00
1.112868296023056036e+00
1.707707473410833732e+00
1.076417919556503122e+00
2.430502955678751853e+00
1.066298044841173187e+00
1.474064346714338836e+00
9.954901062874905726e-01
1.228047165041806998e+00
1.164707029954273221e+00
1.001954585951402965e+00
9.259445931495752236e-01
1.667859838550425300e+00
1.410820482463737591e+00
1.004587788618900079e+00
1.030649378766434587e+00
1.152329414668447294e+00
7.269042419518830789e-01
1.033081426191841734e+00
9.744719421435443785e-01
1.053337103319717860e+00
1.063837674515322407e+00
1.037873486853119198e+00
1.030371003604964919e+00
1.040729019992624016e+00
1.681917936424143445e+00
9.816339284978696789e-01
1.233051271990707853e+00
1.196898059838545691e+00
1.103254500814593753e+00
1.116004322734529541e+00
1.025278685982234927e+00
9.824449505411391170e-01
1.215306484639872675e+00
1.671336326721410748e+00
1.024945103450422224e+00
1.044686811991120567e+00
7.752431300466671171e-01
9.942048840065694781e-01
1.159845848584909023e+00
1.064697031775939440e+00
1.076458914914622644e+00
1.046214098018396710e+00
1.456891960768761596e+00
1.092211458066789209e+00
1.160489910480555276e+00
9.579268231103217346e-01
1.843518910905795893e+00
1.320676428429754523e+00
2.074485618112823726e+00
9.899374655281203417e-01
1.673786933776153063e+00
1.071882918616288594e+00
1.482662360011955505e+00
1.159611909304730570e+00
1.248224600492883640e+00
1.457764438734288959e+00
8.107387399342325107e-01
9.625304154119415090e-01
1.112477205530919999e+00
1.055765396092844588e+00
1.264301403863190121e+00
1.073600024722838331e+00
1.046050088178596793e+00
9.836774486600656786e-01
1.053697673599659268e+00
1.156287127747871457e+00
1.238783631775708827e+00
1.084253266701788343e+00
1.079144039260933274e+00
1.051177323682025655e+00
1.231831095580673052e+00
1.560509833335212537e+00
1.023737134004849558e+00
1.178451992873951193e+00
1.045492378720272564e+00
9.995177755640767270e-01
1.205758714746627991e+00
1.678724133659985185e+00
1.147686400101989745e+00
9.813997940600394099e-01
2.113908071670188793e+00
1.391833479808737062e+00
9.962164999485269012e-01
1.586291825628126428e+00
1.297027901253517301e+00
1.222796981771905100e+00
1.091693624473801361e+00
1.603344758655231406e+00
1.001041535030995355e+00
1.031482065912642465e+00
1.315554639771413070e+00
1.036576920100811261e+00
1.366430108453201120e+00
1.492667951315099328e+00
9.745101923887374840e-01
1.119658067919750533e+00
1.126579292270240451e+00
1.129611029984420423e+00
1.497786377984516415e+00
1.035378084469419369e+00
1.647323060587943866e+00
1.277754157775451205e+00
2.206745941734183258e+00
1.324563404868043692e+00
1.056193713718382554e+00
1.216670161405823070e+00
8.629990367365882875e-01
1.243221677697440297e+00
1.026704710234566109e+00
1.051811513191715619e+00
9.844658716152786537e-01
9.612144662085038149e-01
1.171035333077744101e+00
8.936292392952561725e-01
1.618286664879508896e+00
1.279832764569097669e+00
1.895503228022582975e+00
1.437235741634746766e+00
9.979057735961436304e-01
1.081497145143921923e+00
1.357691176883939921e+00
9.032718384027932368e-01
1.065255016323214621e+00
9.675759497677517418e-01
9.298483818625808972e-01
1.445386182950282095e+00
1.198703954224455304e+00
1.038561313030489597e+00
1.414235388729668585e+00
1.127391642260448856e+00
9.711162570608236067e-01
1.069395600346927599e+00
1.024255655846421753e+00
9.315631611821433289e-01
8.418262103254979811e-01
1.378467066175111277e+00
1.138631502313882438e+00
1.039274732327920781e+00
1.054219298760027623e+00
1.007369659775225745e+00
1.033802675738715759e+00
1.147897947163645016e+00
2.540558599723688360e+00
1.215544023010902253e+00
1.296849538739139218e+00
1.047781179263943541e+00
1.355179490643373841e+00
1.044695763886362094e+00
1.063567123414688842e+00
1.031513287690800418e+00
1.362409153062345002e+00
9.963477654195697086e-01
1.002708628271408609e+00
1.026499212603329436e+00
9.819610510871955578e-01
1.280395480038172940e+00
9.267535711167829149e-01
1.219904640249363403e+00
1.307506891701521345e+00
1.174381829372588060e+00
2.404693914270036537e+00
1.077677535358352756e+00
1.131122109223616556e+00
1.545199493568220950e+00
9.714174216471185286e-01
1.039187982120174825e+00
1.300849538278047168e+00
9.546935455708065454e-01
9.628081461582461698e-01
1.024638911259914131e+00
1.120980393150381893e+00
1.160889368573359448e+00
1.023172854450832281e+00
1.461590653543691998e+00
9.342128444674379084e-01
1.058951936350487122e+00
1.230290304756165076e+00
9.381308378666082248e-01
1.140151983450543804e+00
1.217385662650564804e+00
9.830927566583456123e-01
2.028570710657896736e+00
1.184751662098313618e+00
1.151622850117435037e+00
1.027660471042036061e+00
1.142016784258696571e+00
1.726987140789461916e+00
1.674157836968912516e+00
1.324732167875664501e+00
1.000584194268468341e+00
1.157689634849083715e+00
1.032705314468722824e+00
9.609737760704469833e-01
1.103433527712293971e+00
1.116991500478750066e+00
1.726962831072391458e+00
9.989801597723517723e-01
9.767561295472236838e-01
9.862553879324887918e-01
1.611675334265792348e+00
1.390031016382760276e+00
1.000220198325064480e+00
1.451996977122204102e+00
1.622679340860801345e+00
1.050897513478840084e+00
9.393979907722908029e-01
1.464545202490717291e+00
1.070373151937115352e+00
1.054372456914028255e+00
9.957764655919978392e-01
1.495503900890225335e+00
9.468401484029640436e-01
1.089314984514994089e+00
1.217081305432943461e+00
1.342255796291573766e+00
1.141574037941056829e+00
1.082601970585266526e+00
9.527766510413322454e-01
1.189358263651896674e+00
1.049458408941043697e+00
1.167784072876899781e+00
8.748521207097169627e-01
1.597362634792257818e+00
1.039952965664760587e+00
1.076182295213871987e+00
1.221530144776158178e+00
9.750980982741134229e-01
1.520069397620529505e+00
1.157712083701311068e+00
1.064703318141500210e+00
1.056282613455049368e+00
1.276285768240276175e+00
1.127579655835107664e+00
1.228492031751827751e+00
1.242433075204064430e+00
1.401118846335108525e+00
9.218025573476623657e-01
1.206735912830280810e+00
1.027453417729581320e+00
1.597346250252259958e+00
1.079654422243447653e+00
1.051046945250293518e+00
1.226388068359356875e+00
9.389401586056309590e-01
9.065951334212060120e-01
1.159976912676317307e+00
1.055894501565485477e+00
8.613549407935109370e-01
9.765692460369544969e-01
1.282083009740664581e+00
2.910820925661027569e+00
1.040196203035279821e+00
8.621295344199487731e-01
1.198506546689069641e+00
9.122391333170428718e-01
1.136689040714469412e+00
1.079206295696612861e+00
1.136762445276725764e+00
1.171190657796330692e+00
1.823741191276127216e+00
1.114127264113222271e+00
1.370760880782755153e+00
1.919838660753161674e+00
9.832626666371999669e-01
1.066876994127867739e+00
1.496392833350641549e+00
1.090314340444521912e+00
1.078390042415958705e+00
1.773625611498148569e+00
9.740874787138837920e-01
1.011961529558134121e+00
1.175584429646477469e+00
1.264531887363989471e+00
9.295523524989721675e-01
1.529772260339773648e+00
1.092724935977510192e+00
1.336878680490048765e+00
9.677829410229368268e-01
9.266497559070857593e-01
1.197040018297480524e+00
1.317649983397706004e+00
9.757418274914800849e-01
1.067401423940613991e+00
1.259307401060408838e+00
1.011711945837388216e+00
1.035578638445348254e+00
9.687960157246824355e-01
9.199290827459924991e-01
1.416499232710464851e+00
1.009883556425136275e+00
1.056139018650958716e+00
9.818361291426513926e-01
1.121144513676863408e+00
1.331725574801909229e+00
1.645360783380198422e+00
9.329646722916816737e-01
1.250666619290313086e+00
1.349804793288001736e+00
9.572156077419036180e-01
1.183909224875544952e+00
1.292017675792066500e+00
1.103658485791064292e+00
1.072818777976645377e+00
1.104943010743970166e+00
1.226109790712943459e+00
1.107045792841730769e+00
9.588357059380316905e-01
1.074145133087484050e+00
1.098252863960629933e+00
9.777323403269813085e-01
1.125895977366028422e+00
9.685042084378415739e-01
1.177946806244293265e+00
1.074267719514784503e+00
1.128509103758329690e+00
1.638472666964906344e+00
8.829716567445683451e-01
1.113905962931265980e+00
1.125495832644384020e+00
1.270701182123837647e+00
1.175299090656884315e+00
1.002812116718092561e+00
1.187782152292018001e+00
1.143081545206615646e+00
1.171090222012686644e+00
9.817838908909499729e-01
1.181437643217471356e+00
1.442358582496340302e+00
1.132185062233365569e+00
1.140681863660992335e+00
1.076893687440237057e+00
1.049540912826130157e+00
1.049619651897890638e+00
1.147886067703715485e+00
1.203341522349798076e+00
1.074698112801891758e+00
1.117833850842807619e+00
8.914552508697185518e-01
1.024143432282179411e+00
1.479098004917779097e+00
1.148255517899931633e+00
1.267609773012930319e+00
9.924725452370988243e-01
1.221098641862785827e+00
9.907518786474369676e-01
1.182986218891134644e+00
8.528258661485170755e-01
9.355768687869839839e-01
1.064844048460652282e+00
1.083439275706295613e+00
1.005590702363115430e+00
1.163035067947455259e+00
9.171489163416501889e-01
1.502245236697799635e+00
1.019311995210893995e+00
1.594426831830197511e+00
1.431959521276049863e+00
1.116538427006442680e+00
1.462272627125020152e+00
1.957532603496694446e+00
2.009612639296289416e+00
1.116454611841643851e+00
1.347546292283550384e+00
1.118131570976874878e+00
1.065403846932908793e+00
1.470599470303298073e+00
1.135236112051783541e+00
1.040231243295081986e+00
1.042869299936252991e+00
1.344337659607619750e+00
1.155065696170384237e+00
9.174873479602110304e-01
1.097300833472784065e+00
1.522302934325048929e+00
1.040008019139982531e+00
1.263601565326205600e+00
1.066614817343187971e+00
9.417430797349038984e-01
