1.372678261914088926e+00
1.062912770339413004e+00
1.280053816742074968e+00
1.267652920570250474e+00
1.243939472968936366e+00
1.352100997760956602e+00
1.464115934540547226e+00
1.323899520151038844e+00
1.405243984945474978e+00
1.572771975795427934e+00
1.258877921968608149e+00
1.334327722804887983e+00
1.189047701763175535e+00
1.638335161590727562e+00
1.275116533515932682e+00
1.337187404090552478e+00
1.475235230921539964e+00
1.055284170064731519e+00
1.300239388325981071e+00
1.058040692764333546e+00
1.423649867567869265e+00
1.143131411167391365e+00
1.241410746131393683e+00
1.618067049366789467e+00
1.264901666275588754e+00
1.224555801640504260e+00
1.207256138640755427e+00
1.305822914949296143e+00
1.345645906809059378e+00
1.473937609843819718e+00
1.312079397714489337e+00
1.480445447470925435e+00
1.439337042686084089e+00
1.294560621483987317e+00
1.500174795917072368e+00
1.340889034067837438e+00
1.075374117678253638e+00
1.607462079063663563e+00
1.666657914041910882e+00
1.471515154075157428e+00
1.343043545404524419e+00
1.373298607305882157e+00
1.210127217961063595e+00
1.534382588518658386e+00
1.364285079435954895e+00
1.045822757457570251e+00
1.190011984722852079e+00
1.212667537675462981e+00
1.557750574724773518e+00
1.729414098769790353e+00
1.262355847102687889e+00
1.299595943971871614e+00
1.608770443033418429e+00
1.324546455594755479e+00
1.270337449867773083e+00
1.265417898218207826e+00
1.238782102598424473e+00
1.243094495611403394e+00
1.383521720002825139e+00
1.285280955748483223e+00
1.328781869226737911e+00
1.218895966344607062e+00
1.207666287046200937e+00
1.540472159001334163e+00
1.280375544151911571e+00
1.309056737688301109e+00
1.685960706888603555e+00
1.248656009105062026e+00
1.261738694941999084e+00
1.496488540504739451e+00
1.549772382037863272e+00
1.336097022093484243e+00
1.293990151618713780e+00
1.473546994898389029e+00
1.377005117823142832e+00
1.270145728990042189e+00
1.448420720713711640e+00
1.258509449697061688e+00
1.114906470634221325e+00
1.285130473342368740e+00
1.090519670849482425e+00
1.492857306207310719e+00
1.496732197037590195e+00
1.305512311761938049e+00
1.296813445973668877e+00
1.043755542974859507e+00
1.292435494096018989e+00
1.558891060665913431e+00
1.245831662107823590e+00
1.347887994969205083e+00
1.265136539037968078e+00
1.303497861711865990e+00
1.052798276004997202e+00
1.494708489375364602e+00
1.276445185205080657e+00
1.242171079537587319e+00
1.495219927055980280e+00
1.193760926720161875e+00
1.204167101131752515e+00
1.225293177277605894e+00
1.057845163773538655e+00
1.522705021227748645e+00
1.280559912702129433e+00
1.513143330825064359e+00
1.589838871870340453e+00
1.282855013883879902e+00
1.340299479164855478e+00
1.286273080223139242e+00
1.169686508611849085e+00
1.224554197882209206e+00
1.314952535267079226e+00
1.230870750353190823e+00
1.324183798874724260e+00
1.498342005988487990e+00
1.230950524299077697e+00
1.459474612196309584e+00
1.288166610147979840e+00
1.398764048003278360e+00
1.322495596913608740e+00
1.272592051147626746e+00
1.229478631190439541e+00
1.616773764577428274e+00
1.182707718730202417e+00
1.178484030348269984e+00
1.370888109963297463e+00
1.355475526006201470e+00
1.311746634207772821e+00
1.217834940753308448e+00
1.319387043216126543e+00
1.297695387889969965e+00
1.217314397123484992e+00
1.596528636293025771e+00
1.645293121781228995e+00
1.332605716584219779e+00
1.195959910100979906e+00
1.575669982761920052e+00
1.005717074681747425e+00
1.339277749017588226e+00
1.477153315496238184e+00
1.286003330281580759e+00
1.088913327086196592e+00
1.418939878265638610e+00
1.329978123359355058e+00
1.353448128980877740e+00
1.033873997712174253e+00
1.276462588167851742e+00
1.295094467325405674e+00
1.255144782461095954e+00
1.447857175227129201e+00
1.317027893791353543e+00
1.494425757865085025e+00
1.237869158404681036e+00
1.238364247330402401e+00
1.417596626421787409e+00
1.538992928851151909e+00
1.312295876891387270e+00
1.294825052827247802e+00
1.263069952530022633e+00
1.254554701683054496e+00
1.310336983493038288e+00
1.562800329769513885e+00
1.628955369980957801e+00
1.096386180951306910e+00
1.530105801113537778e+00
1.298713760833307029e+00
1.435590058017735871e+00
1.290542158503822368e+00
1.513632439325861112e+00
1.537971568880552420e+00
1.377573262369343299e+00
1.198414306670302798e+00
1.235846363615540566e+00
1.309431012381558235e+00
1.224303064778601957e+00
1.317956517128518579e+00
1.268597773918363592e+00
1.315659142471299115e+00
1.487498343596843187e+00
1.326093563596515201e+00
1.197429062039645276e+00
1.292486857831280478e+00
1.455351161397303583e+00
1.309771613446993666e+00
1.307806566310829588e+00
1.536014237809046445e+00
1.599278399161938369e+00
1.295123264232404647e+00
1.396649077578689724e+00
1.284287815690695167e+00
1.295915966527700913e+00
1.295543003568653040e+00
1.382225236476022356e+00
1.296645319136230157e+00
1.189716122998485837e+00
1.342582874613609700e+00
1.203105198576286838e+00
1.251169875579769553e+00
1.219598380881964372e+00
1.252762334231007690e+00
1.263784466658843586e+00
1.458455186989657593e+00
1.209378517831647182e+00
1.255672517641573060e+00
1.431902952075136737e+00
1.316491521494662864e+00
1.249905168312724024e+00
1.233606813011126846e+00
1.567192857318496779e+00
1.246311189693852128e+00
9.778878928871711507e-01
1.291620170250991295e+00
1.048632119751589320e+00
1.297782483969746048e+00
1.460944640810050599e+00
1.191177544050184611e+00
1.240663356332194711e+00
1.335899534082693352e+00
1.509257474492215145e+00
1.723245519312281315e+00
1.301651974298322800e+00
1.532474350618677761e+00
1.672323095510955371e+00
1.075361529322929055e+00
1.308618811773420321e+00
1.293912221106046090e+00
1.282579662087237615e+00
1.289605917746646346e+00
1.277885359120676911e+00
1.124302241154562898e+00
1.344688453535104466e+00
1.372751787171892168e+00
1.283300037237274926e+00
1.287995567104346373e+00
1.383365179406442103e+00
1.333570684012317820e+00
1.019038217735637408e+00
1.440476062558687653e+00
1.230832332713979627e+00
1.648783393625498084e+00
1.063006672551629173e+00
1.249778644113910042e+00
1.292880595898286744e+00
1.384725064511936443e+00
1.289679148108247242e+00
1.526475803154893063e+00
1.223197369986794847e+00
1.257360755342100900e+00
1.199737600882292865e+00
1.430541189918787870e+00
1.311798091334564376e+00
1.244983727044426614e+00
1.193232765319360178e+00
1.521113286754359528e+00
1.460823224985108082e+00
1.536014449490158640e+00
1.529022886402599424e+00
1.252850372521525646e+00
1.305463416775241026e+00
1.298146993831244878e+00
1.392968842410289954e+00
1.570438894860171519e+00
1.300082243098381163e+00
1.497376250040979739e+00
1.285204676126093126e+00
1.623316502359856583e+00
1.265177370115907252e+00
1.102325349969728308e+00
1.288055275601477145e+00
1.079932263052387098e+00
1.431482394089519605e+00
1.041163884348397239e+00
1.530390876897858465e+00
1.230537920857763590e+00
1.567110368664499598e+00
1.247138176270301546e+00
1.430446339216142171e+00
1.366474759845078824e+00
1.648350960172777047e+00
1.351882921020412409e+00
1.275410447349891285e+00
1.301725428587074518e+00
1.162351399136644980e+00
1.558746132649603489e+00
1.295184667138981505e+00
1.526897593447901658e+00
1.402125714723245542e+00
1.342172183062299462e+00
1.422343876607820468e+00
1.248473365697436943e+00
1.368573637560890566e+00
1.182918288334814605e+00
1.003359573904238022e+00
1.513148111612550251e+00
1.264805049858839014e+00
1.377299742284845419e+00
1.417179832005583284e+00
1.261546346912756356e+00
1.067278533440363386e+00
1.684700547755951572e+00
1.403658682259961488e+00
1.439651989883188543e+00
1.202164462439142323e+00
1.001063164920016124e+00
1.265888957998732911e+00
1.398681739004224545e+00
1.307304564232920630e+00
1.671447881149842329e+00
1.379305608394799210e+00
1.312725526828605993e+00
1.273602986657730307e+00
1.236560137294081541e+00
1.365851163023531711e+00
1.580236061460257302e+00
1.634873189691927298e+00
1.599801403701925917e+00
1.274678059730470325e+00
1.316976725965387063e+00
1.417482459267572326e+00
1.252436901600874064e+00
1.187313688795844868e+00
1.243440014417893424e+00
1.364290940435078259e+00
1.277543149937466538e+00
1.463404883344362251e+00
1.676807444312345963e+00
1.187021735313482651e+00
1.293191731198894967e+00
1.302134176329280191e+00
1.219242718379592416e+00
1.639116866114092907e+00
1.736368907445429599e+00
1.065058989323050653e+00
1.287383183642341278e+00
1.519967967499607830e+00
1.458965275413756091e+00
1.325808277787906109e+00
1.317654204838199172e+00
1.048123658154870297e+00
1.512559041427345541e+00
1.320159660881598640e+00
1.404670485503689781e+00
1.347612931724496477e+00
1.045792857924767949e+00
1.357068351828387476e+00
1.365147588968968595e+00
1.308125096465834192e+00
1.332296552041394522e+00
1.489037160362358225e+00
1.111710176129344640e+00
1.286285687477728867e+00
1.242994901076490466e+00
1.440778621716265251e+00
1.336099684303808210e+00
1.371861036211572404e+00
1.307110655332270222e+00
1.307859351264766934e+00
1.370981610081984048e+00
1.280060031948992982e+00
1.267126426501244518e+00
1.387331862470729815e+00
1.291953365861153502e+00
1.211849430269707151e+00
1.321436457883335081e+00
1.294034574834756368e+00
1.255521457924511308e+00
1.103619842736792256e+00
1.289976991845370291e+00
1.047462687809768589e+00
1.183309486726557891e+00
1.379398919334930973e+00
1.299231230998832975e+00
1.347946500977432738e+00
1.285519484627288600e+00
1.475498828773871951e+00
1.327055465941748613e+00
1.049325584006463696e+00
1.478052728960317586e+00
1.220280047849650495e+00
1.319894869914448154e+00
1.146498990848205057e+00
1.529922665439882978e+00
1.229604765162405133e+00
1.605672514375562354e+00
1.675897123452753323e+00
1.487193745099135267e+00
1.361159895181956347e+00
1.292037870135577915e+00
1.454715806820691570e+00
1.271077924267332460e+00
1.321248254910346587e+00
1.674468629048631696e+00
1.279351637492925464e+00
1.285371507110198097e+00
1.017000297345791449e+00
1.379912868581904206e+00
1.331669435413791458e+00
1.309480569078722789e+00
1.339769406875892521e+00
1.331138223394231268e+00
1.461487674899543121e+00
1.576659720846474100e+00
1.252570191959360146e+00
1.187054647984896905e+00
1.058563631870225397e+00
1.312335008919049528e+00
1.276531694238488113e+00
1.318091308705963582e+00
1.256151619406307818e+00
1.262142925674542004e+00
1.274062325041288357e+00
1.323002580237635728e+00
1.203200276623430209e+00
1.308029151193852879e+00
1.406295200602532214e+00
1.255451827754970884e+00
1.303330240465428336e+00
1.353701973275347470e+00
1.286730527737522500e+00
1.598922369441955871e+00
1.493179539311790593e+00
1.271230930773334933e+00
1.155613085852023492e+00
1.331510842680562190e+00
1.369478066149831363e+00
1.520557763671022133e+00
1.323131004179162629e+00
1.352138450749676979e+00
1.504687897416596254e+00
1.711505750956200833e+00
1.438975390743022054e+00
1.282290549983805983e+00
1.233448333469942204e+00
1.248348492396807341e+00
1.530885824113615623e+00
1.301400521911843189e+00
1.333581883181278682e+00
1.240598930071507677e+00
1.450580028276073463e+00
9.467524529778126308e-01
1.577352160450769425e+00
1.292090516613743967e+00
1.576858619420166363e+00
1.079789084637262642e+00
1.451527302212160420e+00
1.266832858895694525e+00
1.257672470899957373e+00
1.257892006692340470e+00
1.107987742488731664e+00
1.282803119259185998e+00
1.297040497268637127e+00
1.549045055688333283e+00
1.254107363097380246e+00
1.238480834524480878e+00
1.385884344223003772e+00
1.249552286120458877e+00
1.322861947740049393e+00
1.257672305757378428e+00
1.552356985696315750e+00
1.293782397567979636e+00
1.237289107605183291e+00
1.400051375324282255e+00
1.304242797659071584e+00
1.307338877884352879e+00
1.529597145383446266e+00
1.334345897458480534e+00
1.046034315279118498e+00
1.249215658804442297e+00
1.080777757543160744e+00
1.250987870799946888e+00
1.535053229440466405e+00
1.440992769672768903e+00
1.564738990555429865e+00
1.499856860795989233e+00
1.240262854745316057e+00
1.205132394449338840e+00
1.026888880910302726e+00
1.065139274649910872e+00
1.476361252983706462e+00
1.018048350599118024e+00
1.283461756399382647e+00
1.493231853209292304e+00
1.268363263110492190e+00
1.201192455256756109e+00
1.452512379542978183e+00
1.200124960433803345e+00
1.366814720171147801e+00
1.328135390352689349e+00
1.081972589615294966e+00
9.881613124630431733e-01
1.331398053867304920e+00
1.296038619683366200e+00
1.103435785902229016e+00
1.275178833164200221e+00
1.318174884197988117e+00
1.137791385831558921e+00
1.349716244579781899e+00
1.225994891527548925e+00
1.210501738223994206e+00
1.441845852545067252e+00
1.372459689627444579e+00
1.321635884434699149e+00
1.239711678566520536e+00
1.325623357985557194e+00
1.545896756444775200e+00
1.300867375016909078e+00
1.415835936659603167e+00
1.398905312825698521e+00
1.238748577524786176e+00
1.495600063531087986e+00
1.549890697008246887e+00
1.523888490264998730e+00
1.318209945350134138e+00
1.287052730438191350e+00
1.535476711308330300e+00
1.528294543677211736e+00
1.307751665579912181e+00
1.235413661735804247e+00
1.442428022792758391e+00
1.268520449606729494e+00
1.250385763979045439e+00
1.185661635749598597e+00
1.271424475815949418e+00
1.175509028390168798e+00
1.293008596406912680e+00
1.186820672421063261e+00
1.303770147709236937e+00
1.761445832344547657e+00
1.327078424717102134e+00
1.545397727920652997e+00
1.351711022142599417e+00
1.210573451134104861e+00
1.638636588599065247e+00
1.124245812247675058e+00
1.524396805716002445e+00
1.303626858050415338e+00
1.411470354111290293e+00
1.288822973114327475e+00
1.272603588480481829e+00
1.020993946684641385e+00
1.566688369108877765e+00
1.405200019663415345e+00
1.247325949806306289e+00
1.201966658541590682e+00
1.346461021849878259e+00
1.233114618610616775e+00
1.453113048316084788e+00
1.300091949412221615e+00
1.601051046188809890e+00
1.581008362491121977e+00
1.615852802296604995e+00
1.494991015167009829e+00
1.190614326699237724e+00
1.118778301998394342e+00
1.201344453327578332e+00
1.308678590931628527e+00
1.186790844416542923e+00
1.043735198733505731e+00
1.249018504412799491e+00
1.328753884311175915e+00
1.261926193625724002e+00
1.144126414062408115e+00
1.271701276080336340e+00
1.157778153208410599e+00
1.222103674974663656e+00
1.280654095941053727e+00
1.336976575707549353e+00
1.339274438687668489e+00
1.192305018690557716e+00
1.210735866403935601e+00
1.188311730148383205e+00
1.290978389062177545e+00
1.207591581938384229e+00
1.251808748802176297e+00
1.341851254828812623e+00
1.543992537916318852e+00
1.473711300978906902e+00
1.284280130704467338e+00
1.255923460416095816e+00
1.301368691666743738e+00
1.408785060593904515e+00
1.528079938801970128e+00
1.070126902427801951e+00
1.405428803655207171e+00
1.273641738697232295e+00
1.200503370406791115e+00
1.317971737336477434e+00
1.118671539112012780e+00
1.316449264013758169e+00
1.579838216248456551e+00
9.834023571588477175e-01
1.234824054796549220e+00
1.326571230334306684e+00
1.255570595251619848e+00
1.222736182381592540e+00
1.260829441208691337e+00
1.724666250647108656e+00
1.338766082316747985e+00
1.317243381102270572e+00
1.428889156620830603e+00
1.078612997133138407e+00
9.769714508251937657e-01
1.189647401015475170e+00
1.175442262755215461e+00
1.286634805086621647e+00
1.001673587117264397e+00
1.134128056952111718e+00
1.250015902907233967e+00
1.010967197924478533e+00
1.509837470459405750e+00
1.403248262893401543e+00
1.257903012160825673e+00
1.488142017386096638e+00
1.237856719156360752e+00
1.086153971464027146e+00
1.490922161620664044e+00
1.267002986890947591e+00
1.500301194030256857e+00
1.326145664800384427e+00
1.609627297146729807e+00
1.215212722398659073e+00
1.715761866731379204e+00
1.432325919168984996e+00
1.487301959938448492e+00
1.503992395215429267e+00
1.399379502166125944e+00
1.247322190463697078e+00
1.388013765973993285e+00
1.307821326277268881e+00
1.144710575681851195e+00
1.465956713152169799e+00
1.202882603838072884e+00
1.201055504944690489e+00
1.511458438233983514e+00
1.199144580214292155e+00
1.217868578796407641e+00
1.114266120949238159e+00
1.294939234846740783e+00
1.299042562508118115e+00
1.327523083248329794e+00
9.848742543019749496e-01
1.529657788081504100e+00
1.661963300886568629e+00
1.286722881494426041e+00
1.452122420942092873e+00
1.103410374005489691e+00
1.217009629173720464e+00
1.360414145062246893e+00
1.195776470246223244e+00
1.451406516580856065e+00
1.249859185483609192e+00
1.303460394150758317e+00
1.460967908643804547e+00
1.071537910272842842e+00
1.217022166076725087e+00
1.263543216456549878e+00
1.289752687474908566e+00
1.280557861579702639e+00
1.374594376973333754e+00
1.289327100826063610e+00
1.275793172262288389e+00
1.349562977256320462e+00
1.214561514163978062e+00
1.515551456447921108e+00
1.633166704846944262e+00
1.453931398315038592e+00
1.309119968514310894e+00
1.306755727662197497e+00
1.564716692395615283e+00
1.229404170396981577e+00
1.179957302195990598e+00
1.369955809272140224e+00
1.167875404073155376e+00
1.299678028823332276e+00
1.062857394393408317e+00
1.272487990312341832e+00
1.283819577918501098e+00
1.312797535061978937e+00
1.406988164070491987e+00
1.772378747510462427e+00
1.250424605648732257e+00
1.351443894045754046e+00
1.248366862125620980e+00
1.258453356722465166e+00
1.270778808314924735e+00
1.200093806879439118e+00
1.302773145382452036e+00
1.456226489141067004e+00
1.222378247829205566e+00
1.255935475857525407e+00
1.302328966736918892e+00
1.287273028918830997e+00
1.232606865997751600e+00
1.348713980436778703e+00
1.460843980750414994e+00
1.293481055215359277e+00
1.294024465095514831e+00
1.305026973659585421e+00
1.178746972365880108e+00
1.169327870696148297e+00
1.586206248853759160e+00
1.321107104253193443e+00
1.061773095458817373e+00
1.291613658416437271e+00
1.288304960066186888e+00
1.243953932471596913e+00
1.480784862318364814e+00
1.361926974836378479e+00
1.232582242912862558e+00
1.301977366039233974e+00
1.234277870111361031e+00
1.065533856479766506e+00
1.552271114805973351e+00
1.595528833106934607e+00
1.503982501716320197e+00
1.475703615550456149e+00
1.331726948809249134e+00
1.506643653424700080e+00
1.249370651797811593e+00
1.175390840231776535e+00
1.564223468441677145e+00
1.289768930290806859e+00
1.190190724564159641e+00
1.303481285047348059e+00
1.223586712902422935e+00
1.547448408702306821e+00
1.309243146949898851e+00
1.544429827712101799e+00
1.379455235909812894e+00
1.271256779171687779e+00
1.204091334888696796e+00
1.306450492209228820e+00
1.556644338304124631e+00
1.217665289724076949e+00
1.320266361629406360e+00
1.162084858628304573e+00
1.634439600474448584e+00
1.210246936054415912e+00
1.329482784208823931e+00
1.311634850126562668e+00
1.257790892289601725e+00
1.404348712959656797e+00
1.162824127295289500e+00
1.297418105320613302e+00
1.593683876558435353e+00
1.252683867653562988e+00
1.257307528473587288e+00
1.315918298571514544e+00
1.227902791066445065e+00
1.328709845331430772e+00
1.354297336369634897e+00
1.253666439629550267e+00
1.543069507383703964e+00
1.297194853780259560e+00
1.577519914301390491e+00
1.351081274784887931e+00
9.459691263189637933e-01
1.489032795655551356e+00
1.232290679711157466e+00
1.282434314503678507e+00
1.171797055336058824e+00
1.429152168980227788e+00
1.318313150423456648e+00
1.485841340528450072e+00
1.529213756237485011e+00
1.459606843129765297e+00
1.096633540852884003e+00
1.311644423412928528e+00
1.241966248794210470e+00
1.276577069811233756e+00
1.312622429790089917e+00
1.317507051734263523e+00
1.274846934451422387e+00
1.466977916562753892e+00
1.225673072981434908e+00
1.515834504210706202e+00
1.545088825001819544e+00
1.072715504699367939e+00
1.281736423390511304e+00
1.268008730702719022e+00
1.286557916614746500e+00
1.292274839505471729e+00
1.569330269593017579e+00
1.541874874403856177e+00
1.455910247479127007e+00
1.487340152102612167e+00
1.293116135395567134e+00
1.683630545496505482e+00
1.372093227888139255e+00
1.269610171593293924e+00
1.318315491811938855e+00
1.468871246451144197e+00
1.310005464445919587e+00
1.308448669136491826e+00
1.193298603068184471e+00
1.788266037285904053e+00
1.248657272121167283e+00
1.258906290003886763e+00
1.232874578527352272e+00
1.502590866614760268e+00
1.692351025024832811e+00
1.398469475129136219e+00
1.173983387954428137e+00
1.269224406183520504e+00
1.326194175402989783e+00
1.160065228073759780e+00
1.594875478567927995e+00
1.257840939434301308e+00
1.346046365207955064e+00
1.527076344234576277e+00
1.236102958507419025e+00
1.215050189762772570e+00
1.318418711280408218e+00
1.281136046266673434e+00
1.210042688597511518e+00
1.000489723448479307e+00
1.457718769863441288e+00
1.317144986101331350e+00
1.465951883990255888e+00
1.551023490777426295e+00
1.303300577527392923e+00
9.725208463756038757e-01
1.190880081592564865e+00
1.387440594122963056e+00
1.075592024353311471e+00
1.225119668462341771e+00
1.297027509087268493e+00
1.352440938002831272e+00
1.604783265052278196e+00
1.305670822095823524e+00
1.533816467493815283e+00
1.255777039617683499e+00
1.299481234988540734e+00
1.255556636394495218e+00
1.497326305118461098e+00
1.174003972097614756e+00
1.301168899631507170e+00
1.303260397153901184e+00
1.300352071739951043e+00
1.040876221042514649e+00
1.331554433104927826e+00
1.300809436122871254e+00
1.561297840594339625e+00
1.189120908620385553e+00
1.297744348113539559e+00
1.563505165702555599e+00
1.515435220026494445e+00
1.317637204874783752e+00
1.337795949660070871e+00
1.291681475998887052e+00
1.454422780577880658e+00
1.096390937247012198e+00
1.276149112944291009e+00
1.267931251427687478e+00
1.208983513631908702e+00
1.304155689886654645e+00
1.216942653136588781e+00
1.526100201943951573e+00
1.300747216029797260e+00
1.248948222131427643e+00
1.239616254042331445e+00
1.266875001347962826e+00
1.524192165985774894e+00
1.235628232031439566e+00
1.407984673628719596e+00
1.245029757565553341e+00
1.338824093518262481e+00
1.589153314651453597e+00
1.311596816957960820e+00
1.233571607038811635e+00
1.275009383643192162e+00
1.566086602841449293e+00
1.515791709552002375e+00
1.585635148352184220e+00
1.347993784244849280e+00
1.341897270467832914e+00
1.281145971224871838e+00
1.502642899907398855e+00
1.508362650578743525e+00
1.185497167829091092e+00
1.294733575191695740e+00
1.259598302555081428e+00
1.503755645898753546e+00
1.093390270637871309e+00
1.554318663498402309e+00
1.277507168826926831e+00
1.050601900536809685e+00
1.287650608810730679e+00
1.285702612210489537e+00
1.450429002413099466e+00
1.392087320343663448e+00
1.223051622220726609e+00
1.222988965374991688e+00
1.238803245632202232e+00
1.495896008336283334e+00
1.279005902982307097e+00
1.595118569691752919e+00
1.301974207956464236e+00
1.119173299081880124e+00
1.278567022187388380e+00
1.347064144427263077e+00
1.259181630718189115e+00
1.175312150866406391e+00
1.286194909750402182e+00
1.293481031232276202e+00
1.299579055409761263e+00
1.301977465723010097e+00
1.541546757318865257e+00
1.050126660343612572e+00
1.722543636983797422e+00
1.279119894921753708e+00
1.273970175243665182e+00
1.003841169046625348e+00
1.539972179634939264e+00
1.669311723369740541e+00
1.463451216401349120e+00
1.299454304825132356e+00
1.211056509530209935e+00
1.571204569783472671e+00
1.108527294802965635e+00
1.214805964679093186e+00
1.251548058640308492e+00
1.199027750243794710e+00
1.246613828453038364e+00
1.175497429888552547e+00
1.235431588011075998e+00
1.471439754779192199e+00
1.336380559404747315e+00
1.260318079839499505e+00
1.298736486047030292e+00
1.433029019191293107e+00
1.493383490697238747e+00
1.070097860944718926e+00
1.268880397562484497e+00
1.285308346496317977e+00
1.176627417512085660e+00
9.779069428856979052e-01
1.441921891124800625e+00
1.274875476239076155e+00
1.271703027267891528e+00
1.390126695524381173e+00
1.323831040141245641e+00
1.269770534937348039e+00
1.195578383196178596e+00
1.192283850768132814e+00
1.282210857102019208e+00
1.635627508705553623e+00
1.367489193896998412e+00
1.283468587365587998e+00
1.068522008739096085e+00
1.208801348484948912e+00
1.297791917935027239e+00
1.329283653224877293e+00
1.592888625793419610e+00
1.441110616273872713e+00
1.279450956415525420e+00
1.527808166703918280e+00
1.341023622897737244e+00
1.420100467668436339e+00
1.287237614813012909e+00
1.295692283661451949e+00
1.650823451883989934e+00
1.306506951896750923e+00
1.473910791061946668e+00
1.480136702505843838e+00
1.383222232425938225e+00
1.298724306121282313e+00
1.439928547248070956e+00
1.337586241932729569e+00
1.533911938543903730e+00
1.350870611238274233e+00
1.126398240578566190e+00
1.224719756514138336e+00
1.284912126434349933e+00
1.274773196891170191e+00
1.308619583388868524e+00
1.282839312721774983e+00
1.264298023018186834e+00
1.249010886890528749e+00
1.293272580793413118e+00
1.089503540800675907e+00
1.239319429062046618e+00
1.448036392725591259e+00
1.261343812829192279e+00
1.389534794522027772e+00
1.350587520079521431e+00
1.332742203827683269e+00
1.551205681823830673e+00
1.350167787376587158e+00
1.382630369538933035e+00
1.476414309575641237e+00
1.336127342783921756e+00
1.239675569669089983e+00
1.310076164925954467e+00
1.488926577592354139e+00
1.249792792018108667e+00
1.307815903966591975e+00
1.328537049319215679e+00
1.502617739412023923e+00
1.054303269013662891e+00
1.215046470893332398e+00
