9.638028426607834209e-01
1.040260005539699328e+00
1.045563779389429460e+00
1.087454833109573471e+00
1.023497644466823120e+00
1.233045619568257090e+00
1.186045999698723596e+00
1.089978846637583265e+00
1.083808931349377280e+00
9.442106282643546455e-01
1.132843511158277083e+00
1.087867401372988763e+00
1.303013495954022272e+00
1.201937603096181473e+00
1.037625887412814363e+00
1.049718682911772838e+00
1.086303755778546209e+00
1.063420434801373160e+00
1.098405716734289550e+00
1.210087095785298494e+00
1.166374880445707918e+00
1.061070260943434818e+00
1.107136219317118808e+00
1.057681209703798419e+00
1.179216172578019695e+00
1.241818045424264216e+00
1.332353884669519095e+00
1.009656224887143239e+00
1.092857835303177483e+00
1.244679244163974907e+00
1.048011567631148555e+00
9.986231068933285604e-01
1.121035147312215985e+00
1.167501381439211672e+00
1.108839073876087822e+00
1.135080534619346437e+00
1.165121766391152169e+00
1.099175658293005675e+00
1.148508586456891356e+00
1.054110172106563548e+00
1.022751533134668822e+00
1.065937393790585164e+00
1.062216475242608427e+00
1.065636681728218571e+00
1.236936793255975831e+00
1.041717369976119523e+00
1.155141536707853911e+00
1.045136917710046465e+00
1.189971277788822723e+00
1.252985997227460180e+00
1.175097001234927330e+00
1.131914889396779422e+00
1.098188297950206671e+00
1.152836684539433998e+00
1.104383113166798269e+00
1.025432972564257916e+00
1.027843284559448289e+00
1.160563542366471079e+00
1.200517656420812873e+00
1.061648206842729980e+00
9.590463369061034138e-01
1.141343425097584685e+00
1.109843437233905439e+00
1.215048128495484603e+00
1.180324246562205914e+00
1.046561172298491771e+00
1.197546785783775380e+00
1.142050236437039068e+00
1.042076482838411478e+00
1.036655316274283756e+00
1.048600716132401578e+00
1.059631732639167323e+00
1.067405659710936705e+00
1.110247977427003763e+00
1.203628658753124858e+00
1.078520966254749025e+00
1.163985516528593056e+00
1.178302084592295795e+00
1.168622927619282992e+00
1.126051464577648265e+00
1.179725384650937237e+00
1.215044746192558867e+00
1.271448674054711736e+00
1.120153786163343046e+00
9.876982437396922831e-01
1.033852798629098846e+00
9.746506454479779702e-01
9.358565903030134914e-01
1.197032847039861458e+00
1.024517242950495621e+00
1.308086787528815798e+00
8.595234139565544051e-01
1.071816877432021586e+00
1.003075400408588225e+00
1.106687393432870703e+00
1.039250684286844084e+00
1.113183801751995716e+00
1.054767029381308507e+00
1.102061148170918159e+00
1.020149097096934687e+00
1.155602049684944843e+00
9.894627505543904800e-01
1.173172139447123286e+00
1.061975981022526661e+00
1.286326713637705010e+00
9.427876128337361328e-01
1.201586906697064583e+00
1.048339224447697671e+00
1.258868545083205781e+00
1.009453853900521336e+00
1.065684515806677224e+00
1.140018848864084555e+00
1.088099379998579419e+00
1.208804292955726112e+00
1.083940777483374474e+00
1.235471057593488853e+00
9.998508141235531443e-01
1.004292464371901339e+00
1.147831335066594738e+00
1.195624782863469848e+00
1.182721054868105082e+00
1.153351918512325103e+00
1.073641898707093034e+00
1.162065357860672998e+00
1.223497824336819528e+00
1.066254640447315882e+00
1.235235726317551519e+00
1.300819059334191508e+00
1.225963400716140184e+00
1.052383656678339996e+00
1.023714332747114319e+00
1.146588144052933966e+00
1.236697519931966305e+00
1.243716219030549519e+00
1.071591100380600237e+00
1.187533896113884380e+00
1.122881382573574394e+00
1.206304348913755708e+00
1.077752422303645208e+00
1.096246213628932598e+00
1.109492646625378720e+00
1.054015519273025170e+00
1.236502700630404128e+00
1.056889962513375636e+00
1.116053365411141751e+00
9.676907236200510409e-01
9.170247631956293111e-01
1.051118690856756910e+00
1.208016408527150976e+00
1.190650962890946518e+00
1.018355113215785313e+00
1.211342234541620488e+00
9.942041806389166902e-01
1.044588713938587654e+00
1.180524890267750093e+00
1.021138130401810562e+00
9.954203452572261135e-01
1.078987199697340360e+00
1.228778511977358656e+00
1.015515918343649071e+00
1.118188087871200498e+00
1.061245923769465138e+00
1.157596029636664525e+00
1.158690744120639771e+00
1.102286037927789231e+00
1.111460295110139551e+00
1.158688445794601396e+00
9.881871386863984030e-01
1.185392709557052227e+00
1.105967083236620851e+00
1.265138177025998401e+00
9.702137553022724958e-01
1.004327391584292295e+00
1.095502391869105141e+00
1.209745973180413658e+00
9.263424158634588901e-01
9.986954087406116898e-01
9.239805244894199188e-01
1.106743767992894201e+00
1.072498463877234576e+00
1.187369188445612789e+00
1.179038396913984599e+00
1.258381242677428791e+00
1.151635708202406017e+00
1.070530695911747543e+00
1.127188879039136449e+00
1.226826827578592960e+00
1.073002892746617976e+00
1.074809444842590445e+00
1.034632925534019199e+00
1.107875128585198432e+00
1.068771557545377116e+00
1.000587316514468750e+00
1.219696007885468836e+00
1.082828984780729087e+00
1.003826150589534505e+00
1.031868593160196301e+00
1.123144996174964882e+00
1.208618129505291794e+00
1.144583817465439246e+00
1.147498457736854105e+00
1.351974032335566456e+00
1.263270846856047180e+00
1.037608281238138863e+00
1.080424332431221712e+00
1.072959243199624657e+00
1.169566865516057819e+00
1.024727600429298668e+00
1.048657870407450510e+00
1.142321823693383420e+00
9.527425332534148472e-01
1.253394016763707208e+00
1.079398066435751646e+00
1.005383414573693734e+00
1.037171974378255035e+00
1.184573464762823436e+00
1.049380429710110807e+00
1.190799344183684383e+00
1.152056545648537433e+00
1.136559268615680240e+00
1.020611749683660863e+00
1.055777659362425513e+00
1.127428405921640620e+00
1.140449515882680398e+00
1.023336055272108025e+00
1.105368267352935252e+00
9.787226211576307566e-01
1.000471897973491675e+00
1.214919608975014498e+00
1.061187311154870416e+00
9.394214918108430012e-01
1.051507829638456126e+00
9.591776134171708934e-01
9.539884177915219921e-01
9.931185776819009270e-01
1.217798255586634015e+00
9.622175700654092001e-01
1.322058095239703635e+00
1.106721566832794545e+00
1.183537072309817528e+00
1.085552560597488059e+00
1.226800653249207951e+00
1.059816225978521986e+00
1.038699563843165974e+00
1.148172029469489042e+00
1.161009157346234000e+00
1.135193536730855435e+00
1.166351414875360648e+00
1.131148578214504097e+00
1.006202369495810656e+00
1.077413812852817232e+00
1.308134065107955601e+00
1.001219491201448708e+00
9.543102828872552790e-01
1.259032407056823510e+00
1.043346901281118733e+00
9.948630586597589920e-01
1.248208617283129929e+00
1.134038382412669632e+00
1.149457722659817493e+00
1.074009663547363269e+00
1.050095101555730048e+00
1.036206565878897479e+00
1.105646669394461545e+00
1.287607684542446451e+00
1.149957867551202773e+00
1.115441738301979457e+00
1.231393352137778674e+00
1.145251407379090480e+00
1.018689601749320994e+00
1.125981509837253203e+00
9.888677806901824408e-01
1.053861254440615181e+00
1.111448872011386424e+00
1.128309986098167572e+00
1.054665542863971517e+00
1.043184599294813442e+00
1.222768052350192036e+00
1.119316995789511049e+00
1.107093802005487682e+00
1.080278529628240669e+00
1.187827964822028459e+00
1.116747059304568301e+00
1.124947177180221969e+00
1.113437771541181620e+00
1.088024754170968222e+00
1.059029757722594001e+00
1.172853622525469541e+00
1.188608619436819502e+00
9.814975074322254134e-01
1.167524146513583272e+00
1.318923963415284728e+00
9.668605246625850969e-01
1.109806466074143128e+00
1.083693930755923684e+00
1.237495946107868061e+00
1.130524587408636927e+00
1.176905574028936252e+00
1.090626431460671952e+00
1.129639495619535472e+00
9.794635002499080256e-01
1.027867227295878205e+00
1.084762465985130708e+00
1.075824531928501804e+00
1.055490199968043497e+00
1.021097211002534033e+00
8.847471368375986467e-01
1.200599953545785636e+00
1.239484427894349539e+00
1.040724965075118247e+00
1.304372934615027457e+00
1.061632860496064978e+00
9.983009460386886857e-01
1.111689530482900645e+00
1.175273258199784898e+00
1.069068035221740320e+00
1.001227630170967497e+00
1.021262078973954601e+00
1.032693998745502606e+00
1.205409918173322437e+00
1.037962117692269315e+00
1.026857153778292897e+00
1.136478759840025221e+00
1.052170468445080553e+00
1.035582217667162963e+00
1.338072863976648375e+00
1.045585613870957387e+00
1.147647065308483816e+00
1.494937474215858320e+00
1.088737259981896743e+00
1.219301350638120285e+00
1.074629480008073346e+00
1.128026343566335576e+00
1.153765801801482693e+00
1.231625081628900720e+00
1.229378865342279248e+00
1.175122544392461110e+00
1.257568284193476105e+00
1.167859184797855443e+00
9.646507852142683914e-01
1.249490657170118757e+00
1.124459778400383803e+00
1.158980610650995224e+00
1.188576811885899254e+00
1.135102470522381557e+00
1.181906968418310333e+00
1.090474384753196357e+00
1.212101027752757076e+00
1.109577261483329469e+00
9.983361485717766604e-01
1.110952510027265472e+00
1.105430101121208653e+00
1.225275022114744816e+00
1.163064558214039534e+00
1.071529386274854945e+00
9.974513357625623966e-01
1.321144769401588093e+00
1.164493187666893359e+00
1.086285008076314451e+00
1.245625176263081668e+00
1.103935664379637638e+00
1.172280262737662282e+00
1.047950111463077816e+00
1.173432061644475999e+00
1.004537898293755394e+00
1.088436087600907376e+00
1.030012761690298539e+00
1.020432437876862775e+00
1.011424479608914684e+00
1.174886254629735394e+00
1.048399754774968606e+00
1.168104641212882600e+00
1.067689249533682938e+00
1.101486008198596878e+00
1.130760674175812053e+00
1.264616403176077819e+00
1.234658698773462682e+00
1.262297188176727092e+00
1.125418312506270446e+00
1.048641866031632564e+00
1.216246369847074016e+00
1.112356785083334021e+00
9.659138202441946985e-01
1.092046453467072631e+00
1.225760130252612434e+00
1.104681700661079846e+00
9.557215906782439152e-01
1.070108732529583051e+00
1.032319464992773161e+00
9.192079416274354653e-01
1.134073804092065485e+00
1.123529329100615870e+00
1.042434242248418519e+00
1.066897928682996266e+00
1.048220390124096735e+00
1.071674573975010647e+00
1.102830645110874253e+00
1.050218379785625489e+00
1.085086658064669196e+00
1.016829312362774962e+00
1.057483450277913795e+00
1.128808488941244637e+00
1.176770879948965343e+00
1.097678371925932650e+00
1.057280926591469994e+00
1.253756219918334303e+00
9.467271518150788268e-01
1.136905287555221244e+00
1.087176617752871888e+00
1.101622299715974362e+00
1.118151587109060596e+00
1.112417037645698326e+00
1.124105129662647418e+00
1.026779265647143946e+00
1.143855174797199004e+00
1.144003319329317092e+00
1.120207561907968774e+00
1.174917152074812288e+00
1.007557139898731524e+00
1.105983620806057610e+00
1.080240410168421539e+00
1.312198331804083962e+00
1.114177906524004724e+00
1.167900780602056710e+00
1.003921712081094153e+00
1.178130209425956032e+00
1.009849227549562301e+00
9.866781498478776058e-01
1.300998887510575130e+00
9.257690175331568794e-01
1.004604609871520893e+00
1.118097889278106161e+00
1.093807242333519225e+00
9.525177893794163353e-01
1.177918813376325424e+00
1.065664538401971173e+00
9.662876552985084633e-01
1.223848987105121244e+00
1.214584812511976919e+00
1.149245470916618439e+00
1.083859166274650399e+00
1.201619716672242877e+00
1.024211429780689686e+00
1.193546910300239405e+00
1.043765313864063682e+00
1.167222744362874876e+00
1.244153448090751013e+00
1.058149379316684291e+00
1.143094697853762165e+00
1.004109339378997046e+00
1.133855215211969414e+00
1.044648646012811710e+00
1.089047507164666140e+00
1.047223876493834638e+00
1.142294612229979300e+00
9.951503405884061237e-01
1.068024869546517097e+00
1.204224796196109892e+00
1.190800002925118672e+00
9.495380892793841010e-01
9.203736822293535624e-01
1.079369899956212686e+00
1.171529023941596526e+00
1.015893871689354855e+00
1.108829663600927384e+00
9.868630790564144606e-01
1.257512143268510574e+00
1.154976859402633727e+00
1.027599557140464359e+00
1.178135069608877261e+00
1.051499591258231225e+00
1.110392317770024340e+00
1.230497685220190762e+00
1.135018652798173822e+00
1.179826345508572238e+00
1.118372375340418001e+00
1.148783645040011736e+00
1.250085732270919570e+00
1.261941440458074437e+00
1.037160058038471666e+00
1.253228818705419245e+00
1.263612613615864078e+00
1.037889032333387140e+00
1.140151232827866457e+00
1.195691520923373385e+00
1.214203605411196873e+00
1.031653206342683760e+00
1.268549471405622464e+00
1.238070808109028809e+00
1.033410723828152467e+00
1.105029349306584585e+00
1.225563330135210238e+00
1.045259462928336269e+00
1.108019248664881218e+00
1.055085481129416802e+00
1.043987474587682041e+00
1.508261106878654001e+00
1.267524701020206201e+00
1.049697664306503686e+00
9.754230636274627830e-01
1.022991240683803760e+00
1.167818067306948038e+00
1.199396667677657957e+00
1.035908312163919875e+00
1.154597814431941538e+00
1.247041124909189946e+00
1.077233022643922844e+00
1.031636956254976978e+00
1.162676232954462430e+00
1.012067362655055147e+00
1.033953622643780657e+00
1.025910012443008501e+00
1.111415034978198602e+00
1.001697463822092571e+00
1.212504404379027845e+00
1.140872531735497075e+00
1.225094837013670723e+00
1.199012132845537648e+00
1.097070788065010571e+00
1.148852308155092095e+00
1.245876189103875209e+00
1.072151083159048834e+00
1.121037984050706759e+00
1.068421589286804085e+00
1.174316432604094684e+00
1.055160831171138458e+00
1.072219669965918554e+00
1.021720682068905317e+00
9.610629510159589550e-01
1.086854398089881268e+00
1.150386553178891269e+00
1.123129844139484579e+00
1.202246210883107569e+00
1.388962031253603513e+00
1.122929184511244793e+00
1.136713053074838831e+00
1.066036476797461718e+00
1.087041197449494234e+00
1.268485826201360078e+00
1.105584088227548722e+00
1.074784319028535107e+00
1.159934771863709191e+00
1.056542508880617515e+00
1.076535060809241218e+00
9.743070152895628722e-01
1.235061896027926931e+00
1.041144084512254375e+00
9.908003791241796199e-01
1.005781942084851277e+00
1.075027353397908669e+00
1.011239053669761079e+00
1.604757419984749189e+00
9.930327369914573321e-01
9.910534462811305678e-01
1.010855952753634046e+00
1.215550735377551206e+00
1.210000529633555200e+00
1.149264128233582483e+00
1.178108220797306593e+00
1.101292474877861638e+00
1.079101065938741444e+00
1.028712356906700265e+00
1.338322998424428478e+00
1.185323972865098385e+00
1.028511359167961325e+00
9.988497134933230770e-01
1.026698682603891299e+00
1.230091262469560132e+00
1.054590912226419874e+00
1.163756724343565141e+00
1.153784670990130934e+00
1.065319435503578882e+00
1.236122728472131449e+00
1.152496493706358427e+00
1.019775664752522015e+00
1.196152952160055127e+00
1.080947421515551454e+00
1.031934474217721442e+00
1.094029480818135891e+00
1.106421025371809641e+00
9.898044598882578260e-01
1.239022175694514782e+00
1.126239746455401258e+00
1.108960783127576288e+00
1.322056709711336486e+00
1.105698759581614343e+00
1.098118222866307114e+00
1.025717786936643838e+00
9.509483877339454105e-01
1.092176004843421699e+00
1.053745789590665005e+00
1.174690922536779203e+00
1.128003607488038629e+00
1.115887087781824327e+00
1.161687959872475417e+00
1.235402800337019213e+00
1.032477791451618110e+00
1.195933729964622882e+00
1.217036689336303601e+00
1.063848823710969116e+00
1.214696692565480074e+00
1.253544460984610920e+00
1.192353373884473378e+00
1.066591334742502895e+00
1.109271422961250808e+00
1.092602479732352139e+00
1.127379234290722509e+00
1.063000560405823469e+00
1.025948630401879225e+00
1.127146361010554765e+00
1.161426967411632427e+00
1.077564190841929337e+00
1.080683221661338678e+00
1.159440370936056564e+00
9.795318417106473330e-01
1.089817952340688345e+00
1.050206248523292585e+00
1.117809691734997113e+00
9.987314260187795112e-01
1.197128816028272258e+00
1.188247187855956621e+00
1.195599345701588989e+00
1.013211782439751962e+00
1.324359068153802221e+00
1.105604237222154840e+00
1.112756728941559858e+00
1.030900978388462175e+00
1.100882789127553441e+00
9.714962742395687467e-01
1.106715027391634631e+00
1.356761457429411122e+00
1.048668068299289713e+00
1.269583156950008451e+00
1.469827661023366039e+00
1.142754679765112247e+00
9.849815401423295258e-01
1.065954927674144681e+00
1.008115451019522935e+00
1.041909638674277438e+00
1.050794369600787537e+00
9.902392201080109091e-01
1.169426421628536161e+00
1.111372408145408830e+00
1.034897349090880603e+00
1.297848802223824816e+00
1.182122483140202185e+00
1.086755589010196976e+00
1.236280153784730107e+00
1.109027920688148150e+00
1.217803244379848326e+00
1.056893295863057469e+00
1.084797842267701151e+00
1.219399076489027012e+00
1.219323987320805713e+00
1.200932162158397265e+00
1.040534002334998709e+00
9.654498868736992589e-01
1.055473067272856058e+00
1.116872936090286261e+00
1.021552654833765228e+00
1.152192941379710955e+00
1.252227907950948405e+00
1.019208759551925247e+00
9.721423754978224530e-01
9.322814638887857441e-01
1.081636349416129628e+00
1.116461143556815694e+00
9.907652271909757058e-01
1.298530831120614737e+00
1.162237428005312267e+00
1.124908179636850747e+00
1.023820284784041412e+00
1.132222361157609214e+00
1.085474306617970841e+00
1.331626524155990809e+00
1.065431712453215107e+00
1.194834158123109225e+00
1.188390247643612785e+00
1.146937885124041712e+00
1.244430372268305884e+00
9.283313856172343836e-01
1.007525228958644936e+00
1.077292162743857862e+00
1.253604779616353415e+00
1.126843621476421253e+00
1.027685372204921954e+00
1.044563395403643957e+00
1.078372574539479434e+00
9.611075455359068265e-01
1.071441048552846276e+00
1.075060099917786838e+00
1.162653874387426178e+00
1.100176356999587268e+00
1.042786488899294373e+00
1.204183148208329168e+00
1.111550616602730468e+00
1.057492777941833939e+00
1.236304043654586238e+00
1.234051673873207911e+00
1.241823646035538964e+00
1.188095289202855787e+00
1.173512252814989276e+00
1.135398341099176367e+00
1.071725601437360842e+00
1.057335685849235540e+00
1.130478203273140192e+00
1.023633766167161507e+00
1.131086941564620973e+00
1.040280660730379392e+00
1.114345542240205100e+00
1.279201790716979925e+00
1.083449148423387243e+00
1.130251994209895861e+00
1.033501089302711673e+00
1.200698936941959172e+00
9.657095531984150050e-01
9.502553020073307710e-01
1.072282136402232799e+00
1.165802448008870673e+00
1.219205750403053568e+00
1.007419993703611683e+00
1.092443624153449422e+00
1.146880441772869519e+00
1.091769365302191819e+00
1.141154422339914376e+00
1.160314402675240331e+00
1.064840669056894118e+00
1.036191778810936048e+00
1.091295541993125839e+00
9.645455038035448680e-01
9.203152984446169027e-01
1.130776584713752753e+00
1.155692865535545621e+00
1.061888346587348098e+00
1.088920543210646130e+00
1.152216743042195013e+00
1.408393229017586235e+00
1.036824431596888418e+00
1.068095787501853744e+00
1.059377208874448195e+00
1.145109961076619998e+00
9.586888983999302116e-01
1.106604146326110705e+00
1.009652494333009187e+00
1.098305913934537026e+00
1.129156473886191447e+00
1.131580665108161465e+00
1.184721084303183458e+00
9.746742156486974951e-01
1.120517466573997645e+00
1.158937155491826854e+00
9.234435274644066105e-01
1.167715187731847459e+00
1.155230010564896492e+00
1.096979586033240084e+00
1.185834525318097077e+00
1.097829975268602931e+00
1.303584981739366544e+00
1.102018599752917494e+00
1.072583031954156496e+00
1.078428781794848579e+00
1.233284397827073109e+00
9.377147466302563350e-01
9.148392626724631826e-01
1.222642852810027714e+00
1.054403463388441820e+00
1.068877446885531102e+00
1.180167419118922645e+00
1.046365280359670802e+00
1.170402171404314018e+00
1.154470152981476039e+00
1.170688618508876067e+00
1.205975937876649029e+00
1.062365543063997997e+00
1.118875768450275476e+00
1.115651590799051851e+00
1.147726967761246275e+00
1.086436137246536981e+00
1.165972910069726032e+00
1.117132704140715749e+00
9.900213946337890203e-01
1.163997512525147382e+00
1.219369492476081840e+00
1.210153895447663164e+00
1.033500017524284997e+00
1.003472064403144737e+00
1.030529741398255483e+00
1.087685061368206085e+00
1.041168192676984905e+00
9.783977996352802853e-01
1.109156960937493164e+00
1.150051321130298732e+00
1.027797586999967594e+00
1.235417772132233027e+00
1.143877441084647506e+00
1.230089008384953386e+00
1.153143482090982497e+00
1.031707263145666742e+00
1.150989298970005015e+00
1.198934064587337200e+00
1.199468422435061354e+00
1.180064117334455043e+00
1.162105395666433560e+00
1.194772854948195073e+00
1.105560630217829354e+00
1.149662745844896028e+00
1.126847776278516511e+00
1.122949148034420697e+00
1.154771526576314322e+00
1.063743756985080724e+00
1.242472891424637016e+00
1.194338651438940468e+00
1.074484361627995099e+00
1.101128771968056030e+00
1.244560015058749247e+00
1.132643702735105062e+00
1.167232566809737637e+00
1.077812062376959368e+00
9.005998259705739750e-01
1.126416294900882908e+00
1.284116681641527924e+00
1.424291242583831885e+00
1.136869264278129954e+00
1.308041546904813890e+00
1.227545410756005317e+00
1.103792004251942460e+00
1.164197172406515213e+00
1.129856760648108027e+00
1.052981176743045033e+00
1.061958054557012421e+00
1.051486791228082085e+00
1.117363748289813330e+00
1.334063215274202907e+00
1.024268835884747819e+00
1.058098437919794410e+00
1.082559832352196993e+00
1.113287356055374877e+00
1.234483448118105731e+00
1.110744257195777518e+00
9.312872881797978897e-01
1.073564056784223952e+00
1.060399739618718806e+00
1.215072867725228933e+00
1.096315917084374369e+00
1.138720515859579896e+00
1.083868517605787396e+00
1.053597110388479585e+00
1.098230517606134882e+00
1.095350542824814699e+00
1.059365499201237792e+00
1.072942083660773482e+00
1.241311527100977585e+00
1.155998475742704201e+00
1.207700239754926130e+00
1.256656459559207573e+00
1.151224515276324745e+00
8.816121227851745346e-01
1.130689952225857997e+00
1.052619350040387092e+00
1.054946302596410979e+00
1.058126222758519530e+00
1.059378389148631028e+00
1.067558671790633129e+00
1.228620431217223086e+00
1.059434565473391654e+00
1.036583303783549903e+00
1.078177356547259436e+00
1.064696891015839197e+00
1.031469804171704086e+00
1.115578269873194417e+00
9.620092777874039713e-01
1.133752156379926213e+00
1.185470549363069726e+00
9.803915457408249878e-01
1.108969999228479164e+00
1.185378336545136913e+00
9.627663911540389474e-01
1.025681865816654881e+00
1.034120249140209946e+00
1.062802694882328813e+00
1.045970293155331188e+00
1.186892498644421812e+00
1.131869764940103718e+00
1.102112146737011633e+00
1.048766441011060646e+00
1.161608352526816379e+00
1.234733822097103140e+00
1.108354296963319996e+00
1.037305046072251935e+00
1.176103903860777677e+00
1.155665900944501612e+00
1.065873091968655650e+00
1.080223800705497839e+00
1.094807204643865051e+00
1.158375002782652707e+00
1.273967979820345819e+00
1.048067457252935153e+00
1.051393093412593238e+00
1.083269087926601593e+00
1.048166451968562507e+00
9.999400852996573885e-01
1.188680493310611652e+00
9.955020598839756651e-01
1.119044306675352596e+00
1.130683569921826725e+00
1.144380348091652344e+00
1.051255683873045355e+00
1.169408243154244742e+00
1.096599138440059518e+00
1.035232903327000686e+00
1.120834475832867216e+00
1.248825844155445175e+00
1.056344997394352614e+00
1.054556511664799023e+00
1.167162110735598057e+00
1.066774681843090988e+00
1.241004930386832683e+00
1.216839048413580482e+00
1.089160288844743585e+00
1.017198302325585280e+00
1.248638057819271729e+00
1.209264260719901563e+00
1.044530075835493843e+00
1.069553798905285902e+00
1.208162325382830637e+00
1.101901854566511796e+00
1.007606506562291671e+00
1.170357868434853232e+00
1.172365649479776950e+00
1.263143473787828208e+00
1.180648932026853615e+00
1.198852824368992653e+00
1.020723198981751789e+00
1.034801918615108285e+00
1.208007465540922976e+00
1.249037709208040470e+00
1.243526461947592532e+00
1.041231395366096990e+00
1.109299696617841891e+00
1.130625434437052990e+00
1.168425192111120170e+00
9.418795475337339296e-01
1.208183298446830145e+00
1.066006396893203423e+00
1.166419272503739224e+00
1.236800631863872901e+00
1.061126468928923039e+00
9.405054848452797378e-01
1.054259262352269744e+00
1.297440130024148486e+00
9.758481017475501007e-01
1.081610358986037079e+00
1.035724898780794101e+00
9.643006972846840386e-01
1.105313315626555770e+00
1.210735879684626370e+00
1.091703009683702152e+00
1.141319926950500330e+00
1.147856940469648368e+00
1.140938412805627467e+00
1.243769056608542423e+00
1.059079994329560792e+00
9.229753548105223970e-01
9.372256346558291984e-01
1.003743303258038067e+00
1.008184292733524723e+00
1.038361250878858000e+00
1.101534285751191833e+00
1.051358680421135450e+00
1.133907868815134723e+00
1.106692054865689334e+00
1.138667955559617528e+00
9.910904991913691564e-01
1.094738795653069863e+00
1.078137383763029034e+00
1.009769538454160731e+00
1.096724965129583174e+00
1.345212593274536461e+00
1.012896440711310131e+00
1.126436990920525627e+00
1.065942892050411928e+00
1.175179372342735284e+00
1.089462653186853203e+00
1.097183371547487907e+00
1.113064195522388777e+00
1.195905781306768612e+00
1.126385439934448618e+00
1.021799711095653374e+00
1.114856928342303544e+00
9.990911326463802755e-01
1.172616563828261960e+00
1.225443974558281468e+00
1.165192490222065613e+00
9.750173772845848186e-01
1.037379320326209609e+00
1.038060690856175139e+00
1.042809812760760790e+00
1.009864781569320913e+00
1.047385110702014233e+00
1.037138464710413599e+00
