1.228537532608982241e+00
1.877947811069511586e+00
1.511015846619877090e+00
1.336438271921593923e+00
1.290434322478428486e+00
1.838396047377010678e+00
1.028857223053930126e+00
1.240462800792146991e+00
9.176812273678042198e-01
6.357914109766666932e-01
1.295011988289914484e+00
1.148537207657632120e+00
1.567311032372580737e+00
1.710300057473678192e+00
1.284842091392800478e+00
1.119610391790387904e+00
1.014260730818036693e+00
1.926299275405089384e+00
1.383181873796736738e+00
2.128134810182126468e+00
1.440897528792574045e+00
1.862314751573836968e+00
1.400167314449310751e+00
1.117725338833847504e+00
1.630321439486823509e+00
1.945433812160783704e+00
1.745113400276739002e+00
1.242428147097176083e+00
1.389886346080923873e+00
1.505339016732195390e+00
1.061233200637575536e+00
1.216257123757143344e+00
1.689619954873777363e+00
1.429758401911796151e+00
9.859723409835632335e-01
1.374560862592712818e+00
1.733664997551198628e+00
8.929700688899665506e-01
1.979746174722378571e+00
9.743269968418144522e-01
1.159520310901727136e+00
1.813881313473105106e+00
1.015949854728245727e+00
1.002679585986762101e+00
1.343205696552062012e+00
1.659030729369567636e+00
1.292089960458812969e+00
1.635073885993619136e+00
9.478517174435510118e-01
2.108914973034724749e+00
2.044909263039294434e+00
1.042347661856080521e+00
1.413864507912339530e+00
1.189858614578508389e+00
1.439521200859212868e+00
1.342771546156667606e+00
1.577704358723177602e+00
1.583308684058121418e+00
1.913236892005899081e+00
1.600639515770640342e+00
1.002756306265356612e+00
1.210436043198340306e+00
1.241088697275223529e+00
1.219768258214081191e+00
1.962310219843670378e+00
8.964660742694184892e-01
1.667545082715401028e+00
1.318154209907479224e+00
1.562257817341306643e+00
1.989931057909705370e+00
1.815780042152745688e+00
1.223891295330497453e+00
9.419269772669613960e-01
1.208134730772851606e+00
1.697276997253787112e+00
1.455127959366350865e+00
1.214274166447607994e+00
1.444964889950161480e+00
1.405612859109712565e+00
1.239099044844315545e+00
1.437061480362869847e+00
1.613151337266596208e+00
1.287531085613160320e+00
1.179563822714534416e+00
9.099402668381576520e-01
1.781542827042498445e+00
1.128807316926937920e+00
1.245196765102816627e+00
1.777183217143362803e+00
1.150396225367368963e+00
1.389506669427574836e+00
9.119293591125843257e-01
1.284646719722167818e+00
1.006529115498338900e+00
1.384338585897908258e+00
9.320502989031218544e-01
9.378950942513533118e-01
1.533424290337999762e+00
1.599522009292932534e+00
1.045468892092358715e+00
1.321497587545301888e+00
1.405201858571064166e+00
1.664045649296423957e+00
8.903457458348587039e-01
1.519137094391372678e+00
1.369047754437434650e+00
1.476460591625033514e+00
1.548373299113683377e+00
1.523463547762871961e+00
1.626708122703018899e+00
8.215682915023004851e-01
1.208144710489617468e+00
1.162818351474106837e+00
1.676494377321194218e+00
1.572263163882903658e+00
1.283174718701299621e+00
1.301001324470570264e+00
1.096589941542928326e+00
1.392620297433387000e+00
1.360516198364023044e+00
1.521312745502542807e+00
2.027309922821341370e+00
1.768139642870210082e+00
1.445800711111830283e+00
1.659859808304067430e+00
1.718002850105926571e+00
1.254548326854046270e+00
1.512865464781479430e+00
1.069548513975819848e+00
1.454341133087897253e+00
1.451576149191032616e+00
1.625943670387432816e+00
2.172764104203667390e+00
1.949885767452919527e+00
1.567540070366924665e+00
1.326916389243395500e+00
1.934887359983814115e+00
1.614287606488475246e+00
1.082946974305666776e+00
8.481777756570615390e-01
1.218928579896935149e+00
1.308961408077066624e+00
1.141371969482440019e+00
1.283131182070387677e+00
1.167461246313792111e+00
1.234831521644384811e+00
1.354574689555363198e+00
1.449913155069896487e+00
1.438414356264349214e+00
1.350552234954379482e+00
1.018753583641867744e+00
1.515922527989428614e+00
1.351546189570894452e+00
1.330550330886514532e+00
1.524563834236401627e+00
1.024173844450608772e+00
1.700935607012999951e+00
1.113476686944323335e+00
1.234786432665159861e+00
1.059144955682639111e+00
1.348307512630720462e+00
1.275760393545954052e+00
1.670433400393235956e+00
1.321467302332010707e+00
1.669402511205569928e+00
1.496358160965261863e+00
1.405262372900990542e+00
1.063318893825463407e+00
1.132098490350590403e+00
1.309797116612924972e+00
1.503640786026611664e+00
1.352468101837705383e+00
1.255806764300934741e+00
1.589180457306535343e+00
1.413939507080044899e+00
1.043428798867410912e+00
1.054460003687600622e+00
1.066875087212958872e+00
1.467967335834376996e+00
1.642510869272010954e+00
1.381109914430592278e+00
1.125621507433081758e+00
1.550113566371043250e+00
1.724546588721963536e+00
8.862895657567396723e-01
9.029645183718737478e-01
1.281245815837205537e+00
1.363386310141454949e+00
1.361265424752640119e+00
9.261235395733034004e-01
1.063780816664627427e+00
1.603887623338048574e+00
1.327210161979581970e+00
1.769212832874951902e+00
1.139486475972114388e+00
1.669449964712508061e+00
1.104530511923954350e+00
1.590993012712255572e+00
1.321933644972271837e+00
1.587849727094188257e+00
1.252173171060394274e+00
1.521464127982815162e+00
1.708769679570806277e+00
9.359515766065757969e-01
9.908246146488663975e-01
1.292291031896392495e+00
1.732962081614317862e+00
8.139976133686137594e-01
1.519295333334375497e+00
1.913955880060557169e+00
9.600956323863560904e-01
1.544305504765115300e+00
1.489287761919039221e+00
1.110442168593857915e+00
1.123356438090053144e+00
1.718717326719437333e+00
9.993455560683170980e-01
1.588091238364492064e+00
2.111831831684104266e+00
1.688003300080699542e+00
1.280566173713575617e+00
1.565581643923988464e+00
1.997637551234845876e+00
1.630311375210574010e+00
1.130775506874144742e+00
1.108261515475479353e+00
1.378404461377706003e+00
1.004585984512014196e+00
1.551468371180545480e+00
1.168734596306014950e+00
1.006858880846895898e+00
1.804961517599868781e+00
9.317400773992192686e-01
9.976143392741997351e-01
1.159654460845912727e+00
1.946363386557280473e+00
1.270818263927797176e+00
1.433465496222731339e+00
2.066866494540705368e+00
1.632194572461938886e+00
1.266294754074358542e+00
1.572880342483011562e+00
1.122805143344218548e+00
1.406124994270250728e+00
1.144519168514232188e+00
1.089770697419647050e+00
1.295412537690652677e+00
1.546282069752203947e+00
1.137349462407865053e+00
1.306436033264795737e+00
1.637257574272139804e+00
1.619908367439499619e+00
8.880777717955158357e-01
1.513428076136104306e+00
1.475816755340873865e+00
1.049431868901944842e+00
1.384988755977477615e+00
1.246906443086371663e+00
9.092449694273925243e-01
1.601554767274745439e+00
9.393989067462474862e-01
1.564779554488028968e+00
1.163296460097458462e+00
1.383934708231731037e+00
1.843057415338142269e+00
1.324525731781340143e+00
1.743013237276028971e+00
1.307613806959744274e+00
1.592620368127990682e+00
9.777296929496127609e-01
2.088613043638522182e+00
9.000407333759478101e-01
1.462990638831930923e+00
8.882471389014786611e-01
1.412973297565374819e+00
1.312888757024461839e+00
1.567935582460177946e+00
1.592688023223097105e+00
1.348377087979619082e+00
1.705019937419374187e+00
1.340520817081147342e+00
1.154369448133528264e+00
1.415808048685685439e+00
1.563012037033477908e+00
9.974716422594533949e-01
8.645520351722936203e-01
9.655582354804392864e-01
9.498659321666931277e-01
1.102500108753748487e+00
1.286702844680992719e+00
1.858892160943376615e+00
1.924441272818398829e+00
9.328741016566073352e-01
1.270856862610168614e+00
1.732749456263122045e+00
1.034337841372633182e+00
1.682748682770900839e+00
1.886846030558566811e+00
1.899255602369021245e+00
1.046770625954569711e+00
1.473197954546732857e+00
1.350915197366666209e+00
1.310120691597703280e+00
1.138035348924884671e+00
1.344450814490317558e+00
1.101478395750867811e+00
1.046420181973839458e+00
1.231202542248764686e+00
1.467108646559836416e+00
1.295912684845715424e+00
1.657878633142035207e+00
9.379939482566711506e-01
1.115150610457216418e+00
1.240475973221575545e+00
1.571763414968033068e+00
1.359865483070847203e+00
1.320966275941038548e+00
1.308014903799706419e+00
1.390175109725960478e+00
1.390652993219049671e+00
9.997715996743572475e-01
1.197883778390646858e+00
1.375385665290091541e+00
9.946360692764042444e-01
1.186066492172020093e+00
1.429681835751028807e+00
1.189763509912587613e+00
1.412860140248769270e+00
1.843850736829345527e+00
8.081951647555380980e-01
2.128266014056297006e+00
1.773034468950311693e+00
9.311226787192036225e-01
1.925096118592222183e+00
1.766315031166731275e+00
1.565854758776072053e+00
1.163184785766912643e+00
1.190038599074384917e+00
9.048541352414615213e-01
1.093806067694706119e+00
1.669261344801167501e+00
1.087438031091608526e+00
1.404918530562363932e+00
1.526796561472920866e+00
1.531262524340385012e+00
1.920342191017538891e+00
1.641551955487834391e+00
1.558346174969336362e+00
1.395673597213837658e+00
2.400154492082131163e+00
1.187307536127586438e+00
1.381281043973682676e+00
1.802652266941142889e+00
1.205517669652239388e+00
1.352696000912011698e+00
9.893424627533609073e-01
1.559942389411658636e+00
1.433375297171373353e+00
1.543048198460125420e+00
1.363738744369131561e+00
1.164861106890931586e+00
1.287751175739112686e+00
1.583612439520169834e+00
1.518660647383210938e+00
1.452812564458159761e+00
1.937225703049944903e+00
1.160598266346281937e+00
1.823708987943412074e+00
1.805270681533729382e+00
9.775200731409677823e-01
1.212207966340453247e+00
1.425994312584708323e+00
1.373312714923023314e+00
1.053944809241396996e+00
1.327381957442308247e+00
1.594096716682564363e+00
1.165505445918257665e+00
1.614022526336699848e+00
1.235714798572231432e+00
1.099529821730347745e+00
1.113267053399522144e+00
1.769363118925971978e+00
1.212671927772638103e+00
1.023966362060297675e+00
1.442575605281891882e+00
1.574576878518674228e+00
9.174167946877926916e-01
1.125917409070577024e+00
1.404884578729483469e+00
1.196536300942769859e+00
1.642349712946528317e+00
1.687957957612998827e+00
1.523859552316741306e+00
2.025206041637274801e+00
1.500405300857027724e+00
1.209372858161236408e+00
1.148310028291702478e+00
1.609625735953391423e+00
1.257871529335186311e+00
1.027072964741539307e+00
1.317560916759909828e+00
1.635999697644780815e+00
1.559643555276792215e+00
1.728845766369636161e+00
1.387273334147625325e+00
1.669643383054691288e+00
8.556352641256711467e-01
1.414687631269445189e+00
1.778742147534218221e+00
1.205924131402717592e+00
1.632381262683205270e+00
1.412838958158220803e+00
1.312922115737358064e+00
1.109615752311463810e+00
1.522432706468751284e+00
1.543335639944305226e+00
1.618539414135517607e+00
1.617186520070734046e+00
1.514069502352333396e+00
1.288467396365132744e+00
1.502914075544814709e+00
1.548880297126590921e+00
1.124378235786614333e+00
1.232774905846897529e+00
8.756553997300277059e-01
1.567954630365024249e+00
9.304163683090423964e-01
9.474568245989845039e-01
1.671904826980767922e+00
1.161474762900493340e+00
1.352113701314614502e+00
1.177666392384072891e+00
1.352880522467614810e+00
9.850078261379097144e-01
1.436825674334606617e+00
9.135454117633146076e-01
1.039197006014420888e+00
1.364995360698449511e+00
1.805635053174635907e+00
1.040088868335909744e+00
8.845621935331920982e-01
1.270079962959535402e+00
1.781935734713096409e+00
1.484767352525921291e+00
1.189545045361374287e+00
1.775080178746798021e+00
1.578748036430784429e+00
1.769229673992694485e+00
1.396849287356961122e+00
1.191895258968309834e+00
8.919338686595620347e-01
1.407654065880995731e+00
1.524694868639101086e+00
8.474948000298817563e-01
1.533584257607169876e+00
1.139717751319671457e+00
1.132722617182918334e+00
1.808844824724242795e+00
1.907257285613715325e+00
1.451997934094419795e+00
9.970025659270588259e-01
1.279361107822198695e+00
1.689527933886959321e+00
1.354366576361984320e+00
1.420746333592944888e+00
1.812212395743278082e+00
1.662690203375983611e+00
1.804747552480874262e+00
9.796090735154282525e-01
1.439176423822214890e+00
1.343454576537346901e+00
1.135457031089238011e+00
1.499764802984582035e+00
1.428929015670590941e+00
1.173708553621601203e+00
1.621566997839560598e+00
1.665999853725060209e+00
1.266067584975183236e+00
1.512192054617458981e+00
1.171444417899204060e+00
1.679451071065013457e+00
1.757496342974143255e+00
1.807432108825439476e+00
1.230279149395666849e+00
1.217593212349130649e+00
1.837092476163171062e+00
1.274275201061870533e+00
1.362932146995324834e+00
1.654863159055312227e+00
9.329824548977462273e-01
1.313425982766219358e+00
1.665284408460947496e+00
1.200734205414397904e+00
1.680582724792699878e+00
1.717335680303232692e+00
1.490069665312587555e+00
1.618182154123862571e+00
1.876103767862766780e+00
9.480955362231704431e-01
9.730459533946737016e-01
1.138919877590192531e+00
1.445984988550184314e+00
1.240504542327427462e+00
1.316119342978936846e+00
1.304896975263747372e+00
1.221089650034862029e+00
1.437955687649907555e+00
1.276534387677580318e+00
1.821153781608249034e+00
1.483176549485983209e+00
9.896312506558472277e-01
1.031684857175387160e+00
1.527511222443462158e+00
1.247897277597954657e+00
1.714635251336505739e+00
1.550103885872289533e+00
1.940052202087738653e+00
1.438348950557812644e+00
1.180216411213447225e+00
1.137612689557037315e+00
1.329566874063255577e+00
1.256050879731885894e+00
1.699861540577019658e+00
1.048896647902322510e+00
1.434867308035834288e+00
9.748383817520118733e-01
1.445718908948244064e+00
9.860909197276748195e-01
1.133755903126483666e+00
1.674105388732349153e+00
1.335914376765294342e+00
1.480345939760415952e+00
1.320225880238215632e+00
1.646211034928652506e+00
1.412480264615610492e+00
1.755161677149133626e+00
1.306828616579824853e+00
1.195682946615473474e+00
1.794629362176924037e+00
1.793540573304161834e+00
1.370730803861038849e+00
1.178353380343801771e+00
1.414903002234996210e+00
1.640489459532260552e+00
9.966640713904914017e-01
1.589497940737855775e+00
1.055472027195653917e+00
1.395144603200582978e+00
1.026847163480993030e+00
1.058355167475043102e+00
8.839270269273520331e-01
1.631050982412960426e+00
1.344001316151023584e+00
1.225319105120471486e+00
9.181214208270556121e-01
1.977682971246736310e+00
1.860385511644923717e+00
1.164880149912900009e+00
1.632941164069172668e+00
1.177910937538082070e+00
1.571892080646712930e+00
1.562841135062682074e+00
1.654643359800015867e+00
1.096459733658993629e+00
1.246425569170582337e+00
1.066252731703366097e+00
1.218648813070800196e+00
1.514446772224774973e+00
1.599190921910190299e+00
1.813289804554110374e+00
1.288831706861676141e+00
1.868577880173925232e+00
1.707582343552683346e+00
1.103824809591810840e+00
1.246416616011410960e+00
1.066145415053954881e+00
1.402715884857404394e+00
1.285026531728728161e+00
1.339699858968955271e+00
1.272028493929736159e+00
1.486342991666762092e+00
1.366785967931103851e+00
1.087546881706396684e+00
1.180460798274829193e+00
1.253176009838561367e+00
1.168767122536507275e+00
1.429843864397879694e+00
1.210980711114926667e+00
1.350271235204982379e+00
1.500308325915092222e+00
1.037976006146550390e+00
1.623774596725700015e+00
1.301237334402261192e+00
1.725134314793588475e+00
1.454697137514716632e+00
2.042253831082607274e+00
1.298629189499235004e+00
1.236760833052408914e+00
1.078038544714655211e+00
1.671194838746727251e+00
2.084055993021107334e+00
1.362240112242420587e+00
1.741593168066453146e+00
1.118777132422421605e+00
1.420862210881517429e+00
1.325613794238793330e+00
1.192867728495930590e+00
1.663990623298986726e+00
1.634345332412465934e+00
1.439299764303149987e+00
1.089184374642227615e+00
8.828563981955362960e-01
1.126642091854586969e+00
1.099280142237857749e+00
9.580734272110255079e-01
1.187524771637471499e+00
1.864055086643294556e+00
1.524748261647410841e+00
1.202747792313104247e+00
1.513153271248284248e+00
1.373085360002284538e+00
1.657112715417087490e+00
1.197705824377111039e+00
1.644231827240852040e+00
1.298551284509360082e+00
1.276855016666195608e+00
1.255851942516954534e+00
1.196921678606781558e+00
1.347668165113141692e+00
1.232061081495473331e+00
1.762095172497749829e+00
1.297347059553175752e+00
1.976839564201207988e+00
1.621131249324444079e+00
1.196264633035848179e+00
1.603603890349641681e+00
9.292358418486325045e-01
1.183868872543678119e+00
1.035382536359989780e+00
1.535089366307706982e+00
6.246977288215194157e-01
2.071222997217634365e+00
1.263877397980221806e+00
1.152253321944296527e+00
1.259666293302842410e+00
1.395393344844645389e+00
1.150572203490341838e+00
1.949931232164823891e+00
1.325701752027786284e+00
1.627001468046527233e+00
1.310677075991611318e+00
9.433235292850381537e-01
2.069441472028923812e+00
1.872599712498358437e+00
1.705184614183100411e+00
1.345793324242843036e+00
8.734096407500816506e-01
1.381640359718920852e+00
1.117514689216565493e+00
9.565339792812476150e-01
1.306310214018427951e+00
1.552143880056831682e+00
1.371923996601718709e+00
1.726288740283193901e+00
9.165914732919128172e-01
1.446276878933299370e+00
1.441645404293593113e+00
1.182576798045182898e+00
1.464659632657342447e+00
1.519349729284012351e+00
1.267009470851020003e+00
1.069126617788342282e+00
1.128055971311023198e+00
1.781101789040841377e+00
1.558299257034086782e+00
1.517240155855165140e+00
1.370167341360487789e+00
1.196644294249567420e+00
1.870209499874375014e+00
1.967933275235142609e+00
1.003732177329129449e+00
1.308952295892533479e+00
1.040915068591529824e+00
1.234614280540923259e+00
1.392345539732231074e+00
1.335240920018358146e+00
1.348985527650643723e+00
1.601085049251010028e+00
1.331502183765008063e+00
9.851195691462543147e-01
1.258641200198185039e+00
1.426087796841993161e+00
1.114587807952897025e+00
1.136581955780904485e+00
1.319440219379480750e+00
1.439181071939985568e+00
1.226881252766297115e+00
1.961230395797201931e+00
1.764856481090085749e+00
1.275718059165995344e+00
1.550400504364710885e+00
1.156479571627152758e+00
1.356659071206010259e+00
1.341634543234889954e+00
1.329168542230618755e+00
1.790133935550290323e+00
1.415177231979625416e+00
1.351347981915735019e+00
1.043207876980888793e+00
1.245230494436393887e+00
1.167957068922279795e+00
1.622553073663336232e+00
1.372121120316955212e+00
1.648814750098623438e+00
1.075482176113162547e+00
1.295549021737389062e+00
9.085810958803995918e-01
1.437309140119005013e+00
1.588945431894053240e+00
1.683760945824332333e+00
1.160448352029884722e+00
1.262247751428255294e+00
1.528824036992418200e+00
1.116539848446627348e+00
1.127768416161587739e+00
1.627277231024737647e+00
8.422341784364136830e-01
1.071280733089990500e+00
9.931466790868453964e-01
1.508936939233306296e+00
9.541164321671742332e-01
8.754629165887600761e-01
1.557119561901869842e+00
1.155606294777220100e+00
1.814832309718846126e+00
1.616302115510672932e+00
1.581767080405594106e+00
1.156967412006223661e+00
1.425142499556635745e+00
1.216472263126747277e+00
1.810928110270129565e+00
1.298917936331009493e+00
1.481683848180769036e+00
1.161704276239113431e+00
1.402107346216467487e+00
1.502235574664002371e+00
1.207664307028406325e+00
1.527095168673047842e+00
1.163440398685634314e+00
2.110216925689078149e+00
1.238559207060197398e+00
1.075472488238147672e+00
1.459774366713217697e+00
9.426303488426555077e-01
1.677555973486226204e+00
1.698770508688258962e+00
1.555091064698622905e+00
1.734781300422016947e+00
1.490813852636557968e+00
1.586529788725452805e+00
1.579094591607348441e+00
1.434522534039987640e+00
9.669675616505499782e-01
1.008777084772426447e+00
8.551374448075163004e-01
1.579112198579937454e+00
1.200198791396979159e+00
1.328871002310008986e+00
1.231668114978839546e+00
1.369406560530822992e+00
1.731351736141468978e+00
1.421901592003348425e+00
1.451238629294255622e+00
1.247062814175374790e+00
1.758287188433852455e+00
1.102544163941798105e+00
1.472668201629452112e+00
1.379266267185850436e+00
1.647894007541661487e+00
1.814792101499020260e+00
1.282214692973626224e+00
8.532657919304120764e-01
1.023233425505404082e+00
1.587104987012190715e+00
1.126987322219315635e+00
1.255840540514128190e+00
1.283367706033875288e+00
1.472337646023147428e+00
1.312846396282173256e+00
1.120924761743472775e+00
9.121850718270697600e-01
1.568392419259597270e+00
1.553213378390240207e+00
1.717501399056444944e+00
1.859175013241421537e+00
1.623241499820243128e+00
1.145446699774145927e+00
1.213860113538833163e+00
1.544193287200629205e+00
2.005292692614204508e+00
1.393601405803073234e+00
1.900090596831292222e+00
1.439621876007938672e+00
1.184590897215124228e+00
1.285245330047201762e+00
1.897722142235130693e+00
1.300804443319556913e+00
1.218242597635205815e+00
9.838184850902902401e-01
1.500622400301518500e+00
1.490784103238679270e+00
1.325873504590626029e+00
1.590186957758851660e+00
1.791916456086948939e+00
1.367012399996936356e+00
1.512816691064859498e+00
1.450476373502137539e+00
9.072480823250687054e-01
7.015146017438942394e-01
1.055157089898634215e+00
1.804329442665541849e+00
1.641514389824206832e+00
1.184376825923554311e+00
1.477265403017023804e+00
1.541060186905876872e+00
1.349913392868178574e+00
1.585872949201070359e+00
9.174589889236662854e-01
1.236123377074490381e+00
1.760925000233469762e+00
1.190398524533397451e+00
1.440972101158616070e+00
1.419231286350489007e+00
1.396067949666717212e+00
1.777503213273159410e+00
1.255581058413946627e+00
1.216831158800343982e+00
1.622757857094018652e+00
1.817153825984460846e+00
9.561524795027859236e-01
1.007322585851825103e+00
1.581200125315576743e+00
1.693349478179185130e+00
8.542613122072092446e-01
7.929910894977590941e-01
1.569451945532801984e+00
1.229830530557870505e+00
1.647152195482437298e+00
1.052322227132037602e+00
7.901304771395158966e-01
1.577627801088679949e+00
1.948426845084794801e+00
1.285717289055924306e+00
1.474331915076747102e+00
1.683286139932082204e+00
1.438869724698673913e+00
1.196496538709644453e+00
1.497493792090454301e+00
1.281123614994700732e+00
9.753358831750780222e-01
1.240855167091238886e+00
9.285501992417946049e-01
1.328881157552125547e+00
1.461905267692483079e+00
1.480176884741186916e+00
9.749858422083798049e-01
1.112416737193663963e+00
1.818143013592164126e+00
1.217285641624801018e+00
1.008569492670527756e+00
2.398883384299471455e+00
1.001584781926733170e+00
1.072323377035284686e+00
1.683303125398685873e+00
1.653133144150652045e+00
1.610497264051031996e+00
1.034206894329647186e+00
1.177303277468774390e+00
1.081598288797566365e+00
9.948799736772043767e-01
1.640065494829871406e+00
1.262959458454765427e+00
1.321732836583770165e+00
8.676834387557493811e-01
1.151645511322894500e+00
1.006764362545638170e+00
1.241256482410324491e+00
1.491447077059113946e+00
9.369988490224212541e-01
1.430793131617310365e+00
1.242135965724392443e+00
1.394586647409491453e+00
1.260816588955147033e+00
1.065244618091356399e+00
1.217670732105142317e+00
1.589791957125891608e+00
1.461009974199789285e+00
1.345300514167229400e+00
9.985270238031566103e-01
9.668869917027095306e-01
1.030034481640971666e+00
1.394020397645002296e+00
1.124666722608833602e+00
1.203024760579298968e+00
1.234136701798027147e+00
1.163089979087194470e+00
1.219240164682517058e+00
9.633830386435283666e-01
1.577883333004613364e+00
8.084265121451256197e-01
1.759940396572571952e+00
2.096788288261946853e+00
8.375246162832824526e-01
1.484637380386077510e+00
1.516152864362098729e+00
1.487217759733253430e+00
1.358749044146455365e+00
2.121258848040890932e+00
1.512415807703009429e+00
1.347654897150340370e+00
1.643071689935369672e+00
1.878486492905982574e+00
1.238832658454130931e+00
1.729398737268610819e+00
1.283860870133724408e+00
1.314252568473395666e+00
1.317061194687745296e+00
1.547765119279081558e+00
1.867588172396747570e+00
1.542246803026966706e+00
1.175031822343428844e+00
1.273093316843014522e+00
1.257316746818241793e+00
9.355108152955889933e-01
1.267528838255831847e+00
2.018904111964646031e+00
1.235181331722312814e+00
1.305148169437163164e+00
9.413749178192607481e-01
1.269054589447978554e+00
1.251347592400175346e+00
1.337066109274023029e+00
1.283449640085099208e+00
1.831329876689830272e+00
1.676857027032753855e+00
2.054019850848163742e+00
1.100735791720272916e+00
8.303417588799049120e-01
1.663196076971670490e+00
1.494298745521727145e+00
1.245029587448934993e+00
1.483821123257854868e+00
9.056248013323072721e-01
1.344779512049528503e+00
1.352770229956158365e+00
1.493480497425878850e+00
1.942699383344749897e+00
1.130881165043483572e+00
1.691982890908989123e+00
1.420750817023604951e+00
1.514884201116789564e+00
1.108309945479749148e+00
1.109168341684588333e+00
1.190558149652856779e+00
1.175518380121886253e+00
1.083856634909306615e+00
8.082074355256581022e-01
1.274234180959670670e+00
8.814368220952837341e-01
1.304985275568614211e+00
1.517224975332559289e+00
1.299792952582160321e+00
1.271110179950264651e+00
1.276286610031499125e+00
1.516179099840618383e+00
1.235126403809875484e+00
1.338847760270940102e+00
1.394969085694216515e+00
1.593476778864925780e+00
1.802203221720210857e+00
1.656140510691520573e+00
1.261373269020263033e+00
1.191506631929666993e+00
1.915904463527781543e+00
1.365583228069236599e+00
1.150559106517837327e+00
1.157211623314722049e+00
1.086122942395193469e+00
1.305445428977185740e+00
1.198297938155487685e+00
1.702375614505967194e+00
1.858386766105832644e+00
1.708594352061659327e+00
7.951246849434958630e-01
1.143690384156220263e+00
1.219339153871401793e+00
1.287712711938178378e+00
1.445863927770057122e+00
1.582932509822198019e+00
1.180114708633280163e+00
