4.329437255859375000e+00
2.292092084884643555e+00
6.020363330841064453e+00
1.126325607299804688e+00
4.315721035003662109e+00
2.531464099884033203e-01
4.021698474884033203e+00
3.136287212371826172e+00
5.100541114807128906e+00
2.437734127044677734e+00
4.227895259857177734e+00
2.572940587997436523e+00
2.352429181337356567e-01
3.775817155838012695e+00
4.985633373260498047e+00
4.065369606018066406e+00
5.449632167816162109e+00
5.888471126556396484e+00
5.041364192962646484e+00
7.762773990631103516e+00
1.963230490684509277e+00
4.688206195831298828e+00
2.387583494186401367e+00
1.857242584228515625e+00
2.096224546432495117e+00
2.232762813568115234e+00
4.461026191711425781e+00
1.676658034324645996e+00
5.263003349304199219e+00
1.806683778762817383e+00
3.858324766159057617e+00
2.472114562988281250e+00
3.891664505004882812e+00
3.276530504226684570e+00
3.797660112380981445e+00
4.851432323455810547e+00
9.139279723167419434e-01
3.477828264236450195e+00
3.623455524444580078e+00
3.834882020950317383e+00
1.523436784744262695e+00
3.613949537277221680e+00
4.347788333892822266e+00
6.103713035583496094e+00
3.498622894287109375e+00
2.679895162582397461e+00
3.572383642196655273e+00
3.758905410766601562e+00
4.260411739349365234e+00
3.775660753250122070e+00
3.014834165573120117e+00
1.518107533454895020e+00
6.461491584777832031e+00
4.550393104553222656e+00
5.400776863098144531e+00
3.683783769607543945e+00
4.112537384033203125e+00
5.429395198822021484e+00
3.548607349395751953e+00
5.440039157867431641e+00
4.337644577026367188e+00
2.534384489059448242e+00
2.119201421737670898e+00
4.676409721374511719e+00
3.128482580184936523e+00
4.319219112396240234e+00
4.168096542358398438e+00
2.986932039260864258e+00
2.688627004623413086e+00
2.089720964431762695e+00
4.758664608001708984e+00
1.945027232170104980e+00
3.243310689926147461e+00
3.275938034057617188e+00
3.268742799758911133e+00
1.446318030357360840e+00
4.940865516662597656e+00
5.220057010650634766e+00
3.692033767700195312e+00
2.419946432113647461e+00
6.372095584869384766e+00
2.327708005905151367e+00
2.861265659332275391e+00
3.644594669342041016e+00
4.760720729827880859e+00
4.009222030639648438e+00
5.659313678741455078e+00
3.225189924240112305e+00
1.472644448280334473e+00
4.097202777862548828e+00
1.982971549034118652e+00
5.240845680236816406e+00
3.088567733764648438e+00
1.000860095024108887e+00
4.855308532714843750e+00
2.851612806320190430e+00
3.568623304367065430e+00
4.091716289520263672e+00
3.841732740402221680e+00
2.608314275741577148e+00
2.594995498657226562e+00
3.501962125301361084e-01
2.008472681045532227e+00
1.987977266311645508e+00
2.707415819168090820e+00
4.591804504394531250e+00
2.818169355392456055e+00
4.516768932342529297e+00
3.884909868240356445e+00
3.137632131576538086e+00
2.224321126937866211e+00
2.332297801971435547e+00
6.505943298339843750e+00
1.859164834022521973e+00
7.860237121582031250e+00
1.543484568595886230e+00
3.771806001663208008e+00
2.435472488403320312e+00
5.642968654632568359e+00
1.480455994606018066e+00
1.654844641685485840e+00
5.732621192932128906e+00
2.471517086029052734e+00
4.420674800872802734e+00
3.339270353317260742e+00
2.633801937103271484e+00
6.173225879669189453e+00
3.942138671875000000e+00
4.035919666290283203e+00
2.259045362472534180e+00
3.351421117782592773e+00
5.198778629302978516e+00
4.904016971588134766e+00
2.578518629074096680e+00
4.760268688201904297e+00
7.594611048698425293e-01
5.899439811706542969e+00
2.329118490219116211e+00
7.491275668144226074e-01
2.905229806900024414e+00
4.074069976806640625e+00
3.440264940261840820e+00
2.310619115829467773e+00
5.429975032806396484e+00
4.550921440124511719e+00
5.465072154998779297e+00
2.923121690750122070e+00
3.608791351318359375e+00
2.995623350143432617e+00
2.785800933837890625e+00
5.475667476654052734e+00
2.151605129241943359e+00
2.643094062805175781e+00
4.261461734771728516e+00
1.380397200584411621e+00
5.573677062988281250e+00
6.743322849273681641e+00
4.400275707244873047e+00
3.480572223663330078e+00
3.598995208740234375e+00
7.747159004211425781e-01
4.453936576843261719e+00
3.338554382324218750e+00
4.307610988616943359e+00
2.291163682937622070e+00
3.663364410400390625e+00
3.111642599105834961e+00
5.246207237243652344e+00
4.820837974548339844e+00
2.378771066665649414e+00
2.531824588775634766e+00
3.666930437088012695e+00
3.374410629272460938e+00
6.991459727287292480e-01
2.600139141082763672e+00
1.696579575538635254e+00
3.866265058517456055e+00
2.455054998397827148e+00
3.210787296295166016e+00
4.145445346832275391e+00
4.280885219573974609e+00
1.230310320854187012e+00
6.182296276092529297e+00
3.877320051193237305e+00
3.347228765487670898e+00
1.588495016098022461e+00
2.391338348388671875e+00
7.057617187500000000e+00
3.620876312255859375e+00
3.632630586624145508e+00
1.434609293937683105e+00
5.581521511077880859e+00
3.994763612747192383e+00
5.662865161895751953e+00
5.709867000579833984e+00
1.633800745010375977e+00
2.887558698654174805e+00
8.499375343322753906e+00
7.300235748291015625e+00
4.178655147552490234e+00
3.311311483383178711e+00
3.004869699478149414e+00
8.995882272720336914e-01
1.232480525970458984e+00
9.299870729446411133e-01
4.179883480072021484e+00
3.172374725341796875e+00
8.002933859825134277e-01
4.712329864501953125e+00
3.134172677993774414e+00
8.812612533569335938e+00
4.164521694183349609e+00
2.518419742584228516e+00
7.223881721496582031e+00
2.011014223098754883e+00
3.664618015289306641e+00
3.101553678512573242e+00
1.891269087791442871e+00
1.838004112243652344e+00
3.239000320434570312e+00
4.815934658050537109e+00
3.875795364379882812e+00
1.679145455360412598e+00
3.723620176315307617e+00
3.897982120513916016e+00
5.700601100921630859e+00
1.237414002418518066e+00
2.890705823898315430e+00
3.004755258560180664e+00
2.600236654281616211e+00
4.478682518005371094e+00
4.629820823669433594e+00
2.642613172531127930e+00
6.755017757415771484e+00
5.666030883789062500e+00
3.271027803421020508e+00
2.796515703201293945e+00
4.850980281829833984e+00
4.336586952209472656e+00
4.464795589447021484e+00
2.802291870117187500e+00
1.148034691810607910e+00
3.809556961059570312e-01
3.854612350463867188e+00
4.723612308502197266e+00
3.419338226318359375e+00
4.195124626159667969e+00
1.918057799339294434e+00
2.552073478698730469e+00
3.087464094161987305e+00
1.023071169853210449e+00
3.999086141586303711e+00
3.680111646652221680e+00
4.627799034118652344e+00
4.561025142669677734e+00
4.918978691101074219e+00
1.899501085281372070e+00
4.547141075134277344e+00
3.888189792633056641e+00
2.267735004425048828e+00
1.652670860290527344e+00
4.548007488250732422e+00
4.133906841278076172e+00
2.032731533050537109e+00
4.331768989562988281e+00
3.271939992904663086e+00
7.579516768455505371e-01
2.196552991867065430e+00
3.777473211288452148e+00
2.801958799362182617e+00
1.105202198028564453e+00
4.074941635131835938e+00
1.424923658370971680e+00
6.200591564178466797e+00
6.007400751113891602e-01
2.646717071533203125e+00
6.226916790008544922e+00
1.926994204521179199e+00
4.516320705413818359e+00
2.628363609313964844e+00
2.725752830505371094e+00
1.912507295608520508e+00
4.444545269012451172e+00
4.282323360443115234e+00
4.137820720672607422e+00
2.386599063873291016e+00
2.439788579940795898e+00
2.700051307678222656e+00
3.467330694198608398e+00
8.214980125427246094e+00
3.306658506393432617e+00
3.287297487258911133e+00
2.989729881286621094e+00
3.194958925247192383e+00
7.314952850341796875e+00
1.455766797065734863e+00
3.426491260528564453e+00
2.680325031280517578e+00
3.573546648025512695e+00
1.917617797851562500e+00
2.392788171768188477e+00
2.252379417419433594e+00
5.594419002532958984e+00
2.113871574401855469e+00
1.491547584533691406e+00
5.157455444335937500e+00
1.667382478713989258e+00
4.100320339202880859e+00
1.919229865074157715e+00
3.534758806228637695e+00
3.765861988067626953e+00
3.648915052413940430e+00
3.458260297775268555e+00
2.614647150039672852e+00
2.181334257125854492e+00
5.725214958190917969e+00
5.250227451324462891e+00
3.380810499191284180e+00
5.023804187774658203e+00
1.287217497825622559e+00
4.536006450653076172e+00
6.183047294616699219e+00
2.006899356842041016e+00
3.184779405593872070e+00
2.080601453781127930e+00
4.720237255096435547e+00
6.814614772796630859e+00
1.119774699211120605e+00
1.096658706665039062e+00
4.765117645263671875e+00
5.044614791870117188e+00
9.751399159431457520e-01
2.254791021347045898e+00
5.115316867828369141e+00
5.766488552093505859e+00
3.379658222198486328e+00
4.581577301025390625e+00
2.692361593246459961e+00
1.618911623954772949e+00
4.583990097045898438e+00
3.978513717651367188e+00
7.869428157806396484e+00
4.900426864624023438e+00
4.167256832122802734e+00
5.099668502807617188e+00
3.312257051467895508e+00
2.220453023910522461e+00
3.108212232589721680e+00
2.925150394439697266e+00
1.231562376022338867e+00
8.292726516723632812e+00
3.199851512908935547e+00
3.579322576522827148e+00
4.686738491058349609e+00
3.769844532012939453e+00
2.695727586746215820e+00
5.838916778564453125e+00
4.772811412811279297e+00
1.730785250663757324e+00
3.462877988815307617e+00
5.941559314727783203e+00
1.137234807014465332e+00
4.529828071594238281e+00
6.777873516082763672e+00
2.402729749679565430e+00
2.451040744781494141e+00
5.213275432586669922e+00
1.669164061546325684e+00
2.805013418197631836e+00
1.482235550880432129e+00
1.320694327354431152e+00
1.260124444961547852e+00
1.371875166893005371e+00
2.358640432357788086e-01
1.538776993751525879e+00
2.857846021652221680e+00
8.099682927131652832e-01
3.743322849273681641e+00
3.472994565963745117e+00
1.126994013786315918e+00
2.469231367111206055e+00
1.339930415153503418e+00
3.169259548187255859e+00
5.989772319793701172e+00
2.250869989395141602e+00
3.920568227767944336e+00
1.652498602867126465e+00
4.960535526275634766e+00
1.550119757652282715e+00
2.652303934097290039e+00
1.342756152153015137e+00
4.866534709930419922e+00
5.063061714172363281e+00
6.705465793609619141e+00
6.028694629669189453e+00
3.491081953048706055e+00
2.210071563720703125e+00
5.188749313354492188e+00
5.701986789703369141e+00
1.816573739051818848e+00
3.927875280380249023e+00
4.545460700988769531e+00
4.300559043884277344e+00
2.348069429397583008e+00
4.446421623229980469e+00
8.034943938255310059e-01
3.415394306182861328e+00
1.914548158645629883e+00
3.531141042709350586e+00
6.923561096191406250e+00
3.361222028732299805e+00
3.721696853637695312e+00
3.950572967529296875e+00
1.419378042221069336e+00
3.680431842803955078e+00
7.032741069793701172e+00
4.671137809753417969e+00
3.763914823532104492e+00
1.239851474761962891e+00
3.299490451812744141e+00
2.759900808334350586e+00
6.500251770019531250e+00
1.355955004692077637e+00
5.057645320892333984e+00
8.161508440971374512e-01
2.311505079269409180e+00
6.187176704406738281e+00
3.554378271102905273e+00
5.649710655212402344e+00
3.550323247909545898e+00
2.403468370437622070e+00
9.787139892578125000e-01
4.157490253448486328e+00
3.058615207672119141e+00
4.205307006835937500e+00
2.596593618392944336e+00
5.613381862640380859e+00
4.195759773254394531e+00
4.616781711578369141e+00
2.161802053451538086e+00
2.885321140289306641e+00
4.237883090972900391e+00
2.628848791122436523e+00
2.199430942535400391e+00
6.308757781982421875e+00
3.226588487625122070e+00
4.891835212707519531e+00
1.077028989791870117e+00
3.621789932250976562e+00
3.154061317443847656e+00
5.562007427215576172e+00
2.100488662719726562e+00
6.855289459228515625e+00
2.452781677246093750e+00
1.948822379112243652e+00
5.751775264739990234e+00
2.854038953781127930e+00
2.094931364059448242e+00
2.429274082183837891e+00
5.665782928466796875e+00
2.915071964263916016e+00
5.921122074127197266e+00
2.600758552551269531e+00
2.214995145797729492e+00
4.350566864013671875e+00
2.365777254104614258e+00
1.477381825447082520e+00
3.702274322509765625e+00
8.818533897399902344e+00
5.767459392547607422e+00
2.478502988815307617e+00
1.149865508079528809e+00
5.544937133789062500e+00
1.343792438507080078e+00
2.204149246215820312e+00
1.219092726707458496e+00
1.639600634574890137e+00
2.371702909469604492e+00
2.227785825729370117e+00
2.187287807464599609e+00
1.329133510589599609e+00
4.957070350646972656e+00
4.763055324554443359e+00
3.443039417266845703e+00
4.109965801239013672e+00
3.378688097000122070e+00
3.169307947158813477e+00
3.216293811798095703e+00
2.859868764877319336e+00
1.911492228507995605e+00
5.526522159576416016e+00
3.319367647171020508e+00
3.106223821640014648e+00
4.653762340545654297e+00
3.228052139282226562e+00
2.843400955200195312e+00
7.096554756164550781e+00
2.854892492294311523e+00
3.455692768096923828e+00
3.294266223907470703e+00
