4.236608982086181641e+00
6.485378265380859375e+00
1.426320433616638184e+00
4.875618934631347656e+00
2.195491790771484375e+00
3.076070547103881836e+00
4.168755531311035156e+00
3.241362810134887695e+00
9.995954632759094238e-01
6.302706718444824219e+00
5.360692501068115234e+00
6.223546028137207031e+00
5.256589412689208984e+00
1.984713912010192871e+00
1.451803445816040039e+00
2.718428373336791992e+00
2.656051158905029297e+00
3.921046495437622070e+00
2.277133464813232422e+00
3.257642507553100586e+00
1.708945631980895996e+00
3.324983596801757812e+00
4.047656536102294922e+00
4.068461894989013672e+00
4.567942142486572266e+00
9.606000185012817383e-01
4.241612911224365234e+00
5.315586090087890625e+00
3.588243484497070312e+00
2.180061340332031250e+00
2.778925895690917969e+00
4.519468784332275391e+00
2.895253181457519531e+00
3.906965017318725586e+00
5.584934234619140625e+00
3.629146575927734375e+00
4.567536354064941406e+00
3.232133865356445312e+00
4.378213882446289062e+00
2.001226902008056641e+00
3.185589551925659180e+00
4.018486976623535156e+00
2.516886949539184570e+00
6.007120609283447266e+00
4.770721435546875000e+00
2.928894758224487305e+00
5.625964641571044922e+00
2.319837093353271484e+00
3.815282821655273438e+00
1.404772043228149414e+00
4.374137401580810547e+00
2.581979513168334961e+00
3.502981662750244141e+00
2.609369993209838867e+00
3.937045812606811523e+00
2.579147338867187500e+00
2.182527303695678711e+00
3.812599897384643555e+00
6.091014862060546875e+00
4.022148132324218750e+00
7.671830177307128906e+00
4.321776866912841797e+00
2.819155454635620117e+00
2.135957717895507812e+00
1.349279046058654785e+00
8.662630915641784668e-01
2.769032001495361328e+00
5.904138088226318359e+00
3.001661062240600586e+00
1.019021391868591309e+00
6.074643135070800781e+00
2.957065105438232422e+00
2.638736486434936523e+00
4.364085197448730469e+00
3.721784353256225586e+00
3.523506879806518555e+00
1.952070832252502441e+00
1.776660323143005371e+00
8.052828907966613770e-01
3.164316892623901367e+00
2.650900602340698242e+00
2.511339902877807617e+00
1.066198706626892090e+00
6.894445419311523438e-01
2.106968641281127930e+00
6.177181243896484375e+00
4.253795146942138672e+00
2.295011281967163086e+00
3.781918048858642578e+00
1.189505934715270996e+00
2.636315345764160156e+00
4.785059928894042969e+00
1.043943762779235840e+00
2.890718460083007812e+00
3.651012420654296875e+00
1.168978929519653320e+00
4.699781894683837891e+00
5.364336490631103516e+00
3.783386707305908203e+00
2.439710617065429688e+00
5.545578002929687500e+00
2.236950159072875977e+00
4.884953975677490234e+00
4.427424907684326172e+00
2.881218433380126953e+00
3.793997287750244141e+00
3.516872406005859375e+00
1.647398352622985840e+00
2.044056653976440430e+00
3.659433841705322266e+00
3.862742662429809570e+00
2.262292146682739258e+00
5.267917156219482422e+00
1.917509078979492188e+00
3.787882566452026367e+00
6.158685207366943359e+00
4.045220851898193359e+00
3.382134199142456055e+00
1.348989844322204590e+00
5.876749992370605469e+00
5.762389183044433594e+00
6.679601192474365234e+00
4.371273040771484375e+00
3.778303861618041992e+00
2.926736593246459961e+00
7.032148838043212891e+00
5.076436519622802734e+00
1.536250710487365723e+00
5.299621582031250000e+00
2.540491819381713867e+00
3.845277547836303711e+00
1.791312217712402344e+00
6.158092975616455078e+00
3.516772031784057617e+00
3.535232305526733398e+00
4.530788898468017578e+00
3.215269804000854492e+00
6.608790874481201172e+00
4.764504909515380859e+00
2.268861293792724609e+00
3.126831054687500000e+00
5.711130499839782715e-01
6.778640270233154297e+00
4.894598960876464844e+00
2.283131122589111328e+00
5.745391845703125000e+00
4.217830181121826172e+00
1.783530235290527344e+00
6.859298706054687500e+00
1.847367525100708008e+00
2.320290088653564453e+00
5.722819805145263672e+00
9.008289575576782227e-01
4.829100131988525391e+00
3.438051939010620117e+00
6.237852573394775391e+00
6.238368511199951172e+00
3.321053743362426758e+00
3.248658418655395508e+00
1.925984025001525879e+00
4.305115222930908203e+00
4.709109783172607422e+00
5.918464183807373047e+00
3.143389940261840820e+00
1.448682665824890137e+00
3.406168460845947266e+00
2.999372959136962891e+00
4.959354400634765625e+00
3.436224460601806641e+00
2.971927642822265625e+00
2.371986150741577148e+00
1.857560157775878906e+00
2.412739753723144531e+00
2.928989648818969727e+00
2.628958225250244141e+00
3.583983182907104492e+00
5.042320251464843750e+00
2.355259418487548828e+00
2.677309751510620117e+00
3.192493438720703125e+00
2.838485002517700195e+00
2.217855691909790039e+00
2.727947711944580078e+00
2.335834503173828125e+00
1.295486450195312500e+00
4.183881282806396484e+00
2.177985906600952148e+00
3.601605653762817383e+00
2.744589328765869141e+00
1.779514670372009277e+00
8.124483227729797363e-01
4.551434040069580078e+00
2.361982583999633789e+00
1.247924089431762695e+00
1.666376113891601562e+00
4.330487728118896484e+00
2.194462537765502930e+00
2.082400083541870117e+00
3.675432682037353516e+00
4.023168087005615234e+00
3.100649118423461914e+00
4.845414638519287109e+00
1.656696677207946777e+00
1.032497286796569824e+00
2.887371063232421875e+00
2.950416326522827148e+00
8.309817314147949219e-01
3.242879867553710938e+00
3.209266424179077148e+00
2.919221639633178711e+00
2.912050962448120117e+00
4.528333663940429688e+00
2.596453905105590820e+00
2.685886621475219727e+00
4.756909847259521484e+00
3.684941530227661133e+00
3.582762956619262695e+00
2.859204053878784180e+00
4.859287738800048828e+00
3.079250097274780273e+00
2.102381467819213867e+00
1.991884827613830566e+00
4.825648784637451172e+00
3.016055583953857422e+00
1.112840175628662109e+00
1.373079061508178711e+00
5.048326015472412109e+00
5.075237274169921875e+00
1.370631098747253418e+00
1.352381587028503418e+00
5.098581790924072266e+00
3.296016693115234375e+00
1.604493975639343262e+00
2.886678695678710938e+00
6.589108943939208984e+00
2.569206953048706055e+00
4.289674282073974609e+00
3.026848316192626953e+00
4.638699531555175781e+00
5.795139789581298828e+00
1.857418060302734375e+00
2.747535943984985352e+00
2.485291957855224609e+00
6.034621715545654297e+00
3.138227701187133789e+00
3.850824356079101562e+00
4.556251049041748047e+00
8.065508008003234863e-01
1.718378901481628418e+00
4.655390739440917969e+00
2.654275655746459961e+00
1.744863748550415039e+00
2.842212677001953125e+00
1.669266104698181152e+00
2.670542001724243164e+00
3.272192478179931641e+00
4.296998500823974609e+00
1.878905177116394043e+00
3.794023990631103516e+00
9.480614066123962402e-01
6.950310707092285156e+00
3.228241682052612305e+00
3.061034440994262695e+00
1.985691308975219727e+00
3.769662857055664062e+00
5.527081012725830078e+00
2.203600406646728516e+00
3.910068273544311523e+00
1.712409853935241699e+00
4.654700756072998047e+00
3.136888265609741211e+00
2.906053066253662109e+00
4.152027606964111328e+00
3.189198732376098633e+00
3.147786140441894531e+00
5.194611549377441406e+00
6.493833065032958984e+00
3.527200698852539062e+00
2.482951402664184570e+00
5.156794548034667969e+00
5.934045314788818359e+00
5.729741573333740234e+00
9.480969309806823730e-01
2.046349287033081055e+00
3.975956439971923828e+00
4.854610919952392578e+00
4.857438564300537109e+00
4.549698352813720703e+00
4.817496776580810547e+00
4.821278095245361328e+00
1.455272912979125977e+00
8.868052482604980469e+00
2.662632226943969727e+00
3.773449659347534180e+00
6.224218845367431641e+00
3.884308576583862305e+00
1.470440268516540527e+00
3.922150135040283203e+00
2.131091117858886719e+00
6.400820255279541016e+00
2.774252176284790039e+00
6.643156528472900391e+00
3.296468019485473633e+00
5.065286159515380859e+00
2.550628185272216797e+00
6.592831611633300781e+00
1.879462599754333496e+00
4.121420860290527344e+00
1.345303893089294434e+00
1.152030348777770996e+00
2.139306783676147461e+00
5.557169437408447266e+00
1.527484059333801270e+00
3.522873640060424805e+00
2.252064466476440430e+00
3.162590980529785156e+00
1.268180370330810547e+00
1.305075764656066895e+00
7.305676937103271484e+00
3.562768697738647461e+00
4.843224525451660156e+00
6.754432201385498047e+00
2.221997022628784180e+00
1.030548572540283203e+00
1.495872855186462402e+00
1.864713430404663086e-01
3.859561681747436523e+00
3.766523361206054688e+00
1.909492492675781250e+00
1.780534148216247559e+00
2.618164777755737305e+00
4.477351665496826172e+00
3.324165105819702148e+00
6.659915924072265625e+00
5.812578678131103516e+00
1.424378514289855957e+00
6.118507385253906250e+00
4.722728252410888672e+00
1.263913154602050781e+00
5.564676284790039062e+00
4.195580959320068359e+00
6.954434871673583984e+00
5.203341841697692871e-01
4.666173458099365234e+00
2.724673509597778320e+00
4.161347389221191406e+00
5.822644710540771484e+00
3.995058774948120117e+00
7.656581401824951172e-01
4.158772468566894531e+00
3.584535360336303711e+00
3.606221437454223633e+00
1.348501682281494141e+00
5.413521289825439453e+00
1.814756393432617188e+00
3.924302816390991211e+00
3.503712177276611328e+00
2.992558240890502930e+00
8.160579681396484375e+00
4.537880420684814453e+00
2.338087797164916992e+00
3.081049919128417969e+00
2.872999668121337891e+00
5.716912746429443359e+00
3.017977476119995117e+00
3.565716505050659180e+00
5.336318492889404297e+00
2.581941843032836914e+00
9.590916037559509277e-01
4.110976696014404297e+00
5.142688751220703125e+00
5.266759872436523438e+00
5.786340713500976562e+00
9.163898825645446777e-01
4.316840648651123047e+00
2.497367858886718750e+00
3.336870193481445312e+00
4.825397014617919922e+00
5.890852808952331543e-01
4.622803688049316406e+00
3.190813302993774414e+00
1.897971510887145996e+00
3.168590545654296875e+00
3.163038730621337891e+00
5.543583393096923828e+00
2.602805852890014648e+00
7.283729076385498047e+00
5.602521419525146484e+00
3.220502853393554688e+00
2.195938825607299805e+00
1.089887022972106934e+00
1.665662407875061035e+00
6.370990276336669922e+00
4.163342952728271484e+00
2.732440710067749023e+00
1.707178711891174316e+00
5.002735137939453125e+00
3.561870574951171875e+00
4.522292137145996094e+00
3.910242080688476562e+00
5.133940219879150391e+00
4.942579746246337891e+00
4.603538036346435547e+00
3.216788530349731445e+00
1.335078716278076172e+00
1.571872830390930176e+00
4.603249549865722656e+00
4.892793178558349609e+00
1.106638193130493164e+00
2.369241714477539062e+00
5.124618053436279297e+00
2.644361257553100586e+00
1.905003786087036133e+00
1.362955689430236816e+00
3.782984972000122070e+00
4.893339633941650391e+00
1.989275932312011719e+00
5.908699989318847656e+00
4.445083141326904297e+00
1.503005862236022949e+00
5.781486988067626953e+00
2.865015745162963867e+00
1.711734771728515625e+00
4.685914993286132812e+00
3.348715305328369141e+00
3.906383275985717773e+00
7.239111423492431641e+00
1.924782037734985352e+00
4.885270118713378906e+00
3.518130540847778320e+00
2.992676019668579102e+00
2.875097990036010742e+00
2.801463842391967773e+00
1.416437625885009766e+00
3.204393386840820312e+00
2.690032720565795898e+00
2.195577621459960938e+00
3.595980882644653320e+00
2.347410202026367188e+00
2.861489534378051758e+00
3.953489303588867188e+00
3.021064519882202148e+00
3.138771295547485352e+00
2.732064247131347656e+00
3.406973361968994141e+00
4.385262489318847656e+00
3.480777740478515625e+00
3.302662372589111328e+00
2.922863006591796875e+00
5.433351516723632812e+00
9.923002123832702637e-01
1.835372805595397949e+00
3.179575920104980469e+00
2.149129867553710938e+00
4.127874851226806641e+00
4.337894916534423828e+00
3.293617248535156250e+00
3.684482574462890625e+00
2.531601667404174805e+00
3.701585531234741211e+00
3.036777496337890625e+00
5.617498874664306641e+00
3.875553131103515625e+00
4.931947231292724609e+00
1.891649246215820312e+00
2.282828092575073242e+00
4.985807418823242188e+00
6.053431630134582520e-01
9.815279245376586914e-01
6.765771389007568359e+00
2.637741804122924805e+00
6.566543579101562500e+00
1.296461701393127441e+00
2.348988294601440430e+00
3.440984487533569336e+00
2.334753751754760742e+00
5.161885738372802734e+00
1.633614420890808105e+00
7.698745727539062500e+00
4.195044994354248047e+00
3.736414670944213867e+00
2.315280437469482422e+00
8.268437385559082031e+00
5.773503780364990234e+00
4.294830322265625000e+00
4.212389469146728516e+00
3.643363714218139648e+00
1.669855952262878418e+00
4.072228431701660156e+00
1.604981422424316406e+00
1.073980569839477539e+00
4.803807735443115234e+00
1.777515053749084473e+00
4.780360698699951172e+00
1.106448054313659668e+00
5.028930664062500000e+00
3.054128885269165039e+00
4.835927009582519531e+00
3.263199329376220703e+00
8.140887618064880371e-01
