5.172250270843505859e+00
3.090857028961181641e+00
2.553342342376708984e+00
2.090933561325073242e+00
3.027118682861328125e+00
4.317379474639892578e+00
3.447445631027221680e+00
4.651581764221191406e+00
3.127671241760253906e+00
3.626280307769775391e+00
5.232176303863525391e+00
4.091878414154052734e+00
3.348513364791870117e+00
4.053931713104248047e+00
1.022535681724548340e+00
1.631148219108581543e+00
5.112002849578857422e+00
3.139693975448608398e+00
2.303291559219360352e+00
1.616933226585388184e+00
1.033855080604553223e+00
2.509662151336669922e+00
5.452741622924804688e+00
5.237733840942382812e+00
5.986439228057861328e+00
4.938537597656250000e+00
3.628567218780517578e+00
2.723909854888916016e+00
5.148572444915771484e+00
3.594744205474853516e+00
6.234492778778076172e+00
2.797150850296020508e+00
1.902394533157348633e+00
5.561393737792968750e+00
3.167723894119262695e+00
6.984042644500732422e+00
4.822769641876220703e+00
4.107009410858154297e+00
2.793725728988647461e+00
9.664553999900817871e-01
2.505789279937744141e+00
1.185275435447692871e+00
3.192879199981689453e+00
2.681773185729980469e+00
1.231100916862487793e+00
8.256617784500122070e-01
4.221017837524414062e+00
3.022017002105712891e+00
1.536024093627929688e+00
2.734895467758178711e+00
5.208964824676513672e+00
3.346507787704467773e+00
4.205876350402832031e+00
3.626887559890747070e+00
7.536597847938537598e-01
4.181214272975921631e-01
5.413911342620849609e+00
1.806779742240905762e+00
1.741644144058227539e+00
6.803860664367675781e+00
3.514764547348022461e+00
1.805114746093750000e+00
1.956011772155761719e+00
3.173957586288452148e+00
1.515321612358093262e+00
6.030488491058349609e+00
5.024386882781982422e+00
3.855229616165161133e+00
5.232452392578125000e+00
4.233877658843994141e+00
2.822006464004516602e+00
2.664758205413818359e+00
5.490706443786621094e+00
2.743518352508544922e+00
3.695410966873168945e+00
3.603617191314697266e+00
3.538736343383789062e+00
2.864234685897827148e+00
3.298051834106445312e+00
4.419433116912841797e+00
3.911659002304077148e+00
3.317739963531494141e+00
1.957749366760253906e+00
4.952442169189453125e+00
3.708496809005737305e+00
5.645544052124023438e+00
4.220984935760498047e+00
4.003431797027587891e+00
4.337195873260498047e+00
3.630392551422119141e+00
4.695757389068603516e+00
3.058067798614501953e+00
3.266381502151489258e+00
8.913345336914062500e-01
3.575108766555786133e+00
1.524485349655151367e+00
3.090557813644409180e+00
1.134719967842102051e+00
1.388089895248413086e+00
3.612677097320556641e+00
3.703035116195678711e+00
4.633093357086181641e+00
2.096699237823486328e+00
4.659259796142578125e+00
5.347552776336669922e+00
3.869000673294067383e+00
2.276310682296752930e+00
1.763282656669616699e+00
1.993360966444015503e-01
6.636437773704528809e-01
2.697558403015136719e+00
2.179803848266601562e+00
2.649079322814941406e+00
3.381451368331909180e+00
3.371104478836059570e+00
3.923101902008056641e+00
5.470799922943115234e+00
2.610687971115112305e+00
1.733090281486511230e+00
2.297432661056518555e+00
3.195645332336425781e+00
4.506543636322021484e+00
1.972581744194030762e+00
3.345568418502807617e+00
2.073294401168823242e+00
3.231614828109741211e+00
3.204589843750000000e+00
3.502061128616333008e+00
1.514389872550964355e+00
4.570382595062255859e+00
1.549775123596191406e+00
3.384666442871093750e+00
5.859752655029296875e+00
1.963336586952209473e+00
4.169938266277313232e-01
3.844618558883666992e+00
3.985256671905517578e+00
3.723080158233642578e+00
3.612753391265869141e+00
3.332418203353881836e+00
4.284297466278076172e+00
4.845431804656982422e+00
4.974975109100341797e+00
4.393508434295654297e+00
3.654997348785400391e+00
2.308164834976196289e+00
3.068366289138793945e+00
2.651829481124877930e+00
2.682736158370971680e+00
3.793120145797729492e+00
2.814518451690673828e+00
2.302616119384765625e+00
3.719232559204101562e+00
2.388615608215332031e+00
3.596926212310791016e+00
3.157635450363159180e+00
5.048037767410278320e-01
3.339071989059448242e+00
1.267395496368408203e+00
4.434454917907714844e+00
1.089656233787536621e+00
6.466117858886718750e+00
4.196273326873779297e+00
4.182502269744873047e+00
3.379153013229370117e+00
5.740974903106689453e+00
1.525133728981018066e+00
2.768973827362060547e+00
3.457283020019531250e+00
4.132347106933593750e+00
6.136041164398193359e+00
3.798303365707397461e+00
5.479951858520507812e+00
3.468337297439575195e+00
4.169379711151123047e+00
2.636048793792724609e+00
3.388882875442504883e+00
1.344638824462890625e+00
1.939935326576232910e+00
5.805947780609130859e+00
2.497546195983886719e+00
3.201147794723510742e+00
4.971951484680175781e+00
2.574945926666259766e+00
1.254749178886413574e+00
3.401474475860595703e+00
3.299078702926635742e+00
1.083813786506652832e+00
5.618422985076904297e+00
1.447614312171936035e+00
2.615793943405151367e+00
2.980033636093139648e+00
3.104059457778930664e+00
3.334017276763916016e+00
5.471638202667236328e+00
3.034214735031127930e+00
2.674068212509155273e+00
4.293877124786376953e+00
2.757427453994750977e+00
2.282737493515014648e+00
1.706146121025085449e+00
3.113367557525634766e+00
5.188895702362060547e+00
2.052206039428710938e+00
2.646646022796630859e+00
4.633975505828857422e+00
4.564155101776123047e+00
7.475594997406005859e+00
4.003183841705322266e+00
4.650777816772460938e+00
5.064117908477783203e+00
2.469165802001953125e+00
3.417344987392425537e-01
5.828228473663330078e+00
4.800771236419677734e+00
4.502049922943115234e+00
4.909217357635498047e+00
3.734632253646850586e+00
1.922631144523620605e+00
2.226400375366210938e+00
5.705423355102539062e+00
1.027616143226623535e+00
3.688836336135864258e+00
2.032156705856323242e+00
4.830025672912597656e+00
3.305848836898803711e+00
1.205871939659118652e+00
2.797576189041137695e+00
2.516996383666992188e+00
4.253221988677978516e+00
2.675718307495117188e+00
5.357409954071044922e+00
3.953007936477661133e+00
5.934785366058349609e+00
3.222796678543090820e+00
7.158725261688232422e+00
2.922795534133911133e+00
5.781882762908935547e+00
3.852544546127319336e+00
3.489551305770874023e+00
2.454173803329467773e+00
1.299993395805358887e+00
1.348164200782775879e+00
3.036704063415527344e+00
1.737660288810729980e+00
1.659036874771118164e+00
2.316570043563842773e+00
3.426971435546875000e-01
6.763315200805664062e-01
3.142829179763793945e+00
5.413181304931640625e+00
2.403793334960937500e+00
3.526899099349975586e+00
2.401908159255981445e+00
5.015162944793701172e+00
5.389600753784179688e+00
6.978687644004821777e-01
9.874394536018371582e-01
2.405025959014892578e+00
1.934562563896179199e+00
2.907954931259155273e+00
3.002329111099243164e+00
6.401137709617614746e-01
2.383075475692749023e+00
3.563877105712890625e+00
4.615881443023681641e+00
4.139466762542724609e+00
2.395900487899780273e+00
4.940327644348144531e+00
4.204585552215576172e+00
2.453248977661132812e+00
1.919271349906921387e+00
2.369500875473022461e+00
6.412998199462890625e+00
7.711179256439208984e-01
2.648764848709106445e+00
3.271934986114501953e+00
4.383768081665039062e+00
6.754881739616394043e-01
3.367427110671997070e+00
2.338487625122070312e+00
5.929473400115966797e+00
2.866295576095581055e+00
1.820347666740417480e+00
4.144148826599121094e+00
2.128389596939086914e+00
3.726919174194335938e+00
4.409399986267089844e+00
3.408512830734252930e+00
3.090613603591918945e+00
2.666250944137573242e+00
1.566607475280761719e+00
6.710475683212280273e-01
2.856245279312133789e+00
3.549615144729614258e+00
2.848554849624633789e+00
2.542427539825439453e+00
3.298681735992431641e+00
1.416682720184326172e+00
2.175054311752319336e+00
1.132168650627136230e+00
4.589327335357666016e+00
3.256739854812622070e+00
5.609790682792663574e-01
2.966773509979248047e+00
8.256255984306335449e-01
1.349533557891845703e+00
2.546039581298828125e+00
5.227846622467041016e+00
6.677153110504150391e+00
4.009021282196044922e+00
3.262638807296752930e+00
1.112511634826660156e+00
5.203215122222900391e+00
2.531546592712402344e+00
3.798851013183593750e+00
1.313299775123596191e+00
3.641161441802978516e+00
4.301397323608398438e+00
4.147814273834228516e+00
5.064034938812255859e+00
2.447164773941040039e+00
3.992093801498413086e-01
2.256199359893798828e+00
2.886836290359497070e+00
3.116322278976440430e+00
2.968912124633789062e+00
4.052754878997802734e+00
1.301752090454101562e+00
5.715942382812500000e+00
7.702780246734619141e+00
3.567831039428710938e+00
3.602346420288085938e+00
3.755940675735473633e+00
3.765534162521362305e+00
1.117135643959045410e+00
2.752654790878295898e+00
6.245465278625488281e+00
6.162775516510009766e+00
2.385037183761596680e+00
4.848155975341796875e+00
1.995117425918579102e+00
9.352089166641235352e-01
4.360469341278076172e+00
4.537658691406250000e+00
5.840461254119873047e+00
1.662349343299865723e+00
3.253580093383789062e+00
4.197364807128906250e+00
4.864808082580566406e+00
1.395029902458190918e+00
3.946849822998046875e+00
3.458126783370971680e+00
6.855597496032714844e-01
5.957953453063964844e+00
6.596354007720947266e+00
4.493407726287841797e+00
3.513678789138793945e+00
9.352619051933288574e-01
2.778430938720703125e+00
2.773179769515991211e+00
2.272139549255371094e+00
1.851848959922790527e+00
2.620072126388549805e+00
3.002814292907714844e+00
2.614582061767578125e+00
3.792959928512573242e+00
5.939169406890869141e+00
4.666044712066650391e+00
3.373904943466186523e+00
4.226243019104003906e+00
3.145896196365356445e+00
2.656908035278320312e+00
4.387559413909912109e+00
3.132071018218994141e+00
1.974396705627441406e+00
4.639252185821533203e+00
3.264782428741455078e+00
6.756726741790771484e+00
2.898280858993530273e+00
5.840716838836669922e+00
1.413689017295837402e+00
6.072065353393554688e+00
1.591572165489196777e+00
3.742222547531127930e+00
6.516480922698974609e+00
2.570050954818725586e+00
3.446277618408203125e+00
3.097763299942016602e+00
3.661081314086914062e+00
5.515392780303955078e+00
2.710933923721313477e+00
3.484457731246948242e+00
3.016807317733764648e+00
2.459586381912231445e+00
2.413977861404418945e+00
4.173674106597900391e+00
5.553759574890136719e+00
2.516073226928710938e+00
5.515511512756347656e+00
1.030180215835571289e+00
7.006331920623779297e+00
4.795852184295654297e+00
4.505347728729248047e+00
3.056572437286376953e+00
2.160333871841430664e+00
3.249521732330322266e+00
3.301788330078125000e+00
1.447554707527160645e+00
4.157416820526123047e+00
4.102416038513183594e+00
2.473107337951660156e+00
1.846543192863464355e+00
2.622668743133544922e+00
3.513231039047241211e+00
5.315459728240966797e+00
3.188462018966674805e+00
1.017951369285583496e+00
2.779146432876586914e+00
5.546353816986083984e+00
4.914815902709960938e+00
5.137618541717529297e+00
5.641038417816162109e+00
3.392778396606445312e+00
2.335247755050659180e+00
1.077041745185852051e+00
3.438746213912963867e+00
2.090970754623413086e+00
4.453846931457519531e+00
3.084514379501342773e+00
3.762892961502075195e+00
2.988941669464111328e+00
5.020790576934814453e+00
1.723222136497497559e+00
4.726866722106933594e+00
4.131878376007080078e+00
1.741732954978942871e+00
6.591645717620849609e+00
5.840286731719970703e+00
3.665122985839843750e+00
6.030251502990722656e+00
2.821428060531616211e+00
4.741630077362060547e+00
4.044082641601562500e+00
3.493857145309448242e+00
2.997927188873291016e+00
3.494621753692626953e+00
2.915156126022338867e+00
3.165032148361206055e+00
3.030859470367431641e+00
9.449792861938476562e+00
4.721525192260742188e+00
4.449120998382568359e+00
4.413016796112060547e+00
4.321798801422119141e+00
1.382169842720031738e+00
2.219712972640991211e+00
3.272749423980712891e+00
3.522385358810424805e+00
4.648677349090576172e+00
3.939692735671997070e+00
1.126833915710449219e+00
4.177011013031005859e+00
3.208826541900634766e+00
3.146416425704956055e+00
1.578834295272827148e+00
7.023791074752807617e-01
4.658999919891357422e+00
4.371685981750488281e+00
2.333135366439819336e+00
2.905553102493286133e+00
1.014001131057739258e+00
1.245338797569274902e+00
9.227386713027954102e-01
4.346261024475097656e+00
4.312553405761718750e+00
3.251883745193481445e+00
4.920101165771484375e+00
4.050757884979248047e+00
1.525626540184020996e+00
3.527046918869018555e+00
4.285594463348388672e+00
3.939894199371337891e+00
1.559243559837341309e+00
2.583494186401367188e+00
2.408896684646606445e+00
3.321856260299682617e+00
2.879451036453247070e+00
5.166587352752685547e+00
4.664338588714599609e+00
3.122704267501831055e+00
1.684227347373962402e+00
5.486268997192382812e-01
5.767182826995849609e+00
1.209956765174865723e+00
3.330818176269531250e+00
2.749716043472290039e+00
6.577001094818115234e+00
3.074105978012084961e+00
3.991721868515014648e+00
