3.412467241287231445e+00
4.962293148040771484e+00
3.666557788848876953e+00
4.197485446929931641e+00
3.189775228500366211e+00
3.645710706710815430e+00
3.914191484451293945e+00
2.762067556381225586e+00
6.159423351287841797e+00
4.452132701873779297e+00
2.395265102386474609e+00
5.008557319641113281e+00
2.513010263442993164e+00
3.667154788970947266e+00
2.067098140716552734e+00
5.136342048645019531e+00
2.592663526535034180e+00
3.274539947509765625e+00
1.749631762504577637e+00
1.755158305168151855e+00
1.462714076042175293e+00
7.804964780807495117e-01
3.170084714889526367e+00
3.068154811859130859e+00
6.850059032440185547e+00
1.865587472915649414e+00
5.577036380767822266e+00
1.675470352172851562e+00
4.106872081756591797e+00
1.918784141540527344e+00
3.658221006393432617e+00
8.662734031677246094e+00
3.098466873168945312e+00
2.451693773269653320e+00
6.228066444396972656e+00
3.142465591430664062e+00
2.104222059249877930e+00
1.942022562026977539e+00
8.207694053649902344e+00
3.813544511795043945e+00
3.311129808425903320e+00
1.905341506004333496e+00
1.366946458816528320e+00
4.720810890197753906e+00
3.148214817047119141e+00
4.774086475372314453e+00
3.274565458297729492e+00
4.782407760620117188e+00
2.898375272750854492e+00
4.407509326934814453e+00
5.493613719940185547e+00
4.339853286743164062e+00
9.527544379234313965e-01
4.559100627899169922e+00
8.278926014900207520e-01
3.865507602691650391e+00
5.603278636932373047e+00
4.050920009613037109e+00
1.980655908584594727e+00
4.288192272186279297e+00
2.351648569107055664e+00
4.029052257537841797e+00
7.431473135948181152e-01
3.165525913238525391e+00
3.049209117889404297e+00
1.831636309623718262e+00
4.154469966888427734e+00
4.775336742401123047e+00
3.332502365112304688e+00
3.532333850860595703e+00
2.219557762145996094e+00
4.324159145355224609e+00
4.426631450653076172e+00
5.651803493499755859e+00
2.364594221115112305e+00
1.822426676750183105e+00
5.827576160430908203e+00
2.029417753219604492e+00
4.733693599700927734e+00
2.162043571472167969e+00
5.231727600097656250e+00
1.448786616325378418e+00
7.545327663421630859e+00
4.859986782073974609e+00
5.034224510192871094e+00
3.183277845382690430e+00
6.092597484588623047e+00
4.785474300384521484e+00
4.567519187927246094e+00
5.517542958259582520e-01
5.259089469909667969e+00
1.697827696800231934e+00
2.791530370712280273e+00
7.015706062316894531e+00
1.757224082946777344e+00
8.795187950134277344e+00
1.655212640762329102e+00
1.746606707572937012e+00
2.866110563278198242e+00
2.929465532302856445e+00
3.649969100952148438e+00
4.624238967895507812e+00
3.144848585128784180e+00
2.584138393402099609e+00
5.277765750885009766e+00
3.201788425445556641e+00
3.920995473861694336e+00
2.331847667694091797e+00
7.030556678771972656e+00
1.456512093544006348e+00
3.105500936508178711e+00
3.179002523422241211e+00
3.312915086746215820e+00
1.609572768211364746e+00
4.646784782409667969e+00
3.163242101669311523e+00
4.340124130249023438e+00
2.513908147811889648e+00
3.971533298492431641e+00
2.766690254211425781e+00
2.346331626176834106e-01
1.552533626556396484e+00
2.130426168441772461e+00
4.660010814666748047e+00
3.081541299819946289e+00
3.817207098007202148e+00
4.684553146362304688e+00
4.472778320312500000e+00
2.409932374954223633e+00
4.039907932281494141e+00
3.547342061996459961e+00
3.779105424880981445e+00
4.834386348724365234e+00
2.215625047683715820e+00
4.815962314605712891e+00
4.592645645141601562e+00
5.014934539794921875e+00
4.627599239349365234e+00
5.278760433197021484e+00
1.489606022834777832e+00
3.013699531555175781e+00
3.271004915237426758e+00
5.038963794708251953e+00
4.054725170135498047e+00
1.733368158340454102e+00
2.499874830245971680e+00
3.189888238906860352e+00
5.142295360565185547e+00
2.869967460632324219e+00
2.809620618820190430e+00
2.360896587371826172e+00
1.155815243721008301e+00
1.578991770744323730e+00
4.577735424041748047e+00
3.939697980880737305e+00
2.348633527755737305e+00
2.667052030563354492e+00
4.141172409057617188e+00
2.599557638168334961e+00
1.668678283691406250e+00
3.571799516677856445e+00
4.400032997131347656e+00
2.180575609207153320e+00
4.833719432353973389e-01
4.082699298858642578e+00
2.836337804794311523e+00
6.133524894714355469e+00
9.055424928665161133e-01
3.207551717758178711e+00
2.478164434432983398e+00
4.033913135528564453e+00
3.908935308456420898e+00
1.939978599548339844e+00
2.754312992095947266e+00
1.853474020957946777e+00
6.542210578918457031e+00
2.699524641036987305e+00
2.011709213256835938e+00
1.524996638298034668e+00
2.584927320480346680e+00
3.166447877883911133e+00
3.739899873733520508e+00
3.076572418212890625e+00
4.508065700531005859e+00
5.240702629089355469e+00
3.317618608474731445e+00
2.576113462448120117e+00
4.146309852600097656e+00
3.659252643585205078e+00
4.547173976898193359e+00
1.232070684432983398e+00
3.474129915237426758e+00
5.463708639144897461e-01
1.868284225463867188e+00
2.477805376052856445e+00
2.582546949386596680e+00
4.603500843048095703e+00
3.072424650192260742e+00
3.040337800979614258e+00
2.355038404464721680e+00
1.847475886344909668e+00
2.594171524047851562e+00
4.904794692993164062e+00
9.205538630485534668e-01
4.664004802703857422e+00
4.336636543273925781e+00
1.633320689201354980e+00
1.603269577026367188e+00
3.923724412918090820e+00
3.958925962448120117e+00
2.126988887786865234e+00
3.490311145782470703e+00
1.373152613639831543e+00
4.816442131996154785e-01
3.701240539550781250e+00
4.112284183502197266e+00
4.463140487670898438e+00
1.916767954826354980e+00
3.952182054519653320e+00
2.122466087341308594e+00
3.114200353622436523e+00
3.529960632324218750e+00
6.122981071472167969e+00
1.961278915405273438e+00
3.631573438644409180e+00
3.521326065063476562e+00
4.460509300231933594e+00
1.608386874198913574e+00
5.484149456024169922e+00
7.672976851463317871e-01
4.241983890533447266e+00
1.476951599121093750e+00
2.891565084457397461e+00
3.715312719345092773e+00
4.616291999816894531e+00
5.229320049285888672e+00
4.229367733001708984e+00
2.969151258468627930e+00
2.983977556228637695e+00
3.966545104980468750e+00
3.195759296417236328e+00
1.674812316894531250e+00
1.918646216392517090e+00
4.264791011810302734e+00
8.062410354614257812e-01
4.352268695831298828e+00
3.328870058059692383e+00
4.580211162567138672e+00
8.135656714439392090e-01
4.007225513458251953e+00
5.267236232757568359e+00
4.889561176300048828e+00
3.304468154907226562e+00
8.360714316368103027e-01
1.403595924377441406e+00
4.718569755554199219e+00
1.931773424148559570e+00
2.891382932662963867e+00
5.850995063781738281e+00
2.347551107406616211e+00
3.028978586196899414e+00
3.543045759201049805e+00
9.282016158103942871e-01
3.945185184478759766e+00
2.902463912963867188e+00
3.796535968780517578e+00
7.243924140930175781e-01
2.343411207199096680e+00
2.698259592056274414e+00
6.290486812591552734e+00
5.303838253021240234e+00
3.493193089962005615e-01
1.824408769607543945e+00
1.210084319114685059e+00
3.260319471359252930e+00
4.506937980651855469e+00
3.837255477905273438e+00
2.169422149658203125e+00
1.708849906921386719e+00
4.083123683929443359e+00
4.052779674530029297e+00
6.203714847564697266e+00
3.262181043624877930e+00
7.402229309082031250e+00
1.804533004760742188e+00
1.063256263732910156e+00
3.581257343292236328e+00
4.550704956054687500e+00
6.207321643829345703e+00
1.992982149124145508e+00
2.311554431915283203e+00
3.730222463607788086e+00
4.863167762756347656e+00
4.742096900939941406e+00
2.811016082763671875e+00
2.456646203994750977e+00
6.345847606658935547e+00
2.742290973663330078e+00
4.329480648040771484e+00
2.962082147598266602e+00
7.213553786277770996e-01
1.381438612937927246e+00
3.895198822021484375e+00
3.205452680587768555e+00
3.129484891891479492e+00
4.884471416473388672e+00
4.951378345489501953e+00
2.369916200637817383e+00
3.495262145996093750e+00
2.791398525238037109e+00
3.970416307449340820e+00
2.803995132446289062e+00
6.859139919281005859e+00
1.614182114601135254e+00
3.571833372116088867e+00
1.801955223083496094e+00
2.945456981658935547e+00
4.216149806976318359e+00
4.577398777008056641e+00
2.451721906661987305e+00
2.481941461563110352e+00
4.308820724487304688e+00
6.329991817474365234e+00
1.399432182312011719e+00
4.463639736175537109e+00
3.629159927368164062e+00
2.352339744567871094e+00
3.517618894577026367e+00
2.241285324096679688e+00
7.782469391822814941e-01
4.373669147491455078e+00
3.580362319946289062e+00
4.433461189270019531e+00
8.101138114929199219e+00
2.140662193298339844e+00
5.646514892578125000e+00
5.603478908538818359e+00
2.818772315979003906e+00
5.296236991882324219e+00
1.795868277549743652e+00
5.074208736419677734e+00
4.572892189025878906e+00
1.975696563720703125e+00
6.169627666473388672e+00
1.477922797203063965e+00
4.080791950225830078e+00
4.311076700687408447e-01
2.136890172958374023e+00
4.837827205657958984e+00
1.841676592826843262e+00
2.968460559844970703e+00
4.531059741973876953e+00
2.089668750762939453e+00
7.511388301849365234e+00
2.662797212600708008e+00
5.748786926269531250e+00
5.736592769622802734e+00
2.552580595016479492e+00
1.841855406761169434e+00
5.238544940948486328e+00
7.675739288330078125e+00
1.656850695610046387e+00
5.436082363128662109e+00
3.059435367584228516e+00
7.301385402679443359e+00
3.086047887802124023e+00
4.680448055267333984e+00
1.865808486938476562e+00
3.522186756134033203e+00
2.991003751754760742e+00
1.394507169723510742e+00
2.723980665206909180e+00
9.529642462730407715e-01
4.074460029602050781e+00
2.050220489501953125e+00
3.986120939254760742e+00
7.070312023162841797e+00
4.953320503234863281e+00
3.857981443405151367e+00
3.238997220993041992e+00
5.315323829650878906e+00
5.257091999053955078e+00
2.746302843093872070e+00
5.288639545440673828e+00
4.406032085418701172e+00
1.228551983833312988e+00
1.939042091369628906e+00
7.664240598678588867e-01
4.438115596771240234e+00
4.668248653411865234e+00
1.687259554862976074e+00
3.950995206832885742e+00
3.735227584838867188e+00
1.628067970275878906e+00
4.472271442413330078e+00
1.709251403808593750e+00
2.793060064315795898e+00
6.050067901611328125e+00
2.243799448013305664e+00
4.225156784057617188e+00
2.978925466537475586e+00
3.891751527786254883e+00
1.071972608566284180e+00
5.121211528778076172e+00
6.043494701385498047e+00
3.538762807846069336e+00
5.645190715789794922e+00
2.624058485031127930e+00
5.485362052917480469e+00
2.662595510482788086e+00
1.843161225318908691e+00
4.197102069854736328e+00
2.283665418624877930e+00
1.719808816909790039e+00
4.488543987274169922e+00
2.607534170150756836e+00
2.666044473648071289e+00
5.402622699737548828e+00
1.680511474609375000e+00
2.266528367996215820e+00
5.064877033233642578e+00
3.287019729614257812e-01
4.510099411010742188e+00
3.837364196777343750e+00
4.413321971893310547e+00
4.323786258697509766e+00
4.132282733917236328e+00
4.106172084808349609e+00
2.997388601303100586e+00
1.810090899467468262e+00
3.600836992263793945e+00
1.985695838928222656e+00
5.753380775451660156e+00
3.821613311767578125e+00
2.891293287277221680e+00
3.653801679611206055e+00
6.174577236175537109e+00
2.055870771408081055e+00
4.891679763793945312e+00
2.672974586486816406e+00
5.792973995208740234e+00
4.719207763671875000e+00
1.890317797660827637e+00
3.550809860229492188e+00
4.704535007476806641e+00
2.347478151321411133e+00
4.903188228607177734e+00
3.709541797637939453e+00
2.233716726303100586e+00
3.533053159713745117e+00
1.186282515525817871e+00
4.042635440826416016e+00
4.119374275207519531e+00
4.032459735870361328e+00
5.174939632415771484e+00
4.502854824066162109e+00
1.594294905662536621e+00
4.244058609008789062e+00
2.214277029037475586e+00
2.485172033309936523e+00
3.485440015792846680e+00
5.386884212493896484e+00
2.379310846328735352e+00
2.620625972747802734e+00
2.556489944458007812e+00
3.596025228500366211e+00
1.350502490997314453e+00
4.756506085395812988e-01
5.189026355743408203e+00
4.521820545196533203e+00
4.582119464874267578e+00
5.749112129211425781e+00
4.412399291992187500e+00
2.805497407913208008e+00
2.805567502975463867e+00
2.731994628906250000e+00
5.164062976837158203e+00
4.264079570770263672e+00
2.956510305404663086e+00
1.708821296691894531e+00
2.697931766510009766e+00
2.504800081253051758e+00
3.122256278991699219e+00
3.317139387130737305e+00
1.167091965675354004e+00
4.302513599395751953e+00
7.706895351409912109e+00
3.592933416366577148e+00
3.256872653961181641e+00
1.827572822570800781e+00
2.410602807998657227e+00
1.570625305175781250e+00
5.297799110412597656e+00
1.639394044876098633e+00
2.965440034866333008e+00
4.277614593505859375e+00
1.360145092010498047e+00
3.749191761016845703e+00
4.110208988189697266e+00
4.598666191101074219e+00
