1.708361029624938965e+00
2.819523334503173828e+00
2.571828603744506836e+00
2.229465246200561523e+00
3.957425355911254883e+00
1.335150599479675293e+00
2.604310750961303711e+00
2.852250099182128906e+00
3.982043504714965820e+00
4.818183898925781250e+00
4.849844455718994141e+00
5.264960765838623047e+00
6.714271545410156250e+00
5.379229545593261719e+00
3.530290365219116211e+00
4.821015834808349609e+00
2.780740022659301758e+00
5.008381366729736328e+00
5.909918308258056641e+00
3.170907974243164062e+00
4.001812458038330078e+00
3.643307924270629883e+00
8.272837638854980469e+00
4.835897445678710938e+00
3.192843914031982422e+00
2.624965429306030273e+00
1.704283952713012695e+00
3.907897710800170898e+00
5.796451091766357422e+00
1.485012412071228027e+00
4.058052062988281250e+00
3.487719297409057617e+00
3.385225296020507812e+00
1.532907128334045410e+00
3.026616096496582031e+00
3.654399156570434570e+00
2.979447841644287109e+00
2.828167438507080078e+00
1.508493900299072266e+00
4.212745666503906250e+00
2.739776372909545898e+00
3.696547269821166992e+00
4.046018123626708984e+00
3.217035055160522461e+00
3.417095899581909180e+00
1.763776659965515137e+00
3.468065977096557617e+00
3.879450321197509766e+00
3.030981302261352539e+00
1.222201943397521973e+00
3.225135564804077148e+00
2.826115846633911133e+00
3.045690774917602539e+00
2.699711799621582031e+00
6.025201678276062012e-01
4.647988796234130859e+00
2.333557367324829102e+00
1.262133598327636719e+00
2.263294696807861328e+00
3.937422275543212891e+00
2.898546457290649414e+00
2.210234403610229492e+00
4.401585102081298828e+00
3.122584581375122070e+00
1.622480392456054688e+00
5.969430446624755859e+00
2.610896825790405273e+00
6.955393314361572266e+00
1.169057011604309082e+00
1.770659804344177246e+00
4.080654621124267578e+00
4.385221958160400391e+00
2.559390544891357422e+00
3.801542997360229492e+00
6.043002605438232422e+00
3.155844449996948242e+00
3.885779082775115967e-01
5.666667461395263672e+00
4.898225784301757812e+00
5.056973934173583984e+00
1.947971701622009277e+00
7.080680847167968750e+00
1.546738505363464355e+00
1.463063120841979980e+00
2.385546445846557617e+00
3.338042020797729492e+00
1.545520186424255371e+00
1.396302223205566406e+00
3.331298112869262695e+00
4.002478599548339844e+00
4.104135036468505859e+00
2.936598062515258789e+00
5.493957042694091797e+00
7.712308168411254883e-01
1.463050723075866699e+00
3.710134983062744141e+00
4.337835311889648438e+00
4.187199115753173828e+00
4.424013614654541016e+00
1.900154352188110352e+00
2.973709106445312500e+00
5.645749568939208984e+00
1.614637017250061035e+00
6.017243385314941406e+00
1.854462027549743652e+00
5.090334892272949219e+00
2.159653186798095703e+00
5.179709911346435547e+00
2.217733144760131836e+00
3.548424959182739258e+00
3.340358734130859375e+00
2.509945631027221680e+00
3.075366497039794922e+00
2.397840261459350586e+00
5.724021911621093750e+00
1.105719447135925293e+00
9.924217462539672852e-01
3.262833356857299805e+00
5.077745437622070312e+00
7.143980503082275391e+00
9.830638766288757324e-01
5.009229660034179688e+00
4.442264080047607422e+00
3.504796266555786133e+00
2.323222160339355469e+00
5.672206401824951172e+00
2.023133277893066406e+00
4.302736282348632812e+00
6.059714317321777344e+00
1.926330208778381348e+00
2.559708595275878906e+00
5.141145229339599609e+00
4.937968730926513672e+00
4.624387741088867188e+00
3.971477270126342773e+00
3.585845947265625000e+00
2.678767681121826172e+00
4.625165462493896484e+00
2.414109706878662109e+00
3.014493227005004883e+00
5.468827247619628906e+00
2.522263765335083008e+00
3.936061859130859375e+00
4.219425201416015625e+00
4.759887695312500000e+00
3.282103061676025391e+00
3.890366792678833008e+00
2.765349864959716797e+00
3.441071033477783203e+00
7.476336956024169922e+00
1.154705166816711426e+00
4.021149635314941406e+00
2.894174575805664062e+00
4.060392379760742188e+00
2.403201818466186523e+00
2.344919919967651367e+00
3.200771331787109375e+00
1.825221657752990723e+00
3.626340627670288086e+00
9.395613074302673340e-01
4.761270046234130859e+00
4.015219688415527344e+00
3.072026968002319336e+00
3.908399581909179688e+00
5.647664070129394531e+00
1.879495978355407715e+00
2.927859783172607422e+00
3.872863531112670898e+00
4.001731872558593750e+00
5.242497444152832031e+00
4.583695888519287109e+00
6.000747203826904297e+00
7.796170711517333984e+00
2.957867145538330078e+00
5.672570228576660156e+00
3.572324037551879883e+00
2.730265617370605469e+00
3.250466585159301758e+00
6.770783424377441406e+00
1.280005335807800293e+00
2.345364093780517578e+00
2.955101490020751953e+00
4.115732669830322266e+00
5.832986354827880859e+00
2.464268207550048828e+00
1.995774269104003906e+00
4.947293281555175781e+00
6.402218818664550781e+00
4.393833637237548828e+00
2.764913797378540039e+00
1.855499863624572754e+00
7.635187506675720215e-01
3.712490081787109375e+00
3.546507358551025391e+00
2.615454435348510742e+00
5.854264259338378906e+00
2.524350881576538086e+00
4.416900157928466797e+00
2.801947355270385742e+00
7.199230194091796875e+00
5.004620075225830078e+00
1.767176866531372070e+00
2.678303718566894531e+00
3.525754213333129883e+00
2.359183311462402344e+00
4.309448719024658203e+00
3.096973180770874023e+00
1.568148016929626465e+00
5.360078811645507812e-01
5.965050220489501953e+00
4.814849853515625000e+00
1.634397387504577637e+00
3.235285520553588867e+00
3.197203636169433594e+00
3.039908409118652344e+00
4.706511020660400391e+00
2.210284233093261719e+00
2.249319076538085938e+00
2.772558212280273438e+00
3.110003471374511719e+00
5.195728778839111328e+00
2.210701704025268555e+00
4.928777217864990234e+00
1.206895232200622559e+00
2.412461757659912109e+00
1.913000464439392090e+00
1.690395593643188477e+00
1.833704233169555664e+00
4.237639904022216797e+00
2.674448251724243164e+00
5.080713272094726562e+00
4.897830486297607422e+00
6.471664428710937500e+00
4.685279369354248047e+00
6.914718151092529297e+00
5.910920500755310059e-01
6.119487285614013672e+00
1.784460663795471191e+00
6.500243663787841797e+00
2.896101713180541992e+00
2.898201227188110352e+00
1.142711400985717773e+00
3.836010456085205078e+00
3.346012115478515625e+00
1.588098883628845215e+00
1.936272621154785156e+00
2.215570688247680664e+00
3.791959524154663086e+00
3.870949506759643555e+00
5.942155361175537109e+00
2.816553592681884766e+00
1.935561776161193848e+00
6.054667830467224121e-01
2.673269748687744141e+00
2.662440776824951172e+00
2.872527837753295898e+00
3.180861711502075195e+00
2.918868064880371094e+00
4.639899730682373047e+00
4.309093475341796875e+00
1.301750540733337402e+00
1.986296653747558594e+00
1.894398331642150879e+00
1.704263925552368164e+00
3.145492553710937500e+00
4.256075382232666016e+00
3.411637067794799805e+00
3.657324314117431641e+00
2.637430906295776367e+00
9.613401293754577637e-01
4.155522823333740234e+00
1.280279755592346191e+00
3.707542419433593750e+00
2.713559389114379883e+00
3.723158359527587891e+00
1.294503927230834961e+00
1.915679812431335449e+00
4.340007305145263672e+00
1.548570036888122559e+00
1.478073477745056152e+00
9.355809211730957031e+00
1.701170921325683594e+00
3.224894046783447266e+00
8.503012061119079590e-01
4.620490550994873047e+00
5.123896598815917969e+00
3.161136150360107422e+00
3.376335144042968750e+00
3.139130830764770508e+00
3.455889225006103516e+00
1.932028770446777344e+00
2.945899486541748047e+00
4.969613552093505859e+00
2.647441148757934570e+00
2.738118410110473633e+00
6.253398418426513672e+00
2.441075325012207031e+00
3.105288267135620117e+00
5.023916721343994141e+00
1.243202447891235352e+00
2.074713468551635742e+00
3.893078565597534180e+00
3.273626804351806641e+00
4.627160549163818359e+00
5.586693763732910156e+00
7.954033851623535156e+00
2.405287504196166992e+00
3.605437040328979492e+00
1.435042977333068848e+00
2.548852205276489258e+00
2.684263944625854492e+00
4.931339263916015625e+00
2.309371232986450195e+00
3.790323019027709961e+00
5.039380550384521484e+00
2.536749124526977539e+00
2.960128068923950195e+00
2.635208368301391602e+00
3.680447340011596680e+00
1.341962695121765137e+00
4.579476356506347656e+00
3.179933309555053711e+00
2.377815961837768555e+00
3.176057815551757812e+00
2.541624784469604492e+00
6.006846427917480469e+00
1.414712071418762207e+00
4.844118595123291016e+00
3.502326726913452148e+00
8.093270659446716309e-01
2.908257246017456055e+00
1.792548060417175293e+00
4.751048088073730469e+00
3.232417821884155273e+00
6.769723296165466309e-01
4.857280731201171875e+00
4.194068908691406250e+00
3.725632190704345703e+00
5.127086639404296875e+00
4.292666435241699219e+00
1.108250856399536133e+00
4.656385898590087891e+00
4.761241436004638672e+00
3.718277692794799805e+00
2.929796457290649414e+00
1.552242994308471680e+00
2.730175733566284180e+00
9.794859290122985840e-01
3.719543457031250000e+00
3.069075107574462891e+00
3.781302690505981445e+00
1.473398566246032715e+00
8.180527091026306152e-01
4.583266258239746094e+00
3.319825410842895508e+00
5.220609188079833984e+00
4.522363185882568359e+00
3.747876882553100586e+00
2.721860170364379883e+00
3.335545301437377930e+00
8.849466443061828613e-01
1.336323857307434082e+00
6.102681159973144531e-01
4.642850875854492188e+00
2.453981637954711914e+00
2.465334415435791016e+00
4.263599395751953125e+00
5.553507328033447266e+00
4.963107585906982422e+00
1.049839854240417480e+00
1.972549796104431152e+00
1.550555825233459473e+00
4.239648342132568359e+00
7.119946956634521484e+00
1.281223177909851074e+00
1.806570410728454590e+00
4.712236404418945312e+00
1.033128857612609863e+00
3.381255865097045898e+00
2.319849252700805664e+00
2.575715541839599609e+00
3.621107101440429688e+00
4.036782741546630859e+00
2.865969181060791016e+00
4.953390598297119141e+00
1.445423007011413574e+00
3.556862592697143555e+00
4.539346218109130859e+00
4.908504486083984375e+00
3.747623920440673828e+00
5.519394874572753906e+00
5.042539596557617188e+00
5.184857249259948730e-01
4.207682609558105469e+00
3.265349149703979492e+00
3.545481443405151367e+00
1.410819530487060547e+00
3.721291780471801758e+00
4.430861949920654297e+00
2.717623233795166016e+00
2.188016891479492188e+00
1.968125224113464355e+00
4.547955036163330078e+00
2.098582744598388672e+00
4.335600376129150391e+00
6.849884033203125000e+00
2.710785627365112305e+00
4.139400959014892578e+00
2.397485017776489258e+00
3.278425216674804688e+00
6.091499328613281250e+00
2.568996191024780273e+00
2.864800453186035156e+00
3.409930467605590820e+00
5.447161674499511719e+00
3.922983884811401367e+00
4.843310356140136719e+00
3.420134782791137695e+00
5.826737403869628906e+00
6.305814743041992188e+00
2.748079061508178711e+00
5.301740169525146484e+00
4.330440044403076172e+00
3.433132648468017578e+00
1.608580589294433594e+00
6.105444908142089844e+00
1.882666468620300293e+00
5.085454463958740234e+00
1.327040195465087891e+00
3.039490222930908203e+00
4.063202857971191406e+00
4.432742595672607422e+00
2.008141279220581055e+00
2.115559339523315430e+00
4.107202053070068359e+00
4.781539440155029297e+00
2.701222658157348633e+00
2.638671159744262695e+00
2.993424177169799805e+00
5.676459312438964844e+00
4.255329608917236328e+00
3.176496744155883789e+00
1.885838150978088379e+00
1.676483988761901855e+00
1.653898119926452637e+00
2.620362520217895508e+00
3.999510526657104492e+00
2.418885946273803711e+00
1.638368844985961914e+00
6.749470710754394531e+00
5.691287517547607422e+00
3.611051321029663086e+00
3.479196310043334961e+00
7.272947788238525391e+00
3.998313188552856445e+00
1.439730525016784668e+00
1.038916468620300293e+00
3.669597625732421875e+00
6.867633342742919922e+00
3.092271327972412109e+00
4.892379760742187500e+00
4.759070396423339844e+00
1.277781844139099121e+00
2.241203069686889648e+00
4.849990367889404297e+00
2.545233249664306641e+00
8.867844939231872559e-01
2.222103834152221680e+00
5.632750988006591797e+00
9.701787233352661133e-01
2.360034227371215820e+00
3.714083194732666016e+00
3.514519214630126953e+00
4.383887767791748047e+00
2.566616296768188477e+00
5.287281990051269531e+00
3.619847059249877930e+00
4.873796463012695312e+00
2.921609163284301758e+00
4.332583904266357422e+00
2.560135602951049805e+00
1.925141334533691406e+00
2.917002916336059570e+00
2.406099081039428711e+00
1.606588959693908691e+00
3.422319889068603516e+00
2.425921440124511719e+00
3.150685787200927734e+00
5.263133525848388672e+00
5.094789028167724609e+00
5.406964778900146484e+00
3.241958379745483398e+00
3.005589008331298828e+00
4.367572307586669922e+00
5.416162967681884766e+00
4.099292755126953125e+00
4.468806266784667969e+00
3.252705335617065430e+00
3.053431749343872070e+00
9.684974551200866699e-01
