1.800157427787780762e+00
3.991180896759033203e+00
2.309611320495605469e+00
4.673716068267822266e+00
1.220530271530151367e+00
3.518216907978057861e-01
3.674030303955078125e+00
2.336300134658813477e+00
5.843558788299560547e+00
4.390678405761718750e+00
3.320654630661010742e+00
4.292325496673583984e+00
1.741940379142761230e+00
3.873032808303833008e+00
7.280261993408203125e+00
5.365792751312255859e+00
3.741624593734741211e+00
5.009530544281005859e+00
3.306503057479858398e+00
5.660779476165771484e+00
3.872923374176025391e+00
7.583180904388427734e+00
3.901496648788452148e+00
3.229454755783081055e+00
2.006867885589599609e+00
3.377611637115478516e+00
3.925251722335815430e+00
3.940321445465087891e+00
6.491635322570800781e+00
5.003485202789306641e+00
4.593835353851318359e+00
5.579799652099609375e+00
4.065801620483398438e+00
2.796197652816772461e+00
8.577830314636230469e+00
3.337311267852783203e+00
2.167791366577148438e+00
4.625935077667236328e+00
4.917181491851806641e+00
3.077616691589355469e+00
2.801090955734252930e+00
3.850762128829956055e+00
1.008270144462585449e+00
3.251827239990234375e+00
3.858953237533569336e+00
1.586527466773986816e+00
4.276245117187500000e+00
2.836802482604980469e+00
3.474817037582397461e+00
9.378183484077453613e-01
3.846909284591674805e+00
6.321741104125976562e+00
2.615412175655364990e-01
1.053600430488586426e+00
1.825958609580993652e+00
1.466495394706726074e+00
2.524944305419921875e+00
5.970579147338867188e+00
2.899462461471557617e+00
1.643535256385803223e+00
5.072538375854492188e+00
6.348762512207031250e-01
4.485293388366699219e+00
4.019992828369140625e+00
3.088961362838745117e+00
5.562052726745605469e+00
4.275216102600097656e+00
4.438889026641845703e+00
8.505477905273437500e+00
3.789584398269653320e+00
3.134344339370727539e+00
8.031947135925292969e+00
5.544142723083496094e+00
2.704890966415405273e+00
2.668282270431518555e+00
2.732170820236206055e+00
3.281894683837890625e+00
3.302018880844116211e+00
2.880860090255737305e+00
1.986214637756347656e+00
4.794369637966156006e-01
2.944221019744873047e+00
3.162026166915893555e+00
3.583134889602661133e+00
2.316949129104614258e+00
1.582081198692321777e+00
3.144546747207641602e+00
1.046523571014404297e+00
2.647356986999511719e+00
4.664913177490234375e+00
4.479084968566894531e+00
4.493476867675781250e+00
3.898768186569213867e+00
2.043840885162353516e+00
3.547099232673645020e-01
1.405983328819274902e+00
3.706314086914062500e+00
2.181098461151123047e+00
1.654115557670593262e+00
4.395251274108886719e+00
4.700637340545654297e+00
2.935705900192260742e+00
2.912521600723266602e+00
3.052822589874267578e+00
4.568398952484130859e+00
1.442002654075622559e+00
2.384688377380371094e+00
9.550869941711425781e+00
5.695819377899169922e+00
1.866692781448364258e+00
5.881127834320068359e+00
2.795751571655273438e+00
3.231680631637573242e+00
1.005564928054809570e+00
1.642833948135375977e+00
4.227748394012451172e+00
3.649915695190429688e+00
2.709725141525268555e+00
5.343101024627685547e+00
3.094728469848632812e+00
3.267340183258056641e+00
5.462495326995849609e+00
4.512654781341552734e+00
1.893803596496582031e+00
3.988915681838989258e+00
3.418989658355712891e+00
3.580413103103637695e+00
2.756785154342651367e+00
4.998333454132080078e+00
2.840424299240112305e+00
3.772003173828125000e+00
3.966053724288940430e+00
3.059408664703369141e+00
1.311849117279052734e+00
3.994059324264526367e+00
4.826047420501708984e+00
2.272975683212280273e+00
1.800928115844726562e+00
3.650260925292968750e+00
4.264323711395263672e+00
1.258166670799255371e+00
2.524442434310913086e+00
3.116720199584960938e+00
3.022171258926391602e+00
2.406293392181396484e+00
4.561332702636718750e+00
4.490841388702392578e+00
3.247309207916259766e+00
5.392724990844726562e+00
3.452073812484741211e+00
2.245267629623413086e+00
2.243906021118164062e+00
3.078776597976684570e+00
3.464193105697631836e+00
3.540877103805541992e+00
6.228343009948730469e+00
4.454033374786376953e+00
5.375611305236816406e+00
6.097790718078613281e+00
2.674161911010742188e+00
3.401473760604858398e+00
3.167349815368652344e+00
8.777505159378051758e-01
3.343471527099609375e+00
1.201000690460205078e+00
2.684977293014526367e+00
2.459587812423706055e+00
4.232116222381591797e+00
3.741029024124145508e+00
2.812646865844726562e+00
2.729937314987182617e+00
2.468175172805786133e+00
3.044585943222045898e+00
3.289665699005126953e+00
2.434146881103515625e+00
1.559547424316406250e+00
6.341072559356689453e+00
3.749220609664916992e+00
3.186268806457519531e+00
2.661900520324707031e+00
3.646755218505859375e+00
4.661705017089843750e+00
9.223827719688415527e-01
5.010588169097900391e+00
5.359739780426025391e+00
3.334503650665283203e+00
3.970261096954345703e+00
1.837339997291564941e+00
5.448628902435302734e+00
4.187198162078857422e+00
1.385329246520996094e+00
2.218489170074462891e+00
3.905573368072509766e+00
2.858906984329223633e+00
4.852097988128662109e+00
3.074332475662231445e+00
4.261511325836181641e+00
3.861562728881835938e+00
4.008291244506835938e+00
2.764741659164428711e+00
4.065128326416015625e+00
1.783493041992187500e+00
4.580022335052490234e+00
3.334361314773559570e+00
3.575815200805664062e+00
4.149009227752685547e+00
2.444569349288940430e+00
1.877816081047058105e+00
4.796571254730224609e+00
3.512587070465087891e+00
4.385360717773437500e+00
2.569556951522827148e+00
9.814395308494567871e-01
3.566453695297241211e+00
5.537099361419677734e+00
3.306211233139038086e+00
3.691886186599731445e+00
3.198139905929565430e+00
4.481213092803955078e+00
1.115577816963195801e+00
1.187295913696289062e+00
4.165364742279052734e+00
3.627179384231567383e+00
1.739411711692810059e+00
5.744223594665527344e+00
4.877623081207275391e+00
4.307695388793945312e+00
4.479727745056152344e+00
1.688046336174011230e+00
6.681637763977050781e+00
3.053887128829956055e+00
7.612980842590332031e+00
1.033538937568664551e+00
1.247712969779968262e+00
1.603919029235839844e+00
2.051744699478149414e+00
3.203165531158447266e+00
1.482394814491271973e+00
3.608483552932739258e+00
5.545507907867431641e+00
5.011187076568603516e+00
3.967309236526489258e+00
2.333363294601440430e+00
1.287415504455566406e+00
4.282140254974365234e+00
5.401669979095458984e+00
3.552092075347900391e+00
1.897145867347717285e+00
4.506582260131835938e+00
4.696262836456298828e+00
2.218451499938964844e+00
3.286184787750244141e+00
4.271565914154052734e+00
1.516597628593444824e+00
2.447118997573852539e+00
3.838050127029418945e+00
3.075476408004760742e+00
4.047973155975341797e+00
1.743128180503845215e+00
3.303302049636840820e+00
3.298735141754150391e+00
3.957293748855590820e+00
2.037549734115600586e+00
3.006816625595092773e+00
6.497364044189453125e+00
3.109981775283813477e+00
1.748264551162719727e+00
2.162551164627075195e+00
4.077834606170654297e+00
4.434287548065185547e+00
4.357810497283935547e+00
3.392579793930053711e+00
4.642173290252685547e+00
3.087966918945312500e+00
1.964254736900329590e+00
3.676434755325317383e+00
4.566138267517089844e+00
6.195097923278808594e+00
1.254822850227355957e+00
5.556157112121582031e+00
2.024808406829833984e+00
3.739334583282470703e+00
7.337340831756591797e+00
1.686015367507934570e+00
3.742444276809692383e+00
4.975666046142578125e+00
2.786250829696655273e+00
2.676367998123168945e+00
5.377875804901123047e+00
2.963556289672851562e+00
3.426470994949340820e+00
6.107475757598876953e+00
4.168062210083007812e-01
1.525714159011840820e+00
4.307530403137207031e+00
2.931758165359497070e+00
4.328073024749755859e+00
3.460613727569580078e+00
6.832780361175537109e+00
2.565550565719604492e+00
2.719339847564697266e+00
2.780127048492431641e+00
5.996386528015136719e+00
3.550241947174072266e+00
5.537027359008789062e+00
4.050701141357421875e+00
3.849650144577026367e+00
3.473476886749267578e+00
7.111093997955322266e-01
5.575978755950927734e+00
6.159917354583740234e+00
8.085978627204895020e-01
1.756691813468933105e+00
4.391726970672607422e+00
2.551342725753784180e+00
1.665028572082519531e+00
2.358535528182983398e+00
5.987528324127197266e+00
2.698666334152221680e+00
2.660157918930053711e+00
5.783607006072998047e+00
6.815745830535888672e+00
2.162935256958007812e+00
1.129442453384399414e-01
4.301095485687255859e+00
1.387821435928344727e+00
2.565088033676147461e+00
1.815724253654479980e+00
4.232186794281005859e+00
4.058194160461425781e+00
1.212962746620178223e+00
3.535493612289428711e+00
4.404798448085784912e-01
3.876072645187377930e+00
1.473567008972167969e+00
4.062045514583587646e-01
4.956363677978515625e+00
5.536332607269287109e+00
1.394480943679809570e+00
6.845522403717041016e+00
6.153064370155334473e-01
1.949847817420959473e+00
2.528457403182983398e+00
2.381485223770141602e+00
3.070773839950561523e+00
4.059612751007080078e+00
3.897426605224609375e+00
8.689802169799804688e+00
3.231644868850708008e+00
3.311457872390747070e+00
4.595804691314697266e+00
2.756958723068237305e+00
6.545307159423828125e+00
4.842611312866210938e+00
4.131339073181152344e+00
4.330629825592041016e+00
3.142284393310546875e+00
3.879239320755004883e+00
3.563262701034545898e+00
2.690358400344848633e+00
2.191499471664428711e+00
2.458349227905273438e+00
5.749349117279052734e+00
1.053799390792846680e+00
3.630860567092895508e+00
5.878960609436035156e+00
3.285957098007202148e+00
3.827058553695678711e+00
4.525201320648193359e+00
3.786509275436401367e+00
2.381079196929931641e+00
2.399039030075073242e+00
3.883223772048950195e+00
2.271930456161499023e+00
2.032704591751098633e+00
2.015847921371459961e+00
2.033345460891723633e+00
5.205843448638916016e+00
5.684296607971191406e+00
4.370460510253906250e+00
2.707795619964599609e+00
1.427423954010009766e+00
1.475305557250976562e+00
6.490907192230224609e+00
6.341456413269042969e+00
1.119891881942749023e+00
3.279249370098114014e-01
6.409052371978759766e+00
3.613079786300659180e+00
1.365781784057617188e+00
1.559647798538208008e+00
4.439435482025146484e+00
4.045012950897216797e+00
1.106366157531738281e+00
8.141596794128417969e+00
1.928652405738830566e+00
2.258268356323242188e+00
5.559225082397460938e+00
2.595013618469238281e+00
1.775896906852722168e+00
2.408456653356552124e-01
2.756613016128540039e+00
1.451792836189270020e+00
6.090060710906982422e+00
3.468250989913940430e+00
1.374566912651062012e+00
5.184179306030273438e+00
2.243048667907714844e+00
6.266295313835144043e-01
5.667594909667968750e+00
4.911559104919433594e+00
3.129720449447631836e+00
2.851470232009887695e+00
5.615589141845703125e+00
1.445479273796081543e+00
1.380055427551269531e+00
4.187169551849365234e+00
1.291848421096801758e+00
3.893445253372192383e+00
2.015237808227539062e+00
7.139599800109863281e+00
4.878945350646972656e-01
4.735406398773193359e+00
1.723418474197387695e+00
2.465555191040039062e+00
2.284980058670043945e+00
3.766035795211791992e+00
1.587598919868469238e+00
3.464195013046264648e+00
1.720943808555603027e+00
1.944604754447937012e+00
3.698059082031250000e+00
2.991676568984985352e+00
4.423743724822998047e+00
6.154462337493896484e+00
1.622433900833129883e+00
2.685434103012084961e+00
1.284471869468688965e+00
2.764367818832397461e+00
1.482347846031188965e+00
2.112239599227905273e+00
4.837304592132568359e+00
2.966913938522338867e+00
2.804204702377319336e+00
5.425746440887451172e+00
3.291344165802001953e+00
6.616128683090209961e-01
5.433681488037109375e+00
3.260363817214965820e+00
3.615249633789062500e+00
3.121189832687377930e+00
4.535542488098144531e+00
1.005901098251342773e+00
3.757807493209838867e+00
4.553965568542480469e+00
6.170064449310302734e+00
2.907972097396850586e+00
3.467364072799682617e+00
1.791528701782226562e+00
1.564965605735778809e+00
6.929053068161010742e-01
4.467841148376464844e+00
3.687427997589111328e+00
4.276907444000244141e+00
7.717246413230895996e-01
5.405035972595214844e+00
1.411601066589355469e+00
2.140199422836303711e+00
3.462018251419067383e+00
3.746041536331176758e+00
3.194098234176635742e+00
3.765748739242553711e+00
1.838234901428222656e+00
2.185424566268920898e+00
3.453756332397460938e+00
4.385440826416015625e+00
2.838007926940917969e+00
3.968736410140991211e+00
2.132436513900756836e+00
1.933725357055664062e+00
7.544810175895690918e-01
3.515733480453491211e+00
2.992765188217163086e+00
1.490067481994628906e+00
1.905968070030212402e+00
3.157554388046264648e+00
5.325055599212646484e+00
4.904361724853515625e+00
4.538338184356689453e+00
3.100803136825561523e+00
2.176238775253295898e+00
4.907173156738281250e+00
4.465471267700195312e+00
7.303870320320129395e-01
1.452161669731140137e+00
1.504752516746520996e+00
3.328268766403198242e+00
6.674857616424560547e+00
1.785632014274597168e+00
3.758378744125366211e+00
