7.157000064849853516e+00
3.103540420532226562e+00
1.235874056816101074e+00
1.901582002639770508e+00
4.825962066650390625e+00
3.456856250762939453e+00
2.812549114227294922e+00
4.461380958557128906e+00
6.735633373260498047e+00
4.629308700561523438e+00
4.625477790832519531e+00
1.051816463470458984e+00
2.025230169296264648e+00
5.232298374176025391e+00
5.991231918334960938e+00
5.159747600555419922e+00
1.316617846488952637e+00
2.688220739364624023e+00
2.937142133712768555e+00
5.648281097412109375e+00
3.949390411376953125e+00
3.320510864257812500e+00
2.607187032699584961e+00
2.622557163238525391e+00
5.037306308746337891e+00
1.164170503616333008e+00
4.349830627441406250e+00
1.523413538932800293e+00
3.960549116134643555e+00
3.466559171676635742e+00
4.524201393127441406e+00
4.605584621429443359e+00
1.860728859901428223e+00
2.627678632736206055e+00
3.388528823852539062e+00
3.568853139877319336e+00
1.238133072853088379e+00
5.933043956756591797e+00
3.416022062301635742e+00
4.236837923526763916e-01
4.354876041412353516e+00
5.118765830993652344e+00
2.487332582473754883e+00
1.956532835960388184e+00
6.178864479064941406e+00
4.832526206970214844e+00
1.790038704872131348e+00
2.821609973907470703e+00
1.564126849174499512e+00
6.445786952972412109e-01
2.997627258300781250e+00
1.313935518264770508e+00
4.232525825500488281e+00
2.763103246688842773e+00
1.955210685729980469e+00
5.092474460601806641e+00
3.198203086853027344e+00
1.699334502220153809e+00
2.746554136276245117e+00
5.057281017303466797e+00
5.222535133361816406e+00
1.910628318786621094e+00
3.953472137451171875e+00
1.696487665176391602e+00
2.199741125106811523e+00
4.434069633483886719e+00
2.432475805282592773e+00
1.362301945686340332e+00
4.077399730682373047e+00
4.593122005462646484e+00
4.382080078125000000e+00
1.766997218132019043e+00
1.717915534973144531e+00
3.055090904235839844e+00
3.649322271347045898e+00
2.157299280166625977e+00
3.996396780014038086e+00
2.176185131072998047e+00
3.024975299835205078e+00
2.974944591522216797e+00
5.040330886840820312e+00
6.377464771270751953e+00
3.120727300643920898e+00
5.247838497161865234e+00
2.505246162414550781e+00
1.694459915161132812e+00
1.628817439079284668e+00
2.835395336151123047e+00
3.847942352294921875e+00
3.508329153060913086e+00
2.444283246994018555e+00
1.826279878616333008e+00
6.172215342521667480e-01
6.449563026428222656e+00
5.310552120208740234e+00
3.032195806503295898e+00
4.707817077636718750e+00
2.172614097595214844e+00
3.486006975173950195e+00
3.169950962066650391e+00
7.235180854797363281e+00
1.316268920898437500e+00
2.467146635055541992e+00
4.531491756439208984e+00
4.137331485748291016e+00
3.226201772689819336e+00
3.917492389678955078e+00
3.048936128616333008e+00
2.349589824676513672e+00
1.197084069252014160e+00
4.247118949890136719e+00
6.073205471038818359e+00
6.193559169769287109e+00
2.192276000976562500e+00
1.221733689308166504e+00
2.736528635025024414e+00
3.318782567977905273e+00
3.240701675415039062e+00
1.925874710083007812e+00
4.033827781677246094e+00
4.214680194854736328e+00
1.960101366043090820e+00
1.413209795951843262e+00
4.509237766265869141e+00
2.770883560180664062e+00
2.328237056732177734e+00
3.287566900253295898e+00
5.710330605506896973e-01
3.402407169342041016e+00
3.301636219024658203e+00
3.899415969848632812e+00
2.357906341552734375e+00
4.116823196411132812e+00
7.205963134765625000e+00
5.612723350524902344e+00
1.480861544609069824e+00
4.673785686492919922e+00
1.011430621147155762e+00
9.079413414001464844e+00
2.746679782867431641e+00
1.956047892570495605e+00
3.223674774169921875e+00
6.216578006744384766e+00
1.746923327445983887e+00
1.758562326431274414e+00
4.552263259887695312e+00
4.890092849731445312e+00
1.223354697227478027e+00
5.219189167022705078e+00
1.519511222839355469e+00
1.349485397338867188e+00
3.930521726608276367e+00
2.172423601150512695e+00
4.682417809963226318e-01
1.425483345985412598e+00
6.688762664794921875e+00
5.509178161621093750e+00
4.575689792633056641e+00
3.626802206039428711e+00
2.506878614425659180e+00
5.848664760589599609e+00
2.825995206832885742e+00
2.193023681640625000e+00
4.083978176116943359e+00
2.227730512619018555e+00
2.165381193161010742e+00
2.194861412048339844e+00
3.200315475463867188e+00
1.351773619651794434e+00
2.846530675888061523e+00
4.830373764038085938e+00
3.692692995071411133e+00
1.755656123161315918e+00
3.435500860214233398e+00
6.281555652618408203e+00
2.774280786514282227e+00
2.288925886154174805e+00
5.005865097045898438e+00
4.383550167083740234e+00
3.184025287628173828e+00
7.748057842254638672e+00
2.697182655334472656e+00
3.833437442779541016e+00
3.545057296752929688e+00
5.793972492218017578e+00
4.351307868957519531e+00
1.984070658683776855e+00
1.697729945182800293e+00
2.946070671081542969e+00
6.452827453613281250e+00
5.595732212066650391e+00
2.727673053741455078e+00
4.625460624694824219e+00
6.517384529113769531e+00
5.440983772277832031e-01
5.467576503753662109e+00
4.018247127532958984e+00
4.309260368347167969e+00
2.414851188659667969e+00
1.734605431556701660e+00
3.612951993942260742e+00
4.030051708221435547e+00
5.786467552185058594e+00
2.850644826889038086e+00
6.177235603332519531e+00
4.684858798980712891e+00
4.366979122161865234e+00
3.005680322647094727e+00
4.070552349090576172e+00
1.879644751548767090e+00
1.831374406814575195e+00
1.057814836502075195e+00
6.137099742889404297e+00
4.577975749969482422e+00
4.166250228881835938e+00
2.309297323226928711e+00
2.074822902679443359e+00
6.375091671943664551e-01
4.733633518218994141e+00
4.589130878448486328e-01
3.755926609039306641e+00
3.639526844024658203e+00
5.136793613433837891e+00
2.373321771621704102e+00
3.804497241973876953e+00
3.491642475128173828e+00
1.540658473968505859e+00
4.223203182220458984e+00
2.815532445907592773e+00
2.077536344528198242e+00
2.128082036972045898e+00
6.788637638092041016e+00
4.427155494689941406e+00
4.779824733734130859e+00
2.221862554550170898e+00
6.109967708587646484e+00
3.580629110336303711e+00
1.391649127006530762e+00
1.722343683242797852e+00
7.227555274963378906e+00
3.912000417709350586e+00
1.586879372596740723e+00
2.038743972778320312e+00
3.872405767440795898e+00
6.644718170166015625e+00
4.304453849792480469e+00
3.556076765060424805e+00
3.057712554931640625e+00
2.490863561630249023e+00
4.286509513854980469e+00
3.988132238388061523e+00
5.309748172760009766e+00
5.406165599822998047e+00
2.010882139205932617e+00
2.070655584335327148e+00
3.456365346908569336e+00
5.773382663726806641e+00
8.847443461418151855e-01
2.627259969711303711e+00
3.658993482589721680e+00
6.624677777290344238e-01
4.059883117675781250e+00
5.424592494964599609e+00
4.590272426605224609e+00
3.391035795211791992e+00
3.960669279098510742e+00
2.250216245651245117e+00
5.620186328887939453e+00
1.980302214622497559e+00
4.822845935821533203e+00
1.918171286582946777e+00
3.704759359359741211e+00
1.684245705604553223e+00
5.470614910125732422e+00
5.383690834045410156e+00
1.849593520164489746e+00
1.820206046104431152e+00
6.633167266845703125e+00
1.490020155906677246e+00
2.338105916976928711e+00
1.002710700035095215e+00
4.775516986846923828e+00
2.088935852050781250e+00
2.905568838119506836e+00
9.054576754570007324e-01
2.558800697326660156e+00
2.672760963439941406e+00
4.115770339965820312e+00
2.391657590866088867e+00
3.308355093002319336e+00
5.714439392089843750e+00
3.298834323883056641e+00
5.307859420776367188e+00
3.302078962326049805e+00
1.123609066009521484e+00
3.615475416183471680e+00
5.023980617523193359e+00
1.656033873558044434e+00
1.638146281242370605e+00
8.083412170410156250e+00
6.846727848052978516e+00
1.382051348686218262e+00
1.183389186859130859e+00
4.059926509857177734e+00
4.340488910675048828e+00
5.443240165710449219e+00
6.931502819061279297e+00
3.875932455062866211e+00
3.779394626617431641e+00
6.100615024566650391e+00
5.512052536010742188e+00
5.948416233062744141e+00
4.904424190521240234e+00
2.544155836105346680e+00
4.368904113769531250e+00
1.795656085014343262e+00
3.277086257934570312e+00
3.937877416610717773e+00
5.529177188873291016e+00
5.176633358001708984e+00
3.073825120925903320e+00
4.166201114654541016e+00
5.852174758911132812e+00
4.311541080474853516e+00
1.153443574905395508e+00
3.626624345779418945e+00
4.825184822082519531e+00
2.747861623764038086e+00
5.641562938690185547e+00
5.056407451629638672e+00
5.417337417602539062e+00
2.979342937469482422e+00
4.072606563568115234e+00
6.704760789871215820e-01
6.175344944000244141e+00
1.787890791893005371e+00
4.731496810913085938e+00
1.833211898803710938e+00
3.622562885284423828e+00
4.874034404754638672e+00
5.205690860748291016e+00
4.402916908264160156e+00
6.299318790435791016e+00
3.333919286727905273e+00
1.211877703666687012e+00
4.105969429016113281e+00
1.473868370056152344e+00
5.667418956756591797e+00
2.497326374053955078e+00
3.995552778244018555e+00
5.646170139312744141e+00
4.983973026275634766e+00
4.645290374755859375e+00
3.287302494049072266e+00
2.008264541625976562e+00
2.379277229309082031e+00
3.702454090118408203e+00
1.581599116325378418e+00
3.106625795364379883e+00
1.538444995880126953e+00
2.731671094894409180e+00
3.244838714599609375e+00
3.603885412216186523e+00
9.529824256896972656e+00
3.052115917205810547e+00
5.954511165618896484e-01
1.584792494773864746e+00
3.609205722808837891e+00
4.663887500762939453e+00
3.648502826690673828e+00
4.104356288909912109e+00
2.361148118972778320e+00
1.686945557594299316e+00
6.062569141387939453e+00
2.943009853363037109e+00
5.797512531280517578e+00
3.558302402496337891e+00
1.601040482521057129e+00
6.301894187927246094e-01
4.344394683837890625e+00
4.374631881713867188e+00
3.369527578353881836e+00
3.930526733398437500e+00
1.259677648544311523e+00
5.528304100036621094e+00
4.671291351318359375e+00
1.440449833869934082e+00
1.979857802391052246e+00
3.658502340316772461e+00
1.845655441284179688e+00
2.957361459732055664e+00
1.246319174766540527e+00
2.335572242736816406e+00
2.262750387191772461e+00
5.257668495178222656e+00
3.916868925094604492e+00
4.021502971649169922e+00
3.220989942550659180e+00
4.456133365631103516e+00
3.606487035751342773e+00
1.799882292747497559e+00
4.245070934295654297e+00
4.249083995819091797e+00
2.916175842285156250e+00
4.040597915649414062e+00
7.090667724609375000e+00
1.814158678054809570e+00
3.980300188064575195e+00
1.653988480567932129e+00
2.514482498168945312e+00
1.855917572975158691e+00
2.616201162338256836e+00
3.609310865402221680e+00
7.733836650848388672e+00
2.014979600906372070e+00
3.904046297073364258e+00
5.337806224822998047e+00
5.115245342254638672e+00
4.035689353942871094e+00
3.442846059799194336e+00
2.402023553848266602e+00
8.909852027893066406e+00
4.200687885284423828e+00
3.566736221313476562e+00
2.323189020156860352e+00
1.236179828643798828e+00
7.746631145477294922e+00
6.347414493560791016e+00
6.669259548187255859e+00
4.319664955139160156e+00
3.076087236404418945e+00
3.500038146972656250e+00
2.052075147628784180e+00
1.500668883323669434e+00
3.238986253738403320e+00
5.385861873626708984e+00
7.437675476074218750e+00
5.411576628684997559e-01
2.661146879196166992e+00
1.594400167465209961e+00
8.898701667785644531e-01
3.007818222045898438e+00
2.478415250778198242e+00
1.307611107826232910e+00
3.149709463119506836e+00
3.756776571273803711e+00
3.630716323852539062e+00
7.027765512466430664e-01
5.936316490173339844e+00
1.894421577453613281e+00
3.346084594726562500e+00
1.967697501182556152e+00
3.884072542190551758e+00
1.633344292640686035e+00
4.120544910430908203e+00
2.150359153747558594e+00
5.095452785491943359e+00
2.479918241500854492e+00
4.634832859039306641e+00
5.890809535980224609e+00
5.028889656066894531e+00
5.214709758758544922e+00
3.704185247421264648e+00
4.659810543060302734e+00
1.579228997230529785e+00
2.716524600982666016e+00
3.834884643554687500e+00
3.088436603546142578e+00
2.212321043014526367e+00
2.779335737228393555e+00
5.914325714111328125e+00
1.505500197410583496e+00
4.265185356140136719e+00
2.336520433425903320e+00
2.477221250534057617e+00
4.120835781097412109e+00
3.277135133743286133e+00
6.864200115203857422e+00
5.223774433135986328e+00
3.700589418411254883e+00
5.426017761230468750e+00
8.942397236824035645e-01
2.440281629562377930e+00
4.794063091278076172e+00
2.513831615447998047e+00
2.182109832763671875e+00
4.177375316619873047e+00
7.925692200660705566e-01
3.152981281280517578e+00
5.897534489631652832e-01
3.031557798385620117e+00
1.856964111328125000e+00
5.030071735382080078e+00
3.603411912918090820e+00
4.057067871093750000e+00
1.773454666137695312e+00
3.299800872802734375e+00
8.557212948799133301e-01
2.582013130187988281e+00
3.501062870025634766e+00
