2.685613393783569336e+00
3.696219682693481445e+00
3.380543231964111328e+00
2.769482851028442383e+00
6.635385036468505859e+00
1.477956414222717285e+00
1.353959441184997559e+00
2.416561841964721680e+00
4.149851322174072266e+00
5.279692173004150391e+00
1.257396101951599121e+00
2.403265088796615601e-01
4.383999824523925781e+00
5.096307277679443359e+00
4.319829940795898438e+00
2.925508022308349609e+00
2.614771604537963867e+00
5.942620754241943359e+00
5.104074954986572266e+00
5.581293106079101562e+00
1.589516878128051758e+00
1.914698839187622070e+00
2.155317783355712891e+00
1.949760079383850098e+00
5.828269958496093750e+00
2.088876247406005859e+00
1.964606285095214844e+00
2.389035701751708984e+00
3.649671316146850586e+00
3.295263767242431641e+00
4.356007099151611328e+00
5.827050685882568359e+00
8.629788756370544434e-01
1.152865409851074219e+00
2.545929908752441406e+00
2.334106683731079102e+00
4.328385829925537109e+00
7.413169384002685547e+00
1.648473978042602539e+00
5.176787853240966797e+00
2.325863838195800781e+00
5.853815555572509766e+00
4.428198337554931641e+00
4.379383087158203125e+00
2.453624248504638672e+00
3.735233306884765625e+00
3.996087789535522461e+00
4.454875469207763672e+00
4.351319789886474609e+00
4.450192928314208984e+00
3.192881345748901367e+00
5.668975353240966797e+00
4.358399868011474609e+00
4.225010395050048828e+00
4.819200932979583740e-01
4.756100654602050781e+00
4.427951335906982422e+00
1.839992761611938477e+00
4.689315795898437500e+00
4.377036571502685547e+00
5.448970794677734375e-01
4.297094821929931641e+00
2.349842786788940430e+00
2.378008604049682617e+00
6.023215770721435547e+00
3.293065786361694336e+00
4.701170921325683594e+00
2.854885339736938477e+00
2.424173593521118164e+00
1.903843283653259277e+00
5.382632255554199219e+00
5.506541728973388672e+00
2.772846937179565430e+00
3.685970067977905273e+00
5.604569911956787109e+00
4.391527175903320312e+00
1.102878928184509277e+00
1.600641131401062012e+00
6.534095764160156250e+00
7.603345394134521484e+00
4.535675048828125000e+00
2.224271297454833984e+00
3.974000215530395508e+00
4.552840709686279297e+00
6.127023220062255859e+00
6.641610145568847656e+00
2.710516452789306641e+00
2.474913358688354492e+00
1.451252102851867676e+00
4.863187313079833984e+00
3.386315584182739258e+00
3.857061386108398438e+00
3.280127286911010742e+00
2.609384298324584961e+00
8.906855583190917969e+00
8.503665924072265625e-01
6.373914241790771484e+00
3.166894674301147461e+00
8.665987014770507812e+00
1.994625687599182129e+00
4.876506328582763672e+00
2.350046157836914062e+00
1.866682887077331543e+00
2.566427469253540039e+00
3.738311767578125000e+00
4.444659233093261719e+00
2.536615610122680664e+00
3.899294614791870117e+00
2.538366317749023438e+00
4.831846237182617188e+00
2.819917798042297363e-01
1.163660287857055664e+00
2.514857053756713867e+00
4.239690303802490234e+00
1.700255274772644043e+00
5.567146778106689453e+00
2.811231851577758789e+00
3.009368181228637695e+00
4.028095722198486328e+00
2.270391702651977539e+00
2.455759763717651367e+00
7.586571693420410156e+00
6.725985407829284668e-01
4.095678329467773438e+00
1.341802239418029785e+00
2.152592420578002930e+00
2.985163450241088867e+00
3.924360752105712891e+00
3.263290882110595703e+00
8.124388694763183594e+00
7.369055151939392090e-01
1.859411120414733887e+00
1.633659005165100098e+00
3.080468416213989258e+00
3.932726383209228516e+00
3.216296434402465820e+00
3.583425283432006836e+00
1.125867128372192383e+00
5.022122383117675781e+00
5.213583707809448242e-01
5.143483161926269531e+00
3.636182546615600586e+00
1.850255370140075684e+00
4.124924659729003906e+00
7.152784824371337891e+00
5.194631099700927734e+00
2.065766572952270508e+00
6.282131671905517578e+00
9.147688150405883789e-01
3.695301532745361328e+00
4.953242778778076172e+00
5.194391608238220215e-01
7.178196907043457031e+00
7.294351100921630859e+00
2.955089330673217773e+00
4.487288951873779297e+00
2.247713565826416016e+00
3.619256734848022461e+00
4.280534267425537109e+00
4.530801296234130859e+00
3.327143907546997070e+00
5.256337642669677734e+00
2.238000392913818359e+00
8.988375067710876465e-01
3.671666383743286133e+00
3.475506544113159180e+00
2.106505155563354492e+00
4.015366554260253906e+00
4.764930248260498047e+00
5.796277523040771484e+00
4.562246799468994141e+00
1.652128577232360840e+00
3.333575963973999023e+00
4.228838920593261719e+00
2.480179786682128906e+00
1.249330401420593262e+00
3.652426958084106445e+00
5.874722957611083984e+00
3.109881639480590820e+00
1.670320749282836914e+00
5.677457809448242188e+00
3.914759159088134766e+00
6.975743293762207031e+00
3.072202205657958984e+00
1.366181850433349609e+00
4.109577178955078125e+00
2.088414430618286133e+00
1.297034025192260742e+00
2.925687551498413086e+00
7.661143779754638672e+00
7.654210090637207031e+00
4.232463359832763672e+00
6.481173038482666016e+00
2.855068922042846680e+00
2.192830801010131836e+00
1.042644381523132324e+00
2.876174211502075195e+00
4.763761043548583984e+00
6.184272289276123047e+00
3.890318393707275391e+00
5.030652999877929688e+00
4.751579761505126953e+00
8.811473846435546875e-01
3.751545429229736328e+00
7.985795021057128906e+00
5.734119892120361328e+00
2.282140731811523438e+00
4.676330089569091797e+00
6.139504909515380859e+00
6.135603904724121094e+00
4.334550380706787109e+00
2.579544782638549805e+00
1.351747512817382812e+00
6.454528808593750000e+00
1.432673692703247070e+00
8.181139826774597168e-01
1.239505171775817871e+00
4.793761730194091797e+00
4.059567451477050781e+00
5.903197765350341797e+00
5.843950271606445312e+00
3.083850622177124023e+00
5.416569232940673828e+00
2.238117218017578125e+00
6.096780300140380859e+00
2.701759099960327148e+00
7.413843631744384766e+00
4.221153736114501953e+00
3.973679065704345703e+00
4.525754451751708984e+00
1.300121188163757324e+00
2.137068510055541992e+00
3.290320158004760742e+00
4.629951000213623047e+00
3.463020324707031250e+00
1.182188630104064941e+00
1.171134710311889648e+00
2.683556795120239258e+00
5.835294127464294434e-01
2.924590349197387695e+00
7.381026744842529297e+00
6.768981456756591797e+00
4.070783615112304688e+00
7.990818977355957031e+00
1.715915918350219727e+00
5.783056020736694336e-01
3.637336730957031250e+00
5.926529884338378906e+00
2.169122695922851562e+00
5.609689712524414062e+00
1.947986483573913574e+00
3.852389752864837646e-01
5.870645999908447266e+00
5.632041454315185547e+00
1.412039995193481445e+00
2.715469360351562500e+00
5.911968708038330078e+00
7.738091468811035156e+00
2.839722156524658203e+00
1.381683468818664551e+00
3.881428241729736328e+00
1.831908226013183594e+00
1.188896179199218750e+00
4.274525642395019531e+00
2.036514043807983398e+00
5.978438854217529297e+00
3.596507310867309570e+00
6.110866069793701172e+00
2.456405162811279297e+00
6.792923808097839355e-01
4.851038455963134766e+00
3.994779348373413086e+00
2.815307140350341797e+00
6.738375186920166016e+00
2.557041406631469727e+00
4.027420520782470703e+00
1.619752526283264160e+00
2.361844778060913086e+00
3.827053070068359375e+00
3.483495712280273438e+00
4.049857616424560547e+00
3.036375522613525391e+00
3.586102008819580078e+00
3.673202276229858398e+00
6.051467418670654297e+00
4.165366649627685547e+00
2.585915088653564453e+00
3.320975542068481445e+00
3.454463958740234375e+00
3.585371494293212891e+00
4.127824783325195312e+00
2.696316957473754883e+00
2.317502737045288086e+00
4.899209976196289062e+00
6.646862983703613281e+00
2.905961275100708008e+00
1.129198193550109863e+00
4.432144761085510254e-01
4.895008087158203125e+00
3.145971536636352539e+00
6.929606914520263672e+00
2.268649578094482422e+00
3.792810201644897461e+00
1.950835585594177246e+00
2.360586643218994141e+00
1.266737937927246094e+00
3.988457441329956055e+00
7.704408168792724609e+00
5.348332881927490234e+00
2.940045118331909180e+00
4.686907768249511719e+00
5.686522006988525391e+00
4.307838439941406250e+00
6.062880516052246094e+00
1.994292497634887695e+00
6.913762092590332031e+00
2.660432815551757812e+00
6.880733489990234375e+00
3.625185012817382812e+00
2.468927860260009766e+00
9.870791435241699219e-01
2.046131849288940430e+00
6.832584381103515625e+00
5.176408290863037109e+00
5.605475902557373047e+00
2.002680778503417969e+00
6.150960445404052734e+00
4.470983982086181641e+00
2.037778377532958984e+00
5.758023262023925781e+00
4.864244937896728516e+00
5.524449348449707031e+00
3.990292310714721680e+00
1.635879158973693848e+00
1.684843659400939941e+00
6.166400432586669922e+00
2.966443061828613281e+00
4.126028537750244141e+00
7.020760536193847656e+00
1.928547263145446777e+00
3.616863012313842773e+00
4.410411834716796875e+00
3.742118597030639648e+00
3.457375764846801758e+00
6.414736270904541016e+00
4.438102245330810547e+00
5.383267402648925781e+00
3.811549425125122070e+00
2.046561956405639648e+00
4.560013771057128906e+00
1.499313712120056152e+00
2.810150146484375000e+00
2.790203332901000977e+00
9.161066412925720215e-01
4.014929294586181641e+00
6.068160057067871094e+00
2.994132280349731445e+00
5.281511306762695312e+00
2.298162221908569336e+00
3.679352521896362305e+00
6.751009464263916016e+00
3.754452943801879883e+00
5.833925724029541016e+00
7.142669200897216797e+00
5.251607418060302734e+00
1.445175528526306152e+00
3.122767448425292969e+00
4.107963085174560547e+00
2.881592512130737305e+00
2.541686534881591797e+00
3.236966848373413086e+00
9.223709106445312500e+00
3.844967365264892578e+00
1.590285301208496094e+00
3.782312870025634766e+00
4.768066406250000000e+00
5.973333358764648438e+00
1.136642813682556152e+00
6.014704227447509766e+00
2.659592390060424805e+00
1.757402062416076660e+00
2.873781919479370117e+00
4.897151470184326172e+00
2.025817632675170898e+00
6.527535915374755859e+00
4.510883808135986328e+00
3.825436830520629883e+00
9.597259521484375000e+00
3.544552564620971680e+00
2.691406965255737305e+00
4.880652904510498047e+00
3.803463459014892578e+00
2.402355670928955078e+00
2.978436946868896484e+00
6.749352455139160156e+00
4.365469932556152344e+00
1.822569847106933594e+00
1.706316590309143066e+00
3.464372396469116211e+00
7.246842980384826660e-01
1.048930048942565918e+00
4.219553470611572266e+00
5.459643840789794922e+00
5.219768524169921875e+00
7.013704776763916016e+00
5.349931240081787109e+00
1.906565308570861816e+00
3.489639282226562500e+00
2.864206075668334961e+00
5.895028591156005859e+00
3.702858448028564453e+00
4.519057273864746094e+00
3.592971086502075195e+00
1.556890130043029785e+00
3.681393146514892578e+00
3.320830583572387695e+00
4.328847408294677734e+00
3.064159631729125977e+00
4.981177806854248047e+00
2.091990232467651367e+00
1.095233559608459473e+00
4.383497238159179688e+00
5.534499645233154297e+00
1.565334916114807129e+00
4.343392848968505859e+00
5.710855007171630859e+00
4.533099174499511719e+00
1.014936089515686035e+00
6.308128356933593750e+00
5.948580265045166016e+00
2.033504009246826172e+00
4.237906455993652344e+00
3.200195789337158203e+00
3.161984920501708984e+00
6.867206573486328125e+00
5.559497833251953125e+00
2.989560842514038086e+00
3.004361867904663086e+00
5.325574398040771484e+00
5.236730575561523438e+00
2.442233324050903320e+00
1.463741064071655273e+00
4.578885555267333984e+00
3.958283662796020508e+00
5.113551616668701172e+00
3.170734167098999023e+00
2.378566980361938477e+00
1.547634482383728027e+00
4.889538764953613281e+00
5.057825565338134766e+00
4.515056133270263672e+00
4.110539913177490234e+00
2.000403404235839844e+00
1.251436591148376465e+00
2.623788118362426758e+00
3.248617649078369141e+00
1.344537019729614258e+00
1.629207968711853027e+00
4.775094032287597656e+00
8.037250638008117676e-01
4.058479309082031250e+00
2.163028240203857422e+00
1.372497439384460449e+00
4.002893447875976562e+00
3.714095830917358398e+00
2.676714420318603516e+00
2.426177263259887695e+00
3.106258153915405273e+00
3.616182088851928711e+00
5.796206474304199219e+00
4.149062633514404297e+00
5.115219116210937500e+00
4.489935874938964844e+00
1.979626655578613281e+00
2.488153219223022461e+00
5.966399192810058594e+00
2.293714284896850586e+00
2.523988723754882812e+00
3.083466529846191406e+00
1.430033087730407715e+00
3.095262050628662109e+00
2.597958803176879883e+00
3.830247879028320312e+00
1.851798892021179199e+00
4.666221141815185547e+00
4.459262371063232422e+00
2.581394195556640625e+00
2.215088367462158203e+00
1.912625551223754883e+00
6.066516876220703125e+00
5.208695888519287109e+00
3.211043596267700195e+00
5.107799053192138672e+00
2.654601812362670898e+00
5.122151851654052734e+00
1.908214449882507324e+00
2.005073308944702148e+00
3.488194227218627930e+00
2.551192998886108398e+00
4.141608238220214844e+00
