1.627092599868774414e+00
7.096108436584472656e+00
1.125313162803649902e+00
5.227266788482666016e+00
1.368694305419921875e+00
3.497869491577148438e+00
2.611818790435791016e+00
9.118843078613281250e-01
3.729917287826538086e+00
2.542690515518188477e+00
1.106775164604187012e+00
4.130427837371826172e+00
2.369474887847900391e+00
4.324350833892822266e+00
7.232505798339843750e+00
3.617453813552856445e+00
3.176871538162231445e+00
6.477715969085693359e+00
3.673752546310424805e+00
1.314243197441101074e+00
3.479874134063720703e+00
5.672119140625000000e+00
5.596603155136108398e-01
2.540253162384033203e+00
5.695603370666503906e+00
1.357744812965393066e+00
4.751389980316162109e+00
5.069890499114990234e+00
1.720316767692565918e+00
3.305497884750366211e+00
2.808572053909301758e+00
3.665119171142578125e+00
3.705233335494995117e+00
5.476483821868896484e+00
4.197577476501464844e+00
2.025611162185668945e+00
9.441387057304382324e-01
2.444511413574218750e+00
3.749292135238647461e+00
7.797283172607421875e+00
9.607822299003601074e-01
3.581161975860595703e+00
6.049556255340576172e+00
6.842236518859863281e+00
5.616500377655029297e+00
5.281542301177978516e+00
4.434323787689208984e+00
3.648448705673217773e+00
4.361028194427490234e+00
3.550274610519409180e+00
6.195369243621826172e+00
2.607869863510131836e+00
3.327166318893432617e+00
2.615108489990234375e+00
1.221954345703125000e+00
3.643423080444335938e+00
3.352525711059570312e+00
2.329454183578491211e+00
1.332452535629272461e+00
2.999962806701660156e+00
2.842923402786254883e+00
1.866076111793518066e+00
5.375323772430419922e+00
1.071810126304626465e+00
3.914430618286132812e+00
2.288545846939086914e+00
9.355857968330383301e-01
3.012283325195312500e+00
2.687313795089721680e+00
3.724939823150634766e+00
4.639778137207031250e+00
3.146553516387939453e+00
3.369079351425170898e+00
1.145761728286743164e+00
3.658569812774658203e+00
3.239765882492065430e+00
1.510093331336975098e+00
3.562077760696411133e+00
3.268931150436401367e+00
3.331806182861328125e+00
5.294289588928222656e+00
3.741179227828979492e+00
3.818341970443725586e+00
1.563376665115356445e+00
8.991672396659851074e-01
6.188338279724121094e+00
3.277926206588745117e+00
2.811058521270751953e+00
3.861034870147705078e+00
3.225224733352661133e+00
5.608887672424316406e+00
2.562450170516967773e+00
1.834699273109436035e+00
6.934041023254394531e+00
2.371176719665527344e+00
5.073963642120361328e+00
1.281483054161071777e+00
7.866368293762207031e+00
4.336247444152832031e-01
2.193897962570190430e+00
1.282232642173767090e+00
3.063955068588256836e+00
4.125011920928955078e+00
1.364469408988952637e+00
2.167746782302856445e+00
2.286619663238525391e+00
6.273736357688903809e-01
4.499986171722412109e+00
1.860372781753540039e+00
2.556167364120483398e+00
2.116034746170043945e+00
4.807101726531982422e+00
4.904792785644531250e+00
2.156542778015136719e+00
4.843450546264648438e+00
1.993417143821716309e+00
4.156898021697998047e+00
6.527644634246826172e+00
6.769473552703857422e-01
3.704748630523681641e+00
3.022988080978393555e+00
2.741568088531494141e+00
6.677749633789062500e+00
3.283955097198486328e+00
7.688811779022216797e+00
5.589612483978271484e+00
3.322086811065673828e+00
2.210924148559570312e+00
3.484972476959228516e+00
1.390107870101928711e+00
2.640680551528930664e+00
2.775206804275512695e+00
1.071049332618713379e+00
2.361273527145385742e+00
1.313678622245788574e+00
8.079845428466796875e+00
3.851601123809814453e+00
6.604679107666015625e+00
6.796536922454833984e+00
2.416061162948608398e+00
2.296240568161010742e+00
5.107667446136474609e-01
3.766092777252197266e+00
1.165719628334045410e+00
2.493356943130493164e+00
2.615259170532226562e+00
4.081122875213623047e+00
2.945596933364868164e+00
3.799917697906494141e+00
4.481696128845214844e+00
3.676290273666381836e+00
1.722124934196472168e+00
3.302427053451538086e+00
4.859218120574951172e+00
3.426729917526245117e+00
4.402345657348632812e+00
3.834826231002807617e+00
2.180394887924194336e+00
3.722195386886596680e+00
4.735970973968505859e+00
3.946379423141479492e+00
5.609936714172363281e+00
2.847183942794799805e+00
5.039242267608642578e+00
5.302449703216552734e+00
3.064608335494995117e+00
2.896766424179077148e+00
5.084075927734375000e+00
1.400950312614440918e+00
3.125974655151367188e+00
7.259152531623840332e-01
9.289258122444152832e-01
3.030085086822509766e+00
3.582041263580322266e+00
6.397019863128662109e+00
1.913808822631835938e+00
1.634193420410156250e+00
1.153678536415100098e+00
3.865867614746093750e+00
3.806733846664428711e+00
3.177539110183715820e+00
5.001669883728027344e+00
2.731551170349121094e+00
1.834738373756408691e+00
5.926724910736083984e+00
3.217087507247924805e+00
9.567533731460571289e-01
3.643978118896484375e+00
1.927738547325134277e+00
7.172012329101562500e+00
8.104437828063964844e+00
2.338356494903564453e+00
1.972162842750549316e+00
2.314933776855468750e+00
2.740161895751953125e+00
2.034708261489868164e+00
6.147433757781982422e+00
4.005754470825195312e+00
7.208898067474365234e+00
3.802647352218627930e+00
5.296959400177001953e+00
2.111774682998657227e+00
3.892049789428710938e+00
3.793211877346038818e-01
2.661336898803710938e+00
1.695715904235839844e+00
3.847711324691772461e+00
4.892481327056884766e+00
1.691892027854919434e+00
1.724204301834106445e+00
2.841630697250366211e+00
3.180845022201538086e+00
6.216392040252685547e+00
4.914473533630371094e+00
1.051767349243164062e+00
3.584048509597778320e+00
3.874730348587036133e+00
8.168784976005554199e-01
2.877604246139526367e+00
2.088515043258666992e+00
2.091511487960815430e+00
1.127704024314880371e+00
6.138531208038330078e+00
4.322802066802978516e+00
2.353444099426269531e+00
2.680006742477416992e+00
2.948445081710815430e+00
2.459029912948608398e+00
3.975054502487182617e+00
2.031710386276245117e+00
1.927506685256958008e+00
4.159164905548095703e+00
2.144714117050170898e+00
2.811152458190917969e+00
4.627142429351806641e+00
3.849749088287353516e+00
4.293395996093750000e+00
3.637547016143798828e+00
3.949287176132202148e+00
4.888537406921386719e+00
1.517850279808044434e+00
2.207548618316650391e+00
3.675398588180541992e+00
3.810560226440429688e+00
3.799930572509765625e+00
4.566081047058105469e+00
3.315376758575439453e+00
2.020867347717285156e+00
2.325987100601196289e+00
1.255473971366882324e+00
3.373371124267578125e+00
4.024209499359130859e+00
2.707540512084960938e+00
2.396562814712524414e+00
4.488118171691894531e+00
2.208153963088989258e+00
2.758155584335327148e+00
1.657082915306091309e+00
2.421569585800170898e+00
1.581379055976867676e+00
2.782798290252685547e+00
3.924323320388793945e+00
8.330568671226501465e-01
1.663197875022888184e+00
2.797408342361450195e+00
2.221284389495849609e+00
8.425901412963867188e+00
1.958522439002990723e+00
2.852827787399291992e+00
6.590980529785156250e+00
4.099171638488769531e+00
3.643905639648437500e+00
2.867339849472045898e+00
4.180829048156738281e+00
1.631804823875427246e+00
3.442558050155639648e+00
3.047763347625732422e+00
3.352816820144653320e+00
3.590029239654541016e+00
1.708204627037048340e+00
5.772437453269958496e-01
4.726771354675292969e+00
4.289513111114501953e+00
3.485779523849487305e+00
3.971706390380859375e+00
3.433355808258056641e+00
1.239934682846069336e+00
3.619766950607299805e+00
3.834766864776611328e+00
1.691803336143493652e+00
5.839330673217773438e+00
2.475516319274902344e+00
3.670274019241333008e+00
2.276025056838989258e+00
2.519046068191528320e+00
4.650500774383544922e+00
1.063874840736389160e+00
7.038131237030029297e+00
6.383742809295654297e+00
4.899826943874359131e-01
3.117885351181030273e+00
2.915179014205932617e+00
3.112964391708374023e+00
3.952449083328247070e+00
7.202979564666748047e+00
3.294276475906372070e+00
3.794746875762939453e+00
3.184467077255249023e+00
2.028969526290893555e+00
2.561222791671752930e+00
3.155830144882202148e+00
5.968495845794677734e+00
3.575315237045288086e+00
1.766753196716308594e+00
2.293779134750366211e+00
6.217148303985595703e+00
9.640321731567382812e-01
3.013052463531494141e+00
1.408802986145019531e+00
1.624887347221374512e+00
9.815735816955566406e-01
4.469824314117431641e+00
5.457152724266052246e-01
1.423024058341979980e+00
1.113831400871276855e+00
2.029529571533203125e+00
4.365707397460937500e+00
4.917809486389160156e+00
2.165648460388183594e+00
3.138765573501586914e+00
4.871809005737304688e+00
5.669317722320556641e+00
2.968029499053955078e+00
4.891119003295898438e+00
1.270577311515808105e+00
3.691983938217163086e+00
5.689147472381591797e+00
2.640303373336791992e+00
3.973833084106445312e+00
2.556740522384643555e+00
5.883832454681396484e+00
4.556970119476318359e+00
5.441245555877685547e+00
1.942000627517700195e+00
2.447473049163818359e+00
2.917125463485717773e+00
1.662787795066833496e+00
2.537867307662963867e+00
5.348080158233642578e+00
1.226179361343383789e+00
1.821255922317504883e+00
4.418199062347412109e+00
4.367936134338378906e+00
7.575477600097656250e+00
3.487656116485595703e+00
4.774632930755615234e+00
6.825957775115966797e+00
3.808275938034057617e+00
4.650734424591064453e+00
5.997213363647460938e+00
2.609318494796752930e+00
2.147908926010131836e+00
1.458891272544860840e+00
1.111624121665954590e+00
2.235110759735107422e+00
2.285166263580322266e+00
1.816911935806274414e+00
4.882993221282958984e+00
1.316736459732055664e+00
3.904505968093872070e+00
2.086466312408447266e+00
4.107963562011718750e+00
2.361089944839477539e+00
4.030169010162353516e+00
1.399246335029602051e+00
5.668872833251953125e+00
6.784897804260253906e+00
4.715595245361328125e+00
2.218554258346557617e+00
2.092751026153564453e+00
1.131906390190124512e+00
2.050785064697265625e+00
2.455485105514526367e+00
3.093394279479980469e+00
4.375326633453369141e+00
3.382256746292114258e+00
1.461899638175964355e+00
3.213300466537475586e+00
2.816039085388183594e+00
6.754863739013671875e+00
8.597989082336425781e-01
4.553707122802734375e+00
4.016939163208007812e+00
2.910794734954833984e+00
5.006520748138427734e+00
2.890535354614257812e+00
4.620861053466796875e+00
2.139617681503295898e+00
2.134429931640625000e+00
3.173012256622314453e+00
1.364140152931213379e+00
7.235759258270263672e+00
5.138514518737792969e+00
3.343372106552124023e+00
1.960091471672058105e+00
2.064623594284057617e+00
7.543052196502685547e+00
3.862233877182006836e+00
3.037642240524291992e+00
2.741146564483642578e+00
1.785037636756896973e+00
2.909900426864624023e+00
1.308342814445495605e+00
1.758104681968688965e+00
1.157653689384460449e+00
1.624978899955749512e+00
8.024827837944030762e-01
1.422942280769348145e+00
2.071040153503417969e+00
1.489435791969299316e+00
3.771181583404541016e+00
1.269566416740417480e+00
6.351758003234863281e+00
3.052503347396850586e+00
4.373206615447998047e+00
5.296928882598876953e+00
5.327409744262695312e+00
2.728269338607788086e+00
2.735928535461425781e+00
4.310872077941894531e+00
4.112292766571044922e+00
2.922568798065185547e+00
3.035171985626220703e+00
4.373983383178710938e+00
1.605745553970336914e+00
2.383841753005981445e+00
3.806087255477905273e+00
4.663588047027587891e+00
4.368733882904052734e+00
1.094394803047180176e+00
6.659456729888916016e+00
6.659642219543457031e+00
1.888018846511840820e+00
3.206703662872314453e+00
1.388397455215454102e+00
2.060544013977050781e+00
6.278178215026855469e+00
4.720213890075683594e+00
3.609680652618408203e+00
1.177078008651733398e+00
4.251478195190429688e+00
3.936685323715209961e+00
2.882184982299804688e+00
3.114315986633300781e+00
3.269874334335327148e+00
3.169298410415649414e+00
3.825656652450561523e+00
4.123118400573730469e+00
4.192991733551025391e+00
3.737997055053710938e+00
2.748025178909301758e+00
3.593661546707153320e+00
1.924012184143066406e+00
5.937442779541015625e+00
5.233278274536132812e+00
2.011456727981567383e+00
2.269315958023071289e+00
1.346174597740173340e+00
2.744490385055541992e+00
4.638578891754150391e+00
5.511755466461181641e+00
1.821501612663269043e+00
3.425451040267944336e+00
4.169459819793701172e+00
6.972494602203369141e+00
5.317447185516357422e+00
4.034561157226562500e+00
4.998290538787841797e+00
2.499654054641723633e+00
5.784011840820312500e+00
2.461078166961669922e+00
2.010761976242065430e+00
4.682866573333740234e+00
4.528069972991943359e+00
4.310097694396972656e+00
4.290070533752441406e+00
4.089018344879150391e+00
6.049829483032226562e+00
3.447800397872924805e+00
2.229088544845581055e+00
3.816315412521362305e+00
4.635058879852294922e+00
2.720509767532348633e+00
3.297389268875122070e+00
4.298409938812255859e+00
7.747220039367675781e+00
4.981925189495086670e-01
5.920389652252197266e+00
2.441927671432495117e+00
3.693488836288452148e+00
