1.443915009498596191e+00
5.993430614471435547e+00
5.956437587738037109e+00
1.866167902946472168e+00
3.270904302597045898e+00
3.977542877197265625e+00
9.203994870185852051e-01
3.423345327377319336e+00
3.772921085357666016e+00
4.886432170867919922e+00
3.865684986114501953e+00
1.798137903213500977e+00
7.470861673355102539e-01
6.405471801757812500e+00
3.822298526763916016e+00
3.116795301437377930e+00
6.640574932098388672e-01
6.782316684722900391e+00
1.735377669334411621e+00
9.632493257522583008e-01
3.064389467239379883e+00
3.560417652130126953e+00
5.066325664520263672e+00
9.930748343467712402e-01
4.515122890472412109e+00
1.195077300071716309e+00
4.004235744476318359e+00
5.260742187500000000e+00
3.623522520065307617e+00
9.510065913200378418e-01
3.098333120346069336e+00
4.414666175842285156e+00
2.304646730422973633e+00
1.561748862266540527e+00
5.343403816223144531e+00
5.155926704406738281e+00
4.265507698059082031e+00
4.346154689788818359e+00
2.769235372543334961e+00
6.416347622871398926e-01
1.188937425613403320e+00
7.653850913047790527e-01
8.793636560440063477e-01
3.897267103195190430e+00
4.620884895324707031e+00
3.674478292465209961e+00
2.839881420135498047e+00
4.976361751556396484e+00
5.245879173278808594e+00
2.254780769348144531e+00
4.863919258117675781e+00
2.240415334701538086e+00
4.311629772186279297e+00
5.063407421112060547e+00
3.588994741439819336e-01
4.690584182739257812e+00
4.988075733184814453e+00
4.904789030551910400e-01
4.323229312896728516e+00
4.309516906738281250e+00
3.599014282226562500e+00
3.861206769943237305e+00
2.152120351791381836e+00
2.498681783676147461e+00
7.345091700553894043e-01
3.438740968704223633e+00
2.763547658920288086e+00
1.681560873985290527e+00
2.533036231994628906e+00
2.197614669799804688e+00
2.977637052536010742e+00
2.462615728378295898e+00
3.923881292343139648e+00
4.008016109466552734e+00
1.495723843574523926e+00
1.485434055328369141e+00
1.462494611740112305e+00
4.352910041809082031e+00
3.717411041259765625e+00
3.214082002639770508e+00
1.405481219291687012e+00
3.723500013351440430e+00
4.628736019134521484e+00
1.707698702812194824e+00
1.865585327148437500e+00
2.529314041137695312e+00
6.904674053192138672e+00
4.392041683197021484e+00
3.182956457138061523e+00
1.546012759208679199e+00
3.676051378250122070e+00
3.042384862899780273e+00
2.946531772613525391e+00
2.140089035034179688e+00
2.911004066467285156e+00
3.234708786010742188e+00
5.756868362426757812e+00
5.320308685302734375e+00
1.712143301963806152e+00
2.813287258148193359e+00
6.068511009216308594e+00
7.513273358345031738e-01
1.212257742881774902e+00
1.549781203269958496e+00
8.035712242126464844e-01
4.359627723693847656e+00
2.029335051774978638e-01
5.797791481018066406e+00
4.396136283874511719e+00
5.528018474578857422e+00
1.090324640274047852e+00
4.275634288787841797e+00
8.849602699279785156e+00
4.858058452606201172e+00
1.994531035423278809e+00
3.862225055694580078e+00
3.025669813156127930e+00
3.546637058258056641e+00
5.251539707183837891e+00
1.896553993225097656e+00
2.651681661605834961e+00
3.463985204696655273e+00
3.207246780395507812e+00
3.851686239242553711e+00
1.748892664909362793e+00
2.212730884552001953e+00
3.880828142166137695e+00
1.944991946220397949e+00
2.245249032974243164e+00
4.703116416931152344e+00
2.130362033843994141e+00
2.298743009567260742e+00
6.861183166503906250e+00
5.501109123229980469e+00
2.527178287506103516e+00
4.083454132080078125e+00
1.557237982749938965e+00
1.080773115158081055e+00
6.947448253631591797e+00
2.286227941513061523e+00
4.088889122009277344e+00
5.651806354522705078e+00
3.334341764450073242e+00
3.122786998748779297e+00
3.572771787643432617e+00
3.049459218978881836e+00
2.938494682312011719e+00
2.539982318878173828e+00
4.092256069183349609e+00
3.636394500732421875e+00
2.338121414184570312e+00
4.816178798675537109e+00
4.985187530517578125e+00
4.719975471496582031e+00
2.859295845031738281e+00
4.083270549774169922e+00
4.737522602081298828e+00
4.751156330108642578e+00
1.474168181419372559e+00
4.052797794342041016e+00
4.544267177581787109e+00
6.675385475158691406e+00
4.112277507781982422e+00
3.215925216674804688e+00
1.989295601844787598e+00
1.291499376296997070e+00
5.473077297210693359e+00
4.402448654174804688e+00
6.469422817230224609e+00
7.834148406982421875e-01
4.463479042053222656e+00
1.928356409072875977e+00
2.893289566040039062e+00
3.169296979904174805e+00
1.145841836929321289e+00
3.533908605575561523e+00
5.267215728759765625e+00
4.420804500579833984e+00
3.473917543888092041e-01
2.779981613159179688e+00
6.307682514190673828e+00
2.024104833602905273e+00
3.403205156326293945e+00
3.473123550415039062e+00
4.680043220520019531e+00
4.464579582214355469e+00
3.170215368270874023e+00
2.670873403549194336e+00
2.851905107498168945e+00
4.958233356475830078e+00
2.732108592987060547e+00
2.834626197814941406e+00
8.720199465751647949e-01
3.089669466018676758e+00
2.566731214523315430e+00
3.631531238555908203e+00
3.976874113082885742e+00
5.079091548919677734e+00
4.557445049285888672e+00
6.160486936569213867e-01
2.966076135635375977e+00
3.735596895217895508e+00
3.214215517044067383e+00
1.630524992942810059e+00
3.548470258712768555e+00
3.531659841537475586e+00
3.354446887969970703e+00
4.399828910827636719e+00
2.559713125228881836e+00
3.624307394027709961e+00
2.254688024520874023e+00
3.319879531860351562e+00
2.232434034347534180e+00
3.035648584365844727e+00
4.826172351837158203e+00
4.451922893524169922e+00
2.524491071701049805e+00
1.822701692581176758e+00
3.078172802925109863e-01
1.835085272789001465e+00
4.950551509857177734e+00
5.977512359619140625e+00
3.805538654327392578e+00
2.029404163360595703e+00
2.564514160156250000e+00
2.367093324661254883e+00
2.989434480667114258e+00
3.391912221908569336e+00
3.606061697006225586e+00
5.154459476470947266e+00
4.055849552154541016e+00
6.404239177703857422e+00
7.389611721038818359e+00
2.343468427658081055e+00
4.594188630580902100e-01
3.596025466918945312e+00
3.940649747848510742e+00
1.620157122611999512e+00
4.163365840911865234e+00
2.553606748580932617e+00
5.656730175018310547e+00
9.139810800552368164e-01
4.910995483398437500e+00
3.854467391967773438e+00
2.762250423431396484e+00
4.912873744964599609e+00
2.916166067123413086e+00
3.130429029464721680e+00
4.303071498870849609e+00
4.561501979827880859e+00
4.168944835662841797e+00
6.269655704498291016e+00
3.700253248214721680e+00
3.724550724029541016e+00
4.805547237396240234e+00
2.094630479812622070e+00
3.176487684249877930e+00
5.095714569091796875e+00
4.307270526885986328e+00
1.090515613555908203e+00
4.279323101043701172e+00
4.679442405700683594e+00
2.066859006881713867e+00
3.666770219802856445e+00
9.442073702812194824e-01
4.769953727722167969e+00
6.081694126129150391e+00
3.141139268875122070e+00
4.307663440704345703e+00
4.227093219757080078e+00
5.407479286193847656e+00
7.607188701629638672e+00
2.944880485534667969e+00
2.405725240707397461e+00
2.952486991882324219e+00
3.156143665313720703e+00
1.797188639640808105e+00
8.764523506164550781e+00
3.633928060531616211e+00
4.246397018432617188e+00
3.779765367507934570e+00
3.099853277206420898e+00
4.669234752655029297e+00
7.255990028381347656e+00
1.927106142044067383e+00
1.930068016052246094e+00
3.999818563461303711e+00
3.615959882736206055e+00
3.614242315292358398e+00
4.109511852264404297e+00
2.948578834533691406e+00
7.697996616363525391e+00
3.996897935867309570e+00
1.912466645240783691e+00
3.168873190879821777e-01
5.020997524261474609e+00
2.224633693695068359e+00
2.117944002151489258e+00
1.384568333625793457e+00
3.768712997436523438e+00
5.837404131889343262e-01
1.991260886192321777e+00
3.365322113037109375e+00
4.276296138763427734e+00
3.847595691680908203e+00
2.733088970184326172e+00
1.460111975669860840e+00
8.663412332534790039e-01
2.543223142623901367e+00
1.099816083908081055e+00
3.862836837768554688e+00
3.821437597274780273e+00
3.778084278106689453e+00
5.251649379730224609e+00
3.584508657455444336e+00
5.533583164215087891e+00
7.003131389617919922e+00
2.504604339599609375e+00
2.586233139038085938e+00
8.343984484672546387e-01
1.520918011665344238e+00
6.983852982521057129e-01
2.768563032150268555e+00
5.210316658020019531e+00
4.907731056213378906e+00
1.363217830657958984e+00
5.892721652984619141e+00
5.953442573547363281e+00
5.615246295928955078e+00
4.402343273162841797e+00
1.929186701774597168e+00
1.041744709014892578e+00
3.184450626373291016e+00
4.580842494964599609e+00
3.258562803268432617e+00
5.066051006317138672e+00
4.757978439331054688e+00
2.280193805694580078e+00
7.188256978988647461e-01
1.732010126113891602e+00
2.720925807952880859e+00
5.483147501945495605e-01
4.519177913665771484e+00
4.206424236297607422e+00
3.584360122680664062e+00
2.839693784713745117e+00
2.321916580200195312e+00
5.224005579948425293e-01
2.322166681289672852e+00
1.352723121643066406e+00
1.784407854080200195e+00
3.528652906417846680e+00
2.561756849288940430e+00
8.558002710342407227e-01
3.031590700149536133e+00
1.744699716567993164e+00
1.614414811134338379e+00
2.390075922012329102e+00
4.526207923889160156e+00
5.930078029632568359e+00
2.228098630905151367e+00
2.638298273086547852e+00
7.493278503417968750e+00
5.040277481079101562e+00
2.602583646774291992e+00
3.553484439849853516e+00
6.025712490081787109e+00
3.715699434280395508e+00
1.076016664505004883e+00
3.843866825103759766e+00
1.244511246681213379e+00
1.646242737770080566e+00
1.351443767547607422e+00
3.873257398605346680e+00
2.373913288116455078e+00
2.668769598007202148e+00
5.077920913696289062e+00
2.263196706771850586e+00
7.560099959373474121e-01
3.772462844848632812e+00
5.327531337738037109e+00
5.097178459167480469e+00
2.970326185226440430e+00
3.358220815658569336e+00
1.388082027435302734e+00
3.297173023223876953e+00
1.617541670799255371e+00
4.776324272155761719e+00
2.475270748138427734e+00
4.938308715820312500e+00
2.688086986541748047e+00
1.675617456436157227e+00
5.958415508270263672e+00
1.263201236724853516e+00
3.343179464340209961e+00
5.276834011077880859e+00
2.351755857467651367e+00
3.124822139739990234e+00
4.505494594573974609e+00
1.230748414993286133e+00
4.060791492462158203e+00
1.325425386428833008e+00
5.247901439666748047e+00
3.627102375030517578e+00
4.011611461639404297e+00
2.175500869750976562e+00
4.070107936859130859e+00
3.228408098220825195e+00
2.921703815460205078e+00
5.383648395538330078e+00
1.906843423843383789e+00
1.613793015480041504e+00
2.052597045898437500e+00
1.104663252830505371e+00
1.955436706542968750e+00
4.151173114776611328e+00
4.675716876983642578e+00
3.597122669219970703e+00
5.055055141448974609e+00
5.630251884460449219e+00
1.802532792091369629e+00
4.877171993255615234e+00
2.826662302017211914e+00
2.745893239974975586e+00
2.460713863372802734e+00
3.115265846252441406e+00
1.538236498832702637e+00
1.728172183036804199e+00
2.998245954513549805e+00
5.068590164184570312e+00
5.062069416046142578e+00
3.879057645797729492e+00
5.592647075653076172e+00
5.605210781097412109e+00
7.944026470184326172e+00
3.189760446548461914e+00
1.991282105445861816e+00
4.154462337493896484e+00
6.103283882141113281e+00
2.214507341384887695e+00
4.053980350494384766e+00
3.726347684860229492e+00
2.499488592147827148e+00
1.353525638580322266e+00
3.775450944900512695e+00
2.252215862274169922e+00
6.759695529937744141e+00
1.248625397682189941e+00
2.262341260910034180e+00
3.360722780227661133e+00
4.181102275848388672e+00
2.013127088546752930e+00
4.838683605194091797e+00
3.134794712066650391e+00
3.211084365844726562e+00
4.321076869964599609e+00
5.055848121643066406e+00
1.600924372673034668e+00
5.233407020568847656e+00
2.363386631011962891e+00
4.878776073455810547e+00
5.913379669189453125e+00
5.877392292022705078e+00
3.625525236129760742e+00
1.874183535575866699e+00
2.315428733825683594e+00
2.550167798995971680e+00
3.007377386093139648e+00
5.760168075561523438e+00
6.729486942291259766e+00
3.040718793869018555e+00
1.825801134109497070e+00
7.185714244842529297e+00
2.438912153244018555e+00
4.630094528198242188e+00
4.784298419952392578e+00
5.867601394653320312e+00
3.345386266708374023e+00
2.611196041107177734e+00
2.826169252395629883e+00
1.566711425781250000e+00
3.770838260650634766e+00
3.746180772781372070e+00
4.631818294525146484e+00
2.363938808441162109e+00
4.119654178619384766e+00
5.412278652191162109e+00
4.244824409484863281e+00
1.450016379356384277e+00
5.900621414184570312e+00
1.783949732780456543e+00
4.508188247680664062e+00
2.413122415542602539e+00
5.257037162780761719e+00
4.501669883728027344e+00
4.829845905303955078e+00
3.330811023712158203e+00
3.132138013839721680e+00
3.360052824020385742e+00
6.459990024566650391e+00
