1.094797968864440918e+00
2.386368274688720703e+00
4.464398860931396484e+00
5.634149074554443359e+00
3.451015233993530273e+00
6.493010044097900391e+00
6.934920787811279297e+00
6.856637477874755859e+00
2.098146915435791016e+00
2.640789031982421875e+00
5.021897315979003906e+00
1.228769659996032715e+00
1.975724101066589355e+00
1.390903830528259277e+00
3.373513936996459961e+00
7.022337317466735840e-01
4.246359825134277344e+00
2.999458312988281250e+00
1.740327715873718262e+00
3.498416185379028320e+00
4.358757495880126953e+00
9.073769450187683105e-01
3.818052768707275391e+00
5.646407604217529297e-01
3.578709363937377930e+00
7.620722293853759766e+00
1.441957712173461914e+00
5.837848663330078125e+00
3.364355564117431641e+00
2.766904830932617188e+00
9.446970939636230469e+00
4.459079265594482422e+00
4.684404373168945312e+00
3.313016653060913086e+00
4.915997505187988281e+00
4.712856292724609375e+00
2.215732336044311523e+00
3.880123138427734375e+00
2.685245275497436523e+00
2.686922788619995117e+00
2.776763200759887695e+00
4.522546768188476562e+00
2.563601255416870117e+00
3.360639333724975586e+00
3.086774110794067383e+00
5.072632789611816406e+00
4.052600860595703125e+00
3.711374759674072266e+00
2.681628942489624023e+00
3.839781284332275391e+00
4.218706130981445312e+00
5.096504688262939453e+00
3.572236776351928711e+00
2.952281713485717773e+00
1.882559657096862793e+00
4.048074722290039062e+00
2.378569364547729492e+00
3.907284259796142578e+00
4.652087211608886719e+00
3.324628114700317383e+00
2.824086427688598633e+00
2.838711023330688477e+00
4.040851116180419922e+00
2.262738943099975586e+00
2.079655647277832031e+00
4.840564250946044922e+00
2.957533597946166992e+00
1.766180038452148438e+00
8.093991279602050781e-01
3.204656600952148438e+00
1.931425690650939941e+00
4.023924827575683594e+00
5.442790508270263672e+00
2.475091218948364258e+00
1.159064650535583496e+00
3.564264774322509766e+00
1.337737202644348145e+00
4.469000816345214844e+00
2.482217073440551758e+00
4.416653156280517578e+00
4.927215099334716797e+00
2.152059316635131836e+00
4.446626186370849609e+00
4.420226573944091797e+00
3.796900987625122070e+00
2.794504404067993164e+00
4.678937911987304688e+00
5.584704875946044922e+00
5.219150066375732422e+00
5.644377708435058594e+00
3.022805690765380859e+00
4.612846374511718750e+00
5.638005733489990234e+00
5.223215579986572266e+00
2.614427804946899414e+00
5.437756061553955078e+00
1.607832789421081543e+00
9.704250693321228027e-01
7.022129058837890625e+00
1.489179372787475586e+00
2.565289735794067383e+00
4.846624851226806641e+00
4.333992958068847656e+00
3.628503799438476562e+00
1.323490023612976074e+00
3.467994689941406250e+00
2.723974227905273438e+00
2.435702085494995117e+00
2.151414871215820312e+00
2.409950733184814453e+00
2.658756971359252930e+00
3.272483587265014648e+00
3.296696901321411133e+00
1.976821184158325195e+00
2.967658758163452148e+00
3.434987306594848633e+00
1.280458450317382812e+00
5.147954463958740234e+00
1.985862374305725098e+00
2.110638380050659180e+00
4.695817470550537109e+00
7.668271541595458984e+00
5.549401283264160156e+00
6.825489044189453125e+00
2.161865949630737305e+00
2.880880355834960938e+00
4.221441745758056641e+00
1.788274407386779785e+00
9.672908186912536621e-01
2.755347967147827148e+00
3.282120227813720703e+00
3.682306766510009766e+00
2.024345636367797852e+00
2.699963569641113281e+00
2.430520534515380859e+00
3.701453924179077148e+00
3.880351305007934570e+00
3.465808629989624023e+00
9.603859782218933105e-01
5.720303058624267578e+00
6.068805456161499023e-01
2.771763563156127930e+00
2.892272472381591797e+00
3.870158910751342773e+00
3.703223943710327148e+00
3.402839660644531250e+00
1.560568809509277344e+00
6.222168922424316406e+00
2.519997596740722656e+00
3.285753726959228516e+00
4.291181564331054688e+00
1.620859026908874512e+00
1.334563136100769043e+00
2.071885824203491211e+00
1.196691870689392090e+00
2.765618085861206055e+00
3.992125034332275391e+00
4.927864074707031250e+00
6.031757831573486328e+00
2.919253110885620117e+00
2.836510181427001953e+00
3.543318986892700195e+00
3.166770458221435547e+00
2.765798091888427734e+00
4.393394947052001953e+00
2.827405929565429688e+00
2.235802650451660156e+00
6.664944648742675781e+00
4.380071640014648438e+00
2.382833242416381836e+00
3.644294738769531250e+00
2.890549421310424805e+00
2.771551132202148438e+00
3.009461164474487305e+00
6.941097259521484375e+00
8.718714118003845215e-01
3.038313627243041992e+00
5.243344783782958984e+00
3.735437154769897461e+00
3.776668310165405273e+00
5.615434169769287109e+00
2.039625167846679688e+00
4.356312751770019531e+00
3.852991819381713867e+00
1.654225587844848633e+00
2.283193111419677734e+00
4.603452205657958984e+00
4.364653110504150391e+00
2.764190912246704102e+00
3.786006212234497070e+00
1.353191375732421875e+00
3.873420000076293945e+00
6.175205707550048828e+00
2.533099412918090820e+00
2.781850337982177734e+00
3.927156925201416016e+00
3.696964979171752930e+00
4.356075763702392578e+00
2.065762758255004883e+00
2.736801624298095703e+00
3.709430456161499023e+00
4.702732086181640625e+00
5.385538101196289062e+00
4.130322933197021484e+00
3.345108747482299805e+00
3.517213821411132812e+00
5.561444759368896484e+00
3.832282781600952148e+00
1.613561272621154785e+00
7.057459354400634766e+00
2.910529851913452148e+00
4.587144374847412109e+00
4.028728961944580078e+00
3.407396078109741211e+00
3.432841300964355469e-01
2.550382614135742188e+00
5.844645977020263672e+00
4.933814048767089844e+00
8.598613739013671875e-01
3.970748901367187500e+00
7.454589366912841797e+00
8.531862497329711914e-01
4.705340385437011719e+00
2.575339794158935547e+00
1.144787669181823730e+00
2.282103300094604492e+00
3.757524251937866211e+00
6.161164641380310059e-01
3.728145599365234375e+00
3.600721120834350586e+00
2.398552894592285156e+00
3.397939682006835938e+00
6.380075454711914062e+00
2.418873548507690430e+00
3.939116239547729492e+00
1.380356550216674805e+00
3.447654485702514648e+00
2.347975492477416992e+00
3.192256689071655273e+00
5.497242927551269531e+00
3.892167508602142334e-01
2.093241453170776367e+00
5.997514724731445312e+00
4.908364772796630859e+00
2.167638778686523438e+00
9.569198489189147949e-01
2.159903526306152344e+00
4.548783779144287109e+00
6.309531331062316895e-01
4.743817329406738281e+00
3.775906324386596680e+00
4.271824836730957031e+00
5.102190971374511719e+00
4.163271427154541016e+00
2.681937932968139648e+00
4.237545013427734375e+00
4.050045490264892578e+00
5.108657836914062500e+00
7.389743804931640625e+00
2.826338529586791992e+00
5.443353176116943359e+00
3.564675092697143555e+00
4.335915088653564453e+00
5.591847419738769531e+00
3.589168310165405273e+00
5.696217060089111328e+00
1.130446314811706543e+00
2.360352277755737305e-01
5.614337444305419922e+00
3.934035539627075195e+00
2.603167057037353516e+00
4.062250614166259766e+00
1.637877106666564941e+00
1.639702796936035156e+00
4.394852638244628906e+00
6.737996578216552734e+00
3.994386434555053711e+00
5.751918315887451172e+00
3.580699205398559570e+00
2.760371923446655273e+00
3.473170518875122070e+00
4.284864902496337891e+00
2.245327472686767578e+00
5.595465660095214844e+00
2.567084074020385742e+00
1.764225006103515625e+00
2.812863588333129883e+00
4.282518386840820312e+00
1.667917490005493164e+00
4.346158504486083984e+00
3.329339742660522461e+00
5.050815582275390625e+00
1.361573576927185059e+00
2.635192394256591797e+00
1.472794294357299805e+00
6.306053161621093750e+00
3.712124586105346680e+00
2.608896970748901367e+00
4.406249523162841797e-01
4.409217357635498047e+00
6.176822185516357422e+00
3.326143264770507812e+00
2.901669263839721680e+00
4.890760898590087891e+00
5.102903842926025391e+00
3.678320646286010742e+00
1.815690994262695312e+00
3.120999336242675781e+00
2.861413717269897461e+00
2.514357328414916992e+00
3.795934677124023438e+00
3.005784034729003906e+00
6.486711025238037109e+00
6.989299297332763672e+00
3.804090499877929688e+00
2.662850141525268555e+00
4.102199077606201172e+00
2.139140129089355469e+00
8.941033363342285156e+00
3.418645143508911133e+00
3.866771697998046875e+00
4.108160495758056641e+00
3.916013479232788086e+00
1.791949629783630371e+00
2.984405279159545898e+00
3.717349290847778320e+00
3.371238470077514648e+00
3.258300065994262695e+00
4.903603553771972656e+00
2.835392236709594727e+00
3.001510381698608398e+00
2.674314260482788086e+00
5.780059337615966797e+00
2.677041053771972656e+00
3.759327650070190430e+00
3.174414157867431641e+00
3.227148771286010742e+00
4.570451259613037109e+00
2.947958707809448242e+00
4.361568450927734375e+00
4.270828723907470703e+00
5.519103527069091797e+00
2.119021654129028320e+00
3.228158712387084961e+00
4.835534572601318359e+00
4.440660953521728516e+00
3.966521501541137695e+00
3.109218597412109375e+00
2.614137172698974609e+00
5.727866172790527344e+00
2.930544614791870117e+00
2.817229747772216797e+00
5.659216880798339844e+00
3.170816421508789062e+00
4.188523769378662109e+00
4.544414043426513672e+00
2.273081779479980469e+00
3.561172246932983398e+00
1.444873929023742676e+00
3.655587136745452881e-01
4.955752491950988770e-01
2.020720958709716797e+00
1.167055249214172363e+00
3.690157413482666016e+00
1.125921607017517090e+00
5.075145244598388672e+00
4.335052013397216797e+00
7.759919166564941406e-01
3.551498889923095703e+00
6.108991503715515137e-01
2.831897497177124023e+00
3.558239459991455078e+00
5.160823822021484375e+00
2.457502841949462891e+00
2.625762701034545898e+00
3.186569213867187500e+00
3.825792074203491211e+00
4.631737709045410156e+00
7.752833843231201172e+00
4.228031635284423828e+00
2.680312871932983398e+00
2.937324285507202148e+00
5.918412685394287109e+00
2.995762825012207031e+00
2.049320220947265625e+00
1.157689094543457031e+00
6.709640502929687500e+00
3.132966756820678711e+00
3.017350196838378906e+00
3.333357334136962891e+00
5.395895957946777344e+00
6.415049076080322266e+00
3.790174245834350586e+00
1.274253010749816895e+00
1.160065889358520508e+00
3.981355428695678711e+00
2.904085159301757812e+00
4.741582393646240234e+00
2.299432039260864258e+00
5.228517055511474609e+00
3.904377698898315430e+00
3.590829133987426758e+00
1.434736609458923340e+00
6.649738311767578125e+00
1.888174414634704590e+00
3.243954420089721680e+00
7.025601863861083984e+00
4.514208316802978516e+00
7.780470371246337891e+00
1.967392325401306152e+00
4.156736850738525391e+00
2.124696969985961914e+00
5.171588897705078125e+00
1.971305131912231445e+00
1.883410692214965820e+00
6.000439643859863281e+00
2.619501829147338867e+00
2.570914506912231445e+00
2.243569612503051758e+00
3.341336965560913086e+00
4.738191604614257812e+00
1.768921256065368652e+00
5.552663803100585938e+00
1.993734002113342285e+00
6.466222286224365234e+00
4.175188064575195312e+00
2.914544343948364258e+00
9.534313082695007324e-01
1.745315909385681152e+00
4.502616405487060547e+00
2.866904973983764648e+00
1.609308481216430664e+00
1.824998497962951660e+00
3.993318319320678711e+00
5.946294307708740234e+00
8.902327418327331543e-01
3.927046656608581543e-01
2.021962881088256836e+00
4.471505641937255859e+00
2.939035654067993164e+00
3.427804231643676758e+00
3.395700454711914062e+00
2.873754262924194336e+00
6.645839214324951172e+00
3.001714468002319336e+00
1.342784881591796875e+00
1.195305943489074707e+00
7.418447971343994141e+00
1.716593623161315918e+00
3.351126909255981445e+00
3.168317794799804688e+00
5.118837356567382812e+00
2.851285696029663086e+00
1.623585939407348633e+00
5.122561931610107422e+00
3.422388076782226562e+00
4.502304077148437500e+00
6.123657226562500000e+00
2.550533771514892578e+00
2.329589605331420898e+00
5.206134796142578125e+00
3.152942657470703125e+00
1.456225395202636719e+00
4.515035152435302734e+00
2.555949926376342773e+00
5.635571479797363281e+00
1.421480774879455566e+00
3.215345859527587891e+00
3.060064077377319336e+00
3.665878295898437500e+00
3.719959974288940430e+00
2.501804351806640625e+00
5.917932391166687012e-01
2.577773571014404297e+00
1.605536103248596191e+00
1.632269501686096191e+00
2.505423784255981445e+00
3.672670841217041016e+00
2.888217210769653320e+00
2.469126939773559570e+00
3.447909593582153320e+00
2.984870195388793945e+00
5.599918365478515625e+00
4.951292514801025391e+00
5.512124538421630859e+00
4.370299816131591797e+00
3.266840696334838867e+00
1.174031853675842285e+00
5.304498076438903809e-01
2.273902177810668945e+00
2.213700056076049805e+00
3.189546823501586914e+00
3.232475042343139648e+00
1.224899768829345703e+00
4.376205444335937500e+00
2.830276250839233398e+00
7.849216461181640625e+00
1.827027916908264160e+00
1.902858972549438477e+00
2.725202322006225586e+00
