8.769602775573730469e-01
4.186722755432128906e+00
1.509921550750732422e+00
1.354707598686218262e+00
1.673016548156738281e+00
1.858511805534362793e+00
1.500142574310302734e+00
4.721678256988525391e+00
4.085554122924804688e+00
1.970277786254882812e+00
3.183044910430908203e+00
2.936409711837768555e+00
1.412631750106811523e+00
4.292822837829589844e+00
4.159867286682128906e+00
3.955729722976684570e+00
2.097293615341186523e+00
4.304248809814453125e+00
5.088505268096923828e+00
1.441648960113525391e+00
5.669045448303222656e+00
3.981757402420043945e+00
3.130957603454589844e+00
6.956153869628906250e+00
4.962352275848388672e+00
4.447451591491699219e+00
5.064269900321960449e-01
2.804236412048339844e+00
2.036475419998168945e+00
3.790017843246459961e+00
3.350744247436523438e+00
4.058510303497314453e+00
4.065846920013427734e+00
1.795246481895446777e+00
5.742200374603271484e+00
1.982587099075317383e+00
8.373085856437683105e-01
6.685878753662109375e+00
3.719509601593017578e+00
1.940574526786804199e+00
4.893881320953369141e+00
7.689624309539794922e+00
3.207609653472900391e+00
5.454114913940429688e+00
1.193731665611267090e+00
3.158206701278686523e+00
9.034560203552246094e+00
4.776453495025634766e+00
3.454159975051879883e+00
3.059626579284667969e+00
1.518623948097229004e+00
4.260581493377685547e+00
5.572079181671142578e+00
4.011458873748779297e+00
4.758626461029052734e+00
3.451370000839233398e+00
5.315193653106689453e+00
4.597592353820800781e+00
5.081175327301025391e+00
4.158404827117919922e+00
2.769044876098632812e+00
2.318103790283203125e+00
2.221119642257690430e+00
2.761833906173706055e+00
5.714931488037109375e+00
1.038852095603942871e+00
2.558011293411254883e+00
3.003850698471069336e+00
3.822600126266479492e+00
4.144297122955322266e+00
3.403116226196289062e+00
3.441387176513671875e+00
2.298001289367675781e+00
1.575000643730163574e+00
2.160043001174926758e+00
6.069864273071289062e+00
2.313188314437866211e+00
2.052665233612060547e+00
2.051806211471557617e+00
2.461722612380981445e+00
3.750872850418090820e+00
1.802225947380065918e+00
4.780738353729248047e+00
3.929755449295043945e+00
3.212072372436523438e+00
3.307714939117431641e+00
2.913279771804809570e+00
1.375192284584045410e+00
4.937500476837158203e+00
5.315456390380859375e+00
3.923622846603393555e+00
2.416395425796508789e+00
5.621047496795654297e+00
3.554049730300903320e+00
5.446752071380615234e+00
2.929489850997924805e+00
6.958720684051513672e+00
2.821277379989624023e+00
2.800499200820922852e+00
5.555950641632080078e+00
4.640862464904785156e+00
2.848850250244140625e+00
4.010869979858398438e+00
2.215789556503295898e+00
4.702457427978515625e+00
3.853617191314697266e+00
2.741267204284667969e+00
1.494729042053222656e+00
6.503767490386962891e+00
5.800668239593505859e+00
7.076896190643310547e+00
1.787504196166992188e+00
2.764566659927368164e+00
4.170584678649902344e+00
6.914475917816162109e+00
3.549553394317626953e+00
3.258090734481811523e+00
2.970220327377319336e+00
1.301412582397460938e+00
5.893860816955566406e+00
4.516750335693359375e+00
6.322818279266357422e+00
6.333515644073486328e+00
3.337485074996948242e+00
2.996476888656616211e+00
3.338005781173706055e+00
1.233816862106323242e+00
2.770202875137329102e+00
4.018090724945068359e+00
1.557751417160034180e+00
3.993882894515991211e+00
2.819860458374023438e+00
2.005878686904907227e+00
2.129511594772338867e+00
5.464745044708251953e+00
9.555549025535583496e-01
1.053506612777709961e+00
3.632432222366333008e+00
2.699437856674194336e+00
2.159091234207153320e+00
4.845057964324951172e+00
1.913966417312622070e+00
2.903710603713989258e+00
2.548944711685180664e+00
1.794252395629882812e+00
3.143975138664245605e-01
1.351714611053466797e+00
3.615834474563598633e+00
3.912153244018554688e+00
2.209361076354980469e+00
3.684294462203979492e+00
2.874363660812377930e+00
4.545120239257812500e+00
4.903163433074951172e+00
1.803885102272033691e+00
5.492559432983398438e+00
4.165920734405517578e+00
2.066901206970214844e+00
3.075790643692016602e+00
5.384046077728271484e+00
2.622880697250366211e+00
1.230007171630859375e+00
4.989448070526123047e+00
3.544844865798950195e+00
5.163941383361816406e+00
5.732913970947265625e+00
2.837537527084350586e+00
2.633583784103393555e+00
2.362861871719360352e+00
3.708558797836303711e+00
2.426533699035644531e+00
4.493461608886718750e+00
2.742998838424682617e+00
5.307991504669189453e+00
1.073670983314514160e+00
4.711959838867187500e+00
2.859248876571655273e+00
8.418792724609375000e+00
2.293106079101562500e+00
2.311626195907592773e+00
5.601074099540710449e-01
4.615942478179931641e+00
3.987865209579467773e+00
2.161030530929565430e+00
4.271317481994628906e+00
5.156173706054687500e-01
1.549584031105041504e+00
3.508471727371215820e+00
3.295715332031250000e+00
4.646043300628662109e+00
2.932684898376464844e+00
4.671010494232177734e+00
7.226615905761718750e+00
4.098086833953857422e+00
4.922008037567138672e+00
1.991519212722778320e+00
4.568479537963867188e+00
6.602096080780029297e+00
5.577169895172119141e+00
3.096810579299926758e+00
3.150428295135498047e+00
4.218221187591552734e+00
3.905746459960937500e+00
5.909602165222167969e+00
5.098013877868652344e+00
6.719072818756103516e+00
4.901867389678955078e+00
6.041556358337402344e+00
1.379470229148864746e+00
1.096243023872375488e+00
4.057376384735107422e+00
3.949165344238281250e+00
2.151640653610229492e+00
2.843856334686279297e+00
5.783849239349365234e+00
3.758695602416992188e+00
3.639298200607299805e+00
3.798902511596679688e+00
3.322646379470825195e+00
3.363182544708251953e+00
2.819232702255249023e+00
3.899224042892456055e+00
4.342728614807128906e+00
5.633688926696777344e+00
3.301344394683837891e+00
3.428794622421264648e+00
2.118829488754272461e+00
4.081818580627441406e+00
1.958202958106994629e+00
2.887281179428100586e+00
4.500059604644775391e+00
1.050431847572326660e+00
1.236967563629150391e+00
2.170836687088012695e+00
5.612122535705566406e+00
3.505149841308593750e+00
4.426376521587371826e-01
1.872816920280456543e+00
1.248289465904235840e+00
2.238885879516601562e+00
5.874161243438720703e+00
3.236058950424194336e+00
4.866160869598388672e+00
3.381776571273803711e+00
4.749865531921386719e+00
2.063811779022216797e+00
8.771454691886901855e-01
2.422098398208618164e+00
1.819904208183288574e+00
3.352771759033203125e+00
5.633840084075927734e+00
3.797837972640991211e+00
6.276019573211669922e+00
3.827821016311645508e+00
3.210701704025268555e+00
3.798201799392700195e+00
3.681442975997924805e+00
3.434750318527221680e+00
3.080518722534179688e+00
4.141739845275878906e+00
4.819318294525146484e+00
3.180577993392944336e+00
3.931041717529296875e+00
1.197293758392333984e+00
2.599566221237182617e+00
5.196214675903320312e+00
5.903463840484619141e+00
4.598664760589599609e+00
2.480895996093750000e+00
7.459276676177978516e+00
3.988885641098022461e+00
4.173518657684326172e+00
1.668724417686462402e+00
1.755731821060180664e+00
3.130452394485473633e+00
4.429303169250488281e+00
2.839366674423217773e+00
4.005599498748779297e+00
9.157748222351074219e-01
1.610571146011352539e+00
1.123448252677917480e+00
2.667842864990234375e+00
2.103607654571533203e+00
4.438030242919921875e+00
3.293607473373413086e+00
2.945983648300170898e+00
2.914711475372314453e+00
1.893770456314086914e+00
3.571546554565429688e+00
8.068037033081054688e-01
2.907121896743774414e+00
3.333499908447265625e+00
4.310632228851318359e+00
3.441001176834106445e+00
1.623430252075195312e+00
3.861064672470092773e+00
1.846548080444335938e+00
5.999785423278808594e+00
3.388198137283325195e+00
3.680710554122924805e+00
3.063946723937988281e+00
7.633015632629394531e+00
2.861098051071166992e+00
1.542254328727722168e+00
7.280775308609008789e-01
4.265932083129882812e+00
2.840232372283935547e+00
3.877392292022705078e+00
3.849435567855834961e+00
3.112389564514160156e+00
5.564817905426025391e+00
5.123368740081787109e+00
3.547174215316772461e+00
4.571075439453125000e+00
6.092065334320068359e+00
3.994663000106811523e+00
3.219928026199340820e+00
4.822114467620849609e+00
2.687221288681030273e+00
1.897706866264343262e+00
4.237005710601806641e+00
2.800912857055664062e+00
2.017709732055664062e+00
2.120220184326171875e+00
4.706451416015625000e+00
3.113583326339721680e+00
2.143988609313964844e+00
5.118613719940185547e+00
2.466132164001464844e+00
5.008940219879150391e+00
4.292252540588378906e+00
5.205590724945068359e+00
6.343801975250244141e+00
6.859125614166259766e+00
4.376039981842041016e+00
2.822764396667480469e+00
2.250531911849975586e+00
2.235584974288940430e+00
1.253602027893066406e+00
1.692131400108337402e+00
6.393985271453857422e+00
1.120943427085876465e+00
3.436537265777587891e+00
8.037770271301269531e+00
4.537802219390869141e+00
4.032945156097412109e+00
5.094815254211425781e+00
3.192174434661865234e+00
1.985219597816467285e+00
2.978605985641479492e+00
2.997317075729370117e+00
3.417683839797973633e+00
5.655276298522949219e+00
4.571208477020263672e+00
2.658424615859985352e+00
1.984784722328186035e+00
7.300232648849487305e-01
4.455535411834716797e+00
3.325077772140502930e+00
3.534008026123046875e+00
3.643877506256103516e+00
1.961739778518676758e+00
2.340322256088256836e+00
1.625264763832092285e+00
5.022913932800292969e+00
1.535534262657165527e+00
3.145016193389892578e+00
1.922830939292907715e+00
4.087181568145751953e+00
1.884868860244750977e+00
4.025350093841552734e+00
2.589460134506225586e+00
3.522207975387573242e+00
3.997896671295166016e+00
2.347409009933471680e+00
8.165721297264099121e-01
6.590304851531982422e+00
3.115156173706054688e+00
5.608196258544921875e+00
1.425099015235900879e+00
2.480268239974975586e+00
1.648301362991333008e+00
4.466180801391601562e+00
4.192989826202392578e+00
3.824975967407226562e+00
5.060994625091552734e+00
1.263545393943786621e+00
4.379330635070800781e+00
3.499135255813598633e+00
3.894676208496093750e+00
5.817815303802490234e+00
2.063653230667114258e+00
1.414511442184448242e+00
1.131856799125671387e+00
2.521666288375854492e+00
3.202127456665039062e+00
3.859684705734252930e+00
6.975860118865966797e+00
1.969535708427429199e+00
1.342376112937927246e+00
2.145257711410522461e+00
3.362583160400390625e+00
3.887997865676879883e+00
2.836399793624877930e+00
2.717623233795166016e+00
7.097180843353271484e+00
6.215152740478515625e+00
1.688099861145019531e+00
6.844586730003356934e-01
5.997719764709472656e+00
1.661228179931640625e+00
4.774442195892333984e+00
3.101012706756591797e+00
3.239542722702026367e+00
4.216985225677490234e+00
4.012478351593017578e+00
1.628029227256774902e+00
4.011933803558349609e+00
1.199205994606018066e+00
5.462367534637451172e+00
3.969198226928710938e+00
3.369776964187622070e+00
4.419285297393798828e+00
5.713529109954833984e+00
3.975682497024536133e+00
4.232648372650146484e+00
2.854373931884765625e+00
4.019915580749511719e+00
1.103400230407714844e+00
3.170896291732788086e+00
2.628357648849487305e+00
6.142599105834960938e+00
5.885744094848632812e+00
1.303320765495300293e+00
1.647601008415222168e+00
1.079497337341308594e+00
2.615438699722290039e+00
3.034825801849365234e+00
1.889598846435546875e+00
4.747901916503906250e+00
1.537098526954650879e+00
3.074526548385620117e+00
1.453588724136352539e+00
4.290545940399169922e+00
6.129943370819091797e+00
1.659305214881896973e+00
5.206380844116210938e+00
1.357482790946960449e+00
2.528736829757690430e+00
1.923982262611389160e+00
1.549899458885192871e+00
2.845117330551147461e+00
2.564898252487182617e+00
3.629721879959106445e+00
3.008571147918701172e+00
2.047851324081420898e+00
4.487322807312011719e+00
3.576967000961303711e+00
3.347995758056640625e+00
4.105636119842529297e+00
2.753443717956542969e+00
8.510777354240417480e-01
2.106816530227661133e+00
2.377312421798706055e+00
4.528591632843017578e+00
3.918655216693878174e-01
2.757092237472534180e+00
3.292922258377075195e+00
3.555995702743530273e+00
4.433956146240234375e+00
3.137176990509033203e+00
3.509359121322631836e+00
2.640103101730346680e+00
4.066105842590332031e+00
2.849111318588256836e+00
3.696078062057495117e+00
8.867110610008239746e-01
1.632959008216857910e+00
4.802017211914062500e+00
2.005825281143188477e+00
2.207409381866455078e+00
2.136772155761718750e+00
4.932422637939453125e+00
3.018971204757690430e+00
9.102999567985534668e-01
3.072140216827392578e+00
4.689518451690673828e+00
3.034385204315185547e+00
5.530230998992919922e+00
6.754531383514404297e+00
3.383221149444580078e+00
2.664957284927368164e+00
3.391782522201538086e+00
5.756769657135009766e+00
3.314989566802978516e+00
6.052772521972656250e+00
5.646304607391357422e+00
3.145047426223754883e+00
7.565290331840515137e-01
4.038844585418701172e+00
