2.435032129287719727e+00
4.616744518280029297e+00
1.959233641624450684e+00
1.988796234130859375e+00
5.550129890441894531e+00
1.917920708656311035e+00
2.745996713638305664e+00
2.979511976242065430e+00
4.812105655670166016e+00
2.836531400680541992e+00
3.994330167770385742e+00
1.084422588348388672e+00
2.296236753463745117e+00
2.132877111434936523e+00
3.871256351470947266e+00
3.661836385726928711e+00
2.585923910140991211e+00
4.654971599578857422e+00
3.969218969345092773e+00
4.994347572326660156e+00
4.306367397308349609e+00
5.309055805206298828e+00
3.303409337997436523e+00
4.075031280517578125e+00
4.810300350189208984e+00
5.606748104095458984e+00
3.138208627700805664e+00
5.373468399047851562e+00
1.632543563842773438e+00
3.509796142578125000e+00
4.440777778625488281e+00
2.513276815414428711e+00
1.427788853645324707e+00
2.956400632858276367e+00
8.181695938110351562e-01
4.744370937347412109e+00
3.723101854324340820e+00
3.883757829666137695e+00
5.690128326416015625e+00
3.645435333251953125e+00
4.524302959442138672e+00
2.040095090866088867e+00
2.014487504959106445e+00
6.070980072021484375e+00
3.996058702468872070e+00
2.011151075363159180e+00
2.870528936386108398e+00
2.535846471786499023e+00
9.143812060356140137e-01
4.719590663909912109e+00
1.923432707786560059e+00
2.314126491546630859e+00
4.969867765903472900e-01
2.917518377304077148e+00
3.981885910034179688e+00
6.839784145355224609e+00
2.037897348403930664e+00
5.753777980804443359e+00
2.118354797363281250e+00
4.083110809326171875e+00
6.080651283264160156e+00
3.279311418533325195e+00
2.999505519866943359e+00
4.708465576171875000e+00
1.963588595390319824e+00
2.676631927490234375e+00
2.411811590194702148e+00
4.273688793182373047e+00
2.634970188140869141e+00
5.066633224487304688e+00
3.788735151290893555e+00
6.288610458374023438e+00
2.360128879547119141e+00
2.691020250320434570e+00
4.246690273284912109e+00
3.962202787399291992e+00
3.002076625823974609e+00
2.302001714706420898e+00
2.336413621902465820e+00
2.372361898422241211e+00
2.416513204574584961e+00
3.184234142303466797e+00
5.263724803924560547e+00
1.300715684890747070e+00
1.693782091140747070e+00
1.230598807334899902e+00
1.538461327552795410e+00
4.791822910308837891e+00
2.975679874420166016e+00
5.892592906951904297e+00
4.794225692749023438e+00
2.631165742874145508e+00
4.060915470123291016e+00
3.158858060836791992e+00
2.353667259216308594e+00
4.135589599609375000e+00
2.602709293365478516e+00
3.798933029174804688e+00
2.083948135375976562e+00
4.200673580169677734e+00
6.376288890838623047e+00
2.934831380844116211e+00
6.038508892059326172e+00
3.188232660293579102e+00
3.477077960968017578e+00
2.883602380752563477e+00
3.736881256103515625e+00
1.112087726593017578e+00
4.125339686870574951e-01
5.765524387359619141e+00
5.263536930084228516e+00
7.724151015281677246e-01
3.753063678741455078e+00
2.758005857467651367e+00
7.313130378723144531e+00
3.070094585418701172e+00
3.086595296859741211e+00
6.569055080413818359e+00
1.077338099479675293e+00
7.944972515106201172e+00
3.833973407745361328e+00
2.045194149017333984e+00
2.927199125289916992e+00
4.945470809936523438e+00
2.364836454391479492e+00
5.706292629241943359e+00
5.780941486358642578e+00
9.424017906188964844e+00
3.911172866821289062e+00
5.565029978752136230e-01
2.709776163101196289e+00
3.321723222732543945e+00
8.261582255363464355e-01
5.557209968566894531e+00
5.835954666137695312e+00
2.730172872543334961e+00
3.877523899078369141e+00
4.680276393890380859e+00
1.680765032768249512e+00
5.181048393249511719e+00
6.874713897705078125e+00
3.281925916671752930e+00
4.323615074157714844e+00
1.102568507194519043e+00
3.268265962600708008e+00
1.594474673271179199e+00
3.220088243484497070e+00
2.514888763427734375e+00
2.157946348190307617e+00
6.207706928253173828e+00
2.006957769393920898e+00
2.149839162826538086e+00
8.686881065368652344e-01
2.869950056076049805e+00
1.807925462722778320e+00
2.921666860580444336e+00
2.284381628036499023e+00
5.710349559783935547e+00
3.186357736587524414e+00
3.870723724365234375e+00
3.980612277984619141e+00
4.376981735229492188e+00
3.656047821044921875e+00
3.805989980697631836e+00
3.607864141464233398e+00
2.720555782318115234e+00
2.046219587326049805e+00
4.840366363525390625e+00
3.488310575485229492e+00
3.117767572402954102e+00
2.330261945724487305e+00
3.360093832015991211e+00
6.695950508117675781e+00
1.276651740074157715e+00
3.239324331283569336e+00
2.763413906097412109e+00
2.743832588195800781e+00
4.691372394561767578e+00
4.975705623626708984e+00
2.726148366928100586e+00
6.141111850738525391e+00
3.554101705551147461e+00
2.930939912796020508e+00
4.682203769683837891e+00
1.798482179641723633e+00
4.101047039031982422e+00
2.683190345764160156e+00
3.501480579376220703e+00
5.322697639465332031e+00
1.820616722106933594e+00
5.751334667205810547e+00
4.896529197692871094e+00
5.688903808593750000e+00
3.008017301559448242e+00
2.530942440032958984e+00
1.084892511367797852e+00
2.391648054122924805e+00
5.672801971435546875e+00
6.675702571868896484e+00
2.613828420639038086e+00
4.068603992462158203e+00
2.858991146087646484e+00
2.412552356719970703e+00
4.064031124114990234e+00
3.445290803909301758e+00
4.350047588348388672e+00
3.003370046615600586e+00
3.483327627182006836e+00
4.587895870208740234e+00
1.896908760070800781e+00
5.681735992431640625e+00
2.153512001037597656e+00
3.240714311599731445e+00
3.851483583450317383e+00
4.220805644989013672e+00
2.586374998092651367e+00
4.921669006347656250e+00
2.535035610198974609e+00
1.753738045692443848e+00
4.791461467742919922e+00
5.201510906219482422e+00
4.560184478759765625e+00
3.781679153442382812e+00
2.973159551620483398e+00
3.176054716110229492e+00
4.590334892272949219e+00
2.520635366439819336e+00
4.724447727203369141e+00
2.027340650558471680e+00
4.147406578063964844e+00
4.362329006195068359e+00
2.948616027832031250e+00
1.757723450660705566e+00
3.270919561386108398e+00
2.291347503662109375e+00
2.703844070434570312e+00
9.736237525939941406e-01
2.994464635848999023e+00
1.957885384559631348e+00
2.613831520080566406e+00
4.598242282867431641e+00
8.034427642822265625e+00
3.261779785156250000e+00
2.867711305618286133e+00
3.165518045425415039e+00
8.878755569458007812e-01
3.182875633239746094e+00
5.328834533691406250e+00
1.888701796531677246e+00
4.060472011566162109e+00
3.903622865676879883e+00
2.016899824142456055e+00
5.584284305572509766e+00
2.984915256500244141e+00
5.233972072601318359e+00
2.566552400588989258e+00
3.572210311889648438e+00
3.378870487213134766e+00
3.279045104980468750e+00
1.017689466476440430e+00
4.109340667724609375e+00
5.762232780456542969e+00
5.205775737762451172e+00
3.388188600540161133e+00
2.172866582870483398e+00
3.695060491561889648e+00
9.985143542289733887e-01
1.950304627418518066e+00
4.702402114868164062e+00
4.165515422821044922e+00
6.620526790618896484e+00
1.542752504348754883e+00
3.741052389144897461e+00
3.894892215728759766e+00
3.889312028884887695e+00
4.409037590026855469e+00
4.059611320495605469e+00
4.725034236907958984e+00
3.408417224884033203e+00
4.399562835693359375e+00
1.244918704032897949e+00
3.080326795578002930e+00
5.062572479248046875e+00
2.143903493881225586e+00
8.310910463333129883e-01
3.208231449127197266e+00
1.346146583557128906e+00
2.943989753723144531e+00
1.022377133369445801e+00
3.602075338363647461e+00
4.135993480682373047e+00
1.318970441818237305e+00
4.153337478637695312e+00
2.248612165451049805e+00
2.518243789672851562e+00
1.641147613525390625e+00
4.570035457611083984e+00
3.914609909057617188e+00
4.948032855987548828e+00
3.479607105255126953e+00
6.482423543930053711e-01
5.435805797576904297e+00
4.589606761932373047e+00
2.946690559387207031e+00
2.686943531036376953e+00
2.937042713165283203e+00
1.401416063308715820e+00
3.954613208770751953e+00
5.035599708557128906e+00
3.540402173995971680e+00
3.086342334747314453e+00
1.971676230430603027e+00
6.380175590515136719e+00
4.202313899993896484e+00
5.367175102233886719e+00
2.115353345870971680e+00
2.842507839202880859e+00
4.282852172851562500e+00
3.816135168075561523e+00
7.288868904113769531e+00
8.084465265274047852e-01
3.134033679962158203e+00
1.487603545188903809e+00
2.616026639938354492e+00
4.035364151000976562e+00
2.546007394790649414e+00
2.699852943420410156e+00
2.755293607711791992e+00
5.070075511932373047e+00
3.306958913803100586e+00
3.506786108016967773e+00
2.154968738555908203e+00
2.673239707946777344e+00
2.382626295089721680e+00
9.345591664314270020e-01
3.227135896682739258e+00
6.159765720367431641e+00
3.593625307083129883e+00
4.010835647583007812e+00
9.997044801712036133e-01
2.816504478454589844e+00
5.085889697074890137e-01
8.332098126411437988e-01
3.071817159652709961e+00
2.127005338668823242e+00
3.769146680831909180e+00
3.658988952636718750e+00
4.815732479095458984e+00
3.205429792404174805e+00
2.779398679733276367e+00
9.086263775825500488e-01
1.570006847381591797e+00
4.189449787139892578e+00
2.279457807540893555e+00
5.256513118743896484e+00
1.251716017723083496e+00
2.711278676986694336e+00
2.242559432983398438e+00
3.012057065963745117e+00
2.864606618881225586e+00
4.151528835296630859e+00
9.027762413024902344e+00
8.553264737129211426e-01
3.265263795852661133e+00
2.311870574951171875e+00
1.918146371841430664e+00
4.298175334930419922e+00
2.046625137329101562e+00
3.527523756027221680e+00
4.234796047210693359e+00
4.559032917022705078e+00
6.957331180572509766e+00
6.946589946746826172e+00
2.771899938583374023e+00
3.200539827346801758e+00
2.428778648376464844e+00
3.951054334640502930e+00
1.270486235618591309e+00
3.276403188705444336e+00
1.983396887779235840e+00
3.433789491653442383e+00
4.097315788269042969e+00
3.477379560470581055e+00
3.368673324584960938e+00
5.243713855743408203e+00
2.625026464462280273e+00
5.559973716735839844e+00
3.194775819778442383e+00
2.488772630691528320e+00
1.183742880821228027e+00
4.855336189270019531e+00
5.379765987396240234e+00
3.649850606918334961e+00
4.700925827026367188e+00
1.429607629776000977e+00
3.773617267608642578e+00
2.863833904266357422e+00
6.693640232086181641e+00
4.107381343841552734e+00
2.607373476028442383e+00
2.690545797348022461e+00
2.090448856353759766e+00
1.666211128234863281e+00
4.993651866912841797e+00
1.151563644409179688e+00
2.719865798950195312e+00
4.374940395355224609e+00
2.721621513366699219e+00
3.311759233474731445e+00
3.165744543075561523e+00
4.495504856109619141e+00
3.738852739334106445e+00
2.642746925354003906e+00
3.131991147994995117e+00
3.849291324615478516e+00
1.501652240753173828e+00
2.863712549209594727e+00
2.520105123519897461e+00
2.793181180953979492e+00
1.452059626579284668e+00
1.947010040283203125e+00
1.948077201843261719e+00
4.938453197479248047e+00
2.478456735610961914e+00
3.857486724853515625e+00
3.533087491989135742e+00
4.190843105316162109e+00
4.083832740783691406e+00
5.518416762351989746e-01
5.604602813720703125e+00
4.618848323822021484e+00
2.864005804061889648e+00
6.013246536254882812e+00
2.809299945831298828e+00
3.108949899673461914e+00
2.062894582748413086e+00
3.750942945480346680e+00
1.703440666198730469e+00
3.172299146652221680e+00
3.670351743698120117e+00
4.003711223602294922e+00
3.185041427612304688e+00
8.707928657531738281e+00
4.698468685150146484e+00
5.558388233184814453e+00
3.715809583663940430e+00
1.923136591911315918e+00
6.396296024322509766e+00
6.957099437713623047e+00
7.161621451377868652e-01
4.171004772186279297e+00
1.845486044883728027e+00
2.823179960250854492e+00
3.477358579635620117e+00
2.408607959747314453e+00
2.898513317108154297e+00
3.088230371475219727e+00
1.480724215507507324e+00
6.122509002685546875e+00
7.165071964263916016e+00
5.811018466949462891e+00
3.104500293731689453e+00
3.622309923171997070e+00
2.492686271667480469e+00
1.998315095901489258e+00
5.789729595184326172e+00
7.225498199462890625e+00
8.995968103408813477e-01
2.909325838088989258e+00
3.951433181762695312e+00
1.964910387992858887e+00
6.626773357391357422e+00
3.234666585922241211e+00
2.754611730575561523e+00
1.848278880119323730e+00
3.754807710647583008e+00
4.115324974060058594e+00
4.446924209594726562e+00
1.789240121841430664e+00
2.487758159637451172e+00
3.775382757186889648e+00
6.725851893424987793e-01
1.369764924049377441e+00
3.868034362792968750e+00
2.970358610153198242e+00
2.826573133468627930e+00
3.414430618286132812e+00
4.769290924072265625e+00
3.469377279281616211e+00
2.242994546890258789e+00
1.990784049034118652e+00
3.260377645492553711e+00
6.123669624328613281e+00
1.488315939903259277e+00
2.582536220550537109e+00
5.249534130096435547e+00
1.305416464805603027e+00
3.807702302932739258e+00
2.613798856735229492e+00
1.694866061210632324e+00
