4.436251163482666016e+00
4.147395610809326172e+00
2.937709569931030273e+00
1.796740770339965820e+00
4.434371471405029297e+00
3.206945419311523438e+00
2.534704923629760742e+00
2.372982501983642578e+00
4.498582363128662109e+00
3.741406679153442383e+00
3.321201086044311523e+00
4.757927894592285156e+00
4.161741256713867188e+00
4.419571876525878906e+00
3.048239946365356445e+00
2.393594503402709961e+00
6.811831593513488770e-01
5.522774696350097656e+00
1.017425775527954102e+00
4.257583141326904297e+00
2.584219694137573242e+00
6.554189205169677734e+00
1.684987902641296387e+00
1.595939874649047852e+00
4.339597225189208984e+00
4.588513374328613281e+00
2.136979579925537109e+00
1.173722982406616211e+00
7.358148097991943359e+00
1.399453997611999512e+00
3.423916339874267578e+00
2.527709722518920898e+00
5.491976737976074219e+00
7.667697906494140625e+00
5.747972488403320312e+00
4.701957225799560547e+00
9.240184783935546875e+00
2.600808739662170410e-01
3.424997091293334961e+00
1.805998444557189941e+00
3.286525011062622070e+00
5.014924526214599609e+00
1.442603588104248047e+00
3.206402301788330078e+00
1.934382438659667969e+00
3.225539922714233398e+00
1.104702830314636230e+00
1.581649303436279297e+00
2.226006031036376953e+00
3.497127532958984375e+00
4.073141098022460938e+00
4.358701705932617188e+00
3.567002058029174805e+00
5.342982769012451172e+00
5.296669483184814453e+00
4.694036960601806641e+00
1.649498939514160156e+00
3.616787672042846680e+00
4.858027935028076172e+00
4.545808315277099609e+00
4.648198127746582031e+00
4.219436168670654297e+00
4.336942195892333984e+00
3.345829486846923828e+00
2.997148513793945312e+00
7.480679988861083984e+00
2.393250465393066406e+00
5.432647228240966797e+00
2.060050010681152344e+00
2.773398637771606445e+00
2.020364761352539062e+00
1.838714599609375000e+00
5.708899974822998047e+00
2.434762716293334961e+00
2.941182851791381836e+00
1.523790121078491211e+00
2.299488544464111328e+00
5.871467113494873047e+00
2.694781541824340820e+00
1.080723404884338379e+00
4.378882884979248047e+00
2.456382036209106445e+00
3.405970096588134766e+00
1.934134483337402344e+00
3.879735708236694336e+00
5.630879402160644531e+00
3.790572404861450195e+00
2.346870899200439453e+00
3.389338016510009766e+00
4.898719787597656250e+00
3.733604431152343750e+00
9.630122184753417969e-01
1.952434182167053223e+00
5.235173702239990234e+00
4.555662631988525391e+00
3.922802686691284180e+00
3.035452842712402344e+00
3.279230117797851562e+00
5.713046550750732422e+00
4.355067253112792969e+00
3.207881689071655273e+00
3.021714925765991211e+00
3.856790304183959961e+00
5.859345912933349609e+00
3.632180929183959961e+00
4.821623802185058594e+00
3.642635345458984375e+00
2.949213981628417969e+00
6.240772724151611328e+00
3.506521224975585938e+00
3.096853971481323242e+00
2.474920034408569336e+00
6.633851528167724609e+00
9.503055810928344727e-01
2.527254819869995117e+00
4.119890689849853516e+00
3.952777147293090820e+00
1.122377291321754456e-01
6.468097686767578125e+00
3.551781892776489258e+00
1.552728891372680664e+00
5.131923198699951172e+00
3.121563911437988281e+00
4.675725460052490234e+00
2.087360382080078125e+00
4.135006427764892578e+00
5.079761028289794922e+00
3.067778348922729492e+00
2.803376674652099609e+00
3.149124383926391602e+00
1.290684342384338379e+00
5.785945892333984375e+00
4.009200572967529297e+00
2.869194984436035156e+00
4.386263370513916016e+00
5.659584403038024902e-01
4.027162075042724609e+00
1.121988892555236816e+00
9.226980209350585938e-01
1.784925103187561035e+00
5.248493194580078125e+00
3.417109012603759766e+00
5.464852809906005859e+00
6.016084671020507812e+00
1.790619492530822754e+00
2.689968347549438477e+00
2.072950601577758789e+00
5.974026203155517578e+00
9.697410464286804199e-01
2.393759012222290039e+00
4.050642490386962891e+00
5.853429794311523438e+00
2.718284845352172852e+00
3.874011993408203125e+00
4.173059463500976562e+00
2.041434764862060547e+00
2.118235349655151367e+00
3.159823179244995117e+00
2.930014371871948242e+00
2.529857397079467773e+00
5.573085308074951172e+00
1.499214529991149902e+00
3.676475524902343750e+00
2.523432493209838867e+00
4.059642791748046875e+00
2.240561962127685547e+00
1.294430255889892578e+00
4.304438591003417969e+00
3.304689168930053711e+00
1.207630038261413574e+00
1.900945663452148438e+00
5.947581291198730469e+00
2.657332658767700195e+00
4.552731990814208984e+00
5.695194721221923828e+00
3.159308195114135742e+00
3.211481094360351562e+00
7.100481390953063965e-01
2.973097324371337891e+00
2.640359640121459961e+00
2.669643878936767578e+00
1.980967164039611816e+00
5.622968196868896484e+00
4.305871486663818359e+00
3.947524785995483398e+00
4.188283443450927734e+00
1.089507460594177246e+00
2.826742410659790039e+00
2.948290109634399414e+00
3.804419040679931641e+00
1.163512945175170898e+00
4.095969676971435547e+00
2.600063323974609375e+00
1.090794324874877930e+00
2.572923660278320312e+00
2.415614843368530273e+00
3.247096776962280273e+00
3.427426099777221680e+00
3.266548633575439453e+00
1.010098457336425781e+00
8.722600340843200684e-01
9.635891914367675781e-01
4.057744503021240234e+00
8.209864497184753418e-01
2.326525449752807617e+00
3.485563039779663086e+00
1.458764314651489258e+00
6.889399051666259766e+00
5.884554862976074219e+00
6.098142266273498535e-01
4.317377567291259766e+00
1.723252892494201660e+00
1.686081290245056152e+00
1.539069533348083496e+00
2.286532163619995117e+00
4.523145198822021484e+00
2.545026540756225586e+00
3.479589223861694336e+00
3.979462385177612305e+00
2.912293076515197754e-01
1.510716557502746582e+00
2.730954408645629883e+00
2.759873390197753906e+00
4.744154930114746094e+00
1.252561450004577637e+00
4.763074874877929688e+00
3.966468811035156250e+00
2.558477401733398438e+00
5.387258052825927734e+00
3.744266271591186523e+00
4.991075515747070312e+00
5.473450660705566406e+00
2.720457792282104492e+00
5.166106224060058594e+00
2.203931808471679688e+00
3.805344104766845703e+00
4.655585765838623047e+00
3.837673187255859375e+00
4.202481746673583984e+00
4.468242168426513672e+00
3.002597332000732422e+00
3.381697893142700195e+00
7.282762050628662109e+00
3.540548086166381836e+00
3.629918813705444336e+00
6.670615077018737793e-01
2.796728610992431641e+00
2.948261976242065430e+00
1.127667546272277832e+00
3.546239137649536133e+00
2.425243377685546875e+00
2.847430944442749023e+00
2.915790319442749023e+00
2.890110492706298828e+00
4.202995300292968750e+00
2.795113325119018555e+00
2.226238965988159180e+00
2.295084953308105469e+00
2.995864391326904297e+00
4.390533566474914551e-01
2.494091749191284180e+00
1.730408906936645508e+00
4.764943599700927734e+00
2.945209264755249023e+00
6.021581888198852539e-01
9.776722788810729980e-01
3.638585805892944336e+00
3.344412326812744141e+00
4.806092262268066406e+00
3.671949863433837891e+00
2.935952901840209961e+00
1.828767657279968262e+00
2.405065536499023438e+00
2.869030475616455078e+00
4.142643928527832031e+00
6.914035797119140625e+00
3.361675024032592773e+00
3.655519485473632812e+00
2.337370157241821289e+00
2.502063751220703125e+00
1.905304789543151855e+00
6.361771583557128906e+00
3.440315961837768555e+00
3.955224990844726562e+00
2.411705255508422852e+00
2.364797592163085938e+00
5.004010200500488281e+00
2.748588562011718750e+00
1.718967795372009277e+00
4.204843997955322266e+00
2.891438007354736328e+00
4.759734153747558594e+00
9.675453305244445801e-01
1.914852023124694824e+00
4.328625202178955078e+00
5.686040401458740234e+00
2.164376020431518555e+00
3.332200288772583008e+00
3.531718015670776367e+00
2.203250169754028320e+00
2.282656908035278320e+00
1.010521888732910156e+00
1.197316527366638184e+00
2.783451557159423828e+00
1.259341597557067871e+00
3.081395864486694336e+00
5.075469493865966797e+00
2.537434816360473633e+00
2.761153221130371094e+00
3.880983114242553711e+00
4.559714794158935547e+00
3.867090940475463867e+00
3.574680089950561523e+00
2.999134540557861328e+00
1.324848413467407227e+00
2.257986307144165039e+00
3.537004947662353516e+00
3.051890134811401367e+00
2.377255678176879883e+00
1.199458003044128418e+00
5.459844112396240234e+00
2.445382833480834961e+00
5.181568622589111328e+00
2.805687665939331055e+00
2.630791425704956055e+00
4.665552139282226562e+00
1.586385607719421387e+00
5.705311298370361328e+00
3.731470584869384766e+00
2.640829324722290039e+00
1.194091677665710449e+00
4.206258773803710938e+00
3.306047201156616211e+00
1.891553163528442383e+00
4.230186462402343750e+00
3.170984983444213867e+00
4.010345458984375000e+00
4.920364856719970703e+00
2.374440431594848633e+00
1.631491303443908691e+00
2.472594738006591797e+00
2.463691711425781250e+00
2.762971878051757812e+00
1.329513430595397949e+00
2.134797811508178711e+00
4.227990627288818359e+00
2.099587678909301758e+00
3.355115175247192383e+00
2.435568571090698242e+00
1.285724043846130371e+00
3.946537017822265625e+00
6.668160438537597656e+00
1.270205855369567871e+00
3.290770769119262695e+00
2.346665620803833008e+00
1.282126307487487793e+00
2.656005620956420898e+00
2.809517621994018555e+00
1.525992393493652344e+00
4.221065044403076172e+00
3.333679676055908203e+00
3.119309663772583008e+00
3.326097249984741211e+00
3.255683660507202148e+00
8.905722618103027344e+00
5.703448772430419922e+00
3.625452518463134766e+00
1.161750555038452148e+00
7.809078097343444824e-01
3.999711990356445312e+00
1.297011733055114746e+00
1.219465613365173340e+00
3.290895938873291016e+00
8.909037590026855469e+00
3.665374755859375000e+00
1.796764373779296875e+00
4.416732788085937500e+00
5.235845088958740234e+00
4.207118511199951172e+00
4.757396697998046875e+00
4.861483097076416016e+00
5.603660583496093750e+00
4.440585613250732422e+00
8.522232174873352051e-01
2.294967412948608398e+00
2.820080995559692383e+00
1.878772616386413574e+00
3.698888778686523438e+00
3.941756963729858398e+00
3.169885158538818359e+00
3.426584005355834961e+00
5.338332176208496094e+00
2.103676557540893555e+00
1.816183090209960938e+00
2.130099058151245117e+00
1.673081040382385254e+00
5.233314037322998047e+00
2.363086700439453125e+00
1.576302051544189453e+00
3.082939863204956055e+00
8.338747024536132812e-01
2.920715808868408203e+00
2.276354551315307617e+00
2.315306425094604492e+00
3.418856382369995117e+00
3.210901021957397461e+00
2.703417778015136719e+00
3.286004781723022461e+00
1.202531337738037109e+00
3.854178667068481445e+00
1.516370892524719238e+00
3.094765663146972656e+00
1.133923411369323730e+00
1.840349555015563965e+00
5.604252338409423828e+00
3.061849355697631836e+00
3.265578985214233398e+00
4.334031105041503906e+00
3.845274448394775391e+00
5.190503597259521484e+00
3.097147703170776367e+00
2.946701526641845703e+00
2.219404458999633789e+00
1.102259397506713867e+00
2.942240238189697266e+00
2.331774234771728516e+00
2.678700685501098633e+00
5.013116359710693359e+00
4.941327095031738281e+00
2.759032726287841797e+00
2.607247591018676758e+00
6.096206188201904297e+00
1.201386332511901855e+00
1.521153450012207031e+00
2.527444839477539062e+00
1.692376971244812012e+00
3.970952272415161133e+00
2.794498205184936523e+00
3.138439416885375977e+00
4.327085494995117188e+00
4.522290706634521484e+00
3.129384994506835938e+00
2.174399137496948242e+00
4.040812969207763672e+00
6.481229305267333984e+00
3.983810245990753174e-01
3.543651580810546875e+00
3.754294157028198242e+00
3.129908084869384766e+00
3.459464788436889648e+00
1.878685832023620605e+00
4.638244152069091797e+00
2.289728879928588867e+00
3.566918611526489258e+00
4.404838085174560547e+00
4.467926025390625000e+00
1.230581760406494141e+00
2.647345781326293945e+00
4.570668697357177734e+00
1.340526938438415527e+00
5.069481134414672852e-01
2.617312908172607422e+00
7.272596836090087891e+00
4.451312065124511719e+00
4.298633575439453125e+00
5.816513538360595703e+00
4.435052394866943359e+00
3.618879318237304688e+00
3.146565198898315430e+00
1.753082513809204102e+00
6.803237915039062500e+00
3.412557363510131836e+00
2.763300180435180664e+00
2.315376996994018555e+00
2.648144006729125977e+00
4.835603237152099609e+00
4.031282901763916016e+00
2.928044319152832031e+00
3.713354587554931641e+00
2.083409070968627930e+00
4.747216224670410156e+00
5.108608722686767578e+00
2.958054780960083008e+00
2.738987207412719727e+00
5.759858489036560059e-01
3.509922504425048828e+00
5.402856826782226562e+00
4.163904666900634766e+00
3.617813587188720703e+00
1.037221908569335938e+00
2.101073980331420898e+00
3.337453603744506836e+00
9.929718971252441406e-01
5.359879016876220703e+00
4.559397220611572266e+00
1.708787798881530762e+00
1.011278867721557617e+00
5.638276576995849609e+00
1.488564491271972656e+00
4.924892425537109375e+00
