5.126468658447265625e+00
1.536829113960266113e+00
1.993495583534240723e+00
3.426109790802001953e+00
1.747071862220764160e+00
6.136748194694519043e-01
5.203872203826904297e+00
1.620882272720336914e+00
1.013075947761535645e+00
3.944626331329345703e+00
1.873764395713806152e+00
4.612191677093505859e+00
3.276102066040039062e+00
2.676444768905639648e+00
6.067205429077148438e+00
4.529505729675292969e+00
3.064811468124389648e+00
2.333483219146728516e+00
2.735108137130737305e+00
2.826349735260009766e+00
1.833144783973693848e+00
2.941600561141967773e+00
1.040209054946899414e+00
2.238723993301391602e+00
3.440124988555908203e+00
4.800026416778564453e+00
4.072916507720947266e+00
4.338424205780029297e+00
2.862193107604980469e+00
8.953288197517395020e-01
6.247708797454833984e+00
3.392164707183837891e+00
1.723511695861816406e+00
4.434964179992675781e+00
4.760479927062988281e+00
4.645919322967529297e+00
3.928089857101440430e+00
2.029697179794311523e+00
5.662551403045654297e+00
2.569401502609252930e+00
5.351013183593750000e+00
3.746386289596557617e+00
1.799117088317871094e+00
3.327124834060668945e+00
6.437488794326782227e-01
1.339388728141784668e+00
3.189478635787963867e+00
1.233294367790222168e+00
9.520155787467956543e-01
6.282894611358642578e+00
3.523607969284057617e+00
3.480901479721069336e+00
9.011782646179199219e+00
7.097035408020019531e+00
5.798839569091796875e+00
4.440625190734863281e+00
1.864570617675781250e+00
2.213502645492553711e+00
4.068278789520263672e+00
1.622842073440551758e+00
6.588550090789794922e+00
4.935317039489746094e+00
2.380016088485717773e+00
3.834148168563842773e+00
2.938388824462890625e+00
2.664445638656616211e+00
3.518674135208129883e+00
8.056995391845703125e+00
1.724948287010192871e+00
4.290909290313720703e+00
3.972427845001220703e+00
3.126392841339111328e+00
4.940179347991943359e+00
2.670584201812744141e+00
4.403517246246337891e+00
1.001659631729125977e+00
4.120383739471435547e+00
4.970211982727050781e+00
3.269420385360717773e+00
2.514654636383056641e+00
1.661037087440490723e+00
2.562989234924316406e+00
2.577058076858520508e+00
5.029948234558105469e+00
2.391059160232543945e+00
2.921535730361938477e+00
5.292507648468017578e+00
4.709622383117675781e+00
1.965230941772460938e+00
3.525270223617553711e+00
4.523409843444824219e+00
4.261460781097412109e+00
2.221973180770874023e+00
4.765125274658203125e+00
3.287230014801025391e+00
3.308194398880004883e+00
2.898190259933471680e+00
2.718238115310668945e+00
5.711529850959777832e-01
4.516506671905517578e+00
2.643981456756591797e+00
3.787245988845825195e+00
2.009666919708251953e+00
3.088749647140502930e+00
3.714677572250366211e+00
1.700131297111511230e+00
1.654319643974304199e+00
5.140370845794677734e+00
3.229971647262573242e+00
4.810957431793212891e+00
3.840513944625854492e+00
1.508314490318298340e+00
1.434905529022216797e+00
4.640129566192626953e+00
2.788672685623168945e+00
5.289276123046875000e+00
4.469119071960449219e+00
3.377200365066528320e+00
1.533548712730407715e+00
4.546020507812500000e+00
5.292232513427734375e+00
4.850506782531738281e+00
2.798019647598266602e+00
3.783224105834960938e+00
4.213651657104492188e+00
1.087861776351928711e+00
2.140945196151733398e+00
4.849673748016357422e+00
3.517723798751831055e+00
4.524666786193847656e+00
2.340113162994384766e+00
4.544429302215576172e+00
3.250132083892822266e+00
2.957010984420776367e+00
1.129574418067932129e+00
3.392648696899414062e+00
4.076853752136230469e+00
3.591013669967651367e+00
6.580325603485107422e+00
4.459893703460693359e+00
5.234003067016601562e+00
3.000057458877563477e+00
1.727570533752441406e+00
6.947882175445556641e+00
5.040884017944335938e-01
6.079630374908447266e+00
6.063041687011718750e+00
5.011826992034912109e+00
1.647431254386901855e+00
2.905198812484741211e+00
2.944319963455200195e+00
3.806014299392700195e+00
2.164180040359497070e+00
3.459269762039184570e+00
2.590851306915283203e+00
2.917017698287963867e+00
4.460896492004394531e+00
9.925438165664672852e-01
1.274850726127624512e+00
1.674562096595764160e+00
7.020350933074951172e+00
1.508037805557250977e+00
3.445887804031372070e+00
6.791856884956359863e-01
9.452639818191528320e-01
4.684844970703125000e+00
4.888519763946533203e+00
5.875718116760253906e+00
2.435265541076660156e+00
6.580376625061035156e+00
2.856871843338012695e+00
6.422416567802429199e-01
3.927017688751220703e+00
3.942261934280395508e+00
6.737653017044067383e-01
3.398686170578002930e+00
3.385431766510009766e+00
4.384454190731048584e-01
3.822154760360717773e+00
3.281147003173828125e+00
2.001043796539306641e+00
4.578613281250000000e+00
1.227238655090332031e+00
2.708034276962280273e+00
1.790978312492370605e+00
3.614128828048706055e+00
2.829404115676879883e+00
4.381844997406005859e+00
5.058688640594482422e+00
5.696656227111816406e+00
5.893532276153564453e+00
2.284953832626342773e+00
5.155452251434326172e+00
2.432899236679077148e+00
2.113184452056884766e+00
5.529441356658935547e+00
5.994182109832763672e+00
3.944589376449584961e+00
3.159172773361206055e+00
3.764012575149536133e+00
2.850495338439941406e+00
3.341612339019775391e+00
3.313564062118530273e+00
3.360701799392700195e+00
2.727846622467041016e+00
6.831968784332275391e+00
4.514096736907958984e+00
4.100345134735107422e+00
3.141845703125000000e+00
4.228508949279785156e+00
2.272477149963378906e+00
1.156932353973388672e+00
4.781083583831787109e+00
2.840361833572387695e+00
8.226622939109802246e-01
1.790127635002136230e+00
5.013303756713867188e+00
2.631475448608398438e+00
3.942979574203491211e+00
2.050806760787963867e+00
4.440579414367675781e+00
4.417013168334960938e+00
4.252522945404052734e+00
2.864998102188110352e+00
4.978811740875244141e-01
4.098315715789794922e+00
2.898093223571777344e+00
4.365897655487060547e+00
3.612013578414916992e+00
5.670165538787841797e+00
4.581660270690917969e+00
2.600785970687866211e+00
1.784638404846191406e+00
1.622615098953247070e+00
2.418498277664184570e+00
3.211539030075073242e+00
4.667138099670410156e+00
1.976269125938415527e+00
1.439010024070739746e+00
2.850111007690429688e+00
2.147516727447509766e+00
2.347481966018676758e+00
4.083854198455810547e+00
3.601224184036254883e+00
1.789198160171508789e+00
3.500943899154663086e+00
4.977694034576416016e+00
3.619399785995483398e+00
3.717279195785522461e+00
1.759673476219177246e+00
1.575806975364685059e+00
3.530129194259643555e+00
1.535015583038330078e+00
5.249625205993652344e+00
2.733827352523803711e+00
8.769614100456237793e-01
2.066828489303588867e+00
6.286643743515014648e-01
4.017268657684326172e+00
4.505234718322753906e+00
5.595157623291015625e+00
4.367396354675292969e+00
6.015180110931396484e+00
2.863556385040283203e+00
5.549235820770263672e+00
2.460957527160644531e+00
3.622210741043090820e+00
2.212464094161987305e+00
8.083054542541503906e+00
2.444882631301879883e+00
3.666464567184448242e+00
5.648633003234863281e+00
4.889743804931640625e+00
5.319167613983154297e+00
4.603577613830566406e+00
2.469253301620483398e+00
4.717714786529541016e+00
3.068064451217651367e+00
1.747815489768981934e+00
1.588995337486267090e+00
4.847493648529052734e+00
3.308525800704956055e+00
1.748015761375427246e+00
3.254301786422729492e+00
5.559570312500000000e+00
2.885664463043212891e+00
3.466476202011108398e+00
2.957524538040161133e+00
4.289570808410644531e+00
4.116544246673583984e+00
7.612754344940185547e+00
2.525506973266601562e+00
4.722223758697509766e+00
2.404309034347534180e+00
5.319467067718505859e+00
2.353249073028564453e+00
3.368106603622436523e+00
6.484301090240478516e+00
3.534184217453002930e+00
6.299220561981201172e+00
3.751812696456909180e+00
2.137057065963745117e+00
3.302006244659423828e+00
3.042720556259155273e+00
3.726333618164062500e+00
4.863332271575927734e+00
4.678274154663085938e+00
2.995493173599243164e+00
1.972997307777404785e+00
3.568173170089721680e+00
3.009658813476562500e+00
1.182974100112915039e+00
3.961226701736450195e+00
4.656302452087402344e+00
4.216501712799072266e+00
4.763858318328857422e+00
4.476648807525634766e+00
3.101423740386962891e+00
1.457607626914978027e+00
1.141405344009399414e+00
4.542189121246337891e+00
1.197009921073913574e+00
5.069531917572021484e+00
4.818322658538818359e+00
4.702142238616943359e+00
2.302394628524780273e+00
4.036988258361816406e+00
5.371195316314697266e+00
3.917270421981811523e+00
5.898650646209716797e+00
2.083071708679199219e+00
3.090800046920776367e+00
1.841348290443420410e+00
4.743105411529541016e+00
6.084334850311279297e+00
2.564797401428222656e+00
4.001883029937744141e+00
3.126751899719238281e+00
1.593017816543579102e+00
1.823567390441894531e+00
4.340818881988525391e+00
1.630418419837951660e+00
3.677777051925659180e+00
5.274730205535888672e+00
2.487146615982055664e+00
5.977698802947998047e+00
1.542391777038574219e+00
3.799410343170166016e+00
3.805295944213867188e+00
3.029721975326538086e+00
4.806370258331298828e+00
6.564210414886474609e+00
3.919802427291870117e+00
2.976776838302612305e+00
1.161453247070312500e+00
2.384725570678710938e+00
2.899039506912231445e+00
5.483231544494628906e+00
2.376146078109741211e+00
4.288588047027587891e+00
2.979382753372192383e+00
4.854596614837646484e+00
3.813604354858398438e+00
1.833970308303833008e+00
3.049859762191772461e+00
4.663719654083251953e+00
1.881831169128417969e+00
2.602369070053100586e+00
1.119922995567321777e+00
2.328654527664184570e-01
4.755849838256835938e+00
5.305088520050048828e+00
5.569894313812255859e+00
3.150065422058105469e+00
2.605222702026367188e+00
6.555610656738281250e+00
2.846106529235839844e+00
2.808802604675292969e+00
2.663131237030029297e+00
2.494920730590820312e+00
1.281498312950134277e+00
3.633127927780151367e+00
4.054612636566162109e+00
2.354419708251953125e+00
3.847772359848022461e+00
3.043610811233520508e+00
1.893739700317382812e+00
3.194719791412353516e+00
1.340186595916748047e+00
3.378633975982666016e+00
4.963620603084564209e-01
2.606842756271362305e+00
2.204228162765502930e+00
1.979820609092712402e+00
1.603473901748657227e+00
3.087395191192626953e+00
4.757654666900634766e+00
6.567555069923400879e-01
1.268799662590026855e+00
5.191243648529052734e+00
5.045452117919921875e+00
4.611977100372314453e+00
5.225215435028076172e+00
1.794432640075683594e+00
2.343897581100463867e+00
5.324116230010986328e+00
3.308079481124877930e+00
3.464628219604492188e+00
4.542679309844970703e+00
3.498709917068481445e+00
3.120435237884521484e+00
3.270809173583984375e+00
2.743169307708740234e+00
4.469562530517578125e+00
3.461535692214965820e+00
2.299663543701171875e+00
3.792417526245117188e+00
4.174699306488037109e+00
2.656574010848999023e+00
4.118098258972167969e+00
2.611389636993408203e+00
5.292851924896240234e-01
3.750163316726684570e+00
4.954511165618896484e+00
1.488277077674865723e+00
1.950029253959655762e+00
3.498907804489135742e+00
5.294272899627685547e+00
2.973956584930419922e+00
5.196088314056396484e+00
3.108074665069580078e+00
4.258595407009124756e-01
5.641507625579833984e+00
2.554525136947631836e+00
8.553379058837890625e+00
1.881369590759277344e+00
4.599204540252685547e+00
3.495789289474487305e+00
3.170267581939697266e+00
3.389158964157104492e+00
1.083406209945678711e+00
2.102093219757080078e+00
5.362674236297607422e+00
3.307476520538330078e+00
1.490771174430847168e+00
4.079066276550292969e+00
5.516794204711914062e+00
2.732689619064331055e+00
1.292385220527648926e+00
3.667732954025268555e+00
3.104266881942749023e+00
5.405819416046142578e+00
2.362458229064941406e+00
4.567260742187500000e+00
2.561986446380615234e+00
2.269381761550903320e+00
1.753008246421813965e+00
8.572115302085876465e-01
1.044178009033203125e+00
5.149370670318603516e+00
4.261762142181396484e+00
4.952255725860595703e+00
3.917427778244018555e+00
2.948052644729614258e+00
3.691005706787109375e+00
5.397832393646240234e+00
5.170062541961669922e+00
3.748070478439331055e+00
4.000290870666503906e+00
3.106063127517700195e+00
4.278312206268310547e+00
2.685212850570678711e+00
7.484063625335693359e+00
4.606904506683349609e+00
1.951666474342346191e+00
2.378146886825561523e+00
3.627630710601806641e+00
1.648871660232543945e+00
3.272021532058715820e+00
5.373744964599609375e+00
5.259373188018798828e+00
3.493630170822143555e+00
2.983257055282592773e+00
2.833339214324951172e+00
3.036642074584960938e+00
2.896422147750854492e+00
5.158485889434814453e+00
1.772381067276000977e+00
5.425475597381591797e+00
1.755958437919616699e+00
3.501669645309448242e+00
2.514568328857421875e+00
4.888480663299560547e+00
2.073594331741333008e+00
3.732557058334350586e+00
4.830916881561279297e+00
3.078268289566040039e+00
3.891347169876098633e+00
3.759140491485595703e+00
4.079489707946777344e+00
