4.026261806488037109e+00
5.048168659210205078e+00
1.914188027381896973e+00
2.934226989746093750e+00
4.329095363616943359e+00
3.777564287185668945e+00
5.795044898986816406e+00
4.212959289550781250e+00
1.859857439994812012e+00
4.809547901153564453e+00
1.141785979270935059e+00
4.389625549316406250e+00
2.609011888504028320e+00
5.908256053924560547e+00
8.383691906929016113e-01
2.442688465118408203e+00
5.807589292526245117e-01
2.387885808944702148e+00
5.409447669982910156e+00
2.503141164779663086e+00
1.841015815734863281e+00
3.458351612091064453e+00
1.860740303993225098e+00
5.313456058502197266e+00
3.916431427001953125e+00
3.947200059890747070e+00
4.311013221740722656e+00
5.646886348724365234e+00
1.889387130737304688e+00
5.474439144134521484e+00
3.677951574325561523e+00
5.857314586639404297e+00
1.198284149169921875e+00
1.466676592826843262e+00
1.107541441917419434e+00
3.319370746612548828e+00
6.233078002929687500e+00
3.494857072830200195e+00
2.975100517272949219e+00
1.063547611236572266e+00
2.683828830718994141e+00
2.381341934204101562e+00
3.864139556884765625e+00
2.724595546722412109e+00
4.475935459136962891e+00
2.464722633361816406e+00
5.757552623748779297e+00
5.877409934997558594e+00
2.604607582092285156e+00
7.484101653099060059e-01
4.119413375854492188e+00
1.893925905227661133e+00
1.889040589332580566e+00
4.973737239837646484e+00
2.144982099533081055e+00
3.633900403976440430e+00
1.462070107460021973e+00
2.013851881027221680e+00
2.880671977996826172e+00
1.691364526748657227e+00
5.648153305053710938e+00
1.051719188690185547e+00
3.687117338180541992e+00
2.401916027069091797e+00
7.045239925384521484e+00
2.979699850082397461e+00
2.903630018234252930e+00
3.916936874389648438e+00
4.339763164520263672e+00
3.142501592636108398e+00
3.800725221633911133e+00
3.121752262115478516e+00
4.840610504150390625e+00
3.259302854537963867e+00
1.575495600700378418e+00
4.140134811401367188e+00
4.550042629241943359e+00
3.583273410797119141e+00
2.557846307754516602e+00
3.678361892700195312e+00
2.558669805526733398e+00
1.161030173301696777e+00
2.447554349899291992e+00
1.818064570426940918e+00
7.297245264053344727e-01
4.955867290496826172e+00
3.214508533477783203e+00
3.961160659790039062e+00
5.264210700988769531e+00
1.091959357261657715e+00
2.793636798858642578e+00
2.425009250640869141e+00
3.672971487045288086e+00
3.391175985336303711e+00
3.241991043090820312e+00
8.533806800842285156e-01
3.991953611373901367e+00
2.750620841979980469e+00
3.681907057762145996e-01
4.704404830932617188e+00
4.350769519805908203e+00
5.385593891143798828e+00
4.263319492340087891e+00
6.939451694488525391e+00
2.010286092758178711e+00
2.117635488510131836e+00
3.520313978195190430e+00
3.633360385894775391e+00
4.650468349456787109e+00
1.377593398094177246e+00
3.040339231491088867e+00
2.549009561538696289e+00
2.292135715484619141e+00
2.965032339096069336e+00
4.107055187225341797e+00
1.116935491561889648e+00
6.315132975578308105e-01
4.924964427947998047e+00
5.146320343017578125e+00
2.733550786972045898e+00
2.896536350250244141e+00
1.907833099365234375e+00
3.532745838165283203e+00
4.659068584442138672e+00
5.278607845306396484e+00
1.243137717247009277e+00
8.256952166557312012e-01
3.753766298294067383e+00
4.587804317474365234e+00
2.666020393371582031e+00
3.183954000473022461e+00
3.609840154647827148e+00
3.218097686767578125e+00
5.092358589172363281e+00
3.266902685165405273e+00
3.921110153198242188e+00
1.929771065711975098e+00
3.894101381301879883e+00
9.194027781486511230e-01
6.951127052307128906e+00
5.074479579925537109e+00
2.595556259155273438e+00
2.836181163787841797e+00
3.461639881134033203e+00
1.925715327262878418e+00
2.702620983123779297e+00
3.547269105911254883e+00
1.691648840904235840e+00
2.854699373245239258e+00
3.769274950027465820e+00
2.272169828414916992e+00
9.515423178672790527e-01
3.565038442611694336e+00
2.309986591339111328e+00
2.648175239562988281e+00
3.748944997787475586e+00
5.901026725769042969e-01
2.900734901428222656e+00
3.177931070327758789e+00
3.536379337310791016e+00
2.025705099105834961e+00
2.574644804000854492e+00
4.627004146575927734e+00
4.359961032867431641e+00
5.527091503143310547e+00
5.253264427185058594e+00
1.105188274383544922e+01
3.889375448226928711e+00
7.795185089111328125e+00
1.193944454193115234e+00
2.586691617965698242e+00
6.174267292022705078e+00
1.031885743141174316e+00
2.743031263351440430e+00
5.214808464050292969e+00
3.212064027786254883e+00
2.692745208740234375e+00
2.690241098403930664e+00
3.742412328720092773e+00
3.809029817581176758e+00
2.687870025634765625e+00
1.496533751487731934e+00
4.867021083831787109e+00
2.235095977783203125e+00
3.202994108200073242e+00
3.189615011215209961e+00
5.414982795715332031e+00
3.817923307418823242e+00
2.865810155868530273e+00
2.320662260055541992e+00
1.926335930824279785e+00
3.042204856872558594e+00
6.651157736778259277e-01
4.156144142150878906e+00
2.398215532302856445e+00
2.371748685836791992e+00
2.482142210006713867e+00
1.561038136482238770e+00
1.145265698432922363e+00
3.654077291488647461e+00
3.184324979782104492e+00
2.689437627792358398e+00
2.777168273925781250e+00
5.838721752166748047e+00
3.421048879623413086e+00
5.714540958404541016e+00
5.132515430450439453e+00
4.285324096679687500e+00
2.941861391067504883e+00
1.401330590248107910e+00
1.866189956665039062e+00
4.141122817993164062e+00
2.384060144424438477e+00
5.698537349700927734e+00
4.516915321350097656e+00
7.976623177528381348e-01
5.621241092681884766e+00
4.944551944732666016e+00
1.263463854789733887e+00
4.608184337615966797e+00
4.286639213562011719e+00
5.380512237548828125e+00
3.622881650924682617e+00
1.249496102333068848e+00
2.851843118667602539e+00
3.191669225692749023e+00
4.391606807708740234e+00
4.464410305023193359e+00
4.316678524017333984e+00
1.295534729957580566e+00
4.719871044158935547e+00
2.882874488830566406e+00
2.345934391021728516e+00
6.671252727508544922e+00
2.659934520721435547e+00
4.050231456756591797e+00
5.017726421356201172e+00
3.349568605422973633e+00
2.285241365432739258e+00
6.059164524078369141e+00
2.734611988067626953e+00
4.055621623992919922e+00
3.730692625045776367e+00
1.540638923645019531e+00
4.801399707794189453e+00
2.670040130615234375e+00
2.182685613632202148e+00
4.418090820312500000e+00
3.724913835525512695e+00
5.210608959197998047e+00
5.523758530616760254e-01
3.957184553146362305e+00
2.507901430130004883e+00
4.144179821014404297e+00
3.126314163208007812e+00
7.669789791107177734e+00
1.619542717933654785e+00
1.383089423179626465e+00
4.431236267089843750e+00
2.649677991867065430e+00
3.221493959426879883e+00
2.367652654647827148e+00
6.459454536437988281e+00
6.293808460235595703e+00
3.897866010665893555e+00
6.076055049896240234e+00
4.154108524322509766e+00
2.523890018463134766e+00
2.721781015396118164e+00
4.863211154937744141e+00
7.159099578857421875e-01
3.250930786132812500e+00
2.229577541351318359e+00
6.678431987762451172e+00
5.100545406341552734e+00
1.857103705406188965e+00
2.483651399612426758e+00
4.083339691162109375e+00
1.665948510169982910e+00
2.662999629974365234e+00
3.161302566528320312e+00
3.031857252120971680e+00
2.765992641448974609e+00
3.922599792480468750e+00
2.490167379379272461e+00
2.618123054504394531e+00
3.197642564773559570e+00
3.341132879257202148e+00
4.046467781066894531e+00
1.267526626586914062e+00
3.388535261154174805e+00
6.108768463134765625e+00
4.931735992431640625e+00
3.682688474655151367e+00
6.164226531982421875e-01
4.017064094543457031e+00
6.889074802398681641e+00
2.807523012161254883e+00
8.256922721862792969e+00
3.963018417358398438e+00
5.262397289276123047e+00
3.670394897460937500e+00
4.585931301116943359e+00
3.700645923614501953e+00
5.196391582489013672e+00
1.329125761985778809e+00
2.691055297851562500e+00
6.138251781463623047e+00
1.355266213417053223e+00
2.735570669174194336e+00
2.743715047836303711e+00
6.332195758819580078e+00
2.163571596145629883e+00
3.943316221237182617e+00
4.072411537170410156e+00
4.523971080780029297e+00
2.436064481735229492e+00
2.140365123748779297e+00
2.604631185531616211e+00
2.410391330718994141e+00
2.071099281311035156e+00
3.534742355346679688e+00
1.704104065895080566e+00
4.784990787506103516e+00
2.595132589340209961e+00
4.671338081359863281e+00
3.029513120651245117e+00
5.065396785736083984e+00
1.780759692192077637e+00
4.999537467956542969e+00
3.291220188140869141e+00
4.236808300018310547e+00
2.711330890655517578e+00
2.119886875152587891e+00
7.044774055480957031e+00
2.135624170303344727e+00
5.446317195892333984e+00
1.701529502868652344e+00
4.535303592681884766e+00
4.477194309234619141e+00
2.789760828018188477e+00
4.541896820068359375e+00
6.838824152946472168e-01
6.394973278045654297e+00
4.288822174072265625e+00
2.468683481216430664e+00
2.302588224411010742e+00
2.533854246139526367e+00
2.248329162597656250e+00
1.326258182525634766e+00
2.501498699188232422e+00
2.272284984588623047e+00
5.260444164276123047e+00
1.480982303619384766e+00
1.398765444755554199e+00
2.320014953613281250e+00
2.384978771209716797e+00
2.962003469467163086e+00
1.638626694679260254e+00
4.905730724334716797e+00
3.487292051315307617e+00
3.029497861862182617e+00
3.198657989501953125e+00
5.404092311859130859e+00
3.224742889404296875e+00
5.497806549072265625e+00
5.743170261383056641e+00
5.535433769226074219e+00
3.774380922317504883e+00
1.936217665672302246e+00
6.555638790130615234e+00
4.398984432220458984e+00
4.451562404632568359e+00
5.430327415466308594e+00
3.956008672714233398e+00
5.775588035583496094e+00
4.117465496063232422e+00
2.647187471389770508e+00
3.994684219360351562e+00
2.309378862380981445e+00
4.591882228851318359e+00
3.774478912353515625e+00
2.611449480056762695e+00
3.139858722686767578e+00
1.550704836845397949e+00
1.863464713096618652e+00
4.407485961914062500e+00
5.329355239868164062e+00
5.331831455230712891e+00
4.159930706024169922e+00
3.965061664581298828e+00
1.437753558158874512e+00
3.251106023788452148e+00
4.514402389526367188e+00
3.312241792678833008e+00
5.186718463897705078e+00
2.282810688018798828e+00
1.631561636924743652e+00
3.279864549636840820e+00
5.494572639465332031e+00
3.311908721923828125e+00
2.452841043472290039e+00
1.531214833259582520e+00
4.127825260162353516e+00
2.145994901657104492e+00
5.154775142669677734e+00
3.381164550781250000e+00
6.116755008697509766e+00
4.055651128292083740e-01
3.806523561477661133e+00
4.998296737670898438e+00
1.895270228385925293e+00
4.076218605041503906e+00
8.067626953125000000e-01
6.921800136566162109e+00
5.187041759490966797e+00
2.997184514999389648e+00
3.372068166732788086e+00
1.415966987609863281e+00
6.802900433540344238e-01
2.792370557785034180e+00
2.197106599807739258e+00
3.752603530883789062e+00
5.487357974052429199e-01
3.295222043991088867e+00
4.777372837066650391e+00
4.527688503265380859e+00
2.138375759124755859e+00
2.087274312973022461e+00
3.518165588378906250e+00
5.079142093658447266e+00
2.466971635818481445e+00
2.085457086563110352e+00
4.301909923553466797e+00
4.825005054473876953e+00
4.553292274475097656e+00
4.033827304840087891e+00
7.934654355049133301e-01
8.258686065673828125e-01
4.166646957397460938e+00
5.709290027618408203e+00
4.949623107910156250e+00
3.216248750686645508e+00
2.005656242370605469e+00
2.712470293045043945e+00
2.844590187072753906e+00
2.536183357238769531e+00
2.941502571105957031e+00
2.350290060043334961e+00
2.125193357467651367e+00
1.200899839401245117e+00
1.110430598258972168e+00
3.989949464797973633e+00
5.885938644409179688e+00
6.737119197845458984e+00
3.857724905014038086e+00
2.467358350753784180e+00
5.263104438781738281e+00
2.478957414627075195e+00
5.412929534912109375e+00
1.445695400238037109e+00
6.674384593963623047e+00
2.588212251663208008e+00
4.162924289703369141e+00
4.479727745056152344e+00
5.354566574096679688e+00
2.002634763717651367e+00
4.384265899658203125e+00
7.836950778961181641e+00
3.087467193603515625e+00
2.204154491424560547e+00
3.155838966369628906e+00
3.215812444686889648e+00
2.798703908920288086e+00
4.105904102325439453e+00
2.001111507415771484e+00
5.168446063995361328e+00
3.723186254501342773e+00
4.053399085998535156e+00
1.791262984275817871e+00
6.343653678894042969e+00
2.864023208618164062e+00
9.133676528930664062e+00
1.590054988861083984e+00
2.623616456985473633e+00
1.003701448440551758e+00
1.011177778244018555e+00
3.432225465774536133e+00
4.160982608795166016e+00
2.556040525436401367e+00
3.607631444931030273e+00
3.590039968490600586e+00
3.841174840927124023e+00
4.273088932037353516e+00
3.689206361770629883e+00
6.189408779144287109e+00
4.076158046722412109e+00
6.827426910400390625e+00
2.796555995941162109e+00
6.521298885345458984e+00
