5.053073406219482422e+00
1.579557299613952637e+00
7.694755554199218750e+00
1.481307864189147949e+00
6.248301029205322266e+00
1.426687717437744141e+00
3.325299501419067383e+00
3.960648059844970703e+00
4.054735183715820312e+00
1.479724645614624023e+00
2.754538774490356445e+00
2.792383909225463867e+00
1.063699126243591309e+00
4.215080261230468750e+00
6.018939971923828125e+00
6.123767852783203125e+00
6.501283168792724609e+00
8.405124545097351074e-01
8.746402859687805176e-01
4.208091735839843750e+00
2.679425954818725586e+00
1.883560538291931152e+00
1.318845152854919434e+00
5.280887126922607422e+00
1.020284175872802734e+00
2.252269029617309570e+00
2.273351192474365234e+00
2.929185152053833008e+00
5.787999153137207031e+00
5.768903255462646484e+00
4.451878070831298828e+00
3.049445867538452148e+00
1.837657809257507324e+00
3.983283758163452148e+00
1.693631768226623535e+00
5.517970085144042969e+00
4.998715519905090332e-01
6.378394603729248047e+00
2.315276145935058594e+00
7.170318603515625000e+00
6.407171726226806641e+00
3.597755908966064453e+00
2.765661716461181641e+00
8.436149954795837402e-01
5.319825649261474609e+00
1.556078553199768066e+00
2.262361764907836914e+00
2.606433629989624023e+00
2.787007093429565430e+00
4.939941406250000000e+00
4.367434978485107422e+00
5.868115425109863281e+00
3.688987016677856445e+00
1.383035898208618164e+00
2.108974695205688477e+00
3.296342134475708008e+00
3.435376882553100586e+00
8.593051910400390625e+00
2.380606412887573242e+00
5.475487232208251953e+00
6.674209833145141602e-01
4.386304378509521484e+00
3.225698232650756836e+00
6.022972106933593750e+00
5.644938945770263672e+00
4.962497234344482422e+00
1.597878336906433105e+00
5.160388469696044922e+00
9.803506731986999512e-01
4.779180526733398438e+00
2.605686187744140625e+00
4.477125167846679688e+00
4.535560131072998047e+00
2.541411876678466797e+00
3.418006658554077148e+00
4.546002864837646484e+00
5.221509933471679688e+00
4.284392833709716797e+00
4.345832347869873047e+00
1.677688837051391602e+00
3.303093433380126953e+00
4.710992336273193359e+00
2.263735532760620117e+00
1.250847458839416504e+00
6.775659918785095215e-01
1.371063590049743652e+00
7.197636604309082031e+00
3.542873382568359375e+00
4.192959785461425781e+00
1.788552284240722656e+00
7.263689517974853516e+00
5.883782863616943359e+00
4.721696376800537109e-01
5.784093379974365234e+00
1.256971478462219238e+00
1.642569184303283691e+00
1.910580515861511230e+00
5.213455200195312500e+00
7.211441993713378906e+00
7.240764141082763672e+00
4.863654613494873047e+00
6.733438014984130859e+00
4.905332565307617188e+00
4.467784404754638672e+00
1.408336997032165527e+00
2.474330902099609375e+00
1.361911058425903320e+00
2.454411745071411133e+00
3.930694341659545898e+00
4.020088195800781250e+00
7.726784706115722656e+00
6.722483158111572266e+00
8.059619903564453125e+00
3.889399290084838867e+00
1.336932778358459473e+00
7.425413608551025391e+00
1.637273669242858887e+00
3.524963855743408203e+00
7.162388801574707031e+00
2.262242794036865234e+00
3.257525205612182617e+00
9.119338393211364746e-01
1.095159769058227539e+00
4.759599685668945312e+00
4.674114704132080078e+00
4.307633876800537109e+00
2.954049110412597656e+00
3.712675571441650391e+00
5.114628791809082031e+00
1.353518843650817871e+00
1.782941222190856934e+00
1.144239068031311035e+00
2.945777416229248047e+00
4.529535770416259766e+00
1.003136634826660156e+00
4.567021369934082031e+00
5.310140132904052734e+00
5.208135604858398438e+00
3.390150547027587891e+00
4.573006629943847656e+00
5.825766086578369141e+00
2.132017612457275391e+00
3.409415483474731445e+00
1.513442516326904297e+00
4.246695995330810547e+00
3.320993185043334961e+00
3.358788728713989258e+00
2.047603607177734375e+00
2.655261993408203125e+00
4.174115657806396484e+00
8.877067565917968750e-01
2.347058057785034180e+00
5.867784023284912109e+00
2.106212854385375977e+00
4.292520046234130859e+00
4.049138545989990234e+00
6.922084808349609375e+00
3.139805316925048828e+00
5.171223163604736328e+00
2.631048917770385742e+00
3.808149337768554688e+00
6.156302928924560547e+00
3.554979801177978516e+00
2.914953470230102539e+00
2.399190425872802734e+00
1.048040986061096191e+00
1.531093478202819824e+00
3.952760457992553711e+00
2.477178335189819336e+00
2.322457551956176758e+00
2.989679098129272461e+00
3.632108449935913086e+00
6.057785511016845703e+00
3.579066514968872070e+00
4.316905975341796875e+00
5.569612026214599609e+00
3.427072525024414062e+00
2.838735580444335938e+00
2.824646711349487305e+00
3.725327253341674805e+00
2.276304960250854492e+00
3.918453216552734375e+00
4.198397636413574219e+00
8.864703178405761719e+00
3.065228223800659180e+00
1.951211929321289062e+00
4.530917644500732422e+00
2.887440919876098633e+00
4.162619113922119141e+00
6.055985927581787109e+00
4.833571910858154297e+00
2.197731018066406250e+00
4.190037727355957031e+00
3.215215682983398438e+00
3.532930374145507812e+00
2.499902099370956421e-01
5.261984348297119141e+00
2.035156965255737305e+00
3.011345863342285156e+00
4.234680652618408203e+00
1.160485625267028809e+00
7.228641033172607422e+00
4.477811336517333984e+00
1.645414710044860840e+00
5.796281337738037109e+00
1.821118235588073730e+00
2.888022422790527344e+00
4.006458282470703125e+00
4.573989868164062500e+00
4.083532810211181641e+00
6.512136936187744141e+00
3.255775928497314453e+00
3.199186086654663086e+00
2.180182218551635742e+00
5.324067592620849609e+00
5.253806114196777344e-01
3.063045024871826172e+00
2.210031509399414062e+00
2.709766387939453125e+00
4.882348537445068359e+00
1.524222254753112793e+00
2.928831815719604492e+00
6.423400878906250000e+00
2.789242267608642578e+00
2.800337553024291992e+00
5.373069286346435547e+00
4.229209423065185547e+00
5.604367256164550781e+00
3.609074831008911133e+00
5.242244720458984375e+00
4.714223384857177734e+00
5.712755680084228516e+00
4.994065284729003906e+00
3.758104085922241211e+00
3.160487413406372070e+00
4.244665145874023438e+00
5.028893947601318359e+00
5.937109947204589844e+00
3.941927671432495117e+00
7.090950965881347656e+00
1.238922953605651855e+00
1.540441632270812988e+00
3.553761720657348633e+00
3.463345289230346680e+00
1.641295433044433594e+00
5.174233913421630859e+00
3.769739151000976562e+00
8.056833267211914062e+00
1.273141264915466309e+00
3.688621520996093750e+00
5.301556587219238281e+00
2.642143964767456055e+00
5.222818851470947266e+00
2.518557310104370117e+00
2.367601633071899414e+00
7.978469371795654297e+00
2.862928390502929688e+00
2.165280103683471680e+00
2.926801681518554688e+00
1.428470373153686523e+00
4.969282150268554688e-01
2.261250972747802734e+00
5.195724010467529297e+00
6.672412395477294922e+00
2.672846555709838867e+00
2.237690210342407227e+00
5.028513431549072266e+00
2.682870864868164062e+00
1.475590467453002930e+00
4.982397556304931641e+00
1.722476959228515625e+00
5.283897399902343750e+00
6.907892227172851562e-01
4.624939918518066406e+00
1.028627753257751465e+00
3.183756828308105469e+00
1.553579807281494141e+00
3.102359294891357422e+00
1.679214835166931152e+00
3.274771928787231445e+00
6.569020271301269531e+00
3.328914403915405273e+00
2.375343084335327148e+00
3.085797309875488281e+00
1.693928122520446777e+00
6.563029289245605469e-01
4.348010063171386719e+00
1.016019463539123535e+00
5.621644973754882812e+00
7.255108952522277832e-01
4.548808097839355469e+00
3.084008455276489258e+00
4.443448066711425781e+00
4.864109516143798828e+00
4.366118907928466797e+00
2.204166173934936523e+00
3.565747022628784180e+00
4.307319164276123047e+00
2.419714927673339844e+00
2.889022111892700195e+00
1.535816907882690430e+00
2.670629024505615234e+00
2.811327695846557617e+00
7.659971714019775391e+00
3.316449403762817383e+00
3.851069211959838867e+00
4.399136543273925781e+00
1.982871651649475098e+00
2.106672048568725586e+00
2.332046747207641602e+00
4.452533245086669922e+00
1.612047791481018066e+00
1.460819721221923828e+00
1.022128462791442871e+00
3.615597963333129883e+00
3.247606039047241211e+00
3.184262990951538086e+00
3.585899114608764648e+00
6.286551952362060547e+00
1.576148033142089844e+00
3.454158544540405273e+00
1.798267006874084473e+00
6.671302318572998047e+00
8.207949638366699219e+00
3.472208499908447266e+00
1.541417002677917480e+00
6.335725188255310059e-01
3.817647695541381836e+00
4.267238140106201172e+00
1.463573813438415527e+00
4.880858898162841797e+00
2.776889562606811523e+00
4.518898963928222656e+00
2.737550020217895508e+00
2.852563142776489258e+00
7.346399784088134766e+00
2.387712240219116211e+00
2.777019262313842773e+00
5.209772586822509766e-01
2.490581274032592773e+00
2.144295930862426758e+00
4.176926136016845703e+00
1.152057766914367676e+00
4.071303844451904297e+00
9.935860633850097656e-01
3.101344585418701172e+00
1.200222134590148926e+00
4.025172710418701172e+00
8.111701965332031250e+00
5.178662776947021484e+00
3.509562730789184570e+00
3.068955898284912109e+00
3.582782506942749023e+00
9.003448486328125000e+00
1.285515666007995605e+00
5.605108261108398438e+00
2.628817796707153320e+00
6.781011104583740234e+00
5.113602638244628906e+00
5.014833927154541016e+00
1.019814968109130859e+01
2.558136701583862305e+00
2.493039131164550781e+00
4.269639492034912109e+00
6.622651100158691406e+00
3.838686704635620117e+00
1.514744281768798828e+00
1.965290069580078125e+00
3.471813917160034180e+00
7.164381504058837891e+00
2.111185073852539062e+00
3.338200807571411133e+00
5.203118801116943359e+00
4.001852512359619141e+00
2.947916746139526367e+00
3.453690052032470703e+00
2.235165357589721680e+00
7.479920864105224609e+00
2.695536375045776367e+00
1.210759997367858887e+00
8.063134551048278809e-01
3.445021390914916992e+00
7.954932689666748047e+00
2.802461147308349609e+00
8.448081016540527344e+00
8.083216667175292969e+00
2.094289064407348633e+00
1.843645453453063965e+00
4.441631317138671875e+00
3.905018329620361328e+00
7.081004977226257324e-01
2.424743413925170898e+00
3.568031072616577148e+00
5.312778949737548828e+00
1.498393177986145020e+00
5.972295284271240234e+00
5.506253719329833984e+00
1.758201956748962402e+00
2.948733329772949219e+00
1.743367075920104980e+00
3.557246446609497070e+00
5.251126766204833984e+00
3.139367818832397461e+00
8.446962356567382812e+00
3.220494031906127930e+00
4.132539272308349609e+00
2.918329238891601562e+00
3.020432233810424805e+00
3.540694952011108398e+00
1.798091173171997070e+00
3.506542682647705078e+00
1.018524765968322754e+00
6.214735031127929688e+00
5.350902080535888672e+00
3.702736377716064453e+00
2.682037115097045898e+00
1.942766189575195312e+00
5.734287261962890625e+00
4.015603542327880859e+00
1.378340601921081543e+00
4.423041343688964844e+00
3.007571935653686523e+00
8.147361755371093750e+00
6.604904174804687500e+00
1.381702661514282227e+00
2.316555023193359375e+00
3.775946378707885742e+00
7.473192691802978516e+00
1.034471869468688965e+00
1.563546538352966309e+00
1.133549690246582031e+00
4.296602725982666016e+00
2.821094989776611328e+00
2.130351305007934570e+00
3.182810544967651367e+00
3.635548830032348633e+00
3.665494918823242188e+00
2.712255239486694336e+00
1.342215418815612793e+00
2.661102056503295898e+00
2.037725210189819336e+00
3.280487537384033203e+00
6.432399272918701172e+00
8.919314384460449219e+00
1.070369601249694824e+00
5.042855262756347656e+00
3.463838338851928711e+00
5.882825851440429688e+00
6.302128314971923828e+00
1.761676192283630371e+00
5.026397228240966797e+00
1.831455588340759277e+00
2.180300474166870117e+00
8.191499710083007812e+00
4.901809215545654297e+00
5.642538070678710938e+00
4.227355480194091797e+00
4.849118709564208984e+00
4.888479709625244141e+00
1.769566178321838379e+00
2.869139194488525391e+00
1.999575495719909668e+00
2.589174032211303711e+00
6.540637969970703125e+00
1.454978346824645996e+00
7.028891086578369141e+00
3.964028596878051758e+00
4.268007755279541016e+00
3.020816564559936523e+00
1.891286492347717285e+00
3.731496095657348633e+00
3.988130331039428711e+00
4.953432559967041016e+00
2.820253849029541016e+00
6.510005950927734375e+00
4.193897247314453125e+00
4.771490097045898438e+00
4.819862842559814453e+00
2.752553462982177734e+00
3.069535970687866211e+00
2.306249618530273438e+00
3.757072925567626953e+00
2.283988237380981445e+00
4.404419898986816406e+00
4.733915328979492188e+00
4.253831863403320312e+00
5.110048770904541016e+00
6.488934993743896484e+00
5.485648155212402344e+00
9.642806053161621094e-01
4.001900672912597656e+00
2.026121377944946289e+00
5.823764801025390625e+00
4.348446846008300781e+00
2.713118553161621094e+00
6.412242412567138672e+00
4.911875247955322266e+00
1.398846268653869629e+00
4.626132488250732422e+00
9.028937339782714844e+00
