9.413876746836447040e-01 7.445987022516232789e-01
9.393597528744160874e-01 7.927725676572467961e-01
9.156599593160769102e-01 7.449931200942748744e-01
8.887528657593448678e-01 7.416889045693596527e-01
9.342867895660296185e-01 7.497125939376668713e-01
9.255444450126737443e-01 7.221653586142885439e-01
9.033372812809951080e-01 6.563418187501827150e-01
9.010167904009512840e-01 7.169814157331997340e-01
9.071417465244678846e-01 8.528443888428044461e-01
9.235607009175155202e-01 7.393098027051131504e-01
8.854013737114155846e-01 7.341637672874005149e-01
9.419997363102188270e-01 7.982671445427840240e-01
9.268139795291466809e-01 7.023268791169157144e-01
9.337392729864208984e-01 7.522761490251514971e-01
8.909800166594841198e-01 6.896653621816739577e-01
9.584142342373321855e-01 7.755088276411012949e-01
9.092864117974142069e-01 7.032404995517521629e-01
8.849435980413584701e-01 6.555610254966283135e-01
8.958155932378131237e-01 7.072473961027936351e-01
9.582178165103091283e-01 7.772986712349554406e-01
9.001883362535689770e-01 7.190981258458046810e-01
9.784987444430628400e-01 8.031051998973077755e-01
8.948177434124345853e-01 7.120182687651264164e-01
8.924087181790344436e-01 7.113540190654178419e-01
9.366556362869841168e-01 7.485314302911674211e-01
9.278665043168511373e-01 6.412466909450940111e-01
9.458528793605878171e-01 9.131022473879275569e-01
9.539994654060109935e-01 8.377827620133728725e-01
9.329895068490130505e-01 8.395917640860061093e-01
9.272270628190497632e-01 7.337493629852642751e-01
9.665375582783499731e-01 8.273340305282164131e-01
9.048002235413606931e-01 6.851595841963677991e-01
9.575869649323249799e-01 7.621112624383187262e-01
9.074496011081675251e-01 6.891870840932556863e-01
9.092042078752099465e-01 6.056097980870075448e-01
9.393306723633190192e-01 8.000003954772249015e-01
9.282613150909204691e-01 7.100210431575240122e-01
9.302215856182618481e-01 8.044902961060216295e-01
9.357861737160053650e-01 7.333846055495015781e-01
9.140165994195975641e-01 6.670299137101877163e-01
9.222728084705928975e-01 7.685872934334889717e-01
8.795136980414793859e-01 6.622623754970028420e-01
9.295591459638197218e-01 7.510453691405449828e-01
9.634966654892552773e-01 8.266015843822231979e-01
9.113226272154336671e-01 6.592227175166964770e-01
9.201261573966359464e-01 6.812791066029403320e-01
9.327137511092379318e-01 7.750272597837333244e-01
9.374845155855368040e-01 6.483211647590232385e-01
9.104740464313955117e-01 7.359342138743296680e-01
8.822904273802617547e-01 7.166033252971355516e-01
9.083558996765055404e-01 7.927242197754366115e-01
9.490346969213068196e-01 8.596792447606034226e-01
9.031890701285901768e-01 7.278659882851119534e-01
9.360455744122673227e-01 7.881287069914812982e-01
9.258318032359540428e-01 7.795482445209295230e-01
9.223628619963362141e-01 7.803948197494106065e-01
9.399808140052949845e-01 7.792622606052141965e-01
8.928493635736923784e-01 6.684294625277005242e-01
9.001265736170107612e-01 6.916525330976495134e-01
9.666546393245372126e-01 8.113161398007014968e-01
9.136320580622063758e-01 7.189023685705022704e-01
9.410906058170415145e-01 6.862332828908739302e-01
9.342692363840656711e-01 7.597397754138521808e-01
9.015301825054045093e-01 7.667549291357286245e-01
8.572459824106475335e-01 5.871082383720248599e-01
8.930426929167287753e-01 7.033274291929616506e-01
9.033048956336747759e-01 6.603152966567188420e-01
9.116410868505055998e-01 7.187367119795831094e-01
9.226197727267211324e-01 7.303002986781235162e-01
9.082261921981841235e-01 6.808199141708274338e-01
9.191748467886103890e-01 7.841561594519653733e-01
9.237659324735342237e-01 7.179052279162499994e-01
8.974363995846964537e-01 6.946625575273247533e-01
9.256586045895213166e-01 7.401960711185506803e-01
9.368815879222016640e-01 7.608315823987380488e-01
9.132434893236988094e-01 7.445697701305291627e-01
9.292002137980606147e-01 7.834961873780359465e-01
9.360694376538668537e-01 7.740330321230163291e-01
9.313344714264577551e-01 7.972693249885742794e-01
9.004211407547304535e-01 7.150510095296565005e-01
9.596479155630459612e-01 7.744700625887046552e-01
9.307252877636356114e-01 8.277996372009223114e-01
8.688924463047980051e-01 6.868598635278884146e-01
9.981140325296948834e-01 1.037069805989070170e+00
8.996398155864193669e-01 7.533136826359417837e-01
9.221296417722469885e-01 7.454316955437347847e-01
9.210516315086394457e-01 7.139765642165604165e-01
9.502252904399033362e-01 8.033927308712756066e-01
9.293678554950458581e-01 7.593786110796089117e-01
9.001112046412063084e-01 7.104169212105804210e-01
8.831867724362162386e-01 6.530238183691182696e-01
9.565779899992261637e-01 8.254580555081411086e-01
9.092420146903567035e-01 6.910741131074205068e-01
9.237212991922375549e-01 7.875659030504542635e-01
9.312536974133279744e-01 7.375730302561734897e-01
9.167071295478168569e-01 6.532670583612766313e-01
9.302542128044333225e-01 7.714418319816970238e-01
9.140566408246177943e-01 6.954843803845576211e-01
9.194867921805414124e-01 7.688869986194714068e-01
9.448090174989419721e-01 8.182883221033914189e-01
9.419271281795605910e-01 7.042050648117988976e-01
9.202865254935456152e-01 7.197009516760537462e-01
9.084303319386626274e-01 6.394004960513998137e-01
9.140425818536188629e-01 7.389265948010167451e-01
9.027938606432251989e-01 7.182651518946412406e-01
9.246603220330879003e-01 7.608509027436858307e-01
9.078504827533313559e-01 6.788684274431562304e-01
9.244487788129363004e-01 6.467637055795475431e-01
9.422677383073853052e-01 7.779868324658000267e-01
8.976530150942954034e-01 7.240883768633666895e-01
9.067128414539402659e-01 7.177938300296601293e-01
9.183516972160424841e-01 6.896960234396334322e-01
9.249733265753919964e-01 7.720663520217985187e-01
9.258526851205614028e-01 6.704748224329365458e-01
9.119369751574041283e-01 6.836010064930675423e-01
9.224564868966946829e-01 7.059737453304641974e-01
9.834892541090265450e-01 9.662425719027221138e-01
9.357321776052978102e-01 8.220386329348129406e-01
9.113534398837719319e-01 6.687755497333932597e-01
9.118474512421200773e-01 6.687264655261615509e-01
8.765173045605517688e-01 6.359583703487101669e-01
9.321019847273233072e-01 7.412377719902737416e-01
8.922957284440377057e-01 6.357900622427198334e-01
9.995749772554763934e-01 9.436985717891288594e-01
9.220860711741347693e-01 7.057723720350713714e-01
9.711426762786465883e-01 8.414430115236912755e-01
9.161346237008058946e-01 7.403685045649003316e-01
8.709642668044977887e-01 6.631946661470550231e-01
9.350611323903555983e-01 7.526369897622077199e-01
9.108882335459194124e-01 7.416380142770467865e-01
9.793508262520170815e-01 8.923961518804972570e-01
9.418701080144255000e-01 7.001309590093117707e-01
9.331634070274295034e-01 7.908808142485757031e-01
9.003048259628128047e-01 7.459967593071344938e-01
9.172350845792923701e-01 7.138721602864981364e-01
9.348524015847307078e-01 8.109516246848980092e-01
8.914880026697062920e-01 6.901505758421440095e-01
9.198427288510393485e-01 7.613958296380730628e-01
9.042195074484640216e-01 6.903662645378823015e-01
8.977806545294290119e-01 7.059662703521719651e-01
9.011530604150401746e-01 7.505711749318616510e-01
9.267505507963414990e-01 7.443000376251414085e-01
9.004413353957981814e-01 6.632259307883811017e-01
9.050409873834390773e-01 6.487093391565438294e-01
9.244240482322350072e-01 7.280221668442489191e-01
9.226165923579500161e-01 8.399918500695305879e-01
9.228664985465826476e-01 7.243401107851623610e-01
8.899151431305460935e-01 7.016343577398460596e-01
9.447032901959580009e-01 8.244918700005376966e-01
9.657106188246722400e-01 8.812958402414129422e-01
9.500719649053519511e-01 8.460526584915304404e-01
9.176488381243215198e-01 7.021838709817757040e-01
9.164587160426607149e-01 6.681531687080363158e-01
9.159549864180456247e-01 7.123833333859552752e-01
9.397166868336366274e-01 7.324002308588671850e-01
9.031676215285874276e-01 7.277619166513308313e-01
8.855857530596533689e-01 6.478363788206670248e-01
9.094059005219170544e-01 7.357858841663400540e-01
8.945044072844260397e-01 6.720320192221956868e-01
9.367244848547539027e-01 7.784565882384568702e-01
9.152808845637572244e-01 6.961738422172665253e-01
9.968320957200369481e-01 1.077869448497956517e+00
8.960070610652042244e-01 6.687970437533933277e-01
9.232722032169914383e-01 7.527058806270425784e-01
9.047633582877825376e-01 7.591176005670341453e-01
9.402470829386131435e-01 7.553736385321115909e-01
9.331099623365424200e-01 7.584887176668385633e-01
9.130207272638070082e-01 6.754198756993882169e-01
9.306747058218683977e-01 7.172793161418085095e-01
9.340017064207047914e-01 7.017145528118046149e-01
8.980055732033552784e-01 7.541171773015826751e-01
8.998809370956198928e-01 7.353792784009509642e-01
9.332338315009206520e-01 7.150075254491489174e-01
8.730024724556576521e-01 6.723049619838479263e-01
9.414257031569769341e-01 8.178279759009597916e-01
9.400879992567491295e-01 7.514822296988324934e-01
8.802932109489266521e-01 6.828500425729910894e-01
1.056579571598721623e+00 1.408535455310022666e+00
9.264577024863173138e-01 7.486134846268125420e-01
9.428568774800615282e-01 8.063139499342758532e-01
9.335926944090863211e-01 7.032644791614397484e-01
9.059006700081664309e-01 7.025140990202876079e-01
9.024301934151729432e-01 6.935696240460604844e-01
9.129006438371350951e-01 7.297588058753300411e-01
9.118200008607696416e-01 6.411996263296383392e-01
9.209235020191134380e-01 7.582915450515265166e-01
8.897619252656899791e-01 7.033939103290061112e-01
9.185027487473909069e-01 7.687176144251068877e-01
9.238286288874079100e-01 7.337136165676406696e-01
9.289521386978539796e-01 6.987097401778342709e-01
9.500503593876630237e-01 7.563475596381735722e-01
8.963161938445228794e-01 6.834208147045793824e-01
8.967984605931762498e-01 6.708241359273050541e-01
8.837676398185650983e-01 6.842398473558309879e-01
9.343497863733052355e-01 7.723686992614752223e-01
9.030398140687782016e-01 7.058456079396860927e-01
9.033804741123832027e-01 7.664433681608592286e-01
9.107207800951587773e-01 7.004162439075716229e-01
9.237361740412749489e-01 7.711004896078488269e-01
1.063722652536515545e+00 1.289795857525239065e+00
9.351163891316044419e-01 7.822402538673396410e-01
9.277563456167179368e-01 7.426823382501528403e-01
8.892118500123508129e-01 6.244349145774260590e-01
9.270535289163464032e-01 6.891911042059708503e-01
9.059245958146366906e-01 7.213423893028362288e-01
9.174137328579206052e-01 7.319985548731202663e-01
8.866580717165086778e-01 6.922882031708914585e-01
9.515844593010159835e-01 7.493015098210782376e-01
9.206841736037850721e-01 7.546687321621490252e-01
9.245529729949638620e-01 7.342510362966028215e-01
9.171320966719156420e-01 7.368792971925883784e-01
9.125572268323759451e-01 7.068720134423562840e-01
8.987494972584416653e-01 6.582733666975723041e-01
8.886945239212135084e-01 6.296748522346574672e-01
9.183777914624950967e-01 7.429390179370292113e-01
9.103820785541095750e-01 7.507470245993272950e-01
9.234599955923066261e-01 8.299881876923992374e-01
9.290830750526472004e-01 7.466236559380423632e-01
8.982548505941625461e-01 7.109652807124129392e-01
9.206953685860373993e-01 7.570705778926390961e-01
9.172962321438175026e-01 7.823014872479313597e-01
9.394380805510896826e-01 8.675389649072832166e-01
9.171791087208189808e-01 7.243370271367387536e-01
9.029325739401354856e-01 7.462129503494516758e-01
9.236331407563916907e-01 7.812086608340599314e-01
9.428812092671750023e-01 7.612980688590793577e-01
9.370069230830802010e-01 8.087583733805281394e-01
8.997833090614832940e-01 5.869552353912297349e-01
9.240454975494508671e-01 6.674378383558650096e-01
9.276037057619140880e-01 6.943692672465553439e-01
8.790582426802071581e-01 6.947442330732336302e-01
9.896270120067708342e-01 7.924100270962842751e-01
8.759065495153708358e-01 7.047058597242092937e-01
8.895430563509943989e-01 6.626172059963696404e-01
8.845480453466615378e-01 6.412719295093172178e-01
9.038825728567093654e-01 6.822512314914535025e-01
9.267407480234011175e-01 7.322700500681850189e-01
9.158336296244079522e-01 7.295649869079504635e-01
9.391851205066511499e-01 7.694946329386832540e-01
9.389424500791018202e-01 8.165476007669313363e-01
9.528479832203669009e-01 8.113555076775655905e-01
9.133086274656974091e-01 6.794668665551445441e-01
8.769999905103814664e-01 6.543345151786456038e-01
9.198521415941187662e-01 7.347112072159188711e-01
9.292053654874279367e-01 7.708354223211243417e-01
9.167946747355513182e-01 8.117946167029707061e-01
9.244541492206026501e-01 7.274703678864122836e-01
8.995032517662174820e-01 6.885301642622093654e-01
9.440543283790119311e-01 7.409594062766281519e-01
9.757366003281509048e-01 8.949615986480675689e-01
8.895464363300579214e-01 6.802434859631126818e-01
9.287541618228889462e-01 7.122686928703395592e-01
9.276689688559317526e-01 7.605795976043449036e-01
9.178737876098185255e-01 8.371730839001062519e-01
9.392538616562668974e-01 9.040852844115430109e-01
9.192761704878036344e-01 7.344182963359339178e-01
8.914115916518904337e-01 6.472706952615352449e-01
8.870348073128480060e-01 6.254308904456412632e-01
8.745767391306471517e-01 6.428826837266627958e-01
9.508245688484534552e-01 7.666656644633170758e-01
9.502786658515629536e-01 8.062483318403732557e-01
9.440046697005285425e-01 7.614230463489773948e-01
9.174977553604092284e-01 7.059002591200316257e-01
9.417401542041847762e-01 7.195830172430486282e-01
9.299731944910206716e-01 7.860504225984622506e-01
9.355522270624357928e-01 6.920370805101462297e-01
9.199057548068457768e-01 7.229114802327495370e-01
9.421908325995891342e-01 7.878720048735735615e-01
9.238468861609764327e-01 6.896152221741899124e-01
9.760016449778545766e-01 8.282116348198025335e-01
9.301505329488040097e-01 7.307268783974631976e-01
9.475588332734696806e-01 8.051104235553017130e-01
9.446909293050208545e-01 7.831404192873653303e-01
9.108246177028376245e-01 7.407686912205520002e-01
9.231350861971711064e-01 7.914011470890024436e-01
9.665488380297284632e-01 8.618114295552974369e-01
9.727797827892508131e-01 8.487814139878497866e-01
9.072711394124103323e-01 7.999396343821564281e-01
9.270977199724483864e-01 7.502445295030272243e-01
9.547509070863522407e-01 8.199672853731282407e-01
9.244776925417085289e-01 7.367927608777716797e-01
9.657150393771212205e-01 8.313654367844542925e-01
9.185086150981794928e-01 6.889266233010210572e-01
9.150091904572452695e-01 6.927829217937533368e-01
9.417307322868126995e-01 7.720410200727045869e-01
9.337345185770724587e-01 8.015626284275723101e-01
9.162902321751373869e-01 7.453002137937015936e-01
9.048896287061302113e-01 7.285862317123439347e-01
8.844661193499706586e-01 6.635788206373897102e-01
8.912922072852987876e-01 7.025582187290733138e-01
9.139513610991658599e-01 7.187857131925464715e-01
9.212690928899597287e-01 7.542335806704587586e-01
9.520860727118271027e-01 9.570739180666755219e-01
8.939954433032405445e-01 7.085774684715102634e-01
9.463102934305342995e-01 8.384093710373978769e-01
9.442904012052236729e-01 8.056787416593014228e-01
9.311611786854215866e-01 6.977869647742765968e-01
9.031640548273337510e-01 7.529362116251614445e-01
9.499083357158650820e-01 8.090977098228535613e-01
9.304350485152358408e-01 7.510205801418621263e-01
