9.335398840722052283e-01 8.097950891406362484e-01
9.330415264576001899e-01 7.686783727404615796e-01
9.721248093474861296e-01 9.801585873129037285e-01
9.787463546781853818e-01 9.351986187740557455e-01
9.233624877040813583e-01 8.456462414004803918e-01
9.319186737142791666e-01 7.605536122659473097e-01
9.570095999741170534e-01 1.009841937312466520e+00
9.227882650174136225e-01 8.837780645585179284e-01
9.334609062656757938e-01 8.170695270973958868e-01
9.391180304273974988e-01 8.262317715328963974e-01
9.183157933195685851e-01 7.844006409852555262e-01
9.142231870729430332e-01 8.420067364788349495e-01
9.481263988884601757e-01 9.191952510877632321e-01
9.425041855372414679e-01 7.703761412852542234e-01
9.200988523063948765e-01 8.574384118212319272e-01
8.915527829154406003e-01 8.291661691406745360e-01
9.181462587090623018e-01 8.966269714124504020e-01
9.468343718609897319e-01 7.948071042440958411e-01
9.494079174277962885e-01 9.013566462528387335e-01
9.609545705529046744e-01 7.980150127585694531e-01
9.239347540616951182e-01 8.708553260688201014e-01
9.589871201642247156e-01 9.493229179405160423e-01
9.023121056482027447e-01 7.201208106802253761e-01
9.392915750791818175e-01 8.014020334131508605e-01
9.185442747699212873e-01 8.156841923250055526e-01
9.202772317418426162e-01 8.068473900930362985e-01
8.941444485994606284e-01 7.418331450507170688e-01
9.300060572503149325e-01 8.384867101805472123e-01
9.340437307625342189e-01 9.142459076396142192e-01
9.487775062404043558e-01 9.264684699579509575e-01
9.555456923093815780e-01 9.640625932680398913e-01
9.468026338314773360e-01 8.408880571089165645e-01
9.150369147351168353e-01 7.541985612983964637e-01
9.441469677065981170e-01 9.047357586180275746e-01
9.335169478132609999e-01 8.203382242339063435e-01
9.643114139667953166e-01 8.122599654428465099e-01
9.743128743854032603e-01 9.433732542303518986e-01
9.106378514632276211e-01 8.498004593785636329e-01
9.347893048368746127e-01 8.792814395922134985e-01
9.192356176571929716e-01 8.566876469561247598e-01
9.624345860998734237e-01 9.410519643094286124e-01
9.502775486030752283e-01 8.554204720659199790e-01
9.112980962545520480e-01 7.784129031360824680e-01
9.241609183020579321e-01 8.452718147962070550e-01
9.298209347429216010e-01 8.762661654071147721e-01
9.403303024456718395e-01 8.913334771838289372e-01
9.733532606122862196e-01 8.730438238963305064e-01
9.239566524665474567e-01 7.970222445758703422e-01
9.372293453699805932e-01 8.019129244999444461e-01
9.402140393162683463e-01 7.695310471365017779e-01
9.578579779491614987e-01 8.987066025653379642e-01
9.486623000630938218e-01 8.689307250849581665e-01
9.248884750403408850e-01 8.127702878077998072e-01
9.312361366058302670e-01 8.968684308915491066e-01
9.739156760700964366e-01 1.055326042942311249e+00
9.286949712294528814e-01 9.029114648727332160e-01
9.170184268470272793e-01 8.117809411003699127e-01
9.212797793070741648e-01 8.718212336598984979e-01
9.514410972285588519e-01 8.683612099668807094e-01
9.515698885771363136e-01 9.049139712596777629e-01
9.588455905146807678e-01 9.039067182269583389e-01
9.245655881584523561e-01 8.427973621711691843e-01
9.233158067884790210e-01 8.256665967090043301e-01
9.112835850245416536e-01 7.939655658763772328e-01
9.137943770001168975e-01 7.915349672955380722e-01
9.394699392110652525e-01 8.376412249724535242e-01
9.280697957935732934e-01 8.278221690606369920e-01
9.447403304093132670e-01 8.353960715602557485e-01
9.033093253795859701e-01 8.372294493207418364e-01
9.549465902660652095e-01 8.720607752124032164e-01
9.501157524390871911e-01 8.971822925613640587e-01
8.967633680899259607e-01 7.558574701190460265e-01
9.610355370201656422e-01 9.059913297464813331e-01
8.770524797140257789e-01 8.061224499959379619e-01
9.095687085014031448e-01 8.190393441694943100e-01
9.576705230845092842e-01 9.042636528653600347e-01
9.272714327143131152e-01 8.043566981548443406e-01
9.180104239065951521e-01 8.226692831299500241e-01
9.091219022562430085e-01 8.063957498664129364e-01
9.034407093146332723e-01 7.790927505630841354e-01
9.245167460109362523e-01 8.250316865897650009e-01
9.505392573043489612e-01 8.655014849667601595e-01
9.436589328132722887e-01 8.873773244623703871e-01
9.282937753073372544e-01 8.589277506485961666e-01
9.388431798525201932e-01 8.792197810098385524e-01
9.390236624241282692e-01 8.990683419483785910e-01
1.052856777652391385e+00 1.518229603696003904e+00
9.621726769898343301e-01 9.290010597158537831e-01
9.201297623448470020e-01 8.035407856868159726e-01
8.917607555235369521e-01 7.964980330762372329e-01
9.556923998704900391e-01 8.460193764895137525e-01
9.398735323411844256e-01 8.659825881915943491e-01
9.112015565932806149e-01 8.332232675366773034e-01
8.937967014641214902e-01 7.578711154392253624e-01
9.806651280430309647e-01 8.591864563388271758e-01
9.666800669605217777e-01 9.513932192472480676e-01
9.181044952705552653e-01 8.044413573732986933e-01
9.399488396434165782e-01 9.122489025036688570e-01
9.427171196182135837e-01 8.456957778806363235e-01
9.349178023451523156e-01 8.885635081158319570e-01
9.335172537512667068e-01 9.000127690554143856e-01
9.250531415982885530e-01 9.215460893779099383e-01
9.332391322262976185e-01 8.131188493251215732e-01
9.291997379686796066e-01 8.059319079023977705e-01
9.142835333937878728e-01 8.617269756168079997e-01
9.401864302294127285e-01 8.103803569481348168e-01
9.336085510780329777e-01 8.793050739264716142e-01
9.174259841782728131e-01 7.652334643051350582e-01
9.220678415020748808e-01 8.423829041303392273e-01
9.299927360534118170e-01 8.032033378343478303e-01
9.381876667971542627e-01 8.666545478881489961e-01
9.492463335112668599e-01 9.115529029762723390e-01
9.531038909920434010e-01 9.016534626938258468e-01
8.910611689876534180e-01 7.445700230796350461e-01
9.352715829691966576e-01 8.657208566044656273e-01
9.171974959823013807e-01 8.100621130458711683e-01
9.161360093289975248e-01 8.346014092730336120e-01
9.172601371471617027e-01 8.379904737522854141e-01
9.309733599975181795e-01 9.448674537235601800e-01
9.257145278390156440e-01 8.166181438412336568e-01
9.395557980333764103e-01 8.868747505967555789e-01
9.067356147831768798e-01 7.942684943213618176e-01
9.768542622261165986e-01 8.826769563057027534e-01
9.691690259915507477e-01 9.241886078796953674e-01
9.305823698684796419e-01 8.894246892974564389e-01
9.346517700551691954e-01 9.206495787557720245e-01
9.433165898111369740e-01 9.242164728058016587e-01
9.363566157846741067e-01 8.334036487546705452e-01
9.418371466332638997e-01 8.706113502689867278e-01
9.028764190354389152e-01 7.978108246628361488e-01
9.308562402247106959e-01 8.300998613309249485e-01
9.167387104827244837e-01 8.183500117075752645e-01
9.346678712943813361e-01 8.898109320093134933e-01
9.309780600855466215e-01 8.680433364165536236e-01
9.496696708490505179e-01 8.437587765098083503e-01
9.328227768246027951e-01 8.363836709915405399e-01
9.050753749599572684e-01 7.868334779315530048e-01
9.658580018868370143e-01 9.663082726839526959e-01
9.466017561878329323e-01 8.590441530030897832e-01
9.334035820127409844e-01 8.531617940038503933e-01
9.260776351238094728e-01 8.010734853812856437e-01
9.453872492070194422e-01 9.510809771712618321e-01
9.092336458641091523e-01 7.586487409602513665e-01
9.540927255080798863e-01 1.049540132361889144e+00
9.588388561874060523e-01 9.320516121641353458e-01
9.214198105239789216e-01 7.964563488069194008e-01
9.481576670304611154e-01 8.831992878996604013e-01
9.660555972898929866e-01 9.815295109837909315e-01
9.484154746909371214e-01 8.982140848925215248e-01
9.310009986009887273e-01 8.341713177440746030e-01
9.588268359074998415e-01 9.513531327122277670e-01
9.743650509175033614e-01 9.368813248113059267e-01
9.627026151743960369e-01 9.071754579683384279e-01
9.380132466624574450e-01 8.002951497108409251e-01
9.129740790101391612e-01 8.374836287926255007e-01
9.202086207655442163e-01 9.361233939547562999e-01
9.425077107835078127e-01 9.671235941723196339e-01
9.657317935042568635e-01 9.166921749018367427e-01
8.995738396643765400e-01 8.035482259200052990e-01
9.379981533948031913e-01 7.900429828508483965e-01
9.437609845542963560e-01 9.613083644078418422e-01
9.503848047111724817e-01 8.137037622296499073e-01
9.302751505428387135e-01 7.441354959577974881e-01
9.381582407511785959e-01 9.112683519133493171e-01
9.478661529792594687e-01 8.627768000558898587e-01
9.537395089652545010e-01 8.461409815855327476e-01
9.505351758169419130e-01 9.040985962808062437e-01
9.252596165805007100e-01 8.738748118658324904e-01
9.467010980798410413e-01 8.058769561846196305e-01
9.393862223635631725e-01 8.409013485446256153e-01
9.344431971490642086e-01 8.307119670178474413e-01
9.350038414814046961e-01 8.708317294866700919e-01
9.225291210697963429e-01 8.623321282212551564e-01
9.347405676313584877e-01 8.152617672002382410e-01
9.893366653634960706e-01 9.628442295844050758e-01
9.503871375768647711e-01 8.859701667374701994e-01
8.842155258247347271e-01 7.090586196738686287e-01
9.560751231296730213e-01 8.643260567889635704e-01
9.491621853399039299e-01 8.989543950685315865e-01
9.206237696486436750e-01 7.978358769977409448e-01
9.201198369013423584e-01 7.825551158594911128e-01
9.606763345808122523e-01 9.620058663952297806e-01
9.518716856692102102e-01 9.318905203459091346e-01
9.792764874864500202e-01 9.111512626666995462e-01
9.448704445953149955e-01 9.723862813991791532e-01
9.442723145009428443e-01 8.898847631410562453e-01
9.482886120149017772e-01 8.416205875307692930e-01
9.162628356536316465e-01 8.020159412657901221e-01
9.251475709115084545e-01 7.483318954571754889e-01
9.172791632074906998e-01 9.270226907483404277e-01
8.891929040974468901e-01 6.683835715406272193e-01
9.212999928614603595e-01 8.797526099324413096e-01
9.252370924378433559e-01 7.626720066957403121e-01
9.229471036882529456e-01 7.762289120277789944e-01
9.262944253542804152e-01 8.255101974516655394e-01
1.038493574679880904e+00 1.335178360043639545e+00
9.095706997968857621e-01 8.267292950025877385e-01
9.393238879659495666e-01 8.071433362214573970e-01
9.475669786614154821e-01 9.022040102118896732e-01
9.189263585908021836e-01 8.355572057023542554e-01
9.530483931508937356e-01 8.551910517739446105e-01
8.954565137150601872e-01 8.004419329082780310e-01
8.920823975728565669e-01 7.131277296143908595e-01
9.577295884640595336e-01 9.366837298851877769e-01
9.512500869549694871e-01 9.438537752458696639e-01
9.444944928915139926e-01 8.950558690460184152e-01
9.260116922897622116e-01 8.170258819989536514e-01
9.365384056598309304e-01 7.709245565364351016e-01
9.261777829738762069e-01 8.467565245542810759e-01
9.287123345788051987e-01 8.603197681969519950e-01
9.193458341341989026e-01 8.188821765737503977e-01
9.543592974640202620e-01 8.951249582481451972e-01
9.413867658858631193e-01 9.991425808243397100e-01
9.311802740934944644e-01 8.278210575965607720e-01
9.242400788985938309e-01 8.797659064250630268e-01
9.509165330621330847e-01 9.216599778751457528e-01
9.949129920674009142e-01 1.311236651475097048e+00
9.088077140842176771e-01 7.641465550946042740e-01
9.299944243582742853e-01 8.477393627309212087e-01
9.143662683435206384e-01 7.545403852968933789e-01
9.486850164382971684e-01 8.326146785647432491e-01
9.242350368314797837e-01 8.156881714557933094e-01
9.331488865452626236e-01 9.258769217604532198e-01
8.940993112364724604e-01 8.298234870492742221e-01
9.276776267546351651e-01 9.341537192689706171e-01
9.201278924972222661e-01 8.025294661900810311e-01
9.715305171694490483e-01 8.870177337148392738e-01
9.196693336033996413e-01 7.931925866854624418e-01
9.535000027215567719e-01 9.035611555397305983e-01
9.562638978541927459e-01 9.282521911024892436e-01
9.228107000327663290e-01 7.809286769317006494e-01
8.700128237413561338e-01 6.793377843436277930e-01
9.186556053364189900e-01 7.847951516483874235e-01
9.347132758777100259e-01 9.571503553422613386e-01
9.313319943313517202e-01 7.754301450231818604e-01
9.106758874410885163e-01 7.740477904611127169e-01
9.552314376484064562e-01 1.050661083976509591e+00
9.203080263274340256e-01 7.766691156133184171e-01
9.596156709773536742e-01 9.337339021216606305e-01
9.274775831525027270e-01 8.405360443338492082e-01
9.580628012921625913e-01 9.360039249236860037e-01
9.313033753012079918e-01 8.559561319757430509e-01
9.321926876126701567e-01 8.410188016710928860e-01
9.413489962361302199e-01 8.102402373528055923e-01
1.132153593010214454e+00 2.770996292646724424e+00
9.241542468952449463e-01 8.720938781277997043e-01
9.361368211148357599e-01 9.081914971040311313e-01
9.149914805519275829e-01 7.979298394397104088e-01
9.350679632870089186e-01 8.416622051810204175e-01
9.539351999024224815e-01 8.935132944004026134e-01
9.225652903487319145e-01 8.834788191976720162e-01
9.188500007723423568e-01 8.131976263009277339e-01
9.243582211352854294e-01 9.034459223925352944e-01
9.248253302933361342e-01 9.778571019900438310e-01
9.082512358547344400e-01 8.189564299150647875e-01
9.038115013864913561e-01 7.542103570811373725e-01
9.322122390261010638e-01 8.399356536469366752e-01
9.339995321377112525e-01 8.380922288616611260e-01
9.213935255401646263e-01 8.705902856366113385e-01
9.092858354935622334e-01 7.729223664352011802e-01
9.243622755523290824e-01 8.410974345795813045e-01
9.312017922082455046e-01 8.603403626115461167e-01
9.631743425195025132e-01 8.917546656281279960e-01
9.663908474514197877e-01 8.742241186582749846e-01
9.240567062633626705e-01 8.136015918239390965e-01
8.888345649152522565e-01 7.329162513303337789e-01
9.308515512471807751e-01 8.672345867396622499e-01
9.476590757595488856e-01 9.092306906293947666e-01
9.494996933346410151e-01 8.122069182186456571e-01
8.998463386590470625e-01 8.117228509640400658e-01
9.218291022754935282e-01 9.327162840694145363e-01
9.527127069619185651e-01 1.051342300651912032e+00
8.999991358450184498e-01 8.370538627803969511e-01
9.724217930204585025e-01 9.602176396315763585e-01
9.359083684188711505e-01 7.783280489934958357e-01
9.226613940794254898e-01 8.691000778967333806e-01
9.441647475940394552e-01 9.111193976488689561e-01
9.525497151312298794e-01 8.000863947458010106e-01
1.014923467968710025e+00 1.248793932410530161e+00
9.230919997453724823e-01 7.824090190302575021e-01
9.370980302199014567e-01 9.087138412832329593e-01
9.323064397609381881e-01 7.853414845512327602e-01
9.460213599997345790e-01 8.613620255831306860e-01
9.094055586034183181e-01 9.086010040742323879e-01
8.958512246527994272e-01 7.453756852958971502e-01
9.336031196693760359e-01 9.068217013986004105e-01
9.207957639033297337e-01 8.336832238608860024e-01
9.061241239625463795e-01 7.926080915798459081e-01
9.058484955093132340e-01 7.790656016790827865e-01
9.535830943143659422e-01 8.563582452049085525e-01
9.262138257696409527e-01 7.380729425964569490e-01
9.336844090010578689e-01 9.145968767106706920e-01
9.492417869764128158e-01 9.141789398489590379e-01
8.992510684617346373e-01 7.549628394951811705e-01
9.237409038209845047e-01 7.998872446698214178e-01
9.635884809887300673e-01 9.096495255897524279e-01
9.082560753174105939e-01 8.012718725001458653e-01
9.095531781166895646e-01 7.855677841463420963e-01
9.478125503185702572e-01 8.587040071365656946e-01
1.037490739349428148e+00 1.380160042731542802e+00
