1.058829857547015862e+00 1.267565463896028533e+00
1.059854262091733723e+00 1.217902006540067639e+00
1.096605208262486197e+00 1.332588087867104143e+00
1.066303491578679763e+00 1.336450474959225199e+00
1.053405989711367230e+00 1.257477811888799923e+00
1.039582761871125971e+00 1.097876569190787244e+00
1.042196531409822935e+00 1.066876354415039252e+00
1.041317335766256402e+00 1.210755940471946568e+00
1.098138716220024902e+00 1.395533748122789186e+00
1.082666668217541650e+00 1.159805914429288265e+00
1.096470129140137306e+00 1.209653171915380687e+00
1.028770210065325097e+00 1.008148407663375989e+00
1.069131409575291958e+00 1.079271038490441148e+00
1.119346299890218166e+00 1.616104286176283322e+00
1.060662529753188199e+00 1.167963822651445271e+00
1.080439756355779046e+00 1.130703320918197363e+00
1.067554549805157738e+00 1.214707902661395611e+00
1.101156320113298337e+00 1.337564976816418838e+00
1.194440212033245574e+00 2.719699618259238783e+00
1.121864661034717603e+00 1.633528176395570908e+00
1.056091705550182835e+00 1.022248355830505773e+00
1.045541726607958744e+00 1.128670555863511282e+00
1.104385286220736839e+00 1.297447737018333935e+00
1.107111171894935353e+00 1.226161611532484708e+00
1.104423563659320706e+00 1.556314831250901420e+00
1.072644887102515820e+00 1.112611362655670399e+00
1.195002824152001430e+00 2.809617762043121747e+00
1.062465153020383690e+00 1.195574427364248571e+00
1.056592641362060325e+00 1.064798190484813833e+00
1.073773326718576060e+00 1.219354553084299742e+00
1.064371420909002497e+00 1.195270718349519923e+00
1.031335093991408103e+00 1.000963069100301528e+00
1.196413468479527786e+00 4.199357529568571223e+00
1.082196130908567033e+00 1.306107452680400405e+00
1.040585741769398886e+00 1.017081085752022052e+00
1.054126952517283833e+00 1.068219563905935754e+00
1.054786074169523635e+00 1.215733602016688231e+00
1.078248728314900262e+00 1.350719606558546948e+00
1.089091699176125250e+00 1.172160151768915748e+00
1.042634172146275295e+00 1.163585154959905665e+00
1.099996030943350744e+00 1.262507539673378920e+00
1.052644098240486770e+00 1.058441289310446232e+00
1.082841266085901033e+00 1.365279733913956628e+00
1.090893285818643310e+00 1.268778469880888826e+00
1.080737454852647828e+00 1.197905808696573038e+00
1.036607572071622130e+00 1.111363474244948302e+00
1.075818309950231866e+00 1.293513850975000601e+00
1.055207038122902174e+00 1.102534291108954401e+00
1.190462782780294715e+00 2.757337013997904318e+00
1.074273922083455846e+00 1.214809480006458831e+00
1.077183083729126967e+00 1.235759662219582777e+00
1.132234052067042196e+00 2.132404373326981073e+00
1.101136385013218533e+00 1.447207122066640927e+00
1.040428989070413701e+00 1.124358016269917382e+00
1.099215563053401512e+00 4.647748861886817906e+00
1.113112888297936198e+00 1.386227947117467663e+00
1.238979897707300992e+00 4.224696231362983667e+00
1.062634420862236473e+00 1.225030252540609155e+00
1.054126300342130174e+00 1.172379686021910672e+00
1.085158109101887147e+00 1.141715342641486552e+00
1.077542576905021976e+00 1.108276595424546374e+00
1.053828826382336104e+00 1.173339232707244495e+00
1.168779574975353563e+00 2.175411938772206621e+00
1.100646122259769433e+00 1.201945053247652107e+00
1.066140647926425489e+00 1.145431046517838336e+00
1.073526105371019446e+00 1.218200031987539234e+00
1.042899379516145197e+00 1.057294818949292114e+00
1.040809767718277934e+00 1.123660828545127055e+00
1.097130400214618273e+00 1.253663864357822399e+00
1.062119588485863630e+00 1.136288015375928273e+00
1.091428815972471433e+00 1.337654909718772656e+00
1.091314777510050460e+00 1.345093312529400009e+00
1.032509648246636935e+00 9.259388731249549309e-01
1.078482297622277430e+00 1.140590751461597607e+00
1.232898080188351786e+00 4.852212999802246962e+00
1.102593442492394882e+00 1.236406153652993556e+00
1.218276753356362985e+00 3.583892636891299777e+00
1.030726914673964378e+00 9.963355908148401330e-01
1.091274801504948710e+00 1.264605179829275450e+00
1.102691881179148403e+00 1.260006859287804204e+00
1.130780094733723429e+00 1.681977926218229946e+00
1.044418235231493242e+00 1.086589637503994732e+00
1.122050362401322943e+00 1.380353084346593873e+00
1.100129409164561478e+00 1.314674423680824100e+00
1.061284541752095745e+00 1.164848587335487906e+00
1.105537601936027015e+00 1.317860631441422292e+00
1.146673834581022344e+00 2.099858025708710496e+00
1.181293058418550368e+00 2.506753794888919806e+00
1.067840495114360966e+00 1.189814548000039274e+00
1.145207739972434302e+00 2.154220517665019763e+00
1.124642281287820067e+00 1.481943113415808533e+00
1.077741837956597060e+00 1.083209325476322871e+00
1.076207423329468948e+00 1.104752855479839369e+00
1.011021070748432615e+00 9.660340896475959616e-01
1.080506294326535555e+00 1.121637257412057220e+00
1.108887051536042057e+00 1.335854481761399537e+00
1.041929930686928740e+00 1.084165744673513121e+00
1.122820937274897402e+00 1.650011708393609000e+00
1.013868292055296161e+00 1.048737807407886580e+00
1.071560411308443372e+00 1.260330192686047734e+00
1.094085981318193124e+00 1.257978163877559341e+00
1.090814549787725296e+00 1.112836869540900553e+00
1.048150984889042459e+00 1.069441291592326593e+00
1.095626298486911399e+00 1.321303769203477918e+00
1.020010676850349851e+00 9.243345340050791448e-01
1.083034692036904278e+00 1.268337887432449795e+00
1.065182062500439564e+00 1.154347306114142269e+00
1.063099706712322678e+00 1.200392185686942170e+00
1.105538645129617636e+00 1.179010016875306155e+00
1.106532373890796617e+00 1.307452117458888896e+00
1.258252827633410176e+00 3.931147755286509504e+00
1.042852119923692644e+00 1.191156042748300781e+00
1.044599561006966271e+00 1.103704296611507152e+00
1.099977139413025329e+00 1.342130094478332314e+00
1.053879527392308280e+00 1.029570115399177643e+00
1.055216226923844092e+00 9.817489233037030028e-01
1.091878562760519422e+00 1.106160277529120828e+00
1.100697847538457452e+00 1.276564731315864343e+00
1.047962212092901746e+00 1.035952283051627010e+00
1.071308957685268348e+00 1.251985272085652356e+00
1.017550963763002247e+00 1.178180293924611544e+00
1.071101021333288994e+00 1.116353093726105472e+00
1.099461464296573654e+00 1.119989330598756272e+00
1.067523228957541148e+00 1.142266682672554934e+00
1.100792203637060762e+00 1.373419219957633386e+00
1.080488144974672604e+00 1.164825751230963879e+00
1.048676548267833075e+00 1.137483472453519218e+00
1.041233954741806356e+00 1.172797748847716148e+00
1.041814246137985789e+00 1.035059443436178395e+00
1.085782251113188268e+00 1.309114016307029171e+00
1.069099355718669653e+00 1.089428505112387979e+00
1.098642388294622574e+00 1.360163931370647505e+00
1.058683757529939262e+00 1.272009516825697073e+00
1.060756908058339887e+00 1.173352141335189502e+00
1.083795358340870818e+00 1.152625002751447969e+00
1.229279620394976069e+00 3.847991866727774379e+00
1.066114615426322576e+00 1.127780116465285420e+00
1.083474084420994910e+00 1.216386853782151611e+00
1.091196066237040796e+00 1.347975269307149171e+00
1.034485943410905273e+00 1.047540485253456222e+00
1.167980665773522553e+00 2.028606035193668333e+00
1.041846357740353834e+00 1.121635986429217580e+00
1.074121562245963002e+00 1.195773223384868356e+00
1.043861956652691658e+00 1.262082253051667102e+00
1.089702925371991427e+00 1.144004083096668234e+00
1.062660307329444054e+00 1.216756976136121882e+00
1.049165975437599263e+00 1.184340508467013775e+00
1.098068250860365858e+00 1.350452492609135025e+00
1.065410786674850119e+00 1.218055964600222474e+00
1.069346545385568836e+00 1.127438368961976467e+00
1.041766667945526192e+00 9.429008628624625521e-01
1.028892528652665117e+00 1.019678365649885565e+00
1.063582359478939754e+00 1.219189388523228335e+00
1.205819640057533393e+00 2.949480175456888009e+00
1.060632398194402137e+00 1.174588288778621648e+00
1.071838945377012076e+00 1.112959759240632174e+00
1.025393500766966115e+00 1.093061397585470162e+00
1.059767568646327485e+00 1.034523600588888925e+00
1.088748435193947817e+00 1.477257151945610802e+00
1.077564540782134594e+00 1.288515828979349909e+00
1.102220729874187066e+00 1.140202561324712871e+00
1.058632504749310810e+00 1.205929896928227496e+00
1.042021105745913223e+00 1.079799418387665799e+00
1.094632368280375356e+00 1.162970443859025815e+00
1.066175581085555102e+00 1.269139217924568852e+00
1.070426662848530608e+00 1.213993064348702022e+00
1.063974034726237639e+00 1.381719692996876248e+00
1.040718663577077097e+00 1.078571498349981228e+00
1.087259056548420144e+00 1.246391349286884109e+00
1.064024408618451600e+00 1.132300289553985762e+00
1.089512257645162352e+00 1.156601300092193085e+00
1.059543258413771838e+00 1.148153534889692295e+00
1.072756833133839960e+00 1.176266968057814610e+00
1.202468191419322485e+00 2.719396301299107144e+00
1.025704572865053787e+00 1.125475779534361065e+00
1.074793072222721468e+00 1.330430877825618197e+00
1.062803083837487561e+00 1.099813357328055741e+00
1.096153369308670023e+00 1.405844043551912392e+00
1.054023836104728273e+00 1.242435662618131653e+00
1.037926279582894962e+00 1.155950348575314646e+00
1.049506422765597469e+00 1.188853610449511766e+00
1.035686230679218278e+00 1.111721470077898344e+00
1.021337093593520873e+00 1.065612464038988128e+00
1.062862687855824273e+00 1.145703107699764356e+00
1.066334558269953270e+00 1.043110670005939822e+00
1.056044709738239273e+00 1.183330105879716765e+00
1.067156433244438318e+00 1.126884178210852960e+00
1.060156117701215539e+00 1.177483687589784944e+00
1.079618503749236513e+00 1.269924871302532843e+00
1.051050455988480348e+00 1.143849344387181333e+00
1.032828398588646834e+00 1.061443349449290308e+00
1.072868680021964005e+00 1.183676723596478464e+00
1.010594989169020685e+00 1.024038345209282275e+00
1.066205437761581276e+00 1.159387725938803904e+00
1.066049931829064601e+00 1.250459198730001997e+00
1.199866138649212655e+00 2.882119793047627887e+00
1.046754921796677840e+00 1.062647585044683041e+00
1.057240611055966450e+00 1.060458961336354200e+00
1.065115446520055853e+00 1.142860365482694096e+00
1.016723445869439635e+00 1.026626262910124598e+00
1.111115170332653168e+00 1.339165603339214083e+00
1.073188654059078484e+00 1.205608277322377297e+00
1.055881671994727711e+00 1.164903978942631868e+00
1.076432004914521956e+00 1.223055743782620386e+00
1.059894775529736544e+00 1.327312032621548177e+00
1.062612086139117284e+00 1.200321075273819371e+00
1.051487295063879834e+00 1.220332462923802597e+00
1.080546035242732961e+00 1.219707570864174029e+00
1.047318488342126264e+00 1.147858256682787070e+00
1.055256357181009186e+00 1.052629917255991643e+00
1.083453895379052900e+00 1.308210972985118570e+00
1.065179385362613695e+00 1.072714309942826683e+00
1.107679206883372514e+00 1.293903788471444605e+00
1.097149526254068475e+00 1.399215751664277363e+00
1.059245572424959647e+00 1.169690303557620492e+00
1.058891760333537713e+00 1.161142040672167086e+00
1.047804458414301809e+00 1.077059529013071781e+00
1.070608999774374848e+00 1.193085242559990267e+00
1.006149348623393003e+00 1.020304561515270381e+00
1.058806203893988718e+00 1.226405315132827356e+00
1.087940138191181738e+00 1.270518210314566687e+00
1.050343951713990087e+00 1.080561395271098402e+00
1.055310090170969994e+00 9.883512640624559920e-01
1.080243618421053320e+00 1.129553674365944893e+00
1.043818664518507688e+00 1.030492285998943824e+00
1.122416665723910745e+00 1.542491749111715826e+00
1.111588759138679716e+00 1.388976126986019466e+00
1.087764822387203623e+00 1.171217179542116460e+00
1.070944637026685298e+00 1.052584660248731874e+00
1.066721538711795203e+00 1.230698502995940302e+00
1.034560254087076414e+00 1.230761232817769946e+00
1.098175381768023984e+00 1.291443573531122047e+00
1.076566105748201219e+00 1.196111307905616927e+00
1.077083838902131330e+00 1.201525647121457485e+00
1.049476752490558384e+00 1.154641547636520382e+00
1.104757490157099786e+00 1.341154554616395655e+00
1.042346202140690847e+00 9.435467342844351402e-01
1.125451197660106262e+00 1.508459829052846146e+00
1.079498550820809033e+00 1.182082577496569975e+00
1.075277741982836988e+00 1.254364038408287252e+00
1.099464743001111744e+00 1.261800370499564616e+00
1.074489630302180032e+00 1.212643247870907937e+00
1.043321708464485242e+00 1.179799996923502903e+00
1.034363151949623472e+00 1.023330697697521607e+00
1.157465126625331076e+00 2.384646500904857191e+00
1.031762450532188291e+00 9.874798425041930727e-01
1.019709023594721264e+00 1.133029424948466479e+00
1.036754563981669985e+00 1.081408148061808516e+00
1.052134521942398315e+00 1.038987024960150718e+00
1.159874865690575518e+00 2.089127742798059462e+00
1.015979606848239403e+00 1.038278493083045095e+00
1.043391922957925821e+00 1.179407497770693203e+00
1.051353609365180075e+00 1.118440360047901372e+00
1.034692069267366010e+00 1.112734036604976717e+00
1.095778821923343527e+00 1.299543466712163031e+00
1.056181355376358821e+00 1.239035810074230692e+00
1.077616915390803953e+00 1.236318175394953034e+00
1.034705695572789130e+00 1.160532803989989148e+00
1.083630357256911703e+00 1.360957445014635780e+00
1.057876621406041773e+00 1.166335404555933986e+00
1.063207935428024387e+00 1.041018251719276311e+00
1.059766318839569621e+00 1.143414395461697763e+00
1.096650406932193844e+00 1.433391821173114922e+00
1.090199832905770716e+00 1.305503721223774116e+00
1.033276318148001138e+00 1.124911588895961323e+00
1.080135115652561595e+00 1.327191205947876984e+00
1.082470723934265688e+00 1.160592850411759080e+00
1.066626836270127221e+00 1.220501783593726630e+00
1.015612875313163244e+00 9.609857336027712860e-01
1.081051396377357143e+00 1.150655924874573355e+00
1.059225968995320732e+00 1.090662110185061096e+00
1.063453412557816113e+00 1.060665206869253918e+00
1.107378002189773225e+00 1.274323642541101753e+00
1.088708732165078352e+00 1.085239045566522176e+00
1.084603606186400393e+00 1.319266371059056420e+00
1.094425784843298333e+00 1.238976586449372475e+00
1.100035281735717962e+00 1.382735548733842190e+00
1.080793354549624885e+00 1.204587597318325987e+00
1.084811970612003185e+00 1.327316238879623134e+00
1.056024691899762447e+00 1.260546423226967638e+00
1.069855908880847029e+00 1.252384834800032598e+00
1.078475775399648562e+00 1.142209598935255199e+00
1.112731935711948061e+00 1.465735562517738400e+00
1.068191504480819454e+00 1.189691429459614813e+00
1.056150862964969850e+00 1.136304903102454578e+00
1.055055930203834702e+00 1.252662480515985610e+00
1.080236799987140728e+00 1.227880676357931300e+00
1.086635674781354144e+00 1.202893203893582896e+00
1.111258586366030254e+00 1.265544308649950711e+00
1.076123930820659380e+00 1.213621360866765198e+00
1.068335917892545783e+00 1.183692085165365393e+00
1.066243511240050568e+00 1.353607590630017787e+00
1.054055220202397836e+00 1.068885456429797376e+00
1.081915557771301772e+00 1.299685060861428987e+00
1.070327227976789475e+00 1.175515222839831564e+00
1.060996054123638066e+00 1.118624372605264039e+00
1.053244838047021847e+00 1.201019299595733836e+00
1.069670899034021350e+00 1.203044375512153152e+00
1.178199521170003372e+00 2.662588497778008101e+00
1.093678974808242055e+00 1.313789341640130726e+00
