1.374434185028076172e+01
1.383284187316894531e+01
9.629051208496093750e+00
1.318677234649658203e+01
8.373370170593261719e+00
1.551522827148437500e+01
7.927398204803466797e+00
1.468077564239501953e+01
1.098558425903320312e+01
1.035327529907226562e+01
7.454494476318359375e+00
1.141144943237304688e+01
5.158477306365966797e+00
1.337017536163330078e+01
1.017929267883300781e+01
1.504286479949951172e+01
1.243985748291015625e+01
1.112360668182373047e+01
1.276221370697021484e+01
9.181300163269042969e+00
1.101225185394287109e+01
1.324469947814941406e+01
6.719555854797363281e+00
1.073562622070312500e+01
1.531853008270263672e+01
1.832292747497558594e+01
1.118159484863281250e+01
1.073062133789062500e+01
8.554247856140136719e+00
1.141616344451904297e+01
1.079931259155273438e+01
1.512604045867919922e+01
1.248803901672363281e+01
1.723929786682128906e+01
1.094088172912597656e+01
1.148040866851806641e+01
1.377339649200439453e+01
1.095192527770996094e+01
1.745872688293457031e+01
1.799478912353515625e+01
1.385993099212646484e+01
1.585060787200927734e+01
9.815766334533691406e+00
9.874933242797851562e+00
1.824220466613769531e+01
1.684569740295410156e+01
8.466799736022949219e+00
1.182914447784423828e+01
1.391944885253906250e+01
1.457276153564453125e+01
1.116698741912841797e+01
1.451382350921630859e+01
1.018160724639892578e+01
8.801135063171386719e+00
1.023419761657714844e+01
2.051785087585449219e+01
1.960675239562988281e+01
1.044890785217285156e+01
7.251726627349853516e+00
1.442621326446533203e+01
1.722927665710449219e+01
1.268469142913818359e+01
1.339337635040283203e+01
8.059506416320800781e+00
1.196432399749755859e+01
6.609498500823974609e+00
1.101291847229003906e+01
1.076999664306640625e+01
9.922472953796386719e+00
1.200906562805175781e+01
6.946309089660644531e+00
1.053937149047851562e+01
1.853033638000488281e+01
1.278286457061767578e+01
1.683428001403808594e+01
1.287464141845703125e+01
1.398926067352294922e+01
7.139162540435791016e+00
1.175913619995117188e+01
1.653739356994628906e+01
1.366220092773437500e+01
1.276082038879394531e+01
1.730197143554687500e+01
1.533590221405029297e+01
1.266321468353271484e+01
1.933092880249023438e+01
1.315536975860595703e+01
9.935973167419433594e+00
1.189645862579345703e+01
1.012403392791748047e+01
1.130994510650634766e+01
9.947535514831542969e+00
6.886493682861328125e+00
1.291122436523437500e+01
1.585809516906738281e+01
9.868211746215820312e+00
1.365836334228515625e+01
1.690948486328125000e+01
1.132036113739013672e+01
7.758512973785400391e+00
1.467308044433593750e+01
1.170223617553710938e+01
1.201664733886718750e+01
1.187672328948974609e+01
1.340094757080078125e+01
1.317861080169677734e+01
1.230376625061035156e+01
7.284458160400390625e+00
4.804471492767333984e+00
1.312853240966796875e+01
1.482449245452880859e+01
5.771298885345458984e+00
1.206566810607910156e+01
8.610048294067382812e+00
1.306537818908691406e+01
8.566617965698242188e+00
8.743506431579589844e+00
8.737994194030761719e+00
1.525332832336425781e+01
1.070581150054931641e+01
1.627120780944824219e+01
1.056355285644531250e+01
5.894901752471923828e+00
1.555529785156250000e+01
1.307215118408203125e+01
1.374165534973144531e+01
1.449589061737060547e+01
1.208471107482910156e+01
1.085982322692871094e+01
9.880097389221191406e+00
8.522524833679199219e+00
8.209296226501464844e+00
9.364680290222167969e+00
1.273483753204345703e+01
1.302570533752441406e+01
1.304580211639404297e+01
1.944919395446777344e+01
1.317653560638427734e+01
1.409755611419677734e+01
1.269376277923583984e+01
5.586336135864257812e+00
7.556620121002197266e+00
1.432016277313232422e+01
1.060590839385986328e+01
1.005020046234130859e+01
1.235132408142089844e+01
1.130654430389404297e+01
1.332961463928222656e+01
5.683905124664306641e+00
1.647860527038574219e+01
8.455755233764648438e+00
8.681304931640625000e+00
6.346064567565917969e+00
1.445571041107177734e+01
8.416134834289550781e+00
2.071132469177246094e+01
1.833511734008789062e+01
9.325808525085449219e+00
1.363325691223144531e+01
1.794807434082031250e+01
1.092474365234375000e+01
8.533854484558105469e+00
1.093937206268310547e+01
1.183130168914794922e+01
7.612306118011474609e+00
8.538386344909667969e+00
1.172747325897216797e+01
7.235451698303222656e+00
1.002062416076660156e+01
6.497129917144775391e+00
1.773500633239746094e+01
7.337253570556640625e+00
4.902239799499511719e+00
1.153734111785888672e+01
5.323545932769775391e+00
1.437762737274169922e+01
1.319110774993896484e+01
1.619636726379394531e+01
6.263255596160888672e+00
9.028429031372070312e+00
1.413940620422363281e+01
1.041842079162597656e+01
9.757047653198242188e+00
1.073793601989746094e+01
1.367970275878906250e+01
6.907731533050537109e+00
1.472849750518798828e+01
1.603060340881347656e+01
8.929739952087402344e+00
8.619504928588867188e+00
1.004682826995849609e+01
1.337813282012939453e+01
1.092411708831787109e+01
7.785034179687500000e+00
1.043673801422119141e+01
2.304037857055664062e+01
7.015850067138671875e+00
1.632201957702636719e+01
8.143937110900878906e+00
1.223520183563232422e+01
1.157022094726562500e+01
1.550104808807373047e+01
1.257061481475830078e+01
6.548146247863769531e+00
9.046785354614257812e+00
6.615803718566894531e+00
1.318721008300781250e+01
6.832386970520019531e+00
9.365326881408691406e+00
8.021693229675292969e+00
1.062084579467773438e+01
1.000461864471435547e+01
7.728939056396484375e+00
8.850753784179687500e+00
9.492943763732910156e+00
9.813803672790527344e+00
9.486329078674316406e+00
1.218713665008544922e+01
1.376183223724365234e+01
9.816152572631835938e+00
2.352077865600585938e+01
1.221589565277099609e+01
1.585826015472412109e+01
1.478199005126953125e+01
1.159754848480224609e+01
1.278977680206298828e+01
1.601825714111328125e+01
8.816008567810058594e+00
1.189806365966796875e+01
8.079600334167480469e+00
1.960976600646972656e+01
1.517726135253906250e+01
1.013934230804443359e+01
8.402960777282714844e+00
1.300287818908691406e+01
6.739479064941406250e+00
1.486679363250732422e+01
1.108695888519287109e+01
1.291919612884521484e+01
1.575206661224365234e+01
1.510258007049560547e+01
1.079094982147216797e+01
1.885446357727050781e+01
1.791067695617675781e+01
5.729770660400390625e+00
8.473772048950195312e+00
7.196901798248291016e+00
1.860130500793457031e+01
1.172966098785400391e+01
7.538907527923583984e+00
1.137946414947509766e+01
8.657671928405761719e+00
7.562594890594482422e+00
1.443227577209472656e+01
1.172694301605224609e+01
1.268166637420654297e+01
1.213978099822998047e+01
9.383443832397460938e+00
8.742045402526855469e+00
8.927775382995605469e+00
1.301661872863769531e+01
1.363481807708740234e+01
2.016703033447265625e+01
1.127473449707031250e+01
2.413684654235839844e+01
7.459927558898925781e+00
6.774695873260498047e+00
6.962490081787109375e+00
8.232550621032714844e+00
9.858534812927246094e+00
1.219941520690917969e+01
9.335929870605468750e+00
8.168465614318847656e+00
9.168657302856445312e+00
8.283091545104980469e+00
1.598765277862548828e+01
9.808402061462402344e+00
1.798459625244140625e+01
1.261923408508300781e+01
1.547630977630615234e+01
1.368206024169921875e+01
9.708456993103027344e+00
1.084610271453857422e+01
9.891248703002929688e+00
7.873368263244628906e+00
1.145911693572998047e+01
1.262924861907958984e+01
6.413395881652832031e+00
8.124773025512695312e+00
1.208112049102783203e+01
2.373368501663208008e+00
1.180264854431152344e+01
9.208508491516113281e+00
1.259244823455810547e+01
1.290379333496093750e+01
9.469272613525390625e+00
1.318654537200927734e+01
1.194272708892822266e+01
1.165232276916503906e+01
9.850417137145996094e+00
9.869402885437011719e+00
2.188180732727050781e+01
1.330949687957763672e+01
7.707195281982421875e+00
1.077974605560302734e+01
1.421360778808593750e+01
8.895007133483886719e+00
8.300958633422851562e+00
1.253265380859375000e+01
1.528355407714843750e+01
1.624274635314941406e+01
1.467571258544921875e+01
1.307403850555419922e+01
1.294359016418457031e+01
1.249615669250488281e+01
1.320416545867919922e+01
1.907851409912109375e+01
9.056719779968261719e+00
1.060791301727294922e+01
9.886635780334472656e+00
1.310532283782958984e+01
1.335407161712646484e+01
1.175056934356689453e+01
1.168360519409179688e+01
1.642665481567382812e+01
9.106144905090332031e+00
6.809979438781738281e+00
1.516178417205810547e+01
9.019350051879882812e+00
1.312812995910644531e+01
1.093645572662353516e+01
1.360745143890380859e+01
1.042897224426269531e+01
1.691917610168457031e+01
1.459821033477783203e+01
8.400153160095214844e+00
1.230908584594726562e+01
1.035435390472412109e+01
1.136581707000732422e+01
1.512247753143310547e+01
1.335951995849609375e+01
1.159843730926513672e+01
7.169120788574218750e+00
1.102568531036376953e+01
7.350081920623779297e+00
1.844911575317382812e+01
1.466908454895019531e+01
8.301655769348144531e+00
9.644923210144042969e+00
1.043890476226806641e+01
6.129587173461914062e+00
1.098820590972900391e+01
1.820465278625488281e+01
1.236510562896728516e+01
8.983473777770996094e+00
7.893857002258300781e+00
9.129356384277343750e+00
1.062616634368896484e+01
6.337898731231689453e+00
1.156563758850097656e+01
7.132063388824462891e+00
1.191478824615478516e+01
1.766785430908203125e+01
7.263960361480712891e+00
1.449695777893066406e+01
1.214797496795654297e+01
1.271228408813476562e+01
1.806680870056152344e+01
1.089411640167236328e+01
6.420610904693603516e+00
1.260384273529052734e+01
1.892133140563964844e+01
6.649446010589599609e+00
1.291534328460693359e+01
1.397083759307861328e+01
1.709831428527832031e+01
1.278053188323974609e+01
1.830576705932617188e+01
9.440789222717285156e+00
6.538359165191650391e+00
1.199543190002441406e+01
1.385980892181396484e+01
9.129967689514160156e+00
8.210070610046386719e+00
1.192494392395019531e+01
1.858798027038574219e+01
1.605141067504882812e+01
1.868594169616699219e+01
1.215137386322021484e+01
1.138679695129394531e+01
1.803477668762207031e+01
8.761797904968261719e+00
8.329365730285644531e+00
1.886124038696289062e+01
1.722111511230468750e+01
1.151611042022705078e+01
1.170941066741943359e+01
1.030837440490722656e+01
8.868044853210449219e+00
1.409353828430175781e+01
1.616892433166503906e+01
1.112261486053466797e+01
1.169848537445068359e+01
1.341456031799316406e+01
1.049276638031005859e+01
1.278841304779052734e+01
2.402169609069824219e+01
9.157542228698730469e+00
5.364492893218994141e+00
9.250852584838867188e+00
7.094374179840087891e+00
1.268737697601318359e+01
1.335762214660644531e+01
1.475585937500000000e+01
8.903618812561035156e+00
7.337857246398925781e+00
1.300571155548095703e+01
2.320840644836425781e+01
1.498069000244140625e+01
2.001700782775878906e+01
1.529888916015625000e+01
1.285060787200927734e+01
1.742580604553222656e+01
1.367368793487548828e+01
8.064121246337890625e+00
1.055596256256103516e+01
1.429954242706298828e+01
1.541372108459472656e+01
5.585824489593505859e+00
8.215970993041992188e+00
1.009398937225341797e+01
1.605056953430175781e+01
1.287373065948486328e+01
1.313718128204345703e+01
8.470656394958496094e+00
1.435094738006591797e+01
1.751189804077148438e+01
1.683954620361328125e+01
6.481654644012451172e+00
1.459570789337158203e+01
1.024233818054199219e+01
9.701236724853515625e+00
8.964446067810058594e+00
1.525001525878906250e+01
8.810332298278808594e+00
1.145353984832763672e+01
1.444174957275390625e+01
6.086879730224609375e+00
9.450940132141113281e+00
1.285474872589111328e+01
9.334568977355957031e+00
1.761569976806640625e+01
7.109245300292968750e+00
7.362568855285644531e+00
6.446209907531738281e+00
1.204768371582031250e+01
2.156828689575195312e+01
8.213015556335449219e+00
1.038115596771240234e+01
8.872206687927246094e+00
1.206236839294433594e+01
1.641645812988281250e+01
6.870404243469238281e+00
9.136316299438476562e+00
8.578699111938476562e+00
1.284471416473388672e+01
1.942554664611816406e+01
1.103537845611572266e+01
6.341851234436035156e+00
1.460788249969482422e+01
1.064842605590820312e+01
1.489524745941162109e+01
7.583859920501708984e+00
1.327528572082519531e+01
8.742663383483886719e+00
6.421889781951904297e+00
1.293435573577880859e+01
1.939784049987792969e+01
1.366177845001220703e+01
1.150135326385498047e+01
1.373301982879638672e+01
1.005143547058105469e+01
2.048763847351074219e+01
1.748194122314453125e+01
1.718323898315429688e+01
7.917472362518310547e+00
7.735453128814697266e+00
6.972541809082031250e+00
8.729537010192871094e+00
1.184530353546142578e+01
1.292307949066162109e+01
1.620782470703125000e+01
1.149560737609863281e+01
9.101130485534667969e+00
1.094028377532958984e+01
1.838295936584472656e+01
1.123345947265625000e+01
3.778680801391601562e+00
1.090566062927246094e+01
1.105258941650390625e+01
