1.576243877410888672e+01
9.689898490905761719e+00
9.757744789123535156e+00
5.606245040893554688e+00
1.106845951080322266e+01
1.176273059844970703e+01
1.207608413696289062e+01
7.647262096405029297e+00
1.042784881591796875e+01
1.554824733734130859e+01
1.227603626251220703e+01
1.070941734313964844e+01
8.194552421569824219e+00
1.961466979980468750e+01
1.785622024536132812e+01
6.430037975311279297e+00
1.400907039642333984e+01
1.106502532958984375e+01
1.389675331115722656e+01
9.341607093811035156e+00
7.514154911041259766e+00
1.086591529846191406e+01
1.390121459960937500e+01
1.146591186523437500e+01
1.383103179931640625e+01
1.914686203002929688e+01
9.377364158630371094e+00
2.312643432617187500e+01
1.045592403411865234e+01
1.202683353424072266e+01
9.026923179626464844e+00
6.752807140350341797e+00
1.291905498504638672e+01
4.036264896392822266e+00
1.225753402709960938e+01
8.020756721496582031e+00
9.047781944274902344e+00
1.020244884490966797e+01
8.979301452636718750e+00
1.628212165832519531e+01
1.725639724731445312e+01
9.235965728759765625e+00
1.389422607421875000e+01
1.251639270782470703e+01
1.001701641082763672e+01
1.313111877441406250e+01
1.302194881439208984e+01
1.329163551330566406e+01
2.097632217407226562e+01
9.240284919738769531e+00
1.099589824676513672e+01
1.414290904998779297e+01
1.750347518920898438e+01
5.587135314941406250e+00
1.393266296386718750e+01
1.411856555938720703e+01
1.282398891448974609e+01
1.221489810943603516e+01
1.267095470428466797e+01
1.356589221954345703e+01
1.279266071319580078e+01
7.681283473968505859e+00
8.675424575805664062e+00
1.781001853942871094e+01
1.095824527740478516e+01
1.427716064453125000e+01
1.394818878173828125e+01
1.270209789276123047e+01
9.078352928161621094e+00
9.017760276794433594e+00
7.675456523895263672e+00
1.094785594940185547e+01
1.645252037048339844e+01
1.290507030487060547e+01
1.913638877868652344e+01
1.323738288879394531e+01
1.437475013732910156e+01
1.134941768646240234e+01
1.255211639404296875e+01
1.974347496032714844e+01
1.228177452087402344e+01
1.597270488739013672e+01
1.082206630706787109e+01
1.232853889465332031e+01
1.116194629669189453e+01
1.673393821716308594e+01
1.548599147796630859e+01
1.360791015625000000e+01
1.130941200256347656e+01
1.366945838928222656e+01
8.643236160278320312e+00
1.230550479888916016e+01
1.620253753662109375e+01
6.491476535797119141e+00
9.327685356140136719e+00
1.330324459075927734e+01
1.104915046691894531e+01
1.426999187469482422e+01
4.984181880950927734e+00
1.291104793548583984e+01
1.059355354309082031e+01
7.322583198547363281e+00
5.659121990203857422e+00
9.745189666748046875e+00
1.223695755004882812e+01
2.255870437622070312e+01
2.134584808349609375e+01
1.350022888183593750e+01
1.107006549835205078e+01
5.763806819915771484e+00
1.189378643035888672e+01
1.649134635925292969e+01
1.361143016815185547e+01
1.555097484588623047e+01
9.170607566833496094e+00
1.723034477233886719e+01
8.818724632263183594e+00
7.416419506072998047e+00
7.340190410614013672e+00
1.065075778961181641e+01
9.450804710388183594e+00
1.732504844665527344e+01
1.089561557769775391e+01
1.924927139282226562e+01
9.416604995727539062e+00
1.084231948852539062e+01
8.729347229003906250e+00
1.131451892852783203e+01
1.631839179992675781e+01
1.252789020538330078e+01
8.732286453247070312e+00
1.969566917419433594e+01
1.248439979553222656e+01
9.517520904541015625e+00
1.518128681182861328e+01
1.518222808837890625e+01
8.513582229614257812e+00
1.488469982147216797e+01
9.416002273559570312e+00
9.732583045959472656e+00
9.423604011535644531e+00
1.184122753143310547e+01
1.889599800109863281e+01
1.171279811859130859e+01
1.500605201721191406e+01
1.269572353363037109e+01
1.031897068023681641e+01
1.088456726074218750e+01
8.926287651062011719e+00
1.413114452362060547e+01
6.880637645721435547e+00
1.139047527313232422e+01
1.183817291259765625e+01
1.981065750122070312e+01
6.907245159149169922e+00
6.367938041687011719e+00
1.204539585113525391e+01
1.555305385589599609e+01
1.801684951782226562e+01
9.458815574645996094e+00
1.550264263153076172e+01
1.174733257293701172e+01
1.666578483581542969e+01
1.599194240570068359e+01
1.610437774658203125e+01
1.734287071228027344e+01
1.313565254211425781e+01
1.048718547821044922e+01
9.816864967346191406e+00
1.296033763885498047e+01
9.480898857116699219e+00
3.372884750366210938e+00
1.784489059448242188e+01
1.583945178985595703e+01
1.133449459075927734e+01
5.484576702117919922e+00
7.391581058502197266e+00
1.098425292968750000e+01
1.354185199737548828e+01
2.138325119018554688e+01
1.822486114501953125e+01
8.597435951232910156e+00
1.107163333892822266e+01
1.241347408294677734e+01
1.127791404724121094e+01
1.419013500213623047e+01
1.522095966339111328e+01
7.567733287811279297e+00
1.373454570770263672e+01
8.615936279296875000e+00
1.002241802215576172e+01
8.812548637390136719e+00
1.007062053680419922e+01
1.588389587402343750e+01
7.719833374023437500e+00
1.506523609161376953e+01
1.242326068878173828e+01
5.675375461578369141e+00
1.302858734130859375e+01
1.212087154388427734e+01
1.260483074188232422e+01
1.433505916595458984e+01
1.720110893249511719e+01
8.278407096862792969e+00
1.055663013458251953e+01
1.669413375854492188e+01
1.666401290893554688e+01
1.090373897552490234e+01
1.345863533020019531e+01
7.225461006164550781e+00
1.156702041625976562e+01
1.642822837829589844e+01
8.952008247375488281e+00
9.158293724060058594e+00
2.218128013610839844e+01
6.449921607971191406e+00
9.533271789550781250e+00
1.397622108459472656e+01
8.296904563903808594e+00
7.726481914520263672e+00
9.521467208862304688e+00
1.715580558776855469e+01
2.909560585021972656e+01
1.464436817169189453e+01
8.694911956787109375e+00
1.168727302551269531e+01
1.268938636779785156e+01
1.622666549682617188e+01
1.281153392791748047e+01
1.454685211181640625e+01
1.319275188446044922e+01
1.816972541809082031e+01
1.337042140960693359e+01
1.307521724700927734e+01
8.038523674011230469e+00
1.048102092742919922e+01
1.048047637939453125e+01
1.157067394256591797e+01
8.540491104125976562e+00
7.450118541717529297e+00
1.632969284057617188e+01
1.417210388183593750e+01
9.041395187377929688e+00
1.280135631561279297e+01
1.604699325561523438e+01
1.911276054382324219e+01
1.702318191528320312e+01
9.084599494934082031e+00
1.095672321319580078e+01
1.232187080383300781e+01
1.900416374206542969e+01
1.274515247344970703e+01
9.613264083862304688e+00
1.867921447753906250e+01
8.000475883483886719e+00
1.594120788574218750e+01
9.894039154052734375e+00
1.329892444610595703e+01
1.000699138641357422e+01
1.380184173583984375e+01
8.327939987182617188e+00
1.071323966979980469e+01
1.577978420257568359e+01
1.373398113250732422e+01
1.333154964447021484e+01
1.850901222229003906e+01
1.309587574005126953e+01
1.285592079162597656e+01
8.775485038757324219e+00
1.525131225585937500e+01
1.769399261474609375e+01
9.824477195739746094e+00
9.836290359497070312e+00
1.125738811492919922e+01
7.341026306152343750e+00
1.713341140747070312e+01
9.460143089294433594e+00
1.444063472747802734e+01
8.216403007507324219e+00
1.506259155273437500e+01
1.103078365325927734e+01
7.987056255340576172e+00
1.810108757019042969e+01
1.370235347747802734e+01
1.364654064178466797e+01
1.597266101837158203e+01
9.868913650512695312e+00
1.238099384307861328e+01
1.413252544403076172e+01
1.150901603698730469e+01
7.603876590728759766e+00
8.879852294921875000e+00
1.497412014007568359e+01
1.063559436798095703e+01
7.238659858703613281e+00
2.346732330322265625e+01
1.863406753540039062e+01
1.290151691436767578e+01
1.579332923889160156e+01
8.842566490173339844e+00
1.109623241424560547e+01
5.793515682220458984e+00
1.340407752990722656e+01
9.952143669128417969e+00
8.359799385070800781e+00
1.648771476745605469e+01
1.292015838623046875e+01
1.230407142639160156e+01
1.320593929290771484e+01
7.608848094940185547e+00
6.630506038665771484e+00
7.779582500457763672e+00
1.401625251770019531e+01
1.049215698242187500e+01
9.826191902160644531e+00
1.118769931793212891e+01
5.462236404418945312e+00
1.118706703186035156e+01
2.035899734497070312e+01
8.695521354675292969e+00
1.545765209197998047e+01
4.425790309906005859e+00
1.545833778381347656e+01
1.679253959655761719e+01
1.086310768127441406e+01
1.579204845428466797e+01
7.273467540740966797e+00
1.606341552734375000e+01
1.047152900695800781e+01
1.631178092956542969e+01
9.346095085144042969e+00
1.131210517883300781e+01
1.569331264495849609e+01
8.302752494812011719e+00
1.077930068969726562e+01
1.449819850921630859e+01
6.757731914520263672e+00
1.080416202545166016e+01
5.161249637603759766e+00
9.359896659851074219e+00
1.039307212829589844e+01
1.196445846557617188e+01
9.746117591857910156e+00
1.264437866210937500e+01
1.514338111877441406e+01
9.758681297302246094e+00
1.219975757598876953e+01
1.061950206756591797e+01
1.442475414276123047e+01
1.579607391357421875e+01
6.669387340545654297e+00
1.660871887207031250e+01
8.817505836486816406e+00
8.204400062561035156e+00
1.212031936645507812e+01
1.064978790283203125e+01
7.858589172363281250e+00
5.793578624725341797e+00
1.515853309631347656e+01
1.457326221466064453e+01
9.598999977111816406e+00
6.286672592163085938e+00
1.635344505310058594e+01
1.160663318634033203e+01
8.187057495117187500e+00
1.476545715332031250e+01
1.124575233459472656e+01
1.787903785705566406e+01
1.219696331024169922e+01
7.687388896942138672e+00
1.940750694274902344e+01
1.475481605529785156e+01
1.477948665618896484e+01
1.305123805999755859e+01
9.255209922790527344e+00
1.419019031524658203e+01
8.129298210144042969e+00
1.247588825225830078e+01
1.942880630493164062e+01
8.362490653991699219e+00
1.435334682464599609e+01
8.961763381958007812e+00
1.579837703704833984e+01
1.696250724792480469e+01
8.833865165710449219e+00
9.727022171020507812e+00
1.771355628967285156e+01
1.278108882904052734e+01
9.897785186767578125e+00
3.991695165634155273e+00
8.634104728698730469e+00
1.445959663391113281e+01
1.214340496063232422e+01
9.874986648559570312e+00
1.424448394775390625e+01
9.438408851623535156e+00
1.109194850921630859e+01
1.413929939270019531e+01
1.405751800537109375e+01
9.690943717956542969e+00
1.242117214202880859e+01
1.377031230926513672e+01
9.011060714721679688e+00
1.540555572509765625e+01
1.639500236511230469e+01
8.586447715759277344e+00
1.309145355224609375e+01
2.311016464233398438e+01
1.029341316223144531e+01
1.281723976135253906e+01
1.087228775024414062e+01
7.695765972137451172e+00
1.186616230010986328e+01
1.089679050445556641e+01
1.724246025085449219e+01
1.430160999298095703e+01
8.930088996887207031e+00
1.631983184814453125e+01
9.174529075622558594e+00
1.580117321014404297e+01
1.147910404205322266e+01
6.379399776458740234e+00
8.082144737243652344e+00
6.938107490539550781e+00
1.082266521453857422e+01
1.232548809051513672e+01
1.782958602905273438e+01
1.223142910003662109e+01
1.158139038085937500e+01
1.044642448425292969e+01
1.126033973693847656e+01
1.733475875854492188e+01
1.023120689392089844e+01
1.529152584075927734e+01
1.659479522705078125e+01
9.854850769042968750e+00
5.627948284149169922e+00
1.130218124389648438e+01
1.199069881439208984e+01
1.901439476013183594e+01
1.369987487792968750e+01
1.491477870941162109e+01
1.210097789764404297e+01
1.227735900878906250e+01
9.201376914978027344e+00
1.450644683837890625e+01
1.386357879638671875e+01
1.169382858276367188e+01
1.127017307281494141e+01
6.599984169006347656e+00
1.535011959075927734e+01
1.386972236633300781e+01
1.832810974121093750e+01
1.264919567108154297e+01
1.002346706390380859e+01
8.214297294616699219e+00
9.745201110839843750e+00
6.393055915832519531e+00
6.533949375152587891e+00
9.922725677490234375e+00
1.920369148254394531e+01
1.389176464080810547e+01
1.477302455902099609e+01
1.043403911590576172e+01
8.843184471130371094e+00
1.727392578125000000e+01
1.434791851043701172e+01
1.506875896453857422e+01
1.117716884613037109e+01
1.149140739440917969e+01
1.493934059143066406e+01
1.049739074707031250e+01
6.999762058258056641e+00
1.154426860809326172e+01
1.745742034912109375e+01
1.046759510040283203e+01
1.087844753265380859e+01
1.249172687530517578e+01
1.207569789886474609e+01
1.382001209259033203e+01
8.282343864440917969e+00
9.086736679077148438e+00
1.447204494476318359e+01
1.295604228973388672e+01
1.011099720001220703e+01
1.002174282073974609e+01
1.062075424194335938e+01
1.854901123046875000e+01
9.026582717895507812e+00
1.223740005493164062e+01
1.670467948913574219e+01
8.050781250000000000e+00
1.420998668670654297e+01
1.143640041351318359e+01
1.069251060485839844e+01
1.449067211151123047e+01
1.145683479309082031e+01
1.169913005828857422e+01
7.843283176422119141e+00
1.062251853942871094e+01
