1.091586898439429465e+00 1.740908989085935277e+00
9.323921310691650755e-01 9.428861860118393778e-01
9.339578618120966125e-01 8.564104145846456184e-01
9.237935606346597828e-01 9.152901548818197508e-01
1.016937862462290454e+00 1.031245728428132669e+00
1.082895036675007416e+00 4.081274740442752069e+00
1.060841299146240591e+00 1.236589969583632875e+00
1.128852104379696408e+00 2.218431271221191103e+00
1.040474552424094146e+00 1.258588939256554573e+00
9.444928557487214382e-01 9.264208334083969820e-01
9.715303588914028232e-01 1.310876956583992170e+00
1.003715579290311188e+00 1.323520658347819845e+00
9.874791763186739901e-01 1.161303847877834361e+00
1.083526099104141549e+00 4.249406181893587764e+00
1.124522736615230611e+00 4.244109731164904531e+00
1.033721973756856372e+00 1.720329139469524815e+00
1.119000595508687468e+00 3.877701981177538837e+00
9.252486508441797319e-01 9.812656208209833419e-01
9.381395106305452369e-01 8.219342043260745578e-01
9.404388196556831003e-01 8.727579914505786407e-01
9.442187183236860903e-01 1.041649219845944163e+00
9.584630836960220668e-01 9.303250895849639601e-01
9.399253795438856640e-01 8.645064331085201559e-01
9.901438635172700176e-01 9.235777265710600759e-01
9.947348310850069319e-01 1.386340847315632230e+00
1.010445851625054070e+00 1.182276024972877204e+00
9.736652098938241018e-01 1.212624372910387605e+00
9.788832758837252568e-01 9.606217857049564879e-01
9.940940316062593096e-01 1.102956353307700699e+00
9.833600818190569859e-01 1.026847545264598649e+00
9.461895629846167610e-01 8.735439261148372214e-01
1.140776923343888472e+00 4.715533038921968512e+00
1.062054121562303610e+00 1.869115537677984884e+00
9.497939932755005144e-01 9.722427910389194183e-01
8.986377659867166301e-01 8.401271964906211753e-01
9.555603592316539441e-01 9.906751245301317343e-01
9.797062734451749133e-01 1.023622125644446879e+00
1.018251518246316545e+00 1.029708927792550188e+00
1.039562292724871329e+00 1.692525743008153505e+00
9.673159535747576365e-01 8.555345469059203456e-01
1.036700929109909852e+00 2.344548063219250356e+00
9.249134311684389376e-01 9.117786159472603957e-01
1.061044851202342709e+00 1.893358804426698017e+00
9.650602332252060656e-01 9.408884956107337327e-01
9.434963749768744412e-01 8.432628965728304893e-01
9.726779559808580444e-01 9.207055339195675536e-01
9.990449892138293375e-01 1.061444146182348947e+00
9.610108068072814591e-01 9.775855920316066650e-01
1.016368336020281093e+00 9.853353993633668928e-01
9.843408900624277535e-01 9.983199920498764257e-01
9.667570133724230352e-01 1.158532980325351902e+00
9.823132996837975472e-01 9.864424802381546176e-01
1.091652655363982261e+00 4.281045844873065498e+00
9.683635128549381577e-01 1.147148171095452973e+00
1.098644407250243926e+00 3.580777902715784666e+00
9.926078368708196598e-01 1.029653284584970852e+00
9.454080014784924657e-01 1.101857176882526934e+00
9.996927934186775611e-01 8.964977452561349036e-01
9.363839412264666207e-01 9.136951985702082002e-01
1.029151954001917835e+00 1.188101948735524882e+00
1.194549759680665346e+00 4.773467454827457601e+00
1.008159838998748281e+00 9.985475476817053941e-01
9.726038217139875153e-01 1.112745386176265283e+00
9.763103148730244429e-01 9.255994486516611053e-01
9.818655083147231899e-01 9.787118028076229326e-01
1.125277145824876923e+00 4.568102676346645019e+00
9.690633706293318994e-01 9.646637607840455875e-01
9.826192927199923766e-01 8.737492943061674344e-01
9.618832754588497735e-01 1.136556542031209149e+00
1.009646404285218013e+00 9.169490116564390503e-01
9.759709217474070719e-01 1.021562520200072877e+00
1.018852715956026778e+00 1.263970860792871687e+00
9.547649406917301240e-01 9.844680781165342509e-01
1.032473264317840034e+00 1.642194271162033647e+00
1.047102132625215232e+00 1.365743976171013063e+00
1.039362837981161691e+00 1.309990377355008118e+00
9.557765696076929718e-01 9.202097221554520479e-01
9.190579256469897373e-01 1.149801389325730394e+00
9.777159287056952364e-01 9.428809185270945470e-01
9.642805081539531642e-01 9.765346097131274439e-01
1.004706246504988076e+00 1.127870148234606074e+00
9.669259876863852687e-01 8.630509334181879488e-01
1.047090125347780676e+00 1.323812156420145048e+00
9.646850223199010532e-01 9.318920960907401962e-01
9.490342893287043724e-01 8.579299352415902247e-01
9.035605303952677358e-01 8.779558000502230009e-01
9.815323561196146462e-01 9.163468043069838975e-01
9.511332511559830172e-01 1.149292063396643915e+00
1.027968841432745695e+00 1.686201357582108651e+00
1.011536946721535823e+00 1.485729808160546117e+00
9.470515990781035454e-01 8.001385744104279052e-01
9.486782559798019321e-01 1.082408735060859550e+00
1.010923256688782690e+00 1.403950541666553198e+00
1.008384245756629882e+00 1.292337461471907423e+00
1.048820157486738402e+00 1.979031800235835803e+00
1.008164922880893100e+00 1.088277979025705555e+00
1.186797973102576620e+00 3.332754528544596084e+00
9.713662030815455317e-01 9.155206241889263241e-01
1.005993066698783744e+00 1.018315076034775890e+00
9.511522082243384357e-01 1.024626125470938787e+00
1.037338624369657403e+00 1.464082319941295118e+00
1.007649593563499479e+00 1.415136221017221141e+00
9.329479585056088542e-01 8.686707914748760251e-01
1.044136480014960844e+00 2.393832094485045303e+00
1.001642589094939417e+00 1.277841279866099855e+00
9.797452697631978680e-01 1.509897388622209569e+00
1.078364713832275390e+00 1.393762984253795967e+00
1.001339759933435714e+00 1.150146994239583886e+00
1.021412256366239779e+00 1.132414086096467543e+00
9.680754767982978626e-01 1.010478441239984093e+00
9.916873457150863214e-01 1.235128400936726933e+00
9.970160145263886609e-01 1.328685998162514315e+00
1.040173268073994572e+00 1.190968211808015376e+00
8.986176407055699311e-01 1.041600843764307394e+00
1.014666027563196460e+00 1.246490711514810057e+00
9.597169132252328927e-01 9.122711602609595571e-01
1.026193095304619884e+00 1.079886437297703283e+00
1.062832983259845765e+00 1.311812041776701188e+00
1.029191225541545629e+00 1.421536450703911658e+00
9.858270350355822220e-01 9.952170029602155354e-01
1.001525043013092642e+00 1.167798629268966604e+00
1.016789939415543298e+00 1.025358689762458475e+00
1.006372993049196474e+00 1.306466232903503055e+00
9.812873310121222881e-01 9.486224077241219854e-01
9.660151970667638643e-01 8.998739322189995837e-01
1.018827188413293783e+00 1.266827396831352370e+00
9.482845050768881068e-01 1.011268095585377225e+00
1.028173900081474912e+00 1.399117412572389529e+00
9.348476628244746234e-01 1.112317537464160067e+00
9.819753533997432893e-01 1.094054790713018255e+00
1.016435875434102964e+00 1.244295935797079089e+00
9.455202429637454831e-01 1.092120827837018915e+00
9.574489021711359849e-01 9.210329071222203012e-01
9.759824624122905856e-01 8.907208253271405862e-01
9.805078672410735274e-01 8.982001845249453220e-01
9.795639189903624366e-01 8.413249435329031023e-01
1.080407424193568833e+00 1.419275724136922712e+00
1.069047751477163910e+00 1.242435891770458323e+00
1.032201852111144236e+00 1.406901459838917567e+00
9.934582804104037379e-01 1.060924546961063974e+00
9.341785146392923567e-01 8.836036974717494941e-01
9.873866036799738843e-01 1.048016055930843793e+00
9.593653748673898196e-01 1.133469116314893999e+00
9.392297888322170829e-01 8.830663352046246306e-01
1.018502066814499507e+00 1.096228906660389857e+00
9.407667092433106282e-01 9.049958780323086316e-01
9.330805092120761923e-01 1.057598759198642879e+00
1.006602793299508081e+00 9.757111486265211964e-01
9.525431098489538506e-01 1.309859799071394493e+00
1.053719221836029618e+00 1.149841387950042870e+00
1.002527774687996365e+00 1.042727086892465849e+00
9.897108713668308910e-01 9.540892735727686258e-01
9.786518213617420026e-01 1.079851068473366649e+00
1.027639361390361605e+00 1.447885426904412576e+00
9.389672402346163071e-01 8.567970710448062910e-01
1.042354983197378404e+00 1.457105632744111867e+00
9.450442799573983699e-01 9.338466910398999232e-01
1.039276160731495313e+00 1.246806790425357025e+00
9.586561102437324289e-01 9.194470773103663452e-01
1.028184781970666428e+00 1.209074069129882023e+00
9.415142611741624812e-01 9.170223869114544346e-01
9.916826804546257090e-01 1.039206461563630945e+00
9.544861697932789379e-01 9.019305023783612540e-01
1.019526344844915666e+00 1.185896735362163001e+00
9.709739779489537925e-01 9.017791581911790422e-01
1.022574343317085521e+00 1.346188126304941335e+00
1.005090093695246711e+00 1.023984949745176065e+00
1.003980310385717889e+00 1.010192531345061040e+00
9.879629741030976353e-01 1.231524948743036196e+00
9.695834313572111451e-01 9.927745031817302168e-01
9.608417607123795889e-01 9.410183396133282585e-01
1.045697945121581540e+00 1.422481254465755462e+00
1.085009195362249379e+00 1.413194181174601161e+00
9.599693448114184902e-01 1.144994151348480038e+00
9.610281601367757220e-01 1.103201733903434345e+00
9.697589587971051639e-01 9.603513831932593003e-01
9.306945397318255875e-01 9.230262305994018091e-01
1.039493714661164026e+00 9.855690929480465101e-01
9.441548657543390455e-01 1.141919426692239226e+00
9.346378547492698585e-01 9.564816424003508288e-01
9.366784267448922119e-01 8.967880348962067316e-01
9.538501848839064934e-01 1.143311474297722174e+00
9.777864311622664895e-01 1.055180258208465505e+00
9.728813522199595276e-01 1.368082259105791287e+00
9.814973458508348125e-01 9.554808069922006153e-01
1.011755061575102976e+00 1.371746456203183140e+00
9.476379793806948282e-01 9.430547467793264360e-01
9.301502285989804442e-01 9.778474746167156173e-01
9.728907927075101103e-01 1.155591632107219491e+00
1.030134983568943285e+00 1.484638604732642087e+00
1.049198235680129043e+00 1.176584010257547996e+00
9.814375776211552438e-01 9.850812757147514587e-01
9.718739297653424813e-01 9.995881913406932107e-01
9.140220095237229225e-01 9.150966288890148848e-01
9.145194292068055120e-01 9.688160959766676239e-01
1.005032791444546936e+00 8.934307872718090238e-01
9.517109062389452756e-01 9.071139617917616249e-01
1.003578418618850554e+00 1.203620785223738388e+00
9.818758308831978532e-01 1.001627467138498373e+00
1.009868175288629599e+00 1.264337349074363903e+00
9.731042223100111466e-01 1.005016910248511142e+00
9.674657703944288256e-01 1.070736725712646997e+00
9.728616353889030233e-01 1.202788548650986611e+00
9.607496182467893941e-01 9.021563440276306745e-01
9.166004586486989902e-01 1.009598481158481720e+00
9.983927015825224682e-01 1.058991892245227717e+00
9.164224497565820471e-01 9.054338569017978955e-01
1.037513320448733900e+00 1.106683553738106784e+00
9.224343835201573860e-01 8.189435635983893791e-01
9.799965039305371661e-01 1.278627341709588583e+00
9.538046287157274650e-01 9.062641247719097626e-01
1.000842709883128512e+00 9.916839753036044147e-01
9.354670166283254318e-01 8.397181183615659572e-01
1.054621167928258663e+00 1.423912675559921848e+00
1.003725722269630749e+00 1.141085770945209799e+00
1.019576606118040241e+00 1.531929271619729249e+00
1.006151157516055106e+00 1.229453439365498557e+00
9.210455315039909330e-01 8.433626417739628067e-01
1.037477851261534578e+00 4.850495215260607118e+00
9.827906450639855018e-01 1.255523812097897096e+00
9.042820762640616516e-01 1.007639325699594357e+00
9.659153691232793548e-01 9.239724216591689299e-01
1.016369380155245805e+00 1.147747557004848984e+00
9.520093715844447635e-01 8.486776085436134043e-01
1.034069194933528335e+00 9.489817679358927283e-01
1.107254623484457356e+00 4.535353723917791235e+00
1.118697088239222648e+00 3.958003497316993524e+00
9.900237403518322710e-01 1.085897997914739843e+00
1.034989905225425000e+00 1.465907934106462029e+00
1.029020293621252247e+00 1.243059504779274738e+00
1.001964390859810150e+00 1.013831285656078718e+00
9.293203046194380423e-01 8.761930772817769775e-01
1.041370164780877960e+00 2.112511433199260491e+00
1.015595115401507931e+00 1.121871409485888149e+00
9.663967088938465455e-01 1.095865612746264262e+00
9.829590178733220718e-01 1.071805221517020401e+00
9.350323366804289549e-01 8.924557752523510912e-01
1.077715871438359230e+00 1.436200337948497996e+00
9.439444817082468520e-01 1.094207690124973986e+00
1.002530490084345693e+00 1.068986090778930143e+00
1.010940165467484331e+00 1.070927770957704972e+00
9.520125783836650424e-01 1.003516556769512569e+00
1.198716252632219037e+00 4.378483142792824800e+00
1.030897037683547790e+00 1.657319021335712517e+00
9.400632683393097544e-01 9.569659887437917956e-01
1.026955853372623517e+00 1.295120140309326651e+00
1.145086698328432018e+00 4.374699996911245670e+00
1.008904184569040519e+00 1.323489434455322744e+00
1.012679435969355612e+00 1.254603624816850393e+00
1.026931823768928664e+00 1.146509657046800301e+00
9.695788561478020373e-01 1.007238105149017349e+00
1.001313418282126610e+00 1.159068788285987361e+00
9.729892127442978378e-01 9.689317515013544657e-01
9.881327675849788106e-01 1.292412087224326322e+00
9.339474598671040351e-01 1.038062966700352474e+00
9.349401241768711124e-01 8.953054030471101488e-01
1.179208001990228460e+00 3.239235964232082932e+00
9.768230055472537643e-01 9.521937934792721325e-01
9.740765859951664440e-01 1.210616699300917087e+00
9.682929733297970243e-01 9.202680211489017159e-01
1.072489190660712799e+00 1.262496281845049140e+00
9.936043386015716017e-01 1.213360556255413281e+00
1.029176083075765469e+00 1.106723309438533143e+00
9.910467355674026368e-01 8.587418909726408645e-01
9.558906980130982278e-01 8.896218715145799427e-01
9.526926965441351314e-01 1.008522334861441827e+00
1.008294791774117183e+00 1.054725074119239325e+00
1.017588929006517873e+00 1.183267729523205691e+00
1.038406110988985720e+00 1.268494202968428075e+00
1.002766002110043964e+00 1.522993827017993462e+00
9.341424976134891089e-01 9.039383182343072587e-01
9.393312926758140557e-01 9.760114347256172440e-01
9.729923232429043001e-01 1.034259941795756976e+00
1.003370132177262120e+00 1.118442434113431583e+00
1.037557654730084655e+00 1.360513282082066233e+00
9.418093861278362677e-01 8.316113678095258255e-01
1.036950841224000941e+00 1.045169059863083616e+00
1.061778185487221471e+00 3.963433907033560022e+00
1.073030692644425299e+00 1.492239026149560832e+00
1.033179756025699003e+00 1.210380297529279003e+00
9.678264751691005863e-01 1.041966183506202626e+00
9.443874293824500166e-01 1.277501183589747624e+00
9.430924288439607173e-01 8.244334936842704353e-01
1.038763708466042379e+00 1.311792646179234856e+00
9.929521422969947997e-01 1.352103076113102764e+00
1.001483405460000586e+00 1.284692611412553864e+00
9.715400429213473243e-01 9.904641373708092944e-01
1.001372414794896137e+00 1.029518127348846956e+00
9.585501493184932498e-01 9.742673587974230998e-01
9.840913670534072732e-01 1.061337435269092744e+00
9.565954781414196528e-01 8.901553245800002401e-01
1.024933031962546259e+00 1.096667708722514289e+00
9.516109375957491068e-01 1.055983098853026991e+00
9.878393846536105416e-01 1.318766365287129982e+00
1.020915240465205098e+00 1.305137026207267237e+00
1.172372508269948543e+00 2.565360892140776894e+00
1.129013874918693094e+00 4.595400999272179376e+00
9.862774152618291046e-01 1.202189837247759963e+00
9.731662411329941031e-01 9.426963077326165896e-01
9.758103650512801597e-01 9.679241713055041219e-01
9.465456313136995092e-01 8.855473831974657317e-01
9.908139725944602461e-01 1.288701682246736979e+00
1.003710564871811650e+00 1.168380179909744410e+00
1.051320843099651237e+00 1.532418008041834145e+00
9.835485976465500046e-01 1.365363667542097481e+00
9.448750181620912958e-01 8.934343149227533809e-01
9.327138366636197331e-01 9.979763603000677552e-01
1.005223183325324010e+00 1.079301145020792330e+00
1.186237573948065727e+00 3.026300082213337017e+00
9.950534389691989556e-01 1.272538506936698566e+00
1.003706981503038387e+00 1.236715367472155380e+00
9.830896708777462356e-01 1.003728249450851484e+00
9.571681087471767269e-01 1.007489998500871842e+00
9.577875824344560529e-01 1.174451976702891587e+00
9.925732505629645264e-01 1.297360620987237256e+00
1.002421694001444985e+00 1.001926509900443296e+00
1.000576087361606747e+00 1.197091852185884653e+00
1.031312192493647917e+00 1.618741926578673107e+00
9.718703501341088291e-01 8.800912415290824686e-01
1.036223416334908221e+00 1.008445290322166121e+00
9.637800213828073836e-01 9.912554828956123831e-01
9.149583399081838708e-01 1.007690818337479755e+00
9.899325372658190902e-01 1.068175496519222722e+00
1.075490385929652071e+00 1.186254960940897440e+00
1.039303436040782680e+00 1.230228794896842448e+00
1.075171769704847957e+00 2.980597034192672190e+00
9.698881874037826867e-01 9.953085399567207503e-01
9.556023503043994394e-01 1.379495187395323619e+00
9.190386883849099853e-01 9.258487225544437260e-01
9.568473831267640950e-01 9.638448878738453685e-01
8.953067907132495895e-01 9.267477790044307273e-01
1.022884922594667234e+00 1.427335574121015860e+00
9.908666554902278989e-01 1.332572757769761029e+00
9.886926136082789807e-01 9.327292581561880125e-01
1.002844080364521995e+00 1.037122529961746142e+00
9.565070324260767087e-01 9.542047569931634277e-01
9.800250247497850342e-01 9.789442758088894303e-01
1.019826506653150666e+00 1.568351563629602818e+00
1.159232063034652205e+00 4.063844475940136647e+00
9.987904629570469872e-01 9.959043337944728513e-01
9.971010644982082338e-01 9.016241963934009673e-01
1.099164349621781112e+00 3.806175654710597822e+00
9.972197237002220493e-01 1.155338509272557657e+00
9.723878172143050058e-01 1.363740298799377637e+00
9.850373655713868803e-01 9.788212930757888008e-01
9.811420306564048177e-01 9.810468306866201305e-01
9.480891165404825571e-01 1.206870904013870094e+00
9.220353224002733050e-01 9.586628054666375132e-01
1.063186415270295004e+00 3.717003523380386643e+00
1.033746313061578048e+00 1.204071486495318810e+00
1.014981669789261742e+00 1.141121253022383542e+00
1.062295917621949304e+00 1.248279130253650893e+00
1.020551244720127482e+00 9.969010555186545997e-01
1.068118388264159391e+00 1.074307432668047069e+00
1.032909508071092608e+00 1.460230378686758757e+00
1.024373018550536196e+00 1.208699700032051849e+00
1.019358101840473374e+00 1.478752965241262540e+00
9.487110075900330175e-01 8.059526401178863653e-01
9.593936053278860898e-01 9.568692059893230129e-01
1.002875913445997247e+00 1.011104765978468434e+00
9.686070093536847114e-01 1.088142190297886280e+00
1.048377264184653823e+00 1.236275362629669861e+00
1.046486748592949434e+00 1.277370539599622434e+00
1.029568269959590276e+00 2.899276750842082251e+00
9.576539000485275732e-01 1.262150880837604294e+00
9.602059980155269736e-01 9.599970721323823897e-01
1.008811852187331715e+00 1.130000517014368766e+00
1.003985797751959730e+00 9.427556386266047195e-01
1.009597662503418869e+00 1.413020641195602778e+00
1.014395212200829066e+00 1.301313473729946546e+00
9.808174233419367782e-01 1.070680842988245063e+00
9.936436798524473923e-01 1.101586062630306895e+00
9.532708926011407291e-01 8.522787963708624570e-01
9.751962304407534310e-01 7.832666180352119145e-01
9.869158066930850959e-01 1.194140838449431419e+00
9.874042623729717416e-01 1.318578493215660341e+00
9.825076301475392793e-01 9.554530141000100452e-01
9.971663159945400867e-01 1.377284887848156281e+00
9.249194624600670656e-01 8.457251531768757991e-01
9.980428630942302926e-01 1.002343853643602234e+00
9.854759924528940784e-01 1.136376456983009708e+00
1.022322317688271864e+00 1.380674565128691800e+00
1.031528895880235108e+00 9.865977972584971667e-01
1.054268056527673636e+00 1.151776214227533846e+00
1.014221220808809942e+00 1.338066649291675958e+00
9.763238869575188161e-01 9.439945578096932133e-01
9.515954057438387181e-01 9.593020520120042471e-01
9.692314774599232186e-01 1.006882755309238320e+00
1.042600178525781685e+00 1.312496202093775599e+00
9.382660448957699240e-01 1.044224329910258042e+00
9.824690077079130113e-01 8.488458498949258413e-01
1.026514387173136811e+00 1.198709291297254120e+00
9.929703592237550946e-01 1.319215102220998803e+00
9.447487970989074668e-01 1.036072189282944755e+00
1.106655906951420132e+00 4.128488458754646651e+00
9.990502328526835729e-01 9.281032893658799354e-01
9.979100631942243727e-01 1.092040124165541970e+00
9.999759785805624190e-01 1.337482549239887408e+00
9.800324810695137945e-01 1.047875639704887174e+00
1.016084703901727782e+00 1.492819151316648885e+00
9.162072777019413250e-01 8.880258387509347706e-01
9.808311724855218738e-01 9.318063376130317765e-01
9.881163214272001838e-01 9.437469388423691541e-01
1.018857353786948083e+00 1.289001361848651772e+00
1.020473120162590508e+00 1.315730307331080429e+00
9.314972113628707806e-01 9.983710145152887572e-01
9.740357512593804667e-01 9.056893267070009745e-01
9.972957567328215589e-01 1.264885400533297011e+00
9.379366201660055413e-01 8.397636546476163755e-01
8.883057526221072031e-01 8.477392422929607152e-01
1.061432470044972431e+00 1.337558815975918414e+00
9.320279959282351534e-01 8.959883721333725681e-01
1.003835575150014092e+00 9.148789086571618157e-01
1.026510068221302641e+00 1.381144382530744341e+00
9.829775838177100544e-01 8.859534565033055920e-01
9.454162228554369163e-01 1.032973290081646178e+00
9.723020955379237940e-01 1.133275676893930717e+00
9.782315036983748602e-01 8.867017424446336227e-01
1.004266687738547992e+00 9.179585559194116673e-01
9.657932665148672990e-01 1.338569923304882892e+00
1.037973141073578187e+00 2.389615312076892373e+00
1.095523683453949904e+00 2.436020848464496513e+00
1.070923180196362567e+00 1.455020038943062310e+00
9.656029577250324625e-01 9.698139958268152672e-01
9.302829744578484661e-01 9.259370341681056882e-01
8.969966701133746945e-01 9.485735977904220517e-01
1.010839267515364348e+00 1.442323344116215766e+00
9.538833348462932848e-01 9.988286532125002504e-01
1.018894482568567739e+00 1.236220680326258314e+00
1.081226552381189920e+00 4.587281656153008313e+00
9.671762845393593322e-01 9.163483543145413135e-01
9.733514164819572212e-01 7.445328248722682396e-01
9.524120179168342748e-01 9.360869723372571283e-01
1.016961924796780492e+00 1.461373371500628071e+00
1.004823320509218076e+00 1.215337962829031948e+00
9.012530156504120482e-01 9.634056903800053417e-01
1.020057330978497268e+00 1.031391386418704981e+00
9.709416738699113703e-01 1.266409630443864343e+00
1.134984139207005027e+00 4.119871423159790602e+00
9.758702282794960992e-01 1.032197121141665175e+00
1.040904525955940185e+00 1.302669330074752496e+00
9.717361030407998257e-01 1.028175087538566679e+00
1.018371732295726639e+00 1.016954738505380984e+00
1.071793057667348226e+00 2.509641137530353117e+00
1.039410033848473081e+00 1.276550224318504956e+00
9.763943790269897782e-01 9.088948809108341464e-01
9.578945010188315567e-01 9.407842788169104020e-01
1.135013156201451601e+00 3.308396396415984153e+00
9.323014372821984974e-01 1.003524662257938127e+00
1.030038908760275485e+00 1.310690659319242002e+00
9.926618802593354385e-01 9.326102015161435999e-01
9.313294600509816057e-01 9.666171899133714218e-01
9.793765811587453740e-01 9.092344498853568435e-01
9.649241869953165684e-01 1.588218716971328881e+00
9.467291304926033213e-01 1.000441800455295072e+00
9.327891245824584399e-01 9.933492567872349577e-01
1.050172548611451706e+00 1.059633472026413559e+00
9.538636938831347445e-01 9.366395076823336163e-01
1.016863953982636959e+00 1.046548967466004898e+00
9.567517100512274997e-01 8.264913513498512998e-01
9.987097035855765359e-01 1.288533842544993924e+00
9.347439871298433012e-01 1.022594439638165653e+00
9.454872709370504280e-01 9.353341068029785710e-01
1.000880670019266283e+00 1.198336447368260727e+00
1.011185976496311367e+00 1.001099835184844133e+00
9.637298920732841889e-01 9.726059482858868677e-01
1.013334243442401528e+00 1.147970580652805106e+00
9.442775321576619696e-01 8.961083824951138199e-01
9.620686306804019372e-01 1.216364774051709174e+00
9.267483841877411921e-01 9.676128483467013597e-01
1.012161930180815128e+00 1.131262743873958643e+00
1.038864363240897370e+00 2.257564811427492657e+00
9.536331160537780960e-01 1.104135490700299371e+00
1.013581428757071690e+00 1.280130023047051369e+00
9.816041510013968630e-01 8.776165665387667403e-01
1.026046972252372846e+00 1.384751959144633782e+00
1.049415434608057085e+00 9.857784645394374046e-01
1.006368253231777254e+00 9.955546516483555486e-01
9.208683640896583311e-01 7.831823487198342759e-01
9.940829724428097425e-01 9.055237590276647985e-01
9.999613518637976428e-01 1.207062826643934050e+00
9.997974620890940356e-01 9.886436072588804524e-01
1.127528233966620386e+00 2.978556193105330152e+00
9.077690917484442235e-01 8.433011993563507280e-01
9.797041845314533592e-01 8.757584145555382671e-01
8.801048328982483682e-01 8.786993556401123673e-01
9.653094791656733342e-01 1.217457397599970292e+00
1.108361086453521382e+00 3.676170798519074356e+00
1.000250378123158645e+00 1.240843759512254563e+00
1.173376692426503887e+00 4.746648084233491716e+00
9.355127337310799041e-01 9.275387790432431112e-01
9.846997477096096629e-01 1.104891977159524696e+00
9.144951915744539139e-01 8.706231509455286677e-01
1.001558415371390343e+00 1.323118169863601645e+00
8.949553341050179300e-01 9.589255925670595593e-01
1.024088645998467717e+00 1.017872800623547569e+00
1.107441598634255842e+00 4.103427675222777182e+00
9.537522499854891311e-01 9.601733425841321168e-01
1.034485954307823752e+00 1.147375905009517361e+00
1.007464004094509757e+00 1.396594069354510026e+00
9.989203026019874976e-01 1.243548630783079645e+00
1.020135510324823969e+00 1.531413370832502618e+00
9.392846283592165557e-01 9.009123312492161029e-01
1.018905170477357069e+00 1.480536122061045123e+00
1.001134506239329314e+00 1.037161373666063202e+00
1.153478741693664267e+00 4.841423208333879735e+00
9.946002034729941599e-01 1.057591897080888188e+00
9.826025916806783167e-01 1.021895756093265772e+00
9.273428632222781021e-01 8.625293607971100673e-01
1.036260735253324627e+00 1.309320254666266781e+00
9.620457622883267224e-01 1.030978122367386618e+00
9.727390080217915846e-01 7.918902295890520859e-01
9.897682467220632052e-01 1.021597489448409668e+00
9.945810873196446744e-01 1.021795500915196886e+00
9.242744615643745387e-01 9.700530580246280454e-01
9.479838241174952662e-01 9.755517784557873329e-01
9.558607470183169141e-01 1.159887049945677484e+00
9.721686943133335257e-01 1.254980379375888688e+00
1.053713026858984714e+00 1.215928106543077147e+00
1.056192005430174330e+00 1.321798685960943853e+00
1.104002015559387262e+00 1.545700903799903658e+00
9.796229397399075500e-01 1.302337110692238342e+00
9.955732128280183613e-01 1.341069842695811865e+00
9.343401720489419304e-01 7.797508010820887181e-01
9.343339939799686356e-01 7.464031781821233169e-01
9.401763235505539162e-01 1.047771008176219265e+00
1.004610359375263329e+00 1.042616233531799663e+00
9.692741628166586798e-01 8.631496417246355968e-01
9.870896842324813347e-01 9.365503617227569633e-01
9.456809257893833420e-01 1.103272113890169326e+00
1.019449185169003069e+00 1.048050781352694916e+00
9.422513144154156528e-01 1.119335357474782189e+00
9.924164532800913152e-01 1.116085954626655274e+00
9.690619419472590312e-01 8.641128409978228175e-01
1.028569180989165943e+00 1.506361460946450403e+00
9.540394122122914933e-01 1.214605753082168116e+00
1.045268986120297505e+00 1.370680486609799686e+00
9.436062355922746336e-01 1.343529023163694713e+00
1.024482526263249316e+00 1.957831167944277029e+00
9.798634374832676519e-01 1.109145040608433774e+00
9.567836909830635950e-01 1.214894514131661163e+00
1.064274049713089365e+00 1.381787804553562760e+00
1.043766107354178185e+00 1.533718184312733879e+00
1.000485046393509103e+00 1.390194387799715603e+00
1.073927018069148476e+00 1.813911205832245299e+00
9.636434709896771755e-01 9.982911249656221120e-01
1.081690296771145920e+00 4.404260583065553902e+00
9.450743607567054783e-01 1.514425288643357570e+00
1.029192499896302460e+00 1.162251798556676707e+00
9.533980201880261074e-01 9.317711537706132585e-01
9.387743506382821845e-01 9.866450701740557827e-01
1.117865265875588765e+00 2.518243111184337302e+00
9.459742001652807764e-01 1.081366855575185193e+00
9.684637878319353188e-01 9.884271276798959338e-01
1.036445726962246239e+00 1.292650973250944801e+00
9.657581606930065732e-01 1.008746148371032714e+00
9.892839049011632468e-01 9.280428098032631468e-01
1.118462582572894881e+00 3.520831591636921498e+00
1.021206137137805614e+00 1.292391716314287509e+00
9.817650430239527326e-01 9.589311084223413051e-01
1.010131732766289758e+00 1.180352929880089441e+00
1.036776843658384850e+00 1.347680669137849119e+00
9.492509586631061591e-01 8.027646632861938913e-01
9.793301020654043842e-01 1.264281816717293339e+00
1.030746833474827540e+00 1.108080890230316973e+00
1.037319231512104256e+00 1.428795804540914816e+00
1.011003216664966953e+00 1.546537014915874142e+00
1.075264452769123524e+00 1.229641068764467660e+00
9.811334235759057165e-01 1.082907349053760848e+00
1.004912835032703677e+00 1.322530744519678780e+00
9.683320872827954062e-01 1.024984492630798938e+00
9.967826549191616259e-01 1.216640894876851453e+00
1.033518875241442148e+00 1.078414805475979232e+00
1.143184423510447578e+00 4.533695429826715362e+00
1.010083455721844770e+00 1.331796086335910401e+00
9.758899203821458368e-01 1.045260281913859668e+00
1.029199016422872592e+00 1.248993549559095362e+00
1.062210006535845297e+00 1.590776317178483446e+00
9.704342462612601805e-01 1.206018671545726839e+00
1.120789770439171384e+00 3.641650320356513593e+00
9.735567170289423089e-01 1.336930817475198596e+00
9.399681030195421449e-01 1.085673994342530202e+00
9.876941378237015234e-01 1.018261634253801784e+00
9.935805628638566533e-01 1.124746680517364483e+00
9.817263679553669409e-01 9.455085032418050206e-01
1.010140427904070437e+00 1.251283421680203345e+00
1.027838311462990983e+00 1.373035158422283297e+00
9.464576398047802597e-01 9.953907467904877793e-01
9.591294992661156815e-01 1.103398921919996223e+00
1.053611000846941925e+00 1.144351174336553756e+00
1.079174905605033485e+00 1.402745689225156411e+00
1.034925307537271966e+00 1.400457716354725601e+00
9.943809834496417643e-01 1.126472107807110490e+00
1.003724680918604895e+00 1.278098679780349967e+00
1.012894223926354087e+00 1.189564939637375529e+00
9.778384953170337068e-01 1.145233096429659314e+00
1.089113780264399756e+00 1.900233238963761728e+00
1.044764340637427846e+00 1.232088524187245016e+00
9.915452237130951696e-01 1.249357168946786834e+00
9.780136314428174993e-01 1.235725422567508280e+00
9.281721846692500000e-01 9.347474603622989431e-01
1.168542563305223547e+00 4.821847266478148875e+00
9.545402812386150071e-01 1.131745980455888034e+00
1.051605873201274077e+00 1.207447884084765555e+00
9.570894261325972874e-01 1.026462665774776850e+00
1.007709410027222807e+00 9.012847045146108460e-01
1.015435049780116117e+00 1.200724553141838236e+00
9.466118178129554472e-01 9.237202153266730331e-01
9.637065017794249622e-01 1.110122534976496045e+00
1.059326518164685371e+00 1.159303488430279749e+00
1.059765007397095449e+00 1.682908050936318567e+00
1.048430502236069151e+00 1.266257840044898941e+00
9.585008848998525233e-01 9.014165253989292470e-01
9.277539387931108550e-01 8.744095798344195813e-01
9.506423651576014766e-01 1.139695298021849323e+00
9.877189778607468051e-01 1.005157003133827942e+00
9.598398401541933245e-01 9.288118929284029379e-01
1.004565791469650637e+00 9.781986341260918705e-01
9.751818049771250330e-01 9.651132426761818150e-01
1.031945507825378083e+00 1.416731210893114046e+00
9.713029869905903668e-01 1.150720860129778478e+00
1.004265845162215509e+00 1.015962360366343908e+00
9.935220926310908141e-01 1.059021548862654205e+00
1.004554966165734697e+00 1.169907096038675487e+00
9.595056344401509119e-01 9.247456723462325057e-01
9.556391045569609943e-01 9.871927463156313642e-01
9.647031629251253682e-01 8.696366406228839274e-01
1.096014753101924200e+00 3.023275064035078508e+00
9.571393710548224965e-01 9.840921432511371414e-01
9.374529790848180610e-01 9.507127508176167474e-01
1.020106829615802235e+00 1.149019865978436750e+00
1.004534712468639901e+00 1.353866754257373461e+00
9.910628541902504196e-01 1.137176836462028051e+00
1.066173898658845820e+00 2.321960242875864111e+00
1.000116980643575459e+00 1.198301356029815024e+00
9.849548758773445378e-01 1.047896556776277466e+00
1.037871210772246533e+00 1.319472451067580820e+00
1.118402224874824880e+00 1.228732183625215413e+00
1.013999023998816806e+00 9.805967044208994121e-01
1.038856759550856879e+00 1.220603743337511204e+00
1.046954511998234194e+00 1.405521966972035575e+00
9.525999145754612263e-01 9.574386238566269247e-01
9.638419946404590544e-01 9.822772580157250744e-01
9.864921308065739414e-01 1.028041360473625376e+00
9.873279487521081643e-01 8.805849453151406436e-01
1.215692705593036660e+00 4.835322961528397023e+00
9.685993183870884593e-01 1.119583220451578320e+00
9.803681300026567680e-01 9.924254728351350474e-01
1.119844483772945987e+00 1.295797245398596642e+00
9.511775112656531972e-01 8.674508452448477236e-01
1.032032663972987097e+00 1.903960407841575053e+00
9.670149630640799687e-01 9.033265004023810496e-01
9.037774551114307053e-01 8.790636971992795701e-01
9.906757026548050904e-01 1.051548385731479796e+00
1.003159946340392850e+00 1.150936917232840528e+00
9.563054288695767013e-01 8.415814971854610471e-01
1.186873686076475254e+00 4.783519362003300301e+00
1.019531860904050458e+00 1.263585218093511209e+00
9.896723412940113818e-01 1.277740025760700560e+00
9.966067084244185637e-01 1.127387963261220039e+00
1.082393014778890050e+00 3.262829846153994851e+00
9.203912772719742286e-01 8.581846135063818659e-01
1.147852124477416913e+00 3.241013095664945887e+00
1.014251170444198547e+00 1.076764582320358210e+00
9.651234551788683280e-01 9.239997007761113768e-01
9.652747207479205338e-01 9.558200203386476579e-01
9.421028755063441951e-01 1.267919391937031071e+00
9.659614869501007561e-01 9.453631370338478890e-01
9.764291130856692646e-01 1.174359822276924925e+00
9.052636446563392392e-01 8.672954588544178334e-01
9.981993632591826815e-01 9.980979015286612910e-01
9.718758488138651286e-01 1.272964421160545534e+00
9.522020526512828820e-01 9.593304626861567375e-01
9.383734904148735012e-01 9.358803831418204267e-01
1.029600583673800696e+00 1.227109687909544444e+00
8.968802434822624736e-01 8.408419770378948721e-01
1.008412710645204324e+00 1.339780932874729880e+00
9.951098397736348744e-01 1.057581755283912628e+00
9.812344123963941955e-01 1.149760310142569519e+00
9.659140731923898660e-01 8.262641992993094986e-01
1.054499200911602763e+00 1.317514873810256448e+00
1.105799740011627064e+00 3.955732302869119810e+00
1.002653604139507992e+00 1.237250642000024881e+00
9.954240686005720873e-01 1.413702260527813337e+00
1.141668371879116295e+00 4.483079162085892300e+00
1.039008434056070129e+00 1.478416523368321078e+00
1.204957593442360197e+00 4.539289748919020262e+00
1.026442276435061363e+00 1.282703218955967284e+00
9.528809032721354821e-01 1.198195546710768777e+00
9.404207048979789096e-01 8.244889083199820057e-01
9.547322202070275265e-01 8.876826600276230828e-01
1.007725509920559093e+00 1.361457507538321954e+00
9.470514230214281959e-01 9.408430505987870340e-01
9.997367280996540817e-01 1.215232895001006730e+00
9.701860210200426993e-01 1.173021800822194871e+00
1.051921158022966374e+00 1.154305816028720066e+00
1.009922342841869769e+00 1.023858906564337090e+00
9.978072545381789782e-01 8.737889250373012118e-01
9.920911567344462556e-01 1.033149798434894961e+00
9.848387794845099297e-01 1.138722407045944962e+00
9.569929088742907819e-01 9.674864565283519680e-01
1.001737118979744601e+00 1.488351110429148250e+00
9.806898926758517154e-01 9.529400395738694129e-01
9.384022854351032894e-01 9.395521681268352854e-01
9.966895502717032507e-01 1.555145338822695456e+00
1.105483960681183264e+00 3.152344501197518412e+00
9.491786295843076537e-01 1.139292650668173312e+00
9.952114458718862577e-01 1.037428364577779760e+00
1.019740251442736501e+00 1.181889385494261147e+00
9.566162845483497934e-01 1.056041258425581386e+00
9.698783854295278672e-01 1.193933122580241202e+00
1.062604339722713176e+00 2.453901205836379162e+00
1.026806850517999470e+00 1.142439173408978492e+00
9.729121464613283976e-01 9.027813746508946968e-01
1.041153346309833250e+00 1.130009582918173328e+00
1.019396665141934832e+00 1.376009781375615804e+00
9.974858569097392325e-01 1.068369302569605273e+00
9.757739895601592606e-01 1.143535617074402433e+00
1.015816438199890426e+00 1.025218373169144437e+00
1.007032420503653158e+00 1.093835360373473176e+00
9.700873811714635364e-01 1.159978122590846983e+00
1.111877892491072828e+00 4.065773010152737399e+00
9.669627864665455430e-01 9.542040518403615001e-01
9.541324532283375071e-01 9.270002247132367312e-01
9.897205414101911680e-01 1.036022482514343368e+00
9.718265024741975511e-01 9.659465596293573819e-01
9.878207621202169664e-01 1.233390048797786909e+00
9.567785109640901675e-01 8.703487293017698745e-01
1.067276657035532983e+00 3.958208187656713228e+00
1.026635221610829429e+00 1.258060594963168244e+00
9.696599084839900851e-01 9.479898006529310361e-01
9.708715436129186083e-01 1.110082744450304748e+00
1.035934030236046910e+00 1.525489832974679327e+00
9.857769316395087467e-01 1.088950954100441182e+00
9.526237217383159983e-01 1.192556275745378924e+00
9.694026735585326016e-01 8.899510153844512050e-01
9.757120334681864682e-01 1.193750895637126108e+00
9.704313065623590973e-01 1.225630221425115574e+00
9.108633432291813881e-01 7.957720800773568914e-01
9.671320938912081333e-01 9.012635332521702347e-01
1.125567819398730407e+00 4.478719875380160254e+00
1.007539135542760311e+00 1.327878732743456025e+00
9.985948067822092433e-01 1.267806809185049177e+00
9.545988870760444556e-01 8.976723995978069803e-01
9.959895005938702583e-01 1.116902675653145049e+00
9.726704225592983644e-01 1.352165325458523304e+00
1.051251931045996901e+00 1.193265885761910061e+00
1.053844646172311217e+00 1.117875786856195486e+00
9.878090959551880657e-01 1.313240660814592342e+00
1.057269262209016958e+00 2.428974974635972561e+00
1.025453503445926451e+00 1.264150190751801572e+00
9.595226123523856732e-01 1.082555928522800803e+00
9.870697842384468235e-01 9.545608703586889732e-01
1.006181406317757654e+00 1.016811914924115046e+00
9.567028516110502867e-01 1.279818410196827294e+00
9.975280736542795346e-01 9.487108794449792271e-01
1.000125108137020824e+00 9.202229370195810221e-01
1.050015175912236476e+00 1.640749519447181060e+00
1.012249732538281100e+00 1.230689898189484932e+00
9.487929455872162743e-01 1.252692493447278954e+00
9.716340191631990253e-01 1.033725112199862073e+00
1.061889670954790699e+00 2.825019146566531081e+00
9.784358750063173460e-01 1.092670852363204270e+00
1.009334984877634733e+00 9.584288614687637153e-01
1.009796977276428809e+00 1.192749641453446641e+00
9.648841976550089905e-01 8.010762517721686793e-01
9.947714057401283450e-01 9.984625603536393390e-01
9.797007473959243873e-01 1.150619613863933521e+00
1.026494397588746388e+00 1.106322100354148130e+00
9.320875915493282982e-01 1.235811446778457334e+00
9.670333419219848681e-01 1.346724397405414608e+00
1.013231226398290552e+00 1.128544194073019868e+00
9.825078838643624968e-01 1.217972742220440940e+00
1.029624667852647724e+00 1.420854095949396712e+00
9.814836115910620107e-01 1.009917243788711394e+00
1.023130721930485931e+00 1.178986821256542195e+00
1.003883703557708396e+00 1.309135702268490187e+00
9.781732333884403108e-01 1.049038597233713732e+00
1.006889852125200546e+00 1.478231333169996109e+00
9.518797659127454791e-01 1.164191392900384425e+00
1.074980608838733698e+00 1.425725755014167095e+00
9.444736554213605251e-01 9.571913050095284259e-01
9.739253601412060091e-01 9.885409466852536076e-01
1.052706200292430339e+00 1.462364291756950818e+00
1.047357117339126509e+00 1.476188774607474219e+00
1.033678842142013776e+00 1.193426479681346297e+00
1.042929785741354642e+00 1.878817819127247324e+00
1.019376781427720147e+00 1.301158093800455884e+00
1.016117572246769907e+00 9.910841000191903394e-01
9.910670102831008466e-01 1.082457449391705628e+00
1.059342822536812223e+00 1.358045142780667458e+00
9.190545411364211548e-01 8.899049141355681591e-01
9.916075590992935451e-01 8.805295897351229639e-01
9.621073465245929546e-01 9.939028775980895958e-01
1.041269529126324089e+00 1.575687408271043477e+00
9.602259550034949465e-01 1.007811523606519044e+00
9.901401335663857495e-01 1.349622288877682763e+00
1.038362886178860522e+00 1.355023274522918930e+00
9.634109975261275771e-01 9.583814718578271830e-01
9.601474947398440651e-01 8.726606477989324873e-01
9.889088165881174675e-01 1.007402549266843694e+00
1.029028157246169917e+00 1.139261784450107617e+00
9.312155116023254076e-01 1.167512650449404221e+00
9.569543817684670328e-01 8.670432963331824450e-01
1.033315214642596569e+00 1.384991135015587682e+00
9.504545966019877223e-01 1.238438792682528877e+00
1.000659974953124642e+00 1.253513431476784623e+00
1.021185173013513303e+00 1.125500792028377273e+00
9.454536677864177063e-01 9.238966409333894125e-01
9.749736772904290527e-01 1.264985184770308413e+00
9.118219769492024174e-01 9.928309395855675623e-01
9.389604251233552024e-01 8.767289844401239263e-01
9.463378035524421250e-01 9.210251112755892811e-01
1.011619148678778446e+00 1.283354513388233586e+00
9.686772375576866434e-01 9.700123619521034968e-01
1.012467002769684488e+00 1.225310929510463609e+00
9.264828678029227715e-01 9.797434777917048976e-01
9.959713120682247567e-01 1.081976173994295687e+00
9.760458228393530389e-01 1.101971442529255496e+00
9.526557076528721080e-01 8.912071273985732178e-01
1.067754019431152557e+00 4.418663159861350387e+00
9.545354214821860639e-01 1.153547649790818586e+00
1.073804348224958627e+00 2.241167775334158563e+00
9.729637086510047883e-01 1.116721535825968559e+00
1.114884042484993065e+00 1.300018373203666755e+00
9.885882353303931946e-01 1.323970248546600725e+00
9.879399795463167377e-01 1.336426400626824496e+00
1.031518696947183678e+00 1.235833426726145490e+00
9.863795677540674323e-01 9.766405341023873810e-01
9.815694773072748402e-01 1.135384614133355674e+00
1.016502709821278438e+00 1.069925317971892831e+00
9.585427474011808391e-01 1.133660626193443877e+00
9.989739652224535194e-01 1.459967777291828472e+00
9.727202896980243763e-01 1.104490502525139473e+00
9.608475786717849410e-01 1.134615196722155162e+00
1.045239824911831983e+00 1.514565187886895314e+00
9.534153329650667530e-01 9.850921701854796764e-01
9.913613732100305942e-01 1.043185047032672452e+00
9.139885768254066845e-01 9.193773886043140608e-01
9.446462502817224438e-01 1.301243235687515654e+00
9.649695296851736881e-01 9.430643031409260413e-01
1.023096737417719782e+00 1.030457496044447252e+00
9.159852932761620714e-01 9.023640260498165810e-01
9.890222406429062252e-01 1.172976759725549600e+00
9.878303840207721676e-01 9.956487709730793556e-01
9.641405744399675903e-01 9.671985201780848307e-01
1.008772779824090637e+00 1.246851967248239879e+00
9.588634750350800706e-01 9.028239120096687165e-01
9.881999261651692734e-01 9.568313720793532040e-01
9.581034378551349651e-01 9.004396261134006707e-01
1.063204751374428270e+00 1.361405711018782938e+00
1.028252542822507998e+00 1.449615752553928827e+00
9.694413290248222737e-01 1.111304206428963326e+00
9.545824859642446647e-01 9.669498037944462832e-01
1.053928488754011239e+00 1.377179680956935437e+00
9.925509321293998211e-01 1.034577403678923258e+00
1.016640269754628401e+00 1.039652974126258789e+00
9.149032581498013350e-01 8.615569529210833633e-01
1.041690887940047050e+00 1.472261377180716702e+00
9.353660995692125724e-01 9.736498011845341471e-01
8.937037420808949806e-01 9.380568586516554452e-01
9.516914412201572526e-01 1.024504130127236401e+00
9.945931075798229992e-01 1.136907397946238518e+00
9.972984129890907212e-01 1.094893592642268043e+00
1.042765472464291632e+00 1.108868740582868773e+00
9.920260678461714221e-01 1.202857130786382012e+00
1.007555259473757125e+00 1.239019948175267283e+00
9.743328482503059718e-01 1.292110619290575579e+00
9.861927641876522266e-01 9.366980134112685707e-01
1.037618719728870209e+00 1.301227011013196044e+00
1.009199026240041874e+00 1.318156570648619574e+00
9.398652742141176963e-01 8.907480615058137596e-01
1.009708282456234674e+00 1.238404967921398203e+00
1.000233269469570585e+00 1.395239951925324462e+00
1.002355747389934715e+00 1.199933097267203985e+00
9.961339249635896564e-01 1.412272775938931080e+00
1.022469598664582202e+00 1.563402973237786542e+00
1.027888439934654841e+00 1.324194156991299387e+00
9.940393936340363723e-01 8.782891775829936298e-01
1.053859478484450385e+00 1.328261203114092126e+00
1.035083889621227105e+00 1.207778762219929414e+00
9.360200485739907927e-01 7.884268870842758847e-01
9.693509516131877390e-01 1.103791125948461405e+00
9.984243512396561160e-01 1.373983927925527038e+00
9.407660262719572675e-01 1.117131728622882125e+00
1.026240433963490295e+00 1.075015585596250434e+00
9.591031541266477056e-01 8.869170801183989816e-01
1.014262027329103422e+00 1.284548365375605572e+00
9.869494201811834788e-01 1.163661845906479364e+00
9.861366402968531064e-01 1.057682299099190759e+00
1.013049328264540971e+00 1.285781699531607813e+00
9.643412759228624509e-01 8.365466021625928006e-01
9.626797133850916177e-01 1.183350597176926255e+00
1.175692687320084140e+00 4.579494279414850766e+00
9.649306556691983339e-01 1.095539361992910354e+00
9.227993988374574297e-01 8.999712803553790996e-01
9.601106841746831488e-01 1.081006826716347069e+00
1.004522622914608698e+00 1.293766944732968938e+00
9.641560988735555782e-01 1.011358875650225642e+00
9.207601831752498800e-01 1.010515179284882326e+00
9.837152275186834549e-01 1.073599458647926053e+00
9.732912110577649489e-01 9.112434813380553278e-01
9.196186533747305880e-01 7.809870155976830208e-01
1.056941780667003394e+00 1.871724648321787976e+00
9.774566714633690090e-01 1.178998575736827314e+00
9.963037171640467538e-01 1.057746925526797943e+00
1.009314447292995354e+00 1.632360529155608919e+00
1.080750531575294549e+00 1.150336401055768398e+00
1.136793548087497774e+00 2.843465672259823052e+00
9.543977298179985302e-01 9.562446078586235299e-01
9.341410182309091148e-01 9.328360426161184105e-01
9.726352062248652119e-01 1.468590383976918101e+00
9.892266631568487067e-01 1.030311607630093329e+00
1.058282645420515200e+00 1.532578350052347771e+00
9.554014570904690862e-01 1.285721897987818219e+00
8.934307110103345551e-01 8.325433773978319074e-01
9.553732677910473647e-01 9.470818559347831123e-01
8.910066717421822879e-01 8.267867495238079290e-01
9.756942489297844023e-01 1.136056418421657943e+00
9.380003681150309580e-01 9.481890530281551488e-01
1.023142236565134588e+00 1.143241944181067948e+00
9.561402996540038224e-01 1.060962348685922763e+00
9.991576731898116348e-01 1.005275067509148634e+00
1.008343297209985279e+00 1.293579201477736751e+00
1.119166735611268004e+00 3.513357690406618161e+00
1.004314951225666164e+00 1.186886315441910700e+00
9.570700362713464582e-01 1.170613608588694454e+00
9.392124902735954350e-01 1.393522583393207448e+00
9.783461010746098419e-01 1.216868026095797584e+00
1.010766410292544881e+00 1.091421280306298369e+00
9.598259448134546234e-01 9.059377547673287401e-01
9.824005717714135999e-01 1.108064613590573400e+00
1.016797115214113090e+00 1.243189717445645437e+00
9.464918944119420363e-01 1.038308130280666042e+00
1.045428217078203215e+00 1.227637099307719915e+00
9.486115897445392964e-01 8.156938844707406489e-01
9.839657924698570479e-01 1.260599138977054556e+00
9.143665321865337425e-01 1.012325799894622458e+00
1.028732268124357585e+00 9.970079886738464348e-01
1.000529761045461319e+00 1.301992768529846245e+00
1.020521480983653362e+00 1.349808797265080296e+00
9.574455410895863494e-01 1.123782669034583792e+00
9.633225669117271295e-01 1.297634466312143298e+00
9.917284431145727552e-01 1.022791914998040674e+00
1.022210662020470728e+00 1.370789881960845502e+00
1.112596436514887488e+00 3.249990289431162971e+00
9.745368921509047766e-01 1.281889831721894524e+00
9.620756894076917254e-01 9.630715613722552471e-01
1.024643266313751022e+00 8.976251504712416951e-01
1.002869689689359411e+00 1.440205821421509214e+00
1.028822233672569197e+00 1.146876858680396349e+00
1.068314644875660413e+00 1.950589412203812323e+00
9.777065780669887962e-01 9.643513844530193779e-01
9.169659175639960358e-01 7.999313860548051824e-01
9.354285090392944202e-01 8.393634506572240639e-01
1.028603450759618232e+00 1.346989691645020359e+00
1.115951823154821332e+00 4.307615520674213272e+00
9.656318660783103081e-01 1.199383291321197698e+00
9.981934169062228746e-01 1.254184445431265171e+00
9.761590914993091284e-01 9.185085568457188598e-01
9.987050563447726903e-01 9.324194201867098686e-01
9.790481475319326998e-01 9.219079084901646848e-01
1.001195728231911941e+00 1.234654514979922180e+00
9.774472653518950782e-01 1.117049957774080671e+00
9.931634241206214186e-01 1.192974776403470161e+00
9.674195437502650652e-01 9.980008925367831463e-01
1.164429635727314061e+00 4.542715650054033105e+00
1.008388531766869489e+00 1.370170415836801991e+00
9.798314527322387057e-01 9.811656129555357264e-01
1.023318367047915123e+00 1.200956471876701848e+00
1.123171578435545603e+00 3.690185266662099561e+00
9.745089154196330261e-01 1.293927543497283894e+00
1.000884657389012000e+00 9.079857992529216659e-01
9.691695292384931992e-01 1.151786157424057100e+00
9.375795772690277419e-01 1.016948398772829387e+00
1.197543935276925486e+00 4.834763723660812751e+00
9.372897836095445134e-01 1.049649463106595348e+00
9.925245593827064505e-01 1.047109927545924135e+00
1.005792201339181791e+00 8.585448236495899499e-01
1.097912345724413541e+00 3.020588228409435860e+00
1.047230675663345600e+00 1.456024207979898621e+00
9.203324192263189207e-01 1.341696040331256112e+00
9.781007969993774642e-01 1.277302107449122426e+00
1.026764779241146286e+00 1.296853670890704358e+00
9.196488202477545171e-01 1.044068484129934582e+00
1.136891172460394950e+00 2.992974386815366650e+00
8.892201789022717850e-01 1.003552786835118837e+00
9.546885040932456823e-01 1.086530589663750934e+00
1.049248285852039775e+00 1.080822000396618021e+00
9.821925668481854554e-01 1.453376996249852837e+00
1.004337409663285996e+00 1.440415865201620793e+00
9.268559505250185682e-01 9.401410618132882702e-01
9.463498773147863696e-01 8.677135164064389006e-01
9.619087174763859549e-01 8.399256382535604804e-01
9.474542882915734099e-01 1.005265626914985111e+00
9.842075176823479321e-01 1.291869495353306529e+00
9.864548068543623760e-01 9.545328941308386383e-01
1.030046826429123819e+00 1.107613108675830293e+00
9.649409274651110646e-01 9.905473341317027058e-01
9.555805567572229764e-01 9.116121986906567942e-01
