9.994294969147670127e-01 7.945838681517131130e-01
9.619073186464193181e-01 7.474431451464703668e-01
9.521702275924538439e-01 6.548427986345725094e-01
9.965287411124430506e-01 7.754885443418916280e-01
1.010525934512959134e+00 8.482541889010406511e-01
1.005457965450432756e+00 9.191459405772706148e-01
9.220084101803781573e-01 5.502160388474753860e-01
9.654069286103457159e-01 5.918296646513619974e-01
9.903917683337246647e-01 7.485228867269796416e-01
9.967628332686123693e-01 7.353080273870170602e-01
8.586063785832177553e-01 5.032904337151397067e-01
9.935583820998805660e-01 6.437015260588971888e-01
1.170747802134769033e+00 1.604830318616280449e+00
9.052302648796031193e-01 6.153968418017720099e-01
1.040202373971792493e+00 8.982746478251455446e-01
1.241918987183037171e+00 5.024469661594562986e+00
9.635662299930491947e-01 7.693454887778373719e-01
9.690947123221713699e-01 7.816567996505853211e-01
8.282497280243940052e-01 4.676266453360926612e-01
9.902003766152520647e-01 6.814487357575260695e-01
9.984548972085990348e-01 6.780882888800811026e-01
9.485827760388587659e-01 6.894301828437140456e-01
1.183861955783989339e+00 2.537948511369949145e+00
1.075213795444619702e+00 8.957849609735168972e-01
1.111300032138702765e+00 1.022983556598906940e+00
1.050526052672333233e+00 7.921747509398577858e-01
1.061026478815430441e+00 8.456553053622630767e-01
9.731989686415617458e-01 7.061591058603435833e-01
8.826450404247450088e-01 6.179937357156968236e-01
1.286454178601662113e+00 4.248562364641440325e+00
9.430043484889638616e-01 5.495658044855407098e-01
9.000819701043423215e-01 5.739220326190580534e-01
8.855323472063952872e-01 4.521377333903046081e-01
1.008453639823380321e+00 7.987334917368036358e-01
9.949166760807525156e-01 7.190494704991124975e-01
1.364334146255055558e+00 4.938876747927435140e+00
1.011913061048372642e+00 8.336622032649515512e-01
1.029898471170286767e+00 7.955463226927307341e-01
1.001802427897491077e+00 7.612403127811491199e-01
9.949845478150929345e-01 7.085831558334706459e-01
8.728276383655665382e-01 4.500675920373225503e-01
9.769553207381662663e-01 6.851109849173923072e-01
9.376300878452012988e-01 6.335258404791155318e-01
9.744652597644130054e-01 7.744311313748444281e-01
9.955376446099218901e-01 7.857876041468215833e-01
1.230104074531433334e+00 2.064759553096558342e+00
9.517296933548980986e-01 5.992771737386900499e-01
1.056315772216540383e+00 8.048683251593802268e-01
1.042366687711442585e+00 8.084613791601911181e-01
1.016151429987679489e+00 7.963121861643802646e-01
9.654324486781821202e-01 6.866934305646302805e-01
9.567260765567308090e-01 7.268570220531078707e-01
9.885301967876984897e-01 8.172802084985486548e-01
9.139626296471550226e-01 6.364085100515114446e-01
9.930712116764573993e-01 6.881589232784749433e-01
8.814346879955169412e-01 6.564713135340768391e-01
1.040882608266985310e+00 8.302467564434085068e-01
9.565569009350015639e-01 7.335613216472216536e-01
9.069931779321703802e-01 5.325520444592986014e-01
9.729226571971432147e-01 6.473998613502305322e-01
1.015440475623566208e+00 7.453153815816143668e-01
8.812293508661935837e-01 5.012291538721456163e-01
9.776016302383739864e-01 7.465781218777129968e-01
9.748372201552851779e-01 7.367525378021515525e-01
9.298882576571094738e-01 6.571064365585648215e-01
9.652958162746777537e-01 7.605507225074712441e-01
1.016898584531524596e+00 8.116605575391938610e-01
8.814749120284840478e-01 5.062097397994778092e-01
1.294396018577010032e+00 4.899983530629801187e+00
1.284398007838501998e+00 4.821297020415552304e+00
1.029889192855828028e+00 7.501035042702867139e-01
1.065641480206652725e+00 1.298477394986594424e+00
1.274821078994174739e+00 3.734727122938952260e+00
1.263672856907742670e+00 2.849886630696973455e+00
9.794567965693720124e-01 6.753740471539405599e-01
1.290503714250443634e+00 5.023169568608742530e+00
9.856080129063286011e-01 5.897078978612932953e-01
9.315321111365724160e-01 7.115664579973752790e-01
1.014686274702937485e+00 8.907086383637835558e-01
9.907827292547712883e-01 8.704330185676958376e-01
9.664114114198675276e-01 7.113286445701061389e-01
1.018627036957773457e+00 8.202305949137228547e-01
9.764532310108693380e-01 7.426835705963479306e-01
9.699845055418768736e-01 6.739497661911705295e-01
9.737471098140056958e-01 8.012344620812491547e-01
9.793935221529598278e-01 7.711790268380888103e-01
1.002866273476496151e+00 7.797973357578814602e-01
1.290362011563775724e+00 3.515700081586830450e+00
9.580775095971852950e-01 7.450143599449466913e-01
1.011335344074364873e+00 7.291033784931700845e-01
9.334552346410894819e-01 5.194878940837949211e-01
9.900605140509743940e-01 7.754533981423211708e-01
9.087639173278174720e-01 5.898080092792140627e-01
8.990154285867050232e-01 4.910641673458527312e-01
9.155134388402067502e-01 5.967147371528483957e-01
1.259531110828023381e+00 3.117808066125396849e+00
9.718622634025354534e-01 7.286084427047885281e-01
9.953835201336115324e-01 8.053096121407495867e-01
9.650997555208276069e-01 6.966821908619391657e-01
8.828316238732216714e-01 5.098065475846036421e-01
1.014507198763761942e+00 8.255606511211673881e-01
9.897722097435023292e-01 7.786839093594859484e-01
1.049661460095093979e+00 9.096389612574293793e-01
1.347007392366819101e+00 4.758748334784799638e+00
8.691258646142362432e-01 6.392867715041383736e-01
9.442044632669759352e-01 6.765133210901446148e-01
9.849842171882270403e-01 7.723721022764630240e-01
8.374543669490956965e-01 3.984467913760501578e-01
1.025560755278413838e+00 8.847776276880137125e-01
1.199398257137749280e+00 3.146725866220352330e+00
9.115286424677301325e-01 6.661113748464252415e-01
1.254492859506700420e+00 2.862435773255232796e+00
9.945246402881418035e-01 7.637461758665176070e-01
9.629570864448756540e-01 7.158521724379085516e-01
1.258113663172912178e+00 3.358976131803701026e+00
9.603945546944818723e-01 8.186399458310419375e-01
9.173263220339684665e-01 5.494103373139521684e-01
1.018177376871334694e+00 8.756642316907631285e-01
9.344972486941853784e-01 6.858493627014029537e-01
8.817919552798256788e-01 4.664169257838645666e-01
8.566554411003578506e-01 5.091270606478558447e-01
9.886098000673675390e-01 7.334896986653335338e-01
9.825322156977247534e-01 7.421897897244410514e-01
9.460317725898218510e-01 8.159985093769256403e-01
1.272707480059418250e+00 4.727688003354931112e+00
9.532311597873185383e-01 8.990123876475263343e-01
1.081997401451366914e+00 9.074426660417712620e-01
1.126830048463900891e+00 1.549034579355182961e+00
9.576761446935477817e-01 5.848508284804144752e-01
9.990999079958196027e-01 7.927211229966057981e-01
8.951574693586229481e-01 5.487863316850316586e-01
8.989115310629691713e-01 5.304698269150412981e-01
1.231197351730521250e+00 2.033897980434306696e+00
9.973002730481960176e-01 8.579310939864100982e-01
1.281273776935845321e+00 3.818264509426114284e+00
1.243121793843554812e+00 3.809379709233677858e+00
9.676960336577329347e-01 7.233790970087113914e-01
1.013719817057970651e+00 8.830442191357388282e-01
9.113830745572222281e-01 5.599559033451045886e-01
8.510755451836037322e-01 4.158118823685377219e-01
8.534932133941380838e-01 4.702867760247009254e-01
9.314786647943532616e-01 7.477701227311152055e-01
8.682725719734566416e-01 4.254729919177562825e-01
9.629488046280094693e-01 6.850268061859683399e-01
9.992701264613089718e-01 9.246522876513512124e-01
1.045953404588634950e+00 1.068528538134203787e+00
8.971958620752668034e-01 4.905666665960157768e-01
1.207344935731343938e+00 5.016845339476624588e+00
8.717586640073647919e-01 4.808205025745740935e-01
9.875506215796097109e-01 6.958400999012751553e-01
1.012906798960787613e+00 7.289915562112899705e-01
9.716646381579396863e-01 6.459991946826989517e-01
9.925187331576010852e-01 6.179518527465548416e-01
9.544224666311997840e-01 8.141058596919051871e-01
1.006740284732239532e+00 7.673824059857021762e-01
1.280280817904181356e+00 4.640145666827000248e+00
1.016356472909012210e+00 6.906802224144187319e-01
1.027875910596330877e+00 8.438776603091973083e-01
9.525731427990418165e-01 6.765094944244516295e-01
9.854254518785524608e-01 8.047186502286343135e-01
9.729838286568130989e-01 6.640467580033255768e-01
1.266806302929118111e+00 4.418770394164545756e+00
1.032123913342793964e+00 7.513733097077295309e-01
1.025272389961779718e+00 7.626149398534507462e-01
9.730744417325157825e-01 5.026050974895630574e-01
9.173462791732327481e-01 5.701875470959052450e-01
1.055887547400073734e+00 8.934761340509728145e-01
1.032963942738127194e+00 8.863957466953881204e-01
9.925300269994126179e-01 7.232065011666303223e-01
9.615210497544460777e-01 7.727062627233869385e-01
1.041843303682438160e+00 7.537489062052418198e-01
9.208150228167977236e-01 5.173231606424780749e-01
1.022199206346028344e+00 8.578674257044941465e-01
1.016352299798432890e+00 7.205181143784580300e-01
9.384858764407245646e-01 6.797607596489111392e-01
1.267342834286494968e+00 4.706682326577846354e+00
1.003956231790029463e+00 7.544848011172727853e-01
8.158447883667939715e-01 4.864425106005796362e-01
9.089682052330048112e-01 7.253317724458792082e-01
9.206101944655969982e-01 5.012675078502477621e-01
9.573871652395283816e-01 7.544991245032042215e-01
8.835924612926433497e-01 6.060366749747898574e-01
1.006850121094288397e+00 8.045757887161999466e-01
1.016795026066852792e+00 8.048344495767325579e-01
1.076902926365125079e+00 8.665305100776721225e-01
9.062557151979782066e-01 5.098771102564965130e-01
1.054299345502381025e+00 8.689495870467494054e-01
8.908581838973759215e-01 4.788267812322075101e-01
9.968641156219768540e-01 7.417976514452426784e-01
9.964895929086935444e-01 7.500072066914704738e-01
1.028310005047322839e+00 8.525967787210382287e-01
1.033407151696525084e+00 8.580357582763726843e-01
9.787847264259873503e-01 7.875976047486540343e-01
1.291238422109710626e+00 3.436132873908197993e+00
1.006507345410660337e+00 7.741250773881253044e-01
1.023153611256756079e+00 8.595764963076073517e-01
1.015777682808480575e+00 7.225704028231176856e-01
9.914761851523570257e-01 7.257622567160314508e-01
1.025199983347927279e+00 7.759473532129050888e-01
9.431778766349873111e-01 7.116232262082365922e-01
1.133875450139711694e+00 1.675772016768162453e+00
8.470433210382822820e-01 4.949605413703281886e-01
1.015936449380345108e+00 8.154344490827040159e-01
9.816272623636432826e-01 6.719423700893101259e-01
9.663371483672053008e-01 7.715847386127252516e-01
9.690623617148271807e-01 6.765770208352847037e-01
1.043293388218495155e+00 7.753601341106853839e-01
9.750590359639812466e-01 6.541013932128150188e-01
1.037585451815438375e+00 8.788261659426819250e-01
9.801412793848056637e-01 8.466979235624091382e-01
1.056812377355983656e+00 8.222752323051747414e-01
1.032881893788883954e+00 8.756329253106786004e-01
9.359824705669501643e-01 4.941388494607859005e-01
1.022914322301445633e+00 7.585658819804032005e-01
9.792821631825242568e-01 7.323999377768194430e-01
9.557028947519747852e-01 7.366218984641508261e-01
9.774771951852339047e-01 5.667564371351750951e-01
9.087064029443517876e-01 7.279938771197745906e-01
9.073358945778746687e-01 4.992823605071063375e-01
8.619547655343358095e-01 4.729515893589374964e-01
9.887338002908804269e-01 7.692525718944079882e-01
8.821318481693818381e-01 4.676279595750902351e-01
9.777754058541650029e-01 5.717634255909751495e-01
9.022658422928172550e-01 4.839993881338341963e-01
1.202809679486539496e+00 2.823017948174917358e+00
9.952059733852283152e-01 6.942421314301185920e-01
9.337414927752131222e-01 7.082807586536051803e-01
1.191873468689103266e+00 1.483213436622905945e+00
1.049080708419716679e+00 7.867577641772148800e-01
1.022347626732891035e+00 8.659233961187694506e-01
1.291354045856396571e+00 2.960363122193077068e+00
9.300104182057544744e-01 5.337142951106406130e-01
9.696898901494037659e-01 6.624458886565365301e-01
1.006128128322245185e+00 8.612851037762484507e-01
9.698802271947964959e-01 7.086089295748992933e-01
9.953017260064613847e-01 8.467440895005686752e-01
1.239898441688942254e+00 2.822334427147826119e+00
9.574162915651727168e-01 5.891099003690185576e-01
1.046843950605139684e+00 7.182220042119675796e-01
8.688983181880802764e-01 5.008665976106243534e-01
1.039616349513367011e+00 8.842026437240428915e-01
9.877890295712878910e-01 7.839108146063846760e-01
9.703963740795207293e-01 6.433361529176897520e-01
1.270661969162710569e+00 4.207174835122366119e+00
9.605064824620788144e-01 7.479615551939428064e-01
1.275477637489283111e+00 4.990593250811127923e+00
1.179259784600153571e+00 2.630570869166384274e+00
9.370385702853686327e-01 6.654155611503147494e-01
9.169697096056650398e-01 5.608972477077535101e-01
9.386405295405694238e-01 7.366536831049673717e-01
8.696465423504883274e-01 4.938372963584871100e-01
9.489079157349992188e-01 7.859049942299038971e-01
9.767527373774685939e-01 7.821140702831554936e-01
9.642013142125552827e-01 6.696209953316653030e-01
1.045744850148033089e+00 8.140147721008275106e-01
1.209328079460497030e+00 2.494144158554157276e+00
8.714519200018027156e-01 5.085875142189346665e-01
9.861903636548452479e-01 7.104746423628859331e-01
1.275681779141940142e+00 5.021890069035619852e+00
9.320957928171824669e-01 5.952934496576061107e-01
8.131505877624398693e-01 5.127090922929203876e-01
1.005464960635804150e+00 8.047655874133036180e-01
1.054975549932558154e+00 8.395580773588205981e-01
1.037954694440643477e+00 8.865765543892587530e-01
1.008153394963601013e+00 8.700357764278374706e-01
1.040718992622968520e+00 9.222936575346348809e-01
9.239790263952242233e-01 6.261021894002447574e-01
9.706314595364887721e-01 7.428596809322247640e-01
9.729824535168002386e-01 8.422884345020734687e-01
9.537703532999699529e-01 7.633192890450315460e-01
9.821816666167416665e-01 7.296773523791282301e-01
1.010921341599531953e+00 8.764971861826803545e-01
1.065137444908297759e+00 7.997150768087102346e-01
9.818714153328218508e-01 7.233951125184154840e-01
1.064390719560450282e+00 8.106558290304313186e-01
9.019235788222401684e-01 5.081492888190916046e-01
1.262437966056114247e+00 2.527057591842578166e+00
9.699948486117078161e-01 7.291063700461841712e-01
9.974234361206691934e-01 9.523106891406528662e-01
9.969417579951508346e-01 8.695241665604956927e-01
9.592358283083859405e-01 7.377840307189770241e-01
9.227417378270625914e-01 5.798505100177492322e-01
9.067877487260074254e-01 5.348884722952290671e-01
1.011673483029211118e+00 8.429243606393558297e-01
1.011874577883827842e+00 7.864579636675592678e-01
1.329408983289227519e+00 4.860969747838320032e+00
9.637747584300617731e-01 7.505163339180762616e-01
1.031151967967447680e+00 8.353621900469937467e-01
9.852346459569917281e-01 8.350411661041896583e-01
9.971852391782907166e-01 7.844263283567675105e-01
9.427746222873972792e-01 5.589379548828075084e-01
9.518826910627813387e-01 7.278519968822236841e-01
1.009781983886404610e+00 8.177559935022423732e-01
9.897828644620165761e-01 8.243020413430851567e-01
9.688528737525312629e-01 7.136836936811150611e-01
8.745937073668779149e-01 4.517048139632017789e-01
9.121855436611893131e-01 5.674782314703863406e-01
1.246982847569688913e+00 3.783890195057357353e+00
1.022011608505130287e+00 7.269403949681816357e-01
1.184796712422008902e+00 1.625487591614750871e+00
9.705760546386767995e-01 7.756140322375308926e-01
1.021935487412839461e+00 8.113177632179863208e-01
9.660749471684275669e-01 7.219301173030032714e-01
1.007748103987841981e+00 7.601620901489077875e-01
1.259971615537404332e+00 4.143763973135349943e+00
9.258391812095586593e-01 8.755838880611382935e-01
1.015676055000634515e+00 8.400048345199605526e-01
1.295287380211942230e+00 4.539746462739304711e+00
9.947603009437859800e-01 6.839331544870419499e-01
9.641373635446998103e-01 7.306231025157539083e-01
9.980294966753182617e-01 7.853789553418442093e-01
8.943064983038296889e-01 4.989038330854736469e-01
1.013538300387820223e+00 8.611302452613953662e-01
1.150515824461622483e+00 1.055530177684383286e+00
1.057896618346465978e+00 8.388960230200191992e-01
1.238544549658228355e+00 3.104189239753131879e+00
9.937432049996125505e-01 8.878524883306823101e-01
8.770778538585237705e-01 4.917277937828960499e-01
1.336838405250826867e+00 4.575429473690837412e+00
9.766145048342868007e-01 7.291570350987190974e-01
9.580958758419629850e-01 7.032718692375327096e-01
9.355146396207822956e-01 7.359040715801731247e-01
9.722080880301036121e-01 7.782582722150874766e-01
1.006345544599585029e+00 7.907244772778653230e-01
9.662373106874667661e-01 7.129255396838596326e-01
9.712086207931290849e-01 7.088156548570353488e-01
1.016216497202265145e+00 8.273354588092451944e-01
8.988602768346574123e-01 5.368449075355132827e-01
9.509200494922985802e-01 6.940007806077262975e-01
1.335739238420532216e+00 5.008605733819776695e+00
1.033428662415224020e+00 8.075052178998723962e-01
9.097936023016190976e-01 5.695626733862141355e-01
1.248608623022295472e+00 4.977627729600641260e+00
9.848526688766567894e-01 7.232003520979626288e-01
1.014583798297220785e+00 7.486651994773204644e-01
1.026107175613340416e+00 7.351558902346255753e-01
1.009062739929089902e+00 8.271584457785942091e-01
1.028257862212774265e+00 7.721043999443307770e-01
9.789713447091603626e-01 7.847600118214707043e-01
9.351372084350311198e-01 6.088120778345484929e-01
9.812498259078749063e-01 8.486993262230462243e-01
8.865619379227690500e-01 5.712058806418102153e-01
1.269903402845858897e+00 3.530732397230802899e+00
9.296950608936067617e-01 7.830680307644438676e-01
9.002787450184949192e-01 5.309958954512745688e-01
9.936902606056641218e-01 6.559425996807182191e-01
1.036336234231346243e+00 8.771645269945703705e-01
1.014230092572772968e+00 6.704667081357258418e-01
1.004465644123247792e+00 8.216779862448900795e-01
1.017140332153318116e+00 8.498667469119297602e-01
1.048466740111586359e+00 9.045513914347375062e-01
9.920310276756533208e-01 7.629412591945842204e-01
1.315179492670106143e+00 4.479170489430986279e+00
9.506865805540670733e-01 6.910358580277674578e-01
9.497015647257537330e-01 7.660006726142185585e-01
9.564685513746021828e-01 6.656697377611112687e-01
9.504960686488411747e-01 8.304239864133248217e-01
1.001930097343693538e+00 8.851636381654510721e-01
9.297178490958279973e-01 6.696674899519908797e-01
8.511389951880995453e-01 4.698999968762369583e-01
1.247539162955748626e+00 5.001366977664788216e+00
9.651379159731834356e-01 7.083554289492890454e-01
1.004711996279996633e+00 7.100138946456771016e-01
1.292492409671119891e+00 3.931375279148181523e+00
1.016722521403785162e+00 7.719983617940812115e-01
9.186872115183473131e-01 6.327583014769568859e-01
1.010370563093760277e+00 6.941259494636241589e-01
1.020023830647845520e+00 7.625393921801310038e-01
9.831778974017403305e-01 7.805713753183900483e-01
9.968432173425183507e-01 7.232333950267098022e-01
9.936036804300648617e-01 6.687751829802212056e-01
9.566025386157356314e-01 7.122889959238987156e-01
1.013532438722472229e+00 8.282149940789914622e-01
1.296264998308807925e+00 4.826858279223634973e+00
9.800014041225068029e-01 7.080734836506344942e-01
1.083975109314390561e+00 9.427379497954758714e-01
9.828992902825716138e-01 8.183993654931198680e-01
9.810312561106843132e-01 8.221811476612072012e-01
9.951846981512840751e-01 8.135501016593816859e-01
9.206863973145735791e-01 5.692796445485417411e-01
9.921935097367940992e-01 6.966362017005049978e-01
9.098879018138040786e-01 5.935958888156905866e-01
9.655038643182235480e-01 5.670375239944234202e-01
1.010557663968690401e+00 8.758491855279257887e-01
9.347710995171332193e-01 7.025397201212266740e-01
9.819396626339332856e-01 8.412102506808282198e-01
9.176271117463830063e-01 6.280381737786656648e-01
1.065683898619986802e+00 8.006475394707697202e-01
9.514027919726543159e-01 7.603889229499615210e-01
1.035422062067721027e+00 7.417522325689521745e-01
1.029643532775887049e+00 9.970876346736420315e-01
9.735912111967270910e-01 7.622619402770994812e-01
1.004122580756926508e+00 8.036008251568207417e-01
1.228721800759165150e+00 2.929772951142068038e+00
9.382655342881924820e-01 7.584217141082387759e-01
9.521001784710819704e-01 6.586559170518937467e-01
1.041118041671921901e+00 8.512345816291915224e-01
1.307649381520555876e+00 3.910580099587628311e+00
1.021402963669982178e+00 8.333782938815087471e-01
8.770746199172907431e-01 5.254271679584603394e-01
1.022302631194442757e+00 8.192627938537128118e-01
9.754252038953619142e-01 8.183291846747454690e-01
1.316842221680163627e+00 3.686428081048229277e+00
1.327458334111089489e+00 4.727395697644048767e+00
9.906971780710069897e-01 7.757338533480411247e-01
1.239968661886333257e+00 2.881142719496093463e+00
1.002643453913041549e+00 7.824852986531053434e-01
1.034692869995104791e+00 9.181205137226303714e-01
9.781707680376775516e-01 7.657044090792892721e-01
9.593540161417504208e-01 8.092941227018290995e-01
9.656952339948562392e-01 8.693560906656259135e-01
9.709954581197710599e-01 7.226186997893796482e-01
1.259244251172268125e+00 3.978710018679444627e+00
1.275014947136341670e+00 4.629147586370740086e+00
9.584545916985515168e-01 6.601557126952709575e-01
8.820456694423906008e-01 4.833453621946388612e-01
8.893298872688046863e-01 4.462265519531689595e-01
1.003881602005894047e+00 8.124164025465205885e-01
1.101122240445082889e+00 9.288575202205439085e-01
1.036935593398854216e+00 8.492963907541821733e-01
9.921869684061270789e-01 7.853014766262599311e-01
9.459924553872969266e-01 7.276400556877213877e-01
9.686645279965359068e-01 7.528751044082883093e-01
8.783967322137844480e-01 4.839392817311989337e-01
9.388007596697429680e-01 7.085861234275091514e-01
9.899706664803481493e-01 6.724917361110893665e-01
9.814049259636336009e-01 7.256263649919197922e-01
9.306343831843121306e-01 7.957978264545618741e-01
9.870885495737616866e-01 7.968689856901310931e-01
1.194360440853572181e+00 1.722469881245737744e+00
9.119424147311554485e-01 5.637110636399860208e-01
1.090004930403443151e+00 8.605749898887348204e-01
1.034453364323272728e+00 8.526637823009407535e-01
9.693904367410244305e-01 7.387463142641497171e-01
1.271877833663114021e+00 4.758288157671057839e+00
9.970171137077735724e-01 8.785288498538008639e-01
9.122395066617482451e-01 5.572229880348128495e-01
9.733671034833462077e-01 8.639761680742181760e-01
1.255774402563094361e+00 4.600405307396323806e+00
9.610679781329646287e-01 8.889936305876102729e-01
1.269263754675868050e+00 4.894536915129644505e+00
9.631580061940603343e-01 7.673272064994064445e-01
1.006331557167381208e+00 7.693448741342568953e-01
9.307518944340864575e-01 6.997643746771305961e-01
9.935272445082919957e-01 8.119352246991382582e-01
9.692309775373449954e-01 6.947131799890200465e-01
9.153303003341736188e-01 5.351491984785324840e-01
9.711883589265422057e-01 8.434496290270205865e-01
8.808992524417632586e-01 5.376761847892682633e-01
9.791264643228653197e-01 7.357349327660512861e-01
9.830448377811398242e-01 8.383336741088167621e-01
8.965844377626170925e-01 5.214070149459030246e-01
9.835559265241642368e-01 6.834678388291121065e-01
9.463711787865219938e-01 6.210489099755969189e-01
9.942031225433868302e-01 7.581283516902618258e-01
8.956667457409202004e-01 5.398518513439014566e-01
1.049540072733115226e+00 9.072859704119869972e-01
1.012977067338429515e+00 7.902575931627154882e-01
1.270475147190684773e+00 3.471586506664552374e+00
9.645785597053498917e-01 7.084059131281696953e-01
9.539001552692317754e-01 7.207850611418000764e-01
1.010664953117566434e+00 6.608326726300344234e-01
9.529672921231853167e-01 7.254255770507010981e-01
1.000911020524286821e+00 7.765785726083190843e-01
9.660964228457267211e-01 7.389124785828963260e-01
9.403013533686209735e-01 7.390562369994855274e-01
1.052775578283904556e+00 8.820356327079826864e-01
8.980405248071574587e-01 5.647549512141240013e-01
1.031869386392804344e+00 7.945317371089885006e-01
8.639705098471537337e-01 4.565675297443325675e-01
9.977607222936965004e-01 7.603842720237556918e-01
1.090669501424056609e+00 8.990653727120858640e-01
8.945349957544591613e-01 5.349730005445548775e-01
9.823329515879263285e-01 7.150909725803717976e-01
9.675857439525630266e-01 8.055394071112514931e-01
1.042916149677383775e+00 9.470518617755843138e-01
9.683028594655210819e-01 7.031798751109623602e-01
9.246903445175657099e-01 7.062605222384422676e-01
9.672645140819702281e-01 7.705244309466788843e-01
9.869015753337962993e-01 7.649650900433953016e-01
9.907350234104066455e-01 8.052599965001326909e-01
1.009998235381411202e+00 8.879624706807333068e-01
1.011052236608998234e+00 6.400564415552194575e-01
1.086075404464010852e+00 8.293723024759579454e-01
9.377112679468073697e-01 5.863563098796094053e-01
1.002607108900988253e+00 7.552513631047016451e-01
9.668969770807039898e-01 7.366799086763362592e-01
1.242225133503026324e+00 3.183630024073103471e+00
9.490573024472693797e-01 6.037358510600799866e-01
9.497377912950968337e-01 6.289421228880381909e-01
9.777661105808611586e-01 5.934235853526040882e-01
1.002657147021795980e+00 7.827640310755311637e-01
9.661837729080764436e-01 6.876043792271246957e-01
1.016789022699282175e+00 7.908314339656530301e-01
9.681585670972401303e-01 7.490694021599216823e-01
9.984289786417651635e-01 7.750790938815433906e-01
1.006756369033374066e+00 6.481142139197184626e-01
1.052270319273642230e+00 7.806953796872462270e-01
9.541715861590395198e-01 7.568112638369515199e-01
9.816774514961523757e-01 7.450593912091071358e-01
9.532461894545437575e-01 7.815893782662723943e-01
1.001110997367846700e+00 7.237703858470738716e-01
1.018097331713451181e+00 8.730179814201343147e-01
9.765450903405564764e-01 7.477590430238155728e-01
1.299379686697010206e+00 3.858095718333685031e+00
1.014180647958771164e+00 8.689754260207739334e-01
9.728768270874150748e-01 7.814068775459274141e-01
9.075552286625511167e-01 5.519171529852439084e-01
9.837626599722799625e-01 7.484042329418404416e-01
1.044873988085103678e+00 9.082906822284320114e-01
9.563058513044870868e-01 8.208618955680088147e-01
9.603035406689165443e-01 6.760473568081356577e-01
9.444681756967253650e-01 5.937918839083833333e-01
9.605681401322281321e-01 5.307187787211827823e-01
8.821699084476851693e-01 6.020722124324454638e-01
9.854233009836026458e-01 7.579681287254753652e-01
9.201330255486874776e-01 7.321844909734857021e-01
9.047695007097853459e-01 6.366504089711836345e-01
1.033552345570044606e+00 8.883988050808121484e-01
8.580661439049358519e-01 5.337250143611710351e-01
1.321988184187154580e+00 4.782552747881477551e+00
9.903082986362830020e-01 7.858543017077654902e-01
9.636063704081283543e-01 7.864634123545284350e-01
1.011398792526296830e+00 7.010240816493760185e-01
1.226798842284742674e+00 2.319129242938881230e+00
9.135840888494860534e-01 6.567904962120195700e-01
9.050524447254451044e-01 6.860303489553793987e-01
8.939838050516875079e-01 5.517407159427450969e-01
8.810577825349318326e-01 5.288108582190429452e-01
1.104550033203729020e+00 1.054507395213056586e+00
9.543562764406313681e-01 6.793926620692516405e-01
9.775889372510574438e-01 8.114668370278964593e-01
9.690735779510046832e-01 8.231038491272509861e-01
9.182938829456482877e-01 6.114138449068533543e-01
9.682205197106040773e-01 8.854666578051177961e-01
9.445696935555552010e-01 7.547246773785645235e-01
9.294116109519412472e-01 5.922289837556198311e-01
1.020270751834034817e+00 7.445551440045204972e-01
9.755137277842061971e-01 6.976054628245144107e-01
9.789271435928845744e-01 7.759059253475574236e-01
9.323080381915620496e-01 5.111905524950544066e-01
9.956296725271474024e-01 7.385339954615882663e-01
9.512013380990360645e-01 6.601190201176475592e-01
9.541864072867796143e-01 7.410239825928974788e-01
9.863180242453346569e-01 7.825532047038707972e-01
1.119163344465927468e+00 1.198705233844554741e+00
8.933495068082560886e-01 5.004310445290225395e-01
8.657531376612057628e-01 5.804438195177792359e-01
9.596888288044849169e-01 7.909621813135224722e-01
1.298863831057268658e+00 4.650661101276741149e+00
9.419271300543585745e-01 6.713307365487851675e-01
9.065216653044050332e-01 7.328381168211319796e-01
1.012463168655090673e+00 8.436809153281160656e-01
1.318719274573368017e+00 4.090561041389966235e+00
9.556417582810566858e-01 6.654422820156447038e-01
9.509120356999384294e-01 7.077759809948411807e-01
9.462306613707608394e-01 7.164678383131609651e-01
9.837591049831869716e-01 7.852886406555033005e-01
1.018976590814509198e+00 8.509650125892261885e-01
9.959925357207514152e-01 7.221416350121860894e-01
8.402778123868902549e-01 5.169963927837101236e-01
1.330350549189869502e+00 4.722333147025210565e+00
9.588796870889919610e-01 7.792425452712640199e-01
9.411844949688303874e-01 5.988937102557253533e-01
1.287054608632634878e+00 4.645397120602558161e+00
9.833981858036708879e-01 7.373579242604829664e-01
9.721791594786035606e-01 6.063520482866894268e-01
9.154401999220439512e-01 7.444859277024395983e-01
9.687896412114024303e-01 7.211141348082719116e-01
9.537279302675407688e-01 6.630845402689201640e-01
1.067134312035926458e+00 8.710202303006009394e-01
1.007394883327752844e+00 7.889712032287941046e-01
9.076010511819112558e-01 4.903271198778503814e-01
1.004868464551250673e+00 7.986863980367525651e-01
1.279849954541820045e+00 4.652916100244481434e+00
9.618175704073372856e-01 7.859043906365328347e-01
9.442707825664183874e-01 6.830859313724245707e-01
9.707750527006744345e-01 7.848262357893446284e-01
1.032332412241672825e+00 7.728498715830216526e-01
9.445786131481866965e-01 7.506579425330512922e-01
1.000528743415346922e+00 7.750218199783310835e-01
9.537168645794257271e-01 8.430004540995142959e-01
9.701984897017842391e-01 7.071145914967823520e-01
9.096403248706437239e-01 5.762301344117947144e-01
9.827682207555131777e-01 8.685668569627027491e-01
1.309341895470417683e+00 4.495249414037640889e+00
9.404630752202832733e-01 7.426437943711072798e-01
1.023782282264213750e+00 7.860991894715376738e-01
1.244270113599920569e+00 3.314227208502424027e+00
8.829616167317030362e-01 3.562614762111245836e-01
1.048600580079703359e+00 8.454936683347519244e-01
9.926110379683884544e-01 7.118651673655927992e-01
1.001014646127438734e+00 7.665784839103886306e-01
9.857884638236119601e-01 6.045538928848118720e-01
9.644018649694606760e-01 7.598648323204790778e-01
1.292390749956163987e+00 3.992404557130674547e+00
9.624615811100097895e-01 8.356076795946064673e-01
1.261147654417900554e+00 3.772810086772719895e+00
1.017164556045945467e+00 6.869067094432034226e-01
1.004020858617663325e+00 8.385226387695891015e-01
1.255907272563463462e+00 3.755309698673457763e+00
9.674277171328354852e-01 6.977158758187571586e-01
8.627934155850679465e-01 4.387950762355321555e-01
9.471976747360424387e-01 7.806502948489746352e-01
1.023782954674205881e+00 8.048513061430532245e-01
9.415572034209475083e-01 6.824901652028219079e-01
1.041574493773374632e+00 8.623254645237276028e-01
9.055309172300836096e-01 5.714831541556353312e-01
1.279003057904550156e+00 3.516765435357249281e+00
9.848869993036578618e-01 8.757644602673761991e-01
1.025759267783307394e+00 8.523104160378860428e-01
1.234331361751925815e+00 2.895756554198971600e+00
9.862202619859492536e-01 7.011333636437954153e-01
9.894088214809976245e-01 8.965784804776486538e-01
9.895555627524688092e-01 8.198384326926739796e-01
9.058147425495279847e-01 7.515837510975593716e-01
1.049478275058449706e+00 9.118856531843558821e-01
9.676813855912166362e-01 6.729147251167922894e-01
8.996652203302690776e-01 5.385799585694914793e-01
1.241320548556422709e+00 3.063397185780220688e+00
9.102565809264666630e-01 6.617568992984811382e-01
1.027182167949638902e+00 8.996616888936208589e-01
9.871762888276987002e-01 7.096471448496608492e-01
9.896618811882988975e-01 7.418833497042323089e-01
8.443705984877385440e-01 4.769955251384742634e-01
9.234850307478698062e-01 7.065722075403677582e-01
9.958354927803615420e-01 7.321366697801254819e-01
9.841108255087290813e-01 7.370930121617695896e-01
9.662226953820257647e-01 7.606161013719497932e-01
9.948061392328280128e-01 8.471337317840830217e-01
1.276259214467099445e+00 4.860659889013243529e+00
8.922491562274112997e-01 5.608671054583206361e-01
1.045033403606948408e+00 7.552859467644272851e-01
9.402584549396209024e-01 7.285100749758469663e-01
1.079376168260374191e+00 7.959972095910324841e-01
1.009408966056493107e+00 8.032064845814701481e-01
9.038356272206170550e-01 5.776479085270417313e-01
1.046570103980365429e+00 7.617160501991945276e-01
8.194984432615707304e-01 4.621349138254634559e-01
1.305677947286682183e+00 3.147112217060468176e+00
9.673259213893022901e-01 7.936150456049283486e-01
1.009443744732515524e+00 8.327512958476379623e-01
9.608440306513515994e-01 8.019185889497433273e-01
1.013577730930519172e+00 7.371265092698093824e-01
9.777999286110298227e-01 7.050988706825622732e-01
1.013678701742983801e+00 8.803496253677124406e-01
9.902044707023959225e-01 7.909704496752392178e-01
1.295135414537974539e+00 4.925235769591407298e+00
9.552717625880763341e-01 6.886764683238789653e-01
1.232427921509899216e+00 2.764757702935002559e+00
1.045554832493126085e+00 9.171432739250423571e-01
9.991411239339345052e-01 7.335211076233782990e-01
8.881302461019932037e-01 4.780442646887505531e-01
9.824694447293900179e-01 7.776530470008993223e-01
9.670162408390775566e-01 7.173081140282759893e-01
9.623487975705076192e-01 8.389142783626135635e-01
1.023557630416465969e+00 7.341625232768839160e-01
9.929222810536471044e-01 7.913235090286740991e-01
9.565438401253991696e-01 7.454343467447199778e-01
9.751413892405835782e-01 7.594682772316652120e-01
1.049578906752627550e+00 8.795529182179048222e-01
1.038501085434848870e+00 9.073602716293163173e-01
9.750855398063582591e-01 8.154640308742330257e-01
1.032463603335507241e+00 7.857275613168925865e-01
9.359738875657501733e-01 7.399687381572644940e-01
1.005944302034123439e+00 6.405993971282353261e-01
1.000922106841503068e+00 8.250672483361076726e-01
1.027249143750594174e+00 8.179703371987764315e-01
9.473262882053158362e-01 7.999138724777926646e-01
1.068311302326170775e+00 8.162927746021817477e-01
9.464235544307849635e-01 8.565655456696285031e-01
1.001163241624147604e+00 8.260529281634449994e-01
1.033316009202120522e+00 8.390234415669982626e-01
9.681187793582518575e-01 6.444881409458961263e-01
9.854130291117354501e-01 8.050150145667773760e-01
1.329078371805072267e+00 4.845230907466687498e+00
9.953743962773504705e-01 8.216377577136853017e-01
8.808023709546929370e-01 4.611981858212193530e-01
9.953484814588613450e-01 6.009779421288607981e-01
9.784959385943712284e-01 7.690173332252726590e-01
1.008817070461650367e+00 8.375703778477255890e-01
1.005054944202277589e+00 6.717530458564652251e-01
9.885066724206726940e-01 7.471547832538800726e-01
8.904235665283032342e-01 5.095092319107520362e-01
1.032827515675646346e+00 8.494115004269527924e-01
1.018653123711363406e+00 8.463677301864749314e-01
8.484735402711480745e-01 4.162165688524556706e-01
8.745868439444282050e-01 5.438726926704108289e-01
9.850656192103708353e-01 7.676124026194720562e-01
9.494520303424102137e-01 6.489518730740548857e-01
1.244431920665708180e+00 2.505810014191030000e+00
8.771868078011946235e-01 4.973116462260888104e-01
9.624684769288118780e-01 6.829822281050248467e-01
1.252953246208234894e+00 4.274056187205646395e+00
1.300242725782098097e+00 4.827722188677142867e+00
1.058443594507519236e+00 9.161765622535320563e-01
8.513911308367436703e-01 4.757569059008793233e-01
9.930343399908960755e-01 8.277208450741425638e-01
9.475941219914506553e-01 7.392523352686571902e-01
1.046878588276563438e+00 9.179108222378893345e-01
9.369464174727282213e-01 7.434670580920622607e-01
1.000596710783642207e+00 8.087883133944550051e-01
9.437149337902142054e-01 6.048318658668930814e-01
8.786499612854422603e-01 5.802688932117491261e-01
1.007030011945826864e+00 8.138272447409773402e-01
9.610888879934349482e-01 7.398159672445838719e-01
9.415980762440526730e-01 6.148692832574308431e-01
8.571632902215380323e-01 5.166467576882886048e-01
1.015158242067494276e+00 8.473335402736027477e-01
9.588538576694508597e-01 7.009866186748839878e-01
9.814099193753770267e-01 8.206905793543334271e-01
1.076116614007474270e+00 9.438204271093242337e-01
8.774226845909236516e-01 5.077142737759670066e-01
9.802149986699361106e-01 8.453912713098310494e-01
9.812411610972060494e-01 8.410139648176255811e-01
8.146312992450265300e-01 4.459785222234649571e-01
9.595699912123227815e-01 7.647388289662289118e-01
9.990926363409652344e-01 7.732266271760043219e-01
1.010744183607886759e+00 8.087731279699982290e-01
1.033984671440594028e+00 8.194054286107010920e-01
9.543346709496484115e-01 8.413398572299963796e-01
9.427522066431678338e-01 6.130652645626637476e-01
9.977178732912099779e-01 8.983084386600115323e-01
9.690675849774064154e-01 7.831307489995388282e-01
9.864620052331917188e-01 8.169396366657509789e-01
1.050946803513707728e+00 8.109579835075864107e-01
9.515208143246873806e-01 7.041288679021384667e-01
1.069570031113073805e+00 8.996329219172065628e-01
1.018981348963542866e+00 8.343429714931627217e-01
1.047830992639910308e+00 8.687614762036790506e-01
1.291296545966075016e+00 4.448827053794762065e+00
9.865714971246832832e-01 8.105255072707089337e-01
9.531820616908772692e-01 6.769244391680704354e-01
9.915954275508053195e-01 8.804601162057520414e-01
9.725892383486607340e-01 6.921509201361998320e-01
9.635565356717563645e-01 6.037240457415529171e-01
8.863897452924779374e-01 5.135529922488837329e-01
1.064425839437026733e+00 8.509700965749475987e-01
9.289529012718632517e-01 6.864585973316719159e-01
9.816308581127671795e-01 7.280333646003228631e-01
9.363642548406322375e-01 7.158005853292932485e-01
1.195173809673627074e+00 2.461964958785758828e+00
8.897397802503481667e-01 5.228100466130040092e-01
9.302001908778479988e-01 7.001412531579496168e-01
8.754716445771134614e-01 5.950728039827786198e-01
1.028207933488933801e+00 9.682829154413326034e-01
9.983397810896622593e-01 7.674387062028039663e-01
1.013483120763011280e+00 7.677833915537263243e-01
9.139700931002610051e-01 5.391063563659407309e-01
9.282243266862246767e-01 7.164647670570987170e-01
9.586444217893218545e-01 7.487425189663213798e-01
9.908304088608831384e-01 7.683183876065090567e-01
9.460014758025027115e-01 7.571880149529039983e-01
9.591323887985243601e-01 7.139138364456411034e-01
1.026169317457177543e+00 8.331502558860495178e-01
9.816336544543440290e-01 7.839718498466766716e-01
1.191875495538828877e+00 2.218060355621020552e+00
9.799831583388518563e-01 7.947454233986758210e-01
9.597028725021810036e-01 6.117475884887695337e-01
1.263151414974912790e+00 4.806733075801282062e+00
9.954916648662683887e-01 7.455406678379271623e-01
1.001893223342256389e+00 6.662535039395223180e-01
9.795596237318194843e-01 7.260498035230681380e-01
1.017094581647562057e+00 7.233943465175797227e-01
9.693827260989084094e-01 8.681251345873440828e-01
1.046782935133907300e+00 7.907888255043264980e-01
1.004143248744544525e+00 7.994199886541968336e-01
1.014375690372037120e+00 8.298549469802367629e-01
1.208815377160540772e+00 2.205143671921593107e+00
9.840315491611021370e-01 8.041281577575573047e-01
1.012041072732452252e+00 6.669509012526717573e-01
9.608291788829386171e-01 7.734855170677100711e-01
1.286272405449827572e+00 4.370712297376063482e+00
1.268409227704822229e+00 3.709652494044954008e+00
9.639455014913398401e-01 7.831399073594946803e-01
1.000395664105566462e+00 8.126407817980517700e-01
1.011445639644930727e+00 7.679492845733701945e-01
9.952596749665477693e-01 6.937650153099095274e-01
1.278051727793444003e+00 4.265162339779012157e+00
9.486786775354932866e-01 7.137008419720288765e-01
9.373924681288891003e-01 6.369581112338259521e-01
1.034556565330813527e+00 8.305807402496614422e-01
9.761972928321616116e-01 7.415584263391479247e-01
9.486751281718632800e-01 8.723984429593698575e-01
1.013842967160434982e+00 8.370202219125606469e-01
9.614662618790078552e-01 6.599947201457538881e-01
9.890781644448618515e-01 7.781672943438032730e-01
9.664086328743108911e-01 7.187955032518127396e-01
1.229426087128612899e+00 4.701284570890255310e+00
1.318424325915287465e+00 4.406226520596345786e+00
9.967746149355827256e-01 6.816094766759943635e-01
9.610123613741675674e-01 7.314647279757163778e-01
1.263139129024196228e+00 4.513734491654261660e+00
9.391453930422853924e-01 6.108473748272394976e-01
8.928945167556718854e-01 5.019604581780698904e-01
9.563828680473758226e-01 6.513369483101740798e-01
1.027259714727759787e+00 7.415226709138771355e-01
8.571970589012837261e-01 5.160263999382455058e-01
1.114571139927919896e+00 1.165623743515185051e+00
9.845028752057408683e-01 7.586320766133426430e-01
9.657465024828344458e-01 6.494248490824373610e-01
1.019860902608415332e+00 8.057632103283137726e-01
1.163461362021143808e+00 1.985456283200585093e+00
8.810389679881838187e-01 5.018985701979223890e-01
9.128001879835179189e-01 6.995603608267125795e-01
1.247445259312012888e+00 2.811405745121741351e+00
8.838523362603215583e-01 5.053896321217867804e-01
8.568880635703550741e-01 4.950654794828710514e-01
9.687308958112874624e-01 7.399253230010500726e-01
9.102926786348053412e-01 4.959729652561543078e-01
1.004046379294144309e+00 8.087225248118151688e-01
9.506117439970683813e-01 6.428395656169165751e-01
9.740196002032086575e-01 7.331464660040168946e-01
9.591827562083199421e-01 6.011112813351333628e-01
9.075741338737901565e-01 5.457607000474915537e-01
1.028382314364166827e+00 8.564107298314669325e-01
1.023313151700117496e+00 8.291372173155984182e-01
9.910741772084351586e-01 8.636791168321855672e-01
9.276064393072328551e-01 6.634274715682673129e-01
1.305319394790489529e+00 4.317678631078991636e+00
9.670915301098037542e-01 8.324594878553365218e-01
9.788846220077621618e-01 6.753744315980306778e-01
9.286899212563571870e-01 6.517280942723335802e-01
8.389307988305934050e-01 4.934461177512290408e-01
1.082381634454104624e+00 1.044476185541348912e+00
1.030511793436422963e+00 7.379271538298600719e-01
8.718255049768527387e-01 5.569125996997674743e-01
9.932419067372943999e-01 6.989754369425624780e-01
9.844758712699651637e-01 7.763259091442833437e-01
9.907810562711697466e-01 8.087496576346449029e-01
1.002142209091248404e+00 7.643687886322815261e-01
1.002437371919703502e+00 7.345507717696641015e-01
9.716267151228834553e-01 7.877133688438194836e-01
1.025553244963182342e+00 7.761212247407481835e-01
1.294823872941402554e+00 4.278504068838475227e+00
9.723073759230288493e-01 7.449068448283724386e-01
1.035414010644929661e+00 7.909065898453301324e-01
9.349674177611391190e-01 7.018139147245153753e-01
9.935195098852378504e-01 7.514935071361258379e-01
9.257531439389666827e-01 6.459348708901040403e-01
9.835175109009668404e-01 7.019263633686766424e-01
1.031844490390472879e+00 8.472425751611006861e-01
9.855027465058450176e-01 6.886618491927517516e-01
8.858809130707786528e-01 4.815987988746781578e-01
1.020902492528906969e+00 8.896784648219270286e-01
9.723466232502605555e-01 7.001665803863824644e-01
1.011133990175782538e+00 8.570552595700038356e-01
9.579430702381500629e-01 7.455359337156172161e-01
9.584692768931665219e-01 7.606645635231765734e-01
1.036256184398783198e+00 7.341878557029601904e-01
9.930919753910497638e-01 7.591064379093208636e-01
9.376966538083721936e-01 7.525642960157795658e-01
9.448316761584941714e-01 7.297068081191216971e-01
8.934224311589490375e-01 4.350271019998053768e-01
1.025182783212166715e+00 7.760714929287595432e-01
8.548277458440707299e-01 5.012126518709028034e-01
8.876817070495588435e-01 4.846695849275819978e-01
9.086685301765198286e-01 5.783186389709018549e-01
8.591839815580246675e-01 5.363277362092652156e-01
8.692750017152470754e-01 4.642301219880340946e-01
1.050059821963110762e+00 7.774357314688489229e-01
8.674004702475288653e-01 5.014955515028838295e-01
9.636940478855138270e-01 6.978091761296441042e-01
9.790286547481039658e-01 6.279410861327068272e-01
9.744590669068640132e-01 7.516239663479805655e-01
9.174021219486930834e-01 5.114479482605268634e-01
1.027017923810831013e+00 7.955317287124248349e-01
9.708290789474398608e-01 7.520759146243944926e-01
9.780431981156600951e-01 8.739695898398534002e-01
9.865838885795829016e-01 6.819652577672138394e-01
9.239123675784304268e-01 6.639380771769662903e-01
8.045225631142001177e-01 4.221584932576997740e-01
9.251353730344993309e-01 6.201274295809711123e-01
8.986232347619974581e-01 7.463517362478584438e-01
9.832147809452581599e-01 6.975058752815924690e-01
1.008913655768224560e+00 7.860804781512282791e-01
9.905337931120276052e-01 8.061320825368962772e-01
9.890920850751555582e-01 7.167066659674621310e-01
9.646154264239302778e-01 7.540844762030076698e-01
9.675458612084081311e-01 6.910237357370824229e-01
9.389395326071103831e-01 6.557140068031376279e-01
9.529873165328329732e-01 6.014836418107561977e-01
1.047612454112801794e+00 9.588853160065876624e-01
9.467604561761803206e-01 6.386159194998559663e-01
1.023816160912247586e+00 8.164795283709882501e-01
8.648858838116546544e-01 4.308230846920828583e-01
1.020447192555024474e+00 8.340795787732824262e-01
9.796423539121736912e-01 7.430458146048067869e-01
1.036536699694753816e+00 8.112964596126875927e-01
9.971677823007103481e-01 7.621490452136391314e-01
9.896497937345017926e-01 7.341352112170794753e-01
1.004884514394867923e+00 6.121405696238526595e-01
9.299417488362027306e-01 5.810940182802798448e-01
1.016139443368502038e+00 7.749567018688671149e-01
1.238576844691230416e+00 4.954690507712058434e+00
9.673390500517892177e-01 7.544248586074265850e-01
9.809250919557612747e-01 7.381715434939541964e-01
9.467802987175839569e-01 7.026534458690432139e-01
9.522203963219116885e-01 7.390592650812415343e-01
9.631969933896058489e-01 7.615496638226181281e-01
1.041541061612376584e+00 9.123140698043685770e-01
9.826587964434795319e-01 8.693089570046138581e-01
1.012102257590770549e+00 7.575410869756776799e-01
9.848409696838646976e-01 8.264563483898287322e-01
1.147548408007078802e+00 2.236780652755488319e+00
9.811263175962502414e-01 6.838548150015123506e-01
9.441322245519521150e-01 7.348087554821502998e-01
1.004133525692984863e+00 7.878209955999458947e-01
9.638360594874358922e-01 6.957292828114093330e-01
1.032202654033659517e+00 8.116080616116042590e-01
9.349899538658285048e-01 5.886249679494094389e-01
9.651164140769465938e-01 7.394496858284057561e-01
1.024618703567121036e+00 9.088942422126679022e-01
8.813397684039496749e-01 4.964919234090705569e-01
9.811419793072626572e-01 7.913326509493516792e-01
9.707988655239655484e-01 8.472354849304463142e-01
9.376104216115115353e-01 7.972259092854574458e-01
9.469713607160200608e-01 7.139376291911514461e-01
9.727041080609285517e-01 7.484332101656036018e-01
9.072351438418833069e-01 5.629033262833813556e-01
9.334745819041918580e-01 7.808046605990446309e-01
8.621729843871720478e-01 4.481844593956400002e-01
1.262875386717020598e+00 4.483857590964891671e+00
1.014197464985301611e+00 6.992467978837891840e-01
1.248845080456151946e+00 4.861532493783995434e+00
1.033276947900836129e+00 8.411963469407143235e-01
1.267966524450549359e+00 3.515969080600134244e+00
9.396655535138124238e-01 6.876004133499796778e-01
1.173904238876745110e+00 2.789928372597332284e+00
9.829812588047019961e-01 7.011753830075009297e-01
9.506137352810948293e-01 6.233140276893430753e-01
1.054051101796874335e+00 8.456520474059557868e-01
1.068648935082793683e+00 9.313170934612384766e-01
8.099678843036306475e-01 4.687876626637214050e-01
9.951962532266730443e-01 7.741252394863065156e-01
1.041036140293747358e+00 8.074637534033125563e-01
1.043553078514374066e+00 8.796876139061409194e-01
1.043241051702843647e+00 8.807146084032911881e-01
9.732864134775983667e-01 5.825608990168857915e-01
9.977663479211049680e-01 8.044176866250629665e-01
9.641523078327616236e-01 6.677141862471985823e-01
9.826625863022058205e-01 6.543373973991082337e-01
8.752760966138806165e-01 4.962825145421316808e-01
1.183797670219624676e+00 2.834673960970774065e+00
1.042095951022817379e+00 8.784653509810087524e-01
9.157960454143366791e-01 6.585958888843425063e-01
1.022320249269521142e+00 7.727793064942015677e-01
8.355584864350320551e-01 4.702328890975451814e-01
8.648010949750666310e-01 4.856545949510685523e-01
1.007646819851165443e+00 8.586223713002428815e-01
1.003201859046027211e+00 7.650568050247223972e-01
9.684612584584044725e-01 7.107014421922026592e-01
9.914187312045363853e-01 8.646919474170620123e-01
8.726977135046912748e-01 4.476755960505787724e-01
9.655291773852688886e-01 6.705855284796720106e-01
9.906934719339088868e-01 7.414150007622556382e-01
9.731231880993591599e-01 7.463993260863392987e-01
1.205278862736682832e+00 2.719445033309634496e+00
1.030275964324107507e+00 7.245961648365124574e-01
8.654866824705462758e-01 4.910855554700288561e-01
1.291127673231804884e+00 3.191454489790470195e+00
1.009498562346518025e+00 7.381143176391702365e-01
9.687629643836523918e-01 7.770025600295717982e-01
1.003456837348791764e+00 7.549097890855238635e-01
9.328864297357678526e-01 6.395353142547108849e-01
1.283975828004867425e+00 2.621050268022350416e+00
1.048126846359642927e+00 7.822820554624604350e-01
1.003811104494899187e+00 7.988377977219855985e-01
1.301847020638306596e+00 3.662358303793842751e+00
9.741273050734599037e-01 7.710682597579169295e-01
8.884661092789676307e-01 6.148522696284335343e-01
9.984632559495445481e-01 8.159925274727393152e-01
1.073883694719264925e+00 7.829262291314125211e-01
1.064769001369544554e+00 9.857587228311658345e-01
9.761295827884153287e-01 8.657983431682499953e-01
1.022045769212229116e+00 8.491128147697424300e-01
9.133079310491848402e-01 6.432727332141167098e-01
1.045072885624571457e+00 6.128708406852435564e-01
9.872047019868833706e-01 7.989546049844171716e-01
9.292328407770479304e-01 5.797968213369819601e-01
1.044759590921768622e+00 8.291928683446750936e-01
9.304045088343664283e-01 7.327309690371246464e-01
9.821416762489936225e-01 7.717092221353735182e-01
1.070731518310734431e+00 8.414319325183436948e-01
9.650510845809999738e-01 7.456854813523956516e-01
9.351183178968991427e-01 6.959789980845381141e-01
1.036971419308289510e+00 8.157842456426709354e-01
8.852900228549990258e-01 6.221227742196274724e-01
9.904999254291122490e-01 7.540654731099882824e-01
9.747053630726224549e-01 8.334664831694874598e-01
9.620023216163217095e-01 7.770415183952055216e-01
1.298691918839666837e+00 3.286623913994192847e+00
9.416443500354514384e-01 7.692525542535836314e-01
1.007819265738136627e+00 7.597997320767448937e-01
9.165191911011459913e-01 5.667875428604958188e-01
9.018491587417105659e-01 6.823961437108442274e-01
1.021990538632785883e+00 7.292598093983612140e-01
9.807417230212233106e-01 7.266355815917764360e-01
1.195337369154630069e+00 3.960426008875097992e+00
1.017323793573840174e+00 8.905854280909437648e-01
