1.009880704468078871e+00 1.344803202344845516e+00
1.068620635675093355e+00 1.621068882681109269e+00
1.172655334190962906e+00 4.702108564531879864e+00
1.071494222890081671e+00 1.597977962297111310e+00
1.077942790574929699e+00 3.471149966863619429e+00
1.008349098335501681e+00 1.271000371960399500e+00
1.010047961121202320e+00 1.557718768531320297e+00
1.071794284143736009e+00 3.258198949021219981e+00
1.108254877344433398e+00 3.107366374856733948e+00
9.829862516021139474e-01 1.573619808160805267e+00
9.849759081279521045e-01 1.540467536017239292e+00
1.103216282361169753e+00 4.317144733754129327e+00
1.077955592719108902e+00 4.693000457345640974e+00
1.100456177058561913e+00 2.653060196361575862e+00
1.082884260842812862e+00 4.698488009278410260e+00
1.021813527123468734e+00 1.553774912142355191e+00
1.021405140764518604e+00 1.948898763628084563e+00
1.041618563309195888e+00 4.028849203646267085e+00
1.059177171842753618e+00 1.850821953845510848e+00
9.836105408607721534e-01 1.326051728597101409e+00
1.104970484552287191e+00 3.221881559503819492e+00
9.883845376119897441e-01 1.626332279276036408e+00
1.069489107103789749e+00 1.407794928185275962e+00
9.444109841147577677e-01 1.153047884222368591e+00
1.057482323553713188e+00 1.676682619312059641e+00
1.061022801295406826e+00 1.982416341567007301e+00
1.083922828422687390e+00 2.406162238774075313e+00
9.876806034122065370e-01 1.269123267435015023e+00
1.092253225432112007e+00 4.926870558014342372e+00
1.032952820469019040e+00 1.592242545978001633e+00
9.839391509077671794e-01 1.599842415542934493e+00
1.034031850037978817e+00 1.487593005543598634e+00
1.097418714279771557e+00 3.457358988228331320e+00
1.064804154855077289e+00 4.031281035961670867e+00
1.060887836053652000e+00 1.522381826423930384e+00
1.187789951265497690e+00 4.497189848013704250e+00
1.007308092062016991e+00 1.463740744970184249e+00
1.134907484009435086e+00 3.345597785652740797e+00
1.001659978680341734e+00 1.208271753798156878e+00
1.030496912642885343e+00 1.598842941107002869e+00
9.635062020440955388e-01 1.654801080088668108e+00
1.071950204609517510e+00 1.756702594399411455e+00
1.046898337404210233e+00 1.619003518548408405e+00
1.033981444711274511e+00 1.748246667775223084e+00
9.729534349739074051e-01 1.407964582224013439e+00
9.905247820737618225e-01 1.596736764995583258e+00
1.125617416903074153e+00 3.909117042831039335e+00
1.000040210365316762e+00 1.498629672436544435e+00
1.114760833316644328e+00 3.441309318188587429e+00
1.019700595006625798e+00 1.376770183913494705e+00
1.056191606373071412e+00 2.782620581275475846e+00
1.062965899780231593e+00 1.552846617853217870e+00
1.050957691054744014e+00 2.111617208238085297e+00
1.004049673872391857e+00 1.629290853084627955e+00
9.491142198520314821e-01 1.498292233588172984e+00
1.050725722339699297e+00 1.489680382089689559e+00
1.051566304181285716e+00 1.952203342935723285e+00
1.015658069269346653e+00 1.511700219134006096e+00
9.853544434800587393e-01 1.286909784302940896e+00
1.033135573331327883e+00 1.579852377111689909e+00
1.117828698756107908e+00 4.725220687043877099e+00
9.824596665506619697e-01 1.345016208717588535e+00
1.037849227937686747e+00 1.730582394476637864e+00
9.692226532565957342e-01 1.315681340735963323e+00
1.007096750052057343e+00 1.527374782702196399e+00
9.746581720252865955e-01 1.459995259710879401e+00
9.938937986732391261e-01 1.469286335268046306e+00
9.934310899205630596e-01 1.490901888625569605e+00
9.645203290953269226e-01 1.752235041907999724e+00
1.039103771234444196e+00 1.356868993709513749e+00
1.007730643512389390e+00 1.282654901474475251e+00
9.377412503625920381e-01 1.264505226067461408e+00
1.011267210869522870e+00 1.519478336312272804e+00
1.164446915240412661e+00 3.462361347844964410e+00
1.127319243301330376e+00 3.717514018189889136e+00
1.089552703894363539e+00 2.048127532371259996e+00
1.063184750283802105e+00 1.737864475351034388e+00
1.039507327263920589e+00 2.575785112315486458e+00
1.052285942492302784e+00 2.411683960268261373e+00
1.093195377125174117e+00 4.668584021099533743e+00
9.804857653213228108e-01 1.650955641567892096e+00
9.752113703041568327e-01 1.603986724537500130e+00
1.062505992919399400e+00 1.741873074503281327e+00
1.004950376233818332e+00 1.675415587044852606e+00
1.013626990047751919e+00 1.223080275691915464e+00
1.022190724609231882e+00 1.607804898897192469e+00
9.966233754833858649e-01 1.400641999366519563e+00
1.087554687176068402e+00 2.631631192251690621e+00
1.033757455631781452e+00 1.547996217769046501e+00
1.037257312794223729e+00 1.627403202087301715e+00
1.014796319130616409e+00 1.384342166198226476e+00
1.064318595554145874e+00 1.585215016889845119e+00
9.862440415540189020e-01 1.447584432675585564e+00
9.791554797302068902e-01 1.532818252568019401e+00
1.051207708045707845e+00 1.486372871400321483e+00
1.141604263452980605e+00 3.767613275203798295e+00
9.957621788487892589e-01 1.390178726423056732e+00
1.102487097827290485e+00 3.507360789935428880e+00
9.366796399906196502e-01 1.452124516839731205e+00
9.796592132315402601e-01 1.467880386357126588e+00
1.050882900836484612e+00 1.406543551441230555e+00
1.021247225166071138e+00 1.624745216116380675e+00
1.003513191000852345e+00 1.777670571767358210e+00
1.002015054141512040e+00 1.433175051761870655e+00
1.029124734708060096e+00 1.302942562519154412e+00
1.130426009236944251e+00 4.690114490718429785e+00
1.030496097970368119e+00 4.979217594068912511e+00
1.139339923809481681e+00 4.988379022081637970e+00
1.054286085597311518e+00 1.493403063318161639e+00
1.022337172578579700e+00 1.622125907979489856e+00
9.370573795241251558e-01 1.461056766554535313e+00
1.012763832660472429e+00 1.469888659211291193e+00
1.022771688808583157e+00 1.465261592140217894e+00
9.279263129500268104e-01 1.212563158151105824e+00
9.920313575508012960e-01 1.373754414733819207e+00
1.072537580777314092e+00 1.696331359228616886e+00
1.117576874380639795e+00 4.669431800032859847e+00
1.009436586870791741e+00 1.361757980713942384e+00
1.005418368346664426e+00 1.370807814298661276e+00
9.421916874440183776e-01 1.693416580388985571e+00
9.792099099653380767e-01 1.639240047632316344e+00
1.131137210107346247e+00 4.869935967297097434e+00
1.022631135242130229e+00 1.560753844818642655e+00
9.386930931730993466e-01 1.299011806903274779e+00
1.013787026908045119e+00 1.743668742706279362e+00
9.939249886691150504e-01 1.311911870966697480e+00
1.033648769293454617e+00 1.528102730368303241e+00
1.020621940068643374e+00 1.564883778539603698e+00
1.076553002821642568e+00 2.630653844489198256e+00
1.083980709472871284e+00 1.704983051426698815e+00
1.107790844142196640e+00 4.389411305200881408e+00
1.134561235804239621e+00 4.236003520101881747e+00
1.076997124067760492e+00 1.644717045779070741e+00
1.035680673010752617e+00 1.644743666025449746e+00
1.051071058035775163e+00 1.487726964322445111e+00
1.106257427740469090e+00 2.995214166292795355e+00
1.077326677060401972e+00 2.208083136026605775e+00
9.758216488691694446e-01 1.273375100824307049e+00
9.292974334444746853e-01 1.268515446026308391e+00
9.464515044799037824e-01 1.436887924602767930e+00
9.918746674669267627e-01 1.556703187654236764e+00
1.114401576710238428e+00 4.559075768824871311e+00
1.037032875531611165e+00 1.472086594079995203e+00
1.048000041713138097e+00 1.879747865797718465e+00
9.930706787482057596e-01 1.465237053312060667e+00
1.169452553006018913e+00 4.723033593805353370e+00
1.144049176387689881e+00 4.152758398920250116e+00
9.930961622882833462e-01 1.505002717857413019e+00
1.082524688736856033e+00 2.621762932973353610e+00
9.806609857561142674e-01 1.413958815348528519e+00
1.066352772401408133e+00 1.703356051403863258e+00
9.270992515911540277e-01 1.505515518848718148e+00
1.058796701350099845e+00 1.488835616798426686e+00
9.912105619137457913e-01 1.497219600181259214e+00
1.040051991812345200e+00 1.555610882479459667e+00
9.773757896515968824e-01 1.279076345647273572e+00
8.628413270373459509e-01 8.751003525794112115e-01
1.000855519424555418e+00 1.288112313581743607e+00
9.636793074211980059e-01 1.370405650440339684e+00
1.100574475929989360e+00 4.862181870171105480e+00
9.851004249230463916e-01 1.578159275600961919e+00
1.056040147778439797e+00 1.354678684846498449e+00
9.566880033922092741e-01 1.104782088410266816e+00
1.073600459185623190e+00 1.797755992400122294e+00
1.004653700066615141e+00 1.677673080533084837e+00
1.101308185980390153e+00 3.227103158237077274e+00
1.037849998544958963e+00 1.489194389006972763e+00
1.029653098893211993e+00 1.279503583427820779e+00
1.063199459439485128e+00 1.707586142405123963e+00
1.000357477032979725e+00 1.576335463750256016e+00
9.928193035245578280e-01 1.531186325179832330e+00
1.109359476929489219e+00 4.263861207507766871e+00
1.045588089695092870e+00 1.620678672277326982e+00
1.078797551270198829e+00 3.157987200960820307e+00
1.005262052800476757e+00 1.709617691778038573e+00
1.111000274914236252e+00 4.961110444606617875e+00
1.068374555656955938e+00 1.589492644019932621e+00
1.138724228844122166e+00 3.007239373138942629e+00
1.039236219572519104e+00 1.573799798261950711e+00
1.085477058559344066e+00 1.496359577860634005e+00
9.899848421002322985e-01 1.425828473567697818e+00
1.038926446422817174e+00 2.306147318465928908e+00
9.617465806681287921e-01 9.901091687906584671e-01
9.754101325101128817e-01 1.345591670175869892e+00
9.633001027753046452e-01 1.297586850698237537e+00
9.919158921588221434e-01 1.142851855732405664e+00
1.036046737043390786e+00 1.599704108248155121e+00
1.093668575630962980e+00 2.576921833387718408e+00
9.959710209944070414e-01 1.563633855846336740e+00
9.853690251475795137e-01 2.143178720116486247e+00
9.837158434197480483e-01 1.393228381479685085e+00
1.112566761873255983e+00 2.420850541041135173e+00
9.553517444032855188e-01 1.154008931130003912e+00
1.130832381137594655e+00 4.368864400849822083e+00
1.025584119052234344e+00 1.500594950772977665e+00
9.949429154454744184e-01 1.525415092262082606e+00
1.020541286845920714e+00 1.441166914369526486e+00
1.051130912781015114e+00 1.341513597815257697e+00
9.623169874024324333e-01 1.458187788923405170e+00
9.861086746846592366e-01 1.348030867170866509e+00
1.111180812712503796e+00 1.845802760367034168e+00
9.849869561283723929e-01 1.683747036719241974e+00
8.887400154108818784e-01 1.046326654126168876e+00
9.784336154008359543e-01 1.685848985079845042e+00
1.075932973919159652e+00 2.739080195339957946e+00
1.045277203258897725e+00 1.619436063173461005e+00
1.014029739299218580e+00 1.532238983078115568e+00
1.110332084236093309e+00 4.617676248111760806e+00
1.009886327992417066e+00 1.395410376998949875e+00
1.018672356422713143e+00 1.502622594800515854e+00
9.558589371980127369e-01 1.525979929393164625e+00
1.024631038628229129e+00 1.589137230398555589e+00
9.791880576275516779e-01 1.364799651637324418e+00
1.006915436374474559e+00 1.530325732463737154e+00
1.035185041076330359e+00 1.340095235387243511e+00
1.047811194833748072e+00 1.614209638973331806e+00
9.811063264946198181e-01 1.792546170245079562e+00
1.048356813303734869e+00 2.963463819045077940e+00
1.010806564646054673e+00 1.617959440435969398e+00
9.585400086582348544e-01 1.511055311995891381e+00
9.587863783382221117e-01 1.076953609110519405e+00
1.061533962596110214e+00 1.419521794603972653e+00
1.274686083652476265e+00 4.905425063358827664e+00
9.889362464519103613e-01 1.674787554500657416e+00
9.923881952301644160e-01 1.456422912128389147e+00
9.881728473128053025e-01 1.238808475708057744e+00
1.172212604103521905e+00 4.849656508378629383e+00
1.037223964779888430e+00 1.707475072910484171e+00
1.109979105122514742e+00 4.057100109391805987e+00
1.027619929700669177e+00 1.361979069053675495e+00
1.086171598883272305e+00 3.883544542037477232e+00
1.105560953688925041e+00 2.790374531924971979e+00
9.967350089115046829e-01 1.244899699156333250e+00
9.797518643429156127e-01 1.475807914813007882e+00
1.058734437147917040e+00 1.626174650591308612e+00
1.064353999234902037e+00 4.783922866868419277e+00
1.018440761839367603e+00 1.649502851405562520e+00
1.045025931597467928e+00 1.518341208339389237e+00
1.028822302545864487e+00 1.440172987245823766e+00
9.679425409191791951e-01 1.508438413538807366e+00
1.014133982955581992e+00 1.470776046213022825e+00
9.841267452685230621e-01 9.388270522856080325e-01
9.970875302682505881e-01 1.211007567473652680e+00
9.465612581473108467e-01 1.388809359990706094e+00
1.049826038998050270e+00 1.646301409943917049e+00
1.069558869760273145e+00 1.691620453807794355e+00
1.134242002754485501e+00 4.920999768703832267e+00
1.007610989108075117e+00 1.512225371128658624e+00
1.019442558124917353e+00 1.466157638595893653e+00
1.027283320612412787e+00 1.727355191189797301e+00
1.031021862203969297e+00 1.675413126189870816e+00
1.142435550957507484e+00 4.127682249021369820e+00
1.104535032612474321e+00 2.124672442171375852e+00
9.931115549349192051e-01 1.373436678379830633e+00
1.130039434167448231e+00 3.621247544683251274e+00
1.020068470813435102e+00 1.996870785736932330e+00
1.192103420639094358e+00 4.096244808855735720e+00
9.513849900811219840e-01 1.526492428994887129e+00
1.057184646323782395e+00 1.552503560879779698e+00
1.014684375521512916e+00 1.525725627446394617e+00
1.078469649895856142e+00 1.692288068709675297e+00
1.129107186126798945e+00 3.335876439496572754e+00
1.058724760348654703e+00 1.896487584949957839e+00
1.035154414548290713e+00 1.500270940478838799e+00
1.066299489267269252e+00 1.848487613446200939e+00
1.022762599542323514e+00 1.538871465212672041e+00
9.729682342894361291e-01 1.373284147797665389e+00
9.838767100061508453e-01 1.653898531281822404e+00
1.134402390256210147e+00 2.560775961095210107e+00
9.621454108109487313e-01 1.293711589846081367e+00
1.017257748268599160e+00 1.481112227050796593e+00
1.116266121946697609e+00 3.230590312438093470e+00
1.000499420107254567e+00 1.546190276864691127e+00
1.020292690064410035e+00 1.285972904916081516e+00
1.022039985908292925e+00 1.435646363877584708e+00
1.091714852996313212e+00 3.217571067712744703e+00
9.708190580903782729e-01 1.105756360486365164e+00
1.023382807762751368e+00 1.648560304577670887e+00
1.011092451828015770e+00 1.471394107804565143e+00
1.032685315155938754e+00 1.565133004257416083e+00
1.004663579675395324e+00 1.466346534931507239e+00
1.036930848606700373e+00 1.798040132993228291e+00
1.032973503398989523e+00 1.465142098039306617e+00
1.007337852779280229e+00 1.627550694568793865e+00
1.011668018887807996e+00 1.218785801145252590e+00
1.026494274755991309e+00 1.715420836851617947e+00
1.107738443078581048e+00 4.787002302193655190e+00
1.046752259309264632e+00 2.105372047173827088e+00
1.114366610786581058e+00 2.219021100648295164e+00
1.092814387747072180e+00 4.004118758177846793e+00
1.042554002195854146e+00 2.644375648554967206e+00
1.000613785956951718e+00 1.377142599311165894e+00
1.025843813410090899e+00 1.288324358340138032e+00
1.059304988378448664e+00 1.432335163617961094e+00
9.557026376013241231e-01 1.354681718430167159e+00
1.024980574981618098e+00 1.707543165813572017e+00
1.109054438810968879e+00 4.215374745815475777e+00
9.466840684540714923e-01 1.475471459275564445e+00
1.026734284662933483e+00 1.706406643048256511e+00
1.006208755284748957e+00 1.375891231554334349e+00
1.045876298947191252e+00 2.813941170000473946e+00
1.105531427331800431e+00 3.314114577842766973e+00
9.842237405906048009e-01 1.213683650697785277e+00
1.012026620090870743e+00 1.540749385824017104e+00
9.075356395344302829e-01 1.255125852524468177e+00
1.025145601793530314e+00 2.068617178246548782e+00
9.506295672016596976e-01 1.252702472461203920e+00
9.425883380437962700e-01 1.454679648901136657e+00
1.126973231962740796e+00 4.657042072641735864e+00
1.018601494462011203e+00 1.623250241989985021e+00
1.026093747735919992e+00 1.329037247118737497e+00
1.031752272891488520e+00 1.489707673352552053e+00
1.123516504308379682e+00 3.703705675474266101e+00
1.067485080284032328e+00 1.650805499109182950e+00
1.036589168219258950e+00 1.586193075057294122e+00
1.047915199329246150e+00 2.233076639897583870e+00
1.009959025738956573e+00 1.610579514736453888e+00
9.782650221863945506e-01 1.439711697063931428e+00
9.564689899133215212e-01 1.489628332121563092e+00
1.072970134700526934e+00 1.511565613175304135e+00
1.112520074726208508e+00 3.717056154437744731e+00
1.011125417441702590e+00 1.670965004292104483e+00
1.013912304804652331e+00 1.516867387661154254e+00
9.560888472163294738e-01 1.493396096811522966e+00
1.137432218810301876e+00 4.473771009318179281e+00
1.010305206933811650e+00 1.673760492895083329e+00
1.024375013763894282e+00 1.549504399756336692e+00
1.064915026123216535e+00 1.800341529919659900e+00
1.148416109472722768e+00 4.131091988271642812e+00
1.151893677069905975e+00 4.340493697549567820e+00
1.235581810287469828e+00 4.930571857618336828e+00
1.071345514238743579e+00 2.680088294432146689e+00
1.058762697410024600e+00 1.691066937876706477e+00
9.869577629949830566e-01 1.130296390561611686e+00
1.142538911937090784e+00 4.505497239218049899e+00
1.019024129947859736e+00 1.540317563467138884e+00
1.114761131265035621e+00 4.668593975638874127e+00
1.090967277356485798e+00 4.545907890385727512e+00
1.104292097602134426e+00 3.101015996512325845e+00
1.006048415788582950e+00 1.336283738019564904e+00
1.039163967002343814e+00 1.495596334690316276e+00
1.156884501580490721e+00 3.684440554215190566e+00
9.707818501100186070e-01 1.451103542699077931e+00
1.119448122499538290e+00 4.047181865526989775e+00
9.981395062157022435e-01 1.527964127954878792e+00
9.314774126133035237e-01 1.207334447382821141e+00
9.673437394821068347e-01 1.229570951060854345e+00
1.136909121931331645e+00 3.072835721286029109e+00
1.023678867262006298e+00 2.435526896388063633e+00
1.137367045001365540e+00 4.677171762018540235e+00
1.038369953508069043e+00 1.630257255612166833e+00
1.013270991333456328e+00 1.608028954116766496e+00
9.999764395817688500e-01 1.495758969946189954e+00
1.003056961989724494e+00 1.382322929702654690e+00
1.132014060513765186e+00 2.834920870170861473e+00
1.117526656154937736e+00 4.878224267877390830e+00
1.029231995136538513e+00 2.129396991201171652e+00
1.008728516789249907e+00 1.640402701660834683e+00
1.162016015747838082e+00 4.284514400092565012e+00
1.040697031818529128e+00 1.791495179771911417e+00
1.062588552850522117e+00 1.567910183666228807e+00
1.146927680925280413e+00 3.981034134116445244e+00
8.994933521861167014e-01 8.298021575195640986e-01
1.043191480767934110e+00 1.607525504004020167e+00
1.145425510513461864e+00 4.919691549662184471e+00
1.046116927339681535e+00 1.533236574278217246e+00
1.146774279126846263e+00 4.725658866844105965e+00
1.056774747377261070e+00 2.196318093969067409e+00
8.326181755123499562e-01 7.507791715694843715e-01
1.044797150784592565e+00 1.665637786445405055e+00
1.055079899868109239e+00 2.163075420366221024e+00
1.126992174301066463e+00 3.713512140109763937e+00
1.027768005127192907e+00 1.203987263479443959e+00
1.199030921050765253e+00 4.119142811749244792e+00
1.022283012661169055e+00 1.670466336284580411e+00
1.017744099905856237e+00 1.392857911799480375e+00
9.755359107767344051e-01 1.375173297475976497e+00
1.199663091810187154e+00 4.378478549042585044e+00
1.011292973006389095e+00 1.637532091689686942e+00
9.954786087981943865e-01 1.429696379681727691e+00
9.999172864288627949e-01 1.310455476523711971e+00
1.100856940303488463e+00 2.780854399552434852e+00
9.831846575426053114e-01 1.544242142238211324e+00
1.011349653025957140e+00 1.515183164102715585e+00
1.087982607776014632e+00 1.606720810658881060e+00
1.071976844966085807e+00 1.465625090180215029e+00
9.865027721782586578e-01 1.387164913133208666e+00
1.016166974310336757e+00 1.370700203926676908e+00
1.090796003417518367e+00 3.266996957486783870e+00
1.036200089741553088e+00 1.444286322576660453e+00
1.033940803340544834e+00 1.409954824817108099e+00
9.780800747895762592e-01 1.278922501662132616e+00
1.072140435130831015e+00 3.189732439860252455e+00
1.024012441275316654e+00 1.463707268471478695e+00
1.159406355559920110e+00 4.379507142525046248e+00
1.002666682871482751e+00 1.538518147457601959e+00
1.015735664685567974e+00 1.497992926767217181e+00
9.913116050875258045e-01 1.525733163443556695e+00
1.028621134369070100e+00 1.827509509452230674e+00
1.125310208199624018e+00 4.116655566965207846e+00
1.061896058210052063e+00 2.970981815631063228e+00
1.073234333553076070e+00 1.847215652754532256e+00
9.455420181353654252e-01 1.500771776668631707e+00
9.255638258766218929e-01 1.522045397826515378e+00
1.017202389494153758e+00 1.576011431776802585e+00
9.881471214617812970e-01 1.552483998873243065e+00
9.874679652276230346e-01 1.257376512528967982e+00
1.108026270107342670e+00 3.513236418882943024e+00
1.132404506009925260e+00 4.397186455046901976e+00
1.142686687911247834e+00 3.824730116235933508e+00
9.804510267689265923e-01 1.222331336969139093e+00
1.003274432067472244e+00 1.318801948963340909e+00
1.023422302599614087e+00 1.335574775738764375e+00
1.033903103151270875e+00 1.420721744973930667e+00
1.045319374226474141e+00 1.598181621035885236e+00
9.602390334866583999e-01 1.315771660874334170e+00
1.021048912288462507e+00 1.509302848673890640e+00
1.001680517596544862e+00 1.303913787777476907e+00
1.060269316555871422e+00 3.593072976920370198e+00
1.024053113738816689e+00 1.426066822751187013e+00
1.077606959378364593e+00 1.612393148367186058e+00
1.131393786597942208e+00 4.659167216208540907e+00
1.057135843528731467e+00 1.492865274028283507e+00
9.445326192598532122e-01 1.471886728744298711e+00
1.037187380114712454e+00 2.412649972091205797e+00
1.051806885269611413e+00 1.716460039772613744e+00
9.907703515383614601e-01 1.501386425056089324e+00
1.086031915865825148e+00 3.340881846999625537e+00
1.105591161362462937e+00 3.139580881932793943e+00
1.043968715955650328e+00 2.737592193018515196e+00
1.046284377664192133e+00 1.793717500923593722e+00
1.057138300258320118e+00 1.610062078583678113e+00
1.115974788747785329e+00 4.799955609369781939e+00
1.052962041601871235e+00 1.598709790335087311e+00
9.553436884971583387e-01 1.416934749760550227e+00
1.122023513780636916e+00 3.710313613619729001e+00
1.144350253605540546e+00 4.313675236244857381e+00
1.063584496912162392e+00 1.580734746599702811e+00
1.014074885873416099e+00 1.518239037229268007e+00
1.151440006102849800e+00 4.242196103148415887e+00
9.898242100489340611e-01 1.506543123163119224e+00
9.713001480457794656e-01 1.486351587794439988e+00
1.027563958635470343e+00 1.628635719702179463e+00
9.394091612832025096e-01 1.230578022343870481e+00
1.064425284375825953e+00 1.533214604890398958e+00
1.038676167233295144e+00 1.638749982526410021e+00
1.036286523657633962e+00 1.697722569914775326e+00
9.448200238695814157e-01 1.525974981222041116e+00
1.027515326512010274e+00 1.257098074082476868e+00
1.022967059535433876e+00 1.695083200053603356e+00
1.113417496225201697e+00 3.129315990576187367e+00
1.090354131021993966e+00 2.514625818873625906e+00
1.038300536260394535e+00 1.332782226320961660e+00
1.088882036033441025e+00 3.420762628684076656e+00
1.062982850602822049e+00 2.480512301831460320e+00
1.119561655901712305e+00 2.657533425101887836e+00
1.104921267584427991e+00 2.522629329085155359e+00
1.034531107218960910e+00 1.610485463899250291e+00
1.001805091734925490e+00 1.613364368710225261e+00
9.720513699691556431e-01 1.454261836900769378e+00
9.693574461562098898e-01 1.391065529569641690e+00
1.119775817607068458e+00 3.452386999325944394e+00
1.007050685414997426e+00 1.334509680824353950e+00
1.048681594029490904e+00 1.746507992778761675e+00
1.091816220351379485e+00 4.840912057994270157e+00
1.048742151018101421e+00 1.779807453413733365e+00
9.952738069221898076e-01 1.311168168375972387e+00
1.146389715852903279e+00 4.572875068448790437e+00
1.116716698334256463e+00 4.568606887065503663e+00
1.088141085851328960e+00 2.566641228442290146e+00
1.065641997744716019e+00 1.520717132685154072e+00
1.025457006733433207e+00 1.484544084200824177e+00
1.096997436478839516e+00 1.809867380296737993e+00
1.048860524009644912e+00 1.366442853050115147e+00
9.837769146332029369e-01 1.196866876178877437e+00
1.019135259742489419e+00 1.529642014191972876e+00
1.002686733690433263e+00 1.719677325639978660e+00
1.064535647153613152e+00 1.961865922019514930e+00
1.028992835979293474e+00 1.515268735035592007e+00
1.016507678853842078e+00 1.544766922961871014e+00
9.843152996415645006e-01 1.657049169173405057e+00
1.038901666255664047e+00 1.617701723803426583e+00
1.087980374188940669e+00 2.433200385577776625e+00
1.136592445834930576e+00 4.841676642617357196e+00
9.924413862483829618e-01 1.322973262617937129e+00
1.008206634881952057e+00 1.213094324535413548e+00
1.014106989951231386e+00 1.598109359000256857e+00
9.961347368253874457e-01 1.419416292222277942e+00
1.037298598805171279e+00 1.739725325613804996e+00
9.418396061240597028e-01 1.171980304477201029e+00
1.100082123894948971e+00 2.897695816695714299e+00
1.003893484712036877e+00 1.326318445583355876e+00
1.027908398228318809e+00 1.492467094339607891e+00
1.030871200377534436e+00 1.863902320013684166e+00
1.069197713811085748e+00 1.437076915800158394e+00
1.028290673845386527e+00 1.284836206466127839e+00
9.541970435861568678e-01 1.299322736552193325e+00
1.144748119536914022e+00 4.078738795394232675e+00
1.070787395338033798e+00 2.092051160525890907e+00
1.018203317837101274e+00 1.619926907008392813e+00
1.030766905878501616e+00 1.808685745435067327e+00
9.623454485188591701e-01 1.377809466212242206e+00
1.145958748205055278e+00 3.426160568896375214e+00
9.706933652685657554e-01 1.468200754281817177e+00
1.011155044453893481e+00 1.494386912935502743e+00
1.038908506911387031e+00 1.422131006386126550e+00
9.969785213806807711e-01 1.540816628650017117e+00
1.057780012208092035e+00 1.306023362816442601e+00
1.056067704093256010e+00 1.785848054348492253e+00
1.080765058095246367e+00 2.483634249370664460e+00
9.940929139489131927e-01 1.604045236358368154e+00
9.987362247272536520e-01 1.230760134971595088e+00
1.031561574359541211e+00 1.588559341334548680e+00
1.001166551097566026e+00 1.623415340911906313e+00
9.961956700525674835e-01 1.485268568296395753e+00
1.112760517314024700e+00 3.897105483198585851e+00
1.157915769111547366e+00 4.889444698830482494e+00
9.512531866719885487e-01 1.414214723373734550e+00
9.650277322158851145e-01 1.308092554801386642e+00
1.203055237296316360e+00 4.878772348920816349e+00
9.821394319419742835e-01 1.653365332134360877e+00
1.039380717642681251e+00 1.540748812142483271e+00
1.057747451356131352e+00 1.977494575656327358e+00
1.046783306686649651e+00 1.721079501441351134e+00
1.067211388085983481e+00 1.623955680096625720e+00
1.100486987640171055e+00 4.186015876171801153e+00
1.044657777655373154e+00 1.484167231359063921e+00
1.028316160313600403e+00 1.408647344225929077e+00
1.003955716317342706e+00 1.576714558546380207e+00
9.813842900815021864e-01 1.637654108100102590e+00
1.007180228899793528e+00 1.633454700886573185e+00
1.074074181312918652e+00 1.588244494046231248e+00
1.072518288390083230e+00 2.255676541165377635e+00
9.856671641349031843e-01 1.446219960808625027e+00
1.016912341120919994e+00 1.611645705334475931e+00
1.014003001279190519e+00 1.459177205379080133e+00
9.150547899410094166e-01 9.848353229221713523e-01
1.006568609950867499e+00 1.313556448072110028e+00
9.440870541206475286e-01 1.364484129349580854e+00
1.117980128940565976e+00 1.524236445384769878e+00
1.043934957792111096e+00 1.632895762507861281e+00
1.042134148328818899e+00 4.015498071486264919e+00
1.115989045004122326e+00 4.930129531845185653e+00
9.839424666751692694e-01 1.348237706629994204e+00
9.971643732712424102e-01 1.423873868667703935e+00
1.022519140327916576e+00 1.604350475070641657e+00
9.890744648808378336e-01 1.427488078901507196e+00
1.015341582734896830e+00 1.562750552724995856e+00
1.049685616678239786e+00 1.562829628521698933e+00
1.071430759904317354e+00 1.684685504109179943e+00
9.992475087166294845e-01 1.457250593127329630e+00
1.088222917787223576e+00 2.242741159565170506e+00
1.009881172755013212e+00 1.658641794640280498e+00
1.010981477302881348e+00 1.735216118294256260e+00
1.040457301433646897e+00 1.709081005162053524e+00
9.452328731936647799e-01 1.355062153596967800e+00
1.086336041514376571e+00 2.979769131151653649e+00
1.039780126473565325e+00 2.033404146679317570e+00
1.092772720519184837e+00 2.688215080574559934e+00
1.006994546204207364e+00 1.771126721650577274e+00
1.010326324806634313e+00 1.427470366582381800e+00
1.020483519286263796e+00 1.584773299334518049e+00
9.690465878470870820e-01 1.195238023604947575e+00
1.036737245575194200e+00 1.632445407449583330e+00
1.064888771057142858e+00 1.310923111640303951e+00
9.963078715888438186e-01 1.367918383162691098e+00
1.137246283668852387e+00 4.977588303001557968e+00
1.105862716712579408e+00 3.443482427755164998e+00
1.010635150779072955e+00 1.456615272582982401e+00
1.120165499378428908e+00 4.511872858505643791e+00
1.098581954817898554e+00 2.848793341318977212e+00
1.067116502343730122e+00 2.799004550755263221e+00
9.861944627088339299e-01 1.553056361837529931e+00
1.090198431301046655e+00 3.633533840462512376e+00
1.095214312212133390e+00 3.218754941716643447e+00
1.070945793864360063e+00 1.622005710919909749e+00
1.010188554844346553e+00 1.439748436796887798e+00
1.044347268071383672e+00 1.713246549430421650e+00
1.055314007018266276e+00 1.784926985611815065e+00
1.058386771810923888e+00 1.609562882062899991e+00
9.965348582014933454e-01 1.443915794953054110e+00
1.044296894971510570e+00 1.630468568242594340e+00
1.001505052273143681e+00 1.682890352634149433e+00
1.081128477155582912e+00 2.527958951051739511e+00
1.094145800971248139e+00 1.590602033977944751e+00
9.893958729093640381e-01 1.389023875344080894e+00
1.018478200445908533e+00 1.637387348824395072e+00
1.050620378671954791e+00 1.654611720000985109e+00
1.110898094743757225e+00 3.227919354122227524e+00
1.048835201691670660e+00 1.661551129024441797e+00
9.646040724068773997e-01 1.252633204865339023e+00
9.942577715643821090e-01 1.392182143896601554e+00
1.110883488309979850e+00 1.930088064537735404e+00
1.075327768312340782e+00 1.534723182219143167e+00
9.971684814664718566e-01 1.339528551714997739e+00
1.016826130816808282e+00 1.432954180893974305e+00
9.805800570123816007e-01 1.291901392371254786e+00
9.456980592745699576e-01 1.207938655392496230e+00
9.841549919976542160e-01 9.387946147399390817e-01
1.031477514910189131e+00 1.907256691078246469e+00
1.022115850852744368e+00 1.837027253304530428e+00
9.777885496587350733e-01 1.394789727300922433e+00
9.387972472801803248e-01 1.441255317339238395e+00
1.019539252975545374e+00 1.456575509695460013e+00
1.046412810810558147e+00 1.559460339417698016e+00
1.030312582797841880e+00 1.613752897523009988e+00
1.069416540178607100e+00 3.720341768281750117e+00
1.004578542033471633e+00 1.719254701033630761e+00
1.105019178839135474e+00 3.786995302217956549e+00
1.039460518259457844e+00 1.533631805372287715e+00
1.080745434720258524e+00 1.588106807558604006e+00
1.042240256858139480e+00 1.643815100901615534e+00
9.999475024031733161e-01 1.388123918815638014e+00
1.017611704244453907e+00 1.640022572195521722e+00
9.766135867724746733e-01 1.576176603635006668e+00
1.024381119424536246e+00 1.461055936476797212e+00
9.726782777061110385e-01 1.331690014400932931e+00
1.017584156791374372e+00 1.410959056665325839e+00
9.921379760656950930e-01 1.269882290781880974e+00
1.085711080584898847e+00 3.539813600463544319e+00
1.056066708493956341e+00 1.734855675710905265e+00
1.000039579677989954e+00 1.338059238489738290e+00
1.035252585957248117e+00 1.400685555203422306e+00
1.049618257641870001e+00 1.389861273367227756e+00
1.109465974384677978e+00 4.679241701379238449e+00
1.091993154671692556e+00 2.146093479669635151e+00
1.007902271035522546e+00 1.453106662118409664e+00
1.022917344538601281e+00 1.764804097321524656e+00
9.756290838187784420e-01 1.413046965169911129e+00
9.916310288352840896e-01 1.341280057620391597e+00
1.019702264561189509e+00 1.409228595071008172e+00
9.796916575285630202e-01 1.348775481226409667e+00
1.090866584352585544e+00 4.053764964505623070e+00
1.056057911104952840e+00 1.463990496030983524e+00
1.026904644599439864e+00 1.358305049360000849e+00
1.147087782358842345e+00 4.591123832182004705e+00
1.137999522917797712e+00 3.986902999225251598e+00
9.622893326250371304e-01 1.480244887559397204e+00
1.033837104685997543e+00 2.185297013990617820e+00
1.126058067511509053e+00 2.740345929570801697e+00
1.040827478523649097e+00 1.915958128972091057e+00
1.018493989600712135e+00 1.627677795957667595e+00
1.177580336973697683e+00 3.001261182773032221e+00
1.081042245609971086e+00 2.597945042733646570e+00
1.090874957403150436e+00 2.455394524756223440e+00
1.053654716516805978e+00 1.841931976401739446e+00
1.102267514485796740e+00 4.008251554716536269e+00
1.103753565430944494e+00 1.882620895907222813e+00
1.003888189591641389e+00 1.255688738895629930e+00
1.121059283262312078e+00 4.197525064016129015e+00
9.966517528538412218e-01 1.602894478292217872e+00
1.081739623256265270e+00 2.711793581808338072e+00
1.083353837586719992e+00 1.432579202388513773e+00
1.020833760164254089e+00 1.739514178688456703e+00
9.659682771776575416e-01 1.113441820980392682e+00
9.791333036005605006e-01 1.592660887411621262e+00
1.046282937501418653e+00 1.442697500715909076e+00
1.086858664354362514e+00 3.854516871160073244e+00
1.083722486670544383e+00 2.092240805410425786e+00
1.038849165188948875e+00 2.172109648793783876e+00
1.042332479898257391e+00 1.637045127452913418e+00
9.916055974749529156e-01 1.835814081369768980e+00
1.072677901324548655e+00 2.142619732736770199e+00
1.103986088249321762e+00 3.859792064754643537e+00
1.011836433045373296e+00 1.731502046847092746e+00
1.013461456045178455e+00 1.437588009028634373e+00
1.058096187700831026e+00 1.558389216979596315e+00
1.042781589664853570e+00 1.461206754421296994e+00
9.063136279255900041e-01 1.064050002956776986e+00
1.153140751986920343e+00 4.543912327238936122e+00
1.008697886807041089e+00 1.472813021341939033e+00
9.560468498024753403e-01 1.223331699476809087e+00
1.007524328109463907e+00 1.825731272267260286e+00
9.718412363434173473e-01 1.522133586635073366e+00
1.118115618280200785e+00 1.858413318803571190e+00
9.739444026198085247e-01 1.497646493323351091e+00
9.722544705296316536e-01 1.917510579301909601e+00
1.116529875327625154e+00 3.857173315194020624e+00
1.035589584708327182e+00 2.173731502248742231e+00
1.068968560321807315e+00 1.812676753247513650e+00
1.165696124119557808e+00 3.237693773864992242e+00
1.024883671526572559e+00 2.187382587663269096e+00
1.006076411471108489e+00 1.362245249480361853e+00
1.029687255235073762e+00 1.490530491859752171e+00
1.159336788674305341e+00 4.179311062419185596e+00
1.156757604116940508e+00 4.112967244661535737e+00
1.020872528376127741e+00 1.573137973745472484e+00
1.051563599241546854e+00 1.443258801893436249e+00
9.967714119571573494e-01 1.452859540586631804e+00
1.082941796486827091e+00 1.635584792776753948e+00
1.088581034090047917e+00 1.595785307059470304e+00
1.005976539184058494e+00 1.404897014600980709e+00
1.086843271277835532e+00 4.913309350288585620e+00
1.011808610386924379e+00 1.702018074855588425e+00
1.097123983738404140e+00 3.677229707822172511e+00
1.056726689459055901e+00 1.569741631313326558e+00
1.032557638939677114e+00 1.433319915073387074e+00
1.039101687376951411e+00 1.462660775320623330e+00
1.096546271800990402e+00 2.129460162125204725e+00
9.195628949117242712e-01 1.341162662692362950e+00
1.104904715875303145e+00 4.194681626627240867e+00
1.068043462303668090e+00 1.372849894688518813e+00
1.145169745953736218e+00 4.657711017246619178e+00
9.964744841723128799e-01 1.510584456836225664e+00
1.025950946946478703e+00 1.429176204570078657e+00
1.002556868643577292e+00 1.686581829230712204e+00
1.020243272187813410e+00 1.527908408450683542e+00
9.753705293420376066e-01 1.174103481380349701e+00
1.089055545272681780e+00 4.139258316161639861e+00
1.044035860747399402e+00 1.671835864861186627e+00
1.087505058060324492e+00 3.813664959995872294e+00
1.018956618772655975e+00 1.766508308498594193e+00
1.042447828518338726e+00 1.437305816707838080e+00
1.025718119560941499e+00 1.585595831456539706e+00
1.027020258568829947e+00 2.015251781181430335e+00
1.079545899345561333e+00 3.211529586137291670e+00
1.125295110824916511e+00 3.203319596164921013e+00
9.965112197241703385e-01 1.284831825951181061e+00
1.034163548894477591e+00 2.520092937121777954e+00
1.119453030678423833e+00 4.759116659493201063e+00
1.104979690921555013e+00 3.121135273980061964e+00
1.027135677214605414e+00 1.480322435817631010e+00
1.016190854318539616e+00 1.564964985206717785e+00
9.725863707834209171e-01 1.464876731929674047e+00
1.036261234521862695e+00 1.302717282238492480e+00
9.803732539928848855e-01 1.341886831261338342e+00
1.124640457101529600e+00 2.764262374109321296e+00
1.072381442147092745e+00 1.514536368691810075e+00
1.046109274708181047e+00 1.452488180973403820e+00
1.018361953518573504e+00 1.435748553060858246e+00
1.104662798058559714e+00 4.448386178266208191e+00
1.058416911343789568e+00 1.598429800695936986e+00
9.979829609599836227e-01 1.483351019897118261e+00
1.005493623923071622e+00 1.364049242650169358e+00
1.033707403857864415e+00 1.509348797996563407e+00
1.025184400771802062e+00 1.450366572761776274e+00
1.060525095471752444e+00 2.433634403609484131e+00
1.002725992640484565e+00 1.342056565035699256e+00
9.739852131842224869e-01 1.520889868974063086e+00
9.809303572678701455e-01 1.671041122474938634e+00
1.003390234274620596e+00 1.406691920389185890e+00
1.073183670466608897e+00 1.803058041933226052e+00
9.782102099077210067e-01 1.238129638035206037e+00
1.006260220439393560e+00 1.438963935380538350e+00
1.065137405164247042e+00 3.298995854765162328e+00
1.192077454287247873e+00 4.429127383265984541e+00
9.876502753389905243e-01 1.459026798056364926e+00
1.068689392513995084e+00 1.972027124896377659e+00
1.110019597470642605e+00 3.591583518727286872e+00
1.055115963881465557e+00 1.321910110288218032e+00
9.470386200778323493e-01 1.188651942935854411e+00
1.138813620936944382e+00 4.167306605825990218e+00
9.970548179292064717e-01 1.426962364979089237e+00
9.377034595756558177e-01 1.184265489085634115e+00
1.016732048681453504e+00 1.694420392926618169e+00
1.037987805164582999e+00 2.480504278819818609e+00
1.130319195871606786e+00 4.641083335894865769e+00
1.044280833732607272e+00 1.595237279566241728e+00
8.463612668009605766e-01 8.091679601322264714e-01
9.454646354353379856e-01 1.511317863370341241e+00
8.798067063211555405e-01 9.604456096913457364e-01
9.770761984546827428e-01 1.117248875213506576e+00
1.028483194060994865e+00 1.742183478138686903e+00
1.087457637404393607e+00 4.834059180575591697e+00
1.083368213244249256e+00 2.983510579139408758e+00
9.765634132395817346e-01 1.301420995612972531e+00
1.002541882267950601e+00 1.625430587448750241e+00
1.005246438229860262e+00 1.352912146115839098e+00
9.823214627172648372e-01 1.661810679598948459e+00
1.026551322485274920e+00 2.005479812685891705e+00
1.031021754728513429e+00 1.731961746077088860e+00
1.142500329846861451e+00 3.485106154211290441e+00
1.074907282956222065e+00 1.845870745253006762e+00
1.133249157538092966e+00 3.169498238092083753e+00
9.986616025261465523e-01 1.511605291130778461e+00
1.080794990907404163e+00 1.668662750450044419e+00
1.042204088486913705e+00 1.389242529766592460e+00
1.020914293896279634e+00 1.624684900274848465e+00
1.001124728393211871e+00 1.430377409912946707e+00
1.151846683808138927e+00 3.578891779440977583e+00
9.633791620540022027e-01 1.248741407299259976e+00
1.093640466760039898e+00 3.414962874014858318e+00
1.011310138886735155e+00 1.832842270100752957e+00
1.049341314036196016e+00 1.578757736696086544e+00
9.511595985095184780e-01 8.858939625399208095e-01
9.423551389322725180e-01 1.330068433363611025e+00
1.027791828590242318e+00 1.921164498629713613e+00
9.542715158139244425e-01 1.492922792744733052e+00
1.089170513544455376e+00 2.628062223816138854e+00
9.937655415808464010e-01 1.429704272793258957e+00
9.803241161262078451e-01 1.471560298191930904e+00
9.596803605838782891e-01 1.628777721125925337e+00
1.005640884713997707e+00 1.065372260181558950e+00
1.069989126645321864e+00 3.572058038138923752e+00
1.113248293212109719e+00 4.713396441537004655e+00
1.025574927638851719e+00 1.471900122321393889e+00
1.011336041521631257e+00 1.235749919611391467e+00
1.105952307205997132e+00 2.606264253995486335e+00
1.088212703769961154e+00 2.628887048020426054e+00
9.926003653142921879e-01 1.704877932669779828e+00
1.088967499342035294e+00 3.948165244696752563e+00
9.624840533124318087e-01 1.304989023656865532e+00
1.173568825687745676e+00 4.267390678825161210e+00
1.161891721882465367e+00 4.534124272973510728e+00
1.075505230633595932e+00 1.490593195568257423e+00
1.007042183893511744e+00 1.562812029053860519e+00
1.080249192893916632e+00 2.274574221838812083e+00
9.725071086017774702e-01 1.469675323608065076e+00
1.011848989765318674e+00 1.480619687743483404e+00
1.138691346440896757e+00 4.267678665822266737e+00
1.040255235665642708e+00 1.500031558011342137e+00
1.102050867718382898e+00 1.706335906263715563e+00
9.681900810474263208e-01 1.405710639918902771e+00
9.684426048328057535e-01 1.354280362230654511e+00
1.128697460584692003e+00 3.064356884408009574e+00
9.828953825726817195e-01 1.434736337589489930e+00
1.035174119694510342e+00 1.466401772365305778e+00
1.144092418095552510e+00 4.524218602730370797e+00
9.661957660912413592e-01 1.481660695740712130e+00
1.088279123802919690e+00 3.886657982635455699e+00
1.020257788191666126e+00 1.490001084591083824e+00
1.083685380237728868e+00 1.544092544609027451e+00
1.037458490836751013e+00 1.634276525876946051e+00
1.009995581903824879e+00 1.613667143645060253e+00
1.130316109132017299e+00 2.885060286838842636e+00
1.026136935965842545e+00 1.503565233492335951e+00
1.158718440660326809e+00 4.510869043450229654e+00
1.022879192120661029e+00 1.200690038026129836e+00
1.101405680251648089e+00 4.319487608564791081e+00
9.489240242152668925e-01 1.264520055388500985e+00
1.126562216517667858e+00 3.517490932788154279e+00
1.006857735558506217e+00 1.722928488468671526e+00
1.104422102629739388e+00 4.491980160848368264e+00
1.038999629048489082e+00 1.589839365950603822e+00
1.092807219818328734e+00 1.633775617162875449e+00
1.082383684237116617e+00 1.546389103989461944e+00
1.019343255466699016e+00 1.568502143115445113e+00
1.023031858921202852e+00 1.655540522403990300e+00
1.017075853263137875e+00 1.534199115839759209e+00
1.046679242582332581e+00 2.163422753685328992e+00
1.024072861206571483e+00 1.411540135641881744e+00
1.120462579406212411e+00 4.376137377412877782e+00
1.096593234663869154e+00 4.785553935622268718e+00
1.259214507937290062e+00 4.848690845062791688e+00
1.032224999191204695e+00 1.527496792427152972e+00
1.062375688317219957e+00 1.615461571064530588e+00
1.022394039605240224e+00 1.735267169241672569e+00
1.033812830137293970e+00 2.678139529146180031e+00
1.042888114574671565e+00 1.624810822621678863e+00
1.060858609206710490e+00 1.621546920935031944e+00
1.022263991125021976e+00 1.950779318436068221e+00
1.137800959197059036e+00 3.897321112404584120e+00
1.105314297598431583e+00 2.922765456084999602e+00
1.031920796315075828e+00 1.373907705352259034e+00
1.048525602148026259e+00 2.266695015394703638e+00
1.050262957755855098e+00 1.903487124292951860e+00
9.807471795377089574e-01 1.434438466987508320e+00
1.060257965586641316e+00 1.698557737637721221e+00
9.524070172970073855e-01 1.482357602536859442e+00
9.974008466017508789e-01 1.620498728424612622e+00
1.180719809557879474e+00 4.400581108220189108e+00
1.098191787590017565e+00 4.973841707560416658e+00
1.148363941205296390e+00 4.481263675589048923e+00
1.064793875382530119e+00 1.390056456063907708e+00
1.044832168520078097e+00 1.534935007561747611e+00
1.030899153719812444e+00 1.542110122027608776e+00
9.979412901966295824e-01 1.614397819133895906e+00
1.057352520649652794e+00 1.327830940621467226e+00
1.034900928744408866e+00 1.544299865918671966e+00
1.127138893783920626e+00 2.709988237015654722e+00
9.509887382159292191e-01 1.165452541249092810e+00
1.068500312694484533e+00 5.050186624595742302e+00
9.789260909362381691e-01 1.434300678564698561e+00
1.024848923793197919e+00 1.391068437632153820e+00
9.887619027189228360e-01 1.381274467928266025e+00
1.037937993400186443e+00 1.684882053050142492e+00
1.008440421634785977e+00 1.205502432237736343e+00
9.910877232248384017e-01 1.384282365629354583e+00
9.674900833654876964e-01 1.335100118377812839e+00
9.832469482430438168e-01 1.137610565608373259e+00
1.063392028281547663e+00 2.231225914947973621e+00
1.072557068051957385e+00 1.861474551657649412e+00
1.090414954166361694e+00 1.616933073228225881e+00
1.045352440115644876e+00 1.823622819256202066e+00
1.128519800375392235e+00 4.628256555416413676e+00
1.080194508236218764e+00 4.387324168402571445e+00
1.041099397952120142e+00 1.661011485165586610e+00
9.459714768663377571e-01 1.440218149785431390e+00
1.109262196149016333e+00 4.487113489036735459e+00
1.092389156228299241e+00 2.654975279057369075e+00
9.912173457654060993e-01 1.492381636933806321e+00
9.992829112236372158e-01 1.394615699932577835e+00
1.030582966808505141e+00 2.225608182674569058e+00
1.076235052054767882e+00 1.686854772467123675e+00
1.103883979902461343e+00 4.831357248427697648e+00
1.111813126892222225e+00 2.944920107780821361e+00
1.115410364454657133e+00 2.967260137583104029e+00
1.121651518106614009e+00 3.905238932615877623e+00
1.049363837476037675e+00 2.262449296650832498e+00
1.038668973840393139e+00 1.445866933249410069e+00
9.713261625982487768e-01 1.744575251108098746e+00
9.830147175200828480e-01 1.665097121965804172e+00
9.745973521332795819e-01 1.120557337991709534e+00
1.136285196004732656e+00 4.236064351285317997e+00
1.078175367403543472e+00 2.663306757044943129e+00
9.406018744479683891e-01 1.136504738727863062e+00
1.004144524541857653e+00 1.370198763585917634e+00
1.126254981838584746e+00 3.824930351419865371e+00
1.107918411453356233e+00 2.756192304180902664e+00
1.119829592532552098e+00 2.845321642008703300e+00
9.686084587759431486e-01 1.461777510637665367e+00
1.109876238730706621e+00 4.566611626678660052e+00
1.068131988602238236e+00 1.982284179991294693e+00
9.421051913914251230e-01 1.580883782465601683e+00
1.039598110440106415e+00 1.719231416838862270e+00
1.156750564806296566e+00 4.549566968242220177e+00
1.042137295806030428e+00 1.652618180504679790e+00
1.139047248170791171e+00 2.656472120847106932e+00
1.122698694554487009e+00 3.606941993097471766e+00
9.926428087005567669e-01 1.668971328543081389e+00
1.022512181381694862e+00 1.344283181077755573e+00
1.099837740878586434e+00 2.258281822299673003e+00
1.080128071482548080e+00 4.209296627547151282e+00
1.153729727368186797e+00 4.576972477831725783e+00
9.728034742309116245e-01 1.527932505608923019e+00
1.047501598398646872e+00 1.783138795634283014e+00
1.112466678607067161e+00 3.255513446929511723e+00
9.846156177096648809e-01 1.490083161145012491e+00
1.047460331009157253e+00 1.710819401294985553e+00
1.018452548938659108e+00 1.446672834709808786e+00
9.389318353946611850e-01 1.178066362801605482e+00
1.049794479468149522e+00 1.365170177562988529e+00
9.774898070916603343e-01 1.541278777603195094e+00
1.019088152371702138e+00 1.378329265994184372e+00
1.089576488197273374e+00 4.284812989588895782e+00
1.094239146259766038e+00 4.751281485339893251e+00
1.013582221913525316e+00 1.672979464889850831e+00
1.060938756999142196e+00 1.454290785683624243e+00
1.078893345168567830e+00 1.798861710827237115e+00
1.054984726108614268e+00 2.118092944189560622e+00
9.965613298169599954e-01 1.466161710256588036e+00
1.100521382763551159e+00 3.901623296258170726e+00
1.074724095896878673e+00 1.407667915606980014e+00
1.029859323237296342e+00 1.433752866786162317e+00
1.002157004150068031e+00 1.362041136657402118e+00
1.154417005884864622e+00 3.834735865408731126e+00
9.984853371773197983e-01 1.484261501305801145e+00
9.906531087309047301e-01 1.381785450129004333e+00
1.048618554154257421e+00 1.545357844170237582e+00
1.101163775914508758e+00 4.342826674976179469e+00
9.812265444351060406e-01 1.354165010705431937e+00
1.170103281194406986e+00 4.503523787200032658e+00
9.975713882678074462e-01 1.404971330633226767e+00
1.046629786835269860e+00 1.654069187739099611e+00
1.067156668809008613e+00 1.812129287147851153e+00
1.031040362096820928e+00 1.304583829531949402e+00
1.012513022697044907e+00 1.735941077635760887e+00
1.013138685264380667e+00 1.440523175050526739e+00
1.096582485018425812e+00 3.755647118058212719e+00
9.696497922314714080e-01 1.459800655848642492e+00
1.012187604474497071e+00 1.553239353074000961e+00
1.016837552724864979e+00 1.522721143765660257e+00
1.043226834078639920e+00 1.671827577632248651e+00
1.121454295323262906e+00 4.023017387657356281e+00
1.052862093675726918e+00 1.800044755556094334e+00
1.130022629158340619e+00 2.558300807056027359e+00
1.103068800734978927e+00 2.653059871805866887e+00
9.109210872743168652e-01 1.638903006323316536e+00
1.078083179534300218e+00 4.398697448505860308e+00
1.026437302373385707e+00 1.411361396942860669e+00
1.090576001362987046e+00 2.553851440847429100e+00
1.138368182742348411e+00 4.106805203629260603e+00
1.043066688665469366e+00 1.859137734663072861e+00
1.025655298510822488e+00 1.698904176245568332e+00
9.752311258670371963e-01 1.316092707264084005e+00
9.699964070788540393e-01 1.391377979148319621e+00
1.064758587019025482e+00 2.838324169144693876e+00
1.024889580384280574e+00 1.468397966345020400e+00
1.065757008140570949e+00 1.440008494610394374e+00
1.003665866472392532e+00 1.293754067174321509e+00
1.131308315266561726e+00 4.291895628653640493e+00
1.087815246011935688e+00 1.707149406199276243e+00
1.040340252594332826e+00 1.714852031529116028e+00
9.873041915548400604e-01 1.321315216012871829e+00
1.096106913581184283e+00 2.488555263923225347e+00
1.004978294130192795e+00 1.413324238834104962e+00
1.006033925767784387e+00 1.461349263845092228e+00
1.039633736846492296e+00 1.670621001254181559e+00
9.790096533387537825e-01 1.312116529980325019e+00
1.049713743614950401e+00 1.896752097849822238e+00
1.039417407631455958e+00 1.406503660143346490e+00
9.370945759117520479e-01 1.316519007319416179e+00
1.011537910975802701e+00 1.591239713619719609e+00
1.088053686431230460e+00 4.195801762855951189e+00
9.948077850459453586e-01 1.406571418333965706e+00
9.887625355434508378e-01 1.864690270683246665e+00
1.031415379819333733e+00 1.708469062760675561e+00
1.025969417842670817e+00 1.527878928824070837e+00
1.033105610440138156e+00 1.629776602466531443e+00
1.120019281279297729e+00 2.013005763501066969e+00
