5.206205312642138594e+00
5.981598679102080318e+00
2.099020369729842628e+00
2.618860957551211843e+00
4.408516965354938755e+00
8.114689269823198714e+00
4.044825035626099741e+00
3.254364625347031303e+00
7.610577302430580282e+00
2.899395887809589567e+00
3.658681956636673505e+00
6.009523995961899345e+00
3.337481948633975293e+00
4.691812000015547213e+00
3.020667441943107434e+00
3.888481125163433028e+00
1.940260809026771671e+00
3.243749063483652773e+00
4.116946577908949578e+00
3.363971524320251483e+00
5.318074511708912766e+00
4.884662204554376608e+00
5.455896675772004656e+00
4.064133935277213894e+00
4.964946488726008411e+00
3.821071655979543458e+00
2.352233329100906101e+00
4.123589071452130383e+00
5.294209985783001393e+00
5.203420974007627819e+00
2.069296099177615478e+00
3.096754630526329155e+00
4.291519647628192047e+00
6.596425814376376984e+00
5.165890676102952384e+00
4.017259842588210006e+00
5.335299766212059147e+00
4.282817689428424224e+00
4.232336285626931982e+00
1.915028780524551610e+00
3.910934104791076837e+00
4.234257974530514446e+00
1.539372321976937297e+00
3.821175081088174608e+00
1.574561907752378698e+00
5.645940918966558364e+00
1.615195636689336300e+00
8.549194803780862273e+00
2.405930223721463257e+00
2.014146007617523715e+00
2.176487928939675243e+00
4.215363824075069488e+00
8.550778970466808460e+00
4.714204220475965101e+00
5.554278719828134925e+00
5.952254328903900937e-01
4.229615688145615948e+00
7.915101161205786440e-01
6.125490521534427302e+00
3.733816726946378228e+00
7.334977702410737876e+00
1.535227041235514900e+00
3.511617627760935445e+00
1.790017496218777371e+00
5.992656871709839628e+00
6.546346275981709262e+00
3.315965098410890821e+00
4.124862144954413168e+00
6.845067143736386583e+00
3.373533668098144034e+00
3.187003390773003542e+00
3.050930672899872409e+00
4.982550662755802051e+00
6.242753687220295333e+00
3.273652548029262643e+00
3.654403956191675462e+00
3.012527840133814472e+00
9.607333106557108593e+00
3.573025615934670718e+00
7.126262005216031703e+00
1.351471028363499727e+01
3.493326671749269252e+00
2.407377750333834499e+00
5.754630022274340284e+00
5.731590301893865202e+00
3.010092895640974930e+00
7.736423876314233894e+00
3.593711920852866726e-01
3.657125624844932421e+00
3.768174652156223381e+00
3.843765816345569242e+00
4.763330720352678682e+00
5.944454138796507081e+00
2.884870313175435630e+00
2.215002288130303310e+00
1.467229797193896568e+00
1.015757745847758287e+01
6.079155927994550623e+00
4.669591323982475117e+00
2.296657835488618460e+00
