2.194686477258233293e+00
4.750626373591061657e+00
4.292714637433346248e+00
3.262902206879817246e+00
3.255712210051363797e+00
3.523046705651943000e+00
3.396879874970101021e+00
1.779453178647566691e+00
1.127641052852497827e+00
3.841772611162755702e+00
6.918906973941591154e+00
3.852469010682654016e+00
5.405315908410507575e+00
2.432547192891781229e+00
1.419078064677500528e+00
7.890846039614269003e+00
3.436077546456001386e+00
4.593132546451433207e+00
6.441105505179484325e+00
4.759394684198418268e+00
7.460514230340239195e+00
3.094418071055670794e+00
4.228099383592997640e+00
2.882127037821982540e+00
5.040484147934226833e+00
5.174984509928727050e+00
9.665775509154491019e+00
2.743889637521784497e+00
5.286017805211444376e+00
7.354037505426532562e+00
2.601637446078455707e+00
1.191693065158646148e+00
5.922616355725445203e+00
4.626497917194498655e+00
6.711589192904304113e+00
6.717793010512542295e+00
5.845567183539883693e+00
4.828051003014915743e+00
1.258705272964635302e+00
7.040506434398072777e+00
4.172369655332691885e+00
2.616285884879123724e+00
3.498564373134402494e+00
6.648505701481229657e+00
7.871317081525058157e+00
7.130743981296499889e+00
2.024629379276174923e+00
3.096946889351105625e+00
4.062685824757007680e+00
4.706464226764286884e+00
2.155868561343158074e+00
3.295006613459901423e+00
3.603445210413369182e+00
4.192390746965243054e+00
2.913022350581241149e+00
3.757938394745652833e+00
5.029731332752570339e+00
2.221152169470851589e+00
3.166237852305864742e+00
5.801262370849327610e+00
3.632106323435351669e+00
8.538213735469934562e+00
6.521072939532233548e+00
6.181580470977387165e+00
4.692048279509858588e+00
7.577662625653019290e+00
4.569651774437412328e+00
4.007733352069068111e+00
4.685157358382972426e+00
6.885647203800223437e+00
1.453153543814021953e+00
2.922055957194369391e+00
4.900108432268814873e+00
3.802892784927473180e+00
6.738695103016594246e+00
3.864507019701665769e+00
5.181610879791992197e+00
5.464446621118193903e+00
5.829776325835207551e+00
4.381957961367810128e+00
5.087934447686708772e+00
5.117145916777777970e+00
5.017581196775073415e+00
3.216559580723797218e+00
1.343768486740855250e+00
4.874528688616895700e+00
1.787639450643389027e+00
3.773792430313236856e+00
1.802762455811139031e+00
9.081088046670274139e+00
2.704912849649139694e+00
5.975946496411646436e+00
2.436910499913195860e+00
5.132029866151249564e+00
1.029008135983631966e+01
4.546380977874171947e+00
4.540082538095188802e+00
2.492709412235853961e+00
2.675484845314511695e+00
4.827761077362401565e+00
