4.734314766873955804e+00
4.204021690543291001e+00
1.287795435580188608e+00
3.523890943251907881e+00
1.015742751003801914e+01
5.863393344304604682e+00
1.145293252694802089e+00
1.700301654905094662e+00
7.611269729073901757e-01
3.822982566600642063e+00
2.052313297755749222e+00
2.809810392677699387e+00
7.103122939246124812e-01
3.759016276865041473e+00
3.958601812851795021e+00
2.329737133533464011e+00
2.065690818826207753e+00
2.639417724348127159e+00
2.116489805031657401e+00
1.012418512308626450e+00
2.364977026060060883e+00
5.538952402733126057e+00
6.131464435445555416e+00
7.007184512218765704e+00
4.196440209498280893e+00
2.891052425790133551e+00
3.733119350568351535e+00
5.799758033238714638e+00
4.542874976002888587e+00
4.310220111938337872e+00
2.484424618869591317e+00
5.703528216819975682e+00
1.651427826736330928e+00
3.776142881427807740e+00
2.895191577508571701e+00
7.808298041743810813e+00
1.096056428481200840e+01
6.049436363630497304e+00
3.700058774345353463e+00
1.394092357377843650e+00
1.669030084654777424e+00
5.140511898349240383e+00
3.930458956951233151e+00
2.243559646400269170e+00
5.553108813128421417e+00
4.176559130357202498e+00
6.207969006975439186e+00
3.522465524511518176e+00
3.220275754902053311e+00
1.938265004804730962e+00
3.069605837071482490e+00
3.168458936260416525e+00
1.134465564877654931e+00
3.633701210743878196e+00
6.631067745621228582e+00
7.511738015656997725e+00
4.779980623987775346e+00
2.041786278032731605e+00
9.343504489847488159e+00
1.064797256571469042e+01
3.233767303951494032e+00
5.898591976341597487e+00
2.571682317754708791e+00
3.582473033472093338e+00
3.641947655984373533e+00
7.307564146812909556e+00
6.933412350036574523e+00
1.755559478410849916e+00
3.641052610581864801e+00
2.613190393671929623e+00
4.002150111075065908e+00
5.903841243269752681e+00
1.077605683354098787e+01
3.395423442555582483e+00
5.249264870287432494e+00
2.167550104236256381e+00
3.301813815712715261e+00
1.768672289035466916e+00
7.105895141474976917e+00
1.944307169431648941e+00
5.102260720376921910e+00
3.713753472704748759e+00
2.104461741417587906e+00
5.291105215407094775e+00
5.849124554442901136e+00
7.210379849910475869e+00
4.008868863556235063e+00
2.989864831313629789e+00
3.601330084967108380e+00
3.617704784252219863e+00
3.074646425384847337e+00
4.348740697296745950e+00
6.594036578368367429e+00
8.994819379044336927e+00
3.382741710506823374e+00
5.752897004423364713e+00
5.871240962042854505e+00
3.781426346740203392e+00
2.611804066023585058e+00
1.756246113812600429e+00
