5.516288268952452611e+00
5.825340818740524007e+00
1.711545422953921314e+00
3.680187324196310783e+00
2.029371445451978229e+00
3.226181998932087680e+00
2.625163548690376825e+00
6.065073512526377719e+00
9.343822799461921846e+00
2.565249545048756463e+00
3.235092896821059050e+00
5.856479760547956381e+00
5.580712492040835748e+00
3.559482085351999281e+00
3.951978254269476132e+00
5.318798134850752923e+00
3.079467592439997237e+00
2.104168877102039481e+00
5.425490216307316871e+00
6.926432821710060139e+00
3.049975469289244234e+00
5.001481194858010682e+00
2.554070988559148159e+00
2.285614179055024842e+00
3.419718258136947409e+00
3.644208085473584990e+00
3.251996523311152743e+00
1.937309556139882760e+00
3.009641926790539657e+00
1.641087291445903151e+00
4.662053176634054275e+00
1.408516873933084668e+00
5.616305123421715173e+00
5.332478504540395292e+00
5.571681690490174255e+00
2.154678578672170719e+00
4.472188318558715459e+00
5.466566359286783694e+00
2.497515323063912440e+00
2.531464873033306695e+00
6.578308316315198745e+00
2.231228521091705996e+00
6.212645614642414493e+00
2.271639154796373905e+00
4.153379035822394982e+00
4.196775561043827096e+00
4.215116316148700193e+00
7.324430445476305174e+00
1.832992191374500424e+00
4.144734316850355427e+00
8.207670061184414223e+00
3.810218144258473050e+00
2.986260862561579632e+00
5.137391901881455780e+00
4.168187530436163968e+00
3.426724545257765264e+00
5.100258956237631480e+00
8.910716253120405383e-01
3.500398856756630206e+00
7.921330607007023517e+00
4.193038123269295703e+00
3.479704106947692388e+00
3.211380923901622886e+00
3.424871700920450568e+00
8.091956720095712097e-01
4.340372250099907347e+00
4.562405157147496837e+00
4.760591677998800897e+00
6.500588566259153822e+00
4.856325525419052269e+00
8.865940914013695107e+00
3.426716449505093465e+00
3.717747086179721272e+00
7.483552377963905933e+00
7.006549903252457412e+00
4.768738367876053985e+00
4.640398833746205653e+00
1.778129695491099671e+00
4.612271061406787886e+00
6.006386846986118577e+00
2.729340954977872880e+00
6.306358568447658186e+00
3.419437233832799627e+00
1.841822329817959014e+00
4.140324389908721869e+00
5.053268492823221880e-01
5.852609827727664360e+00
6.212484636107037161e+00
2.491897499607070188e+00
5.188157985960449636e+00
6.041063577951097940e+00
4.611834625583862923e+00
3.190788753187987048e+00
5.953853450975458372e+00
6.255817061028476012e+00
2.816573292029972642e+00
5.913243952159954020e+00
4.859021128379027665e+00
3.841326203221115065e+00
5.745965566210342601e+00
