2.870983911349576534e+00
7.895655546280579529e+00
3.567706266691348382e+00
2.391785185066309438e+00
5.438630170531457253e+00
3.085659214009691453e+00
6.749644387076985552e+00
2.578840405454186246e+00
6.442092040688839560e+00
2.352162497384778561e+00
2.821342850711602068e+00
5.312374526012888509e+00
2.650193666727898467e+00
7.850893320709404932e+00
3.679136131479673111e+00
1.761341493014143111e+00
4.569519219853584779e+00
4.323695461457923273e+00
6.332336804822410237e+00
3.143837101292191072e+00
5.570886422192039333e+00
3.172107136029203467e+00
6.135743498465679124e+00
3.989858772405760590e+00
3.984362047392608019e+00
3.420744293091595445e+00
4.213336500243362259e+00
1.771708244804831578e+00
2.517250331138286779e+00
2.189658411513995873e+00
2.143773718055219213e+00
2.005795977128477681e+00
2.738708652424639567e+00
6.706429011334035906e+00
2.914883392713812249e+00
2.326540183042658416e+00
7.081126336297790758e+00
1.554622118652876805e+00
2.537634120151620376e+00
4.110343270458210796e+00
6.948612480623532761e+00
5.439728190935110952e+00
4.642773453228716818e+00
6.469064388219628370e+00
6.696639672156727841e+00
3.464232857545835209e+00
2.901483392353059187e+00
4.786409949991037749e+00
7.201310830927506679e+00
1.849332270114248278e+00
4.639259142144675607e+00
6.842096413756108220e+00
4.913135964702259884e+00
3.421748498627700030e+00
3.471356515168913859e+00
7.368977137894414220e+00
9.202749365920309899e+00
3.713480647768810705e+00
4.682120743116416683e+00
3.684864212735164735e+00
4.358041865264533854e+00
3.321207952867653912e+00
3.986899574982358807e+00
5.531324833931944518e+00
5.168939183227836409e+00
9.092351081182012962e-01
4.432840480440907172e+00
4.136384925378761679e+00
6.076743118591883430e+00
5.343157871582436158e+00
5.128493240773517314e+00
1.313366925077442016e+00
5.641687928743447600e+00
3.599781763774716925e+00
2.867671197625047519e+00
5.826985750871179093e+00
3.003138330234329967e+00
5.755440496061185129e+00
4.126578351529311739e+00
2.456793109127327845e+00
2.396180650906660325e+00
1.055881966498252567e+01
1.745999991047817002e+00
3.503706072851267894e+00
2.597885608025675808e+00
6.572864672647090067e+00
2.572364477098039615e+00
2.636318301116570950e+00
5.807006218665256014e+00
4.951848600984484428e+00
5.213282291948746483e+00
2.329177512959322627e+00
2.231743307842300350e+00
1.889496339754479504e+00
1.053668703131886808e+01
3.752829771271760428e+00
4.877616266574465342e+00
3.089239978095529970e+00
4.148212084152301138e+00
4.820984131752650725e+00
