1.246762805783870665e+00
1.366985187299333715e+00
1.222343145363882000e+00
1.286962709175971886e+00
1.368072411611802375e+00
1.290772552611544777e+00
1.349403473858280300e+00
1.312511225141523852e+00
1.279901358620570306e+00
1.451256363905967461e+00
1.361485012686938889e+00
1.295646272371716146e+00
1.256230053872280594e+00
1.314619889346368531e+00
1.318246260880449050e+00
1.370159963774314260e+00
1.304620632889325726e+00
1.174874445272975132e+00
1.213315795201948211e+00
1.334029108676888731e+00
1.377464518906684976e+00
1.356868730792890165e+00
1.310927047054771144e+00
1.381939130825386108e+00
1.386350903989472139e+00
1.307056181732257905e+00
1.348872104160580898e+00
1.446231714099183163e+00
1.367522352077307435e+00
1.221760792078788738e+00
1.301833276166041609e+00
1.406070521797110118e+00
1.317481511892456325e+00
1.302787347615229629e+00
1.249045322090179821e+00
1.273550210499145408e+00
1.333908309960396110e+00
1.418913281522905967e+00
1.310325553307359892e+00
1.344025639262099503e+00
1.344032687118368319e+00
1.327872475020173360e+00
1.375751006908652041e+00
1.301609193485473659e+00
1.463196641013247534e+00
1.315008998290460029e+00
1.238545140027029756e+00
1.296957121591590267e+00
1.349165966271348660e+00
1.331575271369805025e+00
1.258713451813496809e+00
1.322158020490471486e+00
1.344998308560745093e+00
1.297030193089003802e+00
1.329769311374305651e+00
1.478563458765603800e+00
1.358523836531301709e+00
1.319232775601851371e+00
1.339216532248762137e+00
1.312212546910145106e+00
1.255914812466073061e+00
1.349485496741360979e+00
1.244451641506056028e+00
1.391382171020656866e+00
1.309996800805683925e+00
1.282757482166777319e+00
1.357273733320586206e+00
1.289667730168564175e+00
1.297603770637969056e+00
1.366219749666443883e+00
1.419872460349918208e+00
1.261489957342842416e+00
1.266981640059830383e+00
1.238061592726003690e+00
1.249640610206541602e+00
1.446398103679397140e+00
1.370380759583716079e+00
1.306087595637351217e+00
1.414350835330024925e+00
1.227869240025836639e+00
1.379842192991431293e+00
1.297874002847575037e+00
1.320623754329840249e+00
1.290442859826758326e+00
1.290435677231385636e+00
1.238758831202662281e+00
1.350773071072621789e+00
1.331255382904888540e+00
1.416709852283326798e+00
1.457011252394685652e+00
1.521211190076362962e+00
1.446896166443365717e+00
1.232165404736297543e+00
1.351710169158714114e+00
1.544672231691222919e+00
1.519033781521710980e+00
1.348177236471717277e+00
1.283228042810886649e+00
1.329465764487196777e+00
1.243490069527972697e+00
1.292337215816028673e+00
1.273941998356244110e+00
1.271585647955925769e+00
1.280435725404264424e+00
1.411264819786408387e+00
1.262654209365950297e+00
1.338874118971469018e+00
1.269495487921001198e+00
1.413216189957228863e+00
1.383255185838445200e+00
1.218001848466706116e+00
1.340571706779407180e+00
1.301115978137046936e+00
1.299705880776575562e+00
1.372327743392364852e+00
1.481591890269183809e+00
1.520638417625922001e+00
1.330304801469642584e+00
1.324423452739077023e+00
1.457754182162292800e+00
1.468148568277214849e+00
1.299539459426518828e+00
1.257639132488805211e+00
1.410835647780596558e+00
1.358200314182617108e+00
1.490126225531152482e+00
1.339126964942460418e+00
1.205219640675756043e+00
1.353488790103672290e+00
1.399840329197284516e+00
1.491804813805850172e+00
1.304769692013394655e+00
1.243175528453912770e+00
1.348014789762657317e+00
1.483878794576932725e+00
1.274113648214218353e+00
1.274136930970090731e+00
1.263388889469977849e+00
1.332248958162042030e+00
1.350149599787110466e+00
1.232680576224434388e+00
1.503328784470213009e+00
1.465182941853886645e+00
1.271427827916458808e+00
1.310798373776774772e+00
1.282582308601570187e+00
1.223467237745830660e+00
1.281247657573422849e+00
1.546209855668218891e+00
1.381970466445248569e+00
1.310743184087925783e+00
1.378016953305478909e+00
1.394158533553145451e+00
1.346885342129009677e+00
1.306418244336059242e+00
1.419662801661724316e+00
1.265205706744494618e+00
1.313309535234748138e+00
1.400234892145744592e+00
1.250103483220891931e+00
1.476463591177635815e+00
1.613317963417012724e+00
1.311141840180821250e+00
1.458105078839795121e+00
1.337317579248090915e+00
1.351177548565582143e+00
1.243225925726360037e+00
1.260318661948470531e+00
1.322852179049775811e+00
1.446084023066902979e+00
1.329658685542879581e+00
1.384334775574896703e+00
1.271420437721740626e+00
1.360193270139424815e+00
1.421442248932625940e+00
1.243065486694343358e+00
1.321601185099569031e+00
1.322850355736659322e+00
1.311867417964238891e+00
1.247666364832891173e+00
1.262323216471028964e+00
1.304460059119872284e+00
1.334121722498635476e+00
1.214782645403547745e+00
1.273121165936167865e+00
1.355017348794626209e+00
1.491883116161500711e+00
1.391267845205535592e+00
1.279626571797048307e+00
1.306972985915971108e+00
1.384234047875975815e+00
1.406965690363821464e+00
1.203493799054901503e+00
1.258849255749379781e+00
1.267036203537242889e+00
1.244468109388310317e+00
1.221396770724942904e+00
1.270147376101990133e+00
1.345714990489149443e+00
1.336920921196812939e+00
1.322025618805734881e+00
1.217625109764141067e+00
1.349853124070657495e+00
1.345119408690486296e+00
1.421339442941937925e+00
1.536691647367634417e+00
1.360314424505123743e+00
1.377797232461670074e+00
1.431895723215540039e+00
1.192578668050948032e+00
1.310666087719572825e+00
1.280675389042144730e+00
1.420749068732378273e+00
1.298542148500057225e+00
1.302420313822634679e+00
1.272871209077686583e+00
1.320909271243066119e+00
1.306493309288356164e+00
1.419970980129286353e+00
1.383643115398609957e+00
1.338499263019741425e+00
1.241879755331656066e+00
1.395599074590748279e+00
1.271229222087988164e+00
1.280368047610285442e+00
1.360930652070239777e+00
1.249110076327918817e+00
1.312608732525413213e+00
1.388114284813464883e+00
1.336298797823027185e+00
1.186815084312424329e+00
1.233221703368416966e+00
1.237253988471073596e+00
1.313255271405543878e+00
1.317996537285910152e+00
1.365991952243470031e+00
1.233548555285012505e+00
1.435586846707631814e+00
1.371480880609137198e+00
1.283053319539088966e+00
1.320868002784159057e+00
1.392854774938820706e+00
1.360310586120751841e+00
1.518916911538431336e+00
1.243993298830439187e+00
1.366536580277532442e+00
1.340555471054164727e+00
1.268773672110488304e+00
1.296076817545089632e+00
1.250264946401105082e+00
1.176399854149464241e+00
1.383534065377520106e+00
1.334960593079484559e+00
1.378565657805768785e+00
1.479944096464655301e+00
1.299058682449147017e+00
1.269416502867456220e+00
1.294764038129013306e+00
1.363296785893038487e+00
1.419966497787549242e+00
1.338065209397761857e+00
1.482178375882666099e+00
1.344202197413147060e+00
1.481260102900537889e+00
1.323024963541436838e+00
1.319282013904382156e+00
1.291394000920674134e+00
1.383415430766346210e+00
1.400483532469384285e+00
1.360243840357421519e+00
1.217631019977588158e+00
1.308513380125969849e+00
1.315917525781743702e+00
1.319619691308306253e+00
1.427240621694604750e+00
1.295800964941921096e+00
1.335877273176600433e+00
1.234108329835430728e+00
1.421888525869826614e+00
1.255043462568179446e+00
1.413824860007839357e+00
1.319455692414527093e+00
1.354374457152817568e+00
1.350212579746735253e+00
1.250920044064445680e+00
1.321194268319601184e+00
1.346813866165729401e+00
1.256043866566609157e+00
1.261212257892917687e+00
1.411237099360279412e+00
1.384590431043426051e+00
1.453404540272867029e+00
1.353677665666450647e+00
1.365996560340923649e+00
1.250189282239591693e+00
1.395053884359735763e+00
1.308826172488256390e+00
1.377727963034677261e+00
1.364375430911048293e+00
1.374601495016272379e+00
1.232522128065051792e+00
1.309875294315163696e+00
1.166959008402731035e+00
1.412891463713882079e+00
1.259492363894290534e+00
1.252270946057018497e+00
1.400493193647721846e+00
1.365356799658233644e+00
1.227943744831200279e+00
1.288425326684764061e+00
1.212648042435550355e+00
1.236202488895062901e+00
1.368711054004495775e+00
1.359580531580101725e+00
1.397024178248996717e+00
1.331965824420268785e+00
1.360674092108079103e+00
1.285761326604288657e+00
1.339769083397037264e+00
1.436289143926631651e+00
1.309605826029272890e+00
1.307652030933963649e+00
1.356216594131683051e+00
1.277176552114133834e+00
1.319554302005717439e+00
1.347355894105028318e+00
1.345973623496568017e+00
1.371737688215636464e+00
1.342780749792557904e+00
1.440216099018252427e+00
1.371133478399447325e+00
1.420168105469872488e+00
1.346833056523267791e+00
1.265652116327519616e+00
1.320654140982892910e+00
1.370327615751057770e+00
1.237592852565506440e+00
1.332910276522002002e+00
1.374450459511185052e+00
1.370875918915808178e+00
1.585157633688387691e+00
1.461238240041491832e+00
1.358854428185283680e+00
1.296509393568714197e+00
1.300142668305386939e+00
1.333390906083693705e+00
1.284577275343519842e+00
1.306991840414158057e+00
1.335268665625211515e+00
1.397424523393658857e+00
1.473926134028029633e+00
1.362132569779133995e+00
1.258312728231399502e+00
1.311289378325850574e+00
1.274195786896409777e+00
1.263864980257839665e+00
1.320750763129620475e+00
1.426059197033911596e+00
1.212354705071509109e+00
1.347294783316588029e+00
1.270181844994541231e+00
1.294443739263892335e+00
1.307048324196224742e+00
1.345991192710910278e+00
1.424146978540808073e+00
1.374260383740325553e+00
1.251808705176773451e+00
1.329681334293978168e+00
1.324686778687744759e+00
1.419909707559148471e+00
1.278702596560645111e+00
1.261107114755022129e+00
1.349723656074849343e+00
1.368760001990309227e+00
1.426920262930119421e+00
1.313227144987621831e+00
1.393958184304801673e+00
1.453864537039170290e+00
1.334712194112279926e+00
1.279878096865528336e+00
1.251805692353071597e+00
1.323517618553001318e+00
1.303472017076976686e+00
1.349000074523579729e+00
1.498527880889725106e+00
1.432001909093244540e+00
1.307124483215921451e+00
1.240637028443878576e+00
1.530270061583415275e+00
1.457750354188357411e+00
1.287295536229559723e+00
1.208633847044150444e+00
1.371078709340827428e+00
1.321425532078109866e+00
1.259453018708817540e+00
1.359339165211368883e+00
1.238153587817480750e+00
1.330671693139343637e+00
1.441548127025056525e+00
1.369461140019032630e+00
1.236265413737144048e+00
1.343082244182128848e+00
1.285738747537563009e+00
1.304488504892491463e+00
1.356553416920727617e+00
1.366015691434988355e+00
1.344478582598202632e+00
1.364867656237663596e+00
1.280841041065112984e+00
1.283725903946686397e+00
1.361354702293571473e+00
1.461870227260051225e+00
1.358375230516048582e+00
1.410681561647235460e+00
1.293530506916414247e+00
1.356196269979943692e+00
1.302220466746562888e+00
1.323133866557092420e+00
1.396619680831199917e+00
1.428141549735344240e+00
1.361221676997763419e+00
1.462142612130738817e+00
1.186854410417190087e+00
1.296167635303759225e+00
1.369169421500962658e+00
1.299949147988768594e+00
1.297073333249421756e+00
1.302233043307502225e+00
1.413761087978380626e+00
1.287388721771415501e+00
1.211823630136618091e+00
1.219033256724420422e+00
1.417818171747403433e+00
1.340703297125926063e+00
1.285736221878454710e+00
1.344296013434844284e+00
1.384856085519513114e+00
1.383738812400866269e+00
1.351709659752570625e+00
1.354668616638284862e+00
1.407302417875829326e+00
1.471857891391675333e+00
1.359997165079879000e+00
1.276203784675641772e+00
1.351640766940220617e+00
1.384618377247363252e+00
1.270161542084026207e+00
1.428110230441151263e+00
1.260442698332804090e+00
1.430024380973302423e+00
1.408253648926596879e+00
1.395279401245932638e+00
1.347797907391676153e+00
1.499085833156228231e+00
1.341771558935113351e+00
1.368141485759539311e+00
1.510769654340682999e+00
1.331118077489508167e+00
1.193095956758887466e+00
1.402506653899371125e+00
1.358320261034202892e+00
1.395043663023353586e+00
1.268275719837610227e+00
1.376143712292999810e+00
1.326519864345935940e+00
1.341550745317544591e+00
1.309578273446191821e+00
1.367125603628682518e+00
1.413788816608061882e+00
1.353689479127306639e+00
1.322466035224996173e+00
1.282753485761362278e+00
1.699202887936500206e+00
1.281247000766406074e+00
1.336503569820539639e+00
1.325642725075462769e+00
1.297740251106164644e+00
1.344786244773580997e+00
1.335887098433536258e+00
1.520706365351717659e+00
1.380794228265156409e+00
1.218399343654856581e+00
1.304469898287449858e+00
1.373968481374391981e+00
1.385851242092994928e+00
1.329198882269702509e+00
1.281372955284688198e+00
1.451109585732300866e+00
1.352558411843048258e+00
1.281897169912267653e+00
1.472860586660828419e+00
1.268677640644340077e+00
1.405853181112654893e+00
1.342450629219712477e+00
1.243113768562970956e+00
1.360494399752067762e+00
1.365217477159399451e+00
1.338377196702851268e+00
1.182105661442328426e+00
1.355125127411425989e+00
1.337167788999212403e+00
1.495788357228298171e+00
1.331944819183471518e+00
1.262376202668160863e+00
1.281265366088616409e+00
1.371980467197275955e+00
1.311750441566019054e+00
1.302605416807915306e+00
1.374063229586553136e+00
1.342898887216606330e+00
1.314448344419663295e+00
1.347525074279812385e+00
1.262195784328898895e+00
1.352741444926692571e+00
1.292658914010142768e+00
1.239659106862643467e+00
1.379886817778596120e+00
1.370697615250387136e+00
1.407470312443974247e+00
1.302045688855169026e+00
1.389215531720512375e+00
1.268743063897965540e+00
1.304157691433336597e+00
1.445254042466312505e+00
1.343722310815406606e+00
1.573458256142165057e+00
1.368834661064019631e+00
1.318198834409171960e+00
1.286959195163686287e+00
1.256098702630989328e+00
1.378278733311401938e+00
1.210962359020894219e+00
1.306183163149783111e+00
1.154000824768830036e+00
1.345721391210518814e+00
1.572806543737468976e+00
1.408692618175279687e+00
1.392233298650756623e+00
1.365789532432199360e+00
1.302210949369834392e+00
1.417252681813620407e+00
1.190501515861556170e+00
1.266597849531233999e+00
1.298910211342143128e+00
1.385802726624452141e+00
1.301139731858556026e+00
1.283489493026103601e+00
1.339251233583494738e+00
1.321054009397606421e+00
1.482379425080220470e+00
1.526381714216229479e+00
1.480874042374070942e+00
1.356521741508056600e+00
1.408403951036267587e+00
1.337468201123209299e+00
1.291054123069653059e+00
1.286597474058122081e+00
1.428904909941436152e+00
1.405536134159773409e+00
1.310615728178879946e+00
1.326824046366706478e+00
1.305125162877339706e+00
1.233006474133656605e+00
1.327365109475403093e+00
1.299027940714482021e+00
1.301912951641778449e+00
1.355898413599669006e+00
1.615109053409899298e+00
1.424345290361450633e+00
1.348105315496453072e+00
1.306108891147813589e+00
1.311886458630905139e+00
1.474947570917515494e+00
1.430147326159958876e+00
1.270611511572521390e+00
1.312754478334226427e+00
1.359001132044570515e+00
1.324750959169881614e+00
1.329886684838639477e+00
1.198632699701996485e+00
1.368425986232845393e+00
1.276542215462699303e+00
1.322203003843540170e+00
1.413290362666658417e+00
1.306219608978021807e+00
1.347811155677096639e+00
1.242098464872849473e+00
1.382575127957031302e+00
1.270857524873199695e+00
1.294745756036614015e+00
1.341897259632867101e+00
1.345448082349557817e+00
1.465713967396957473e+00
1.328447510240660989e+00
1.451557764942603246e+00
1.342637642566303580e+00
1.395776958622868547e+00
1.385813044843625441e+00
1.378606130003099173e+00
1.298391449585322821e+00
1.398034540270641335e+00
1.354961567874306549e+00
1.304706282360968528e+00
1.390677890966943275e+00
1.333675454049856768e+00
1.195646981266568432e+00
1.632150520073114341e+00
1.349009106631282373e+00
1.418903998972937952e+00
1.341240471884933116e+00
1.461165123111717312e+00
1.415409353693606542e+00
1.305243123520502202e+00
1.258815413936918759e+00
1.355911962300994533e+00
1.287226747844398389e+00
1.264529157141201399e+00
1.435196123487112896e+00
1.308895202854095441e+00
1.370453809488662245e+00
1.310883070557873786e+00
1.209917167591934462e+00
1.397008216764497490e+00
1.446182533030794692e+00
1.329066185298819924e+00
1.244503164904124937e+00
1.336001316048523346e+00
1.331322657745678040e+00
1.355079056986939534e+00
1.394755625891004769e+00
1.405076275928597518e+00
1.359818494732984107e+00
1.290150808374541214e+00
1.288086697749040388e+00
1.355381824291455040e+00
1.320780386196927614e+00
1.281596553154960461e+00
1.221083132463672838e+00
1.440013414154674320e+00
1.395561257151967549e+00
1.333248893844985572e+00
1.247345539157676431e+00
1.319601087772534820e+00
1.375900154710909096e+00
1.318132378826621487e+00
1.254343736769494289e+00
1.285894649618263941e+00
1.449590160611653245e+00
1.435458328894888114e+00
1.448084444451141151e+00
1.253815513389726188e+00
1.271032734223109140e+00
1.298803219341417847e+00
1.533963207598834977e+00
1.279007507846527503e+00
1.340328474915455814e+00
1.267568421919891275e+00
1.337242335927243175e+00
1.435044540063912688e+00
1.267409105724839113e+00
1.401799681096445260e+00
1.275769922998606365e+00
1.261701294926548922e+00
1.425932951488172673e+00
1.408872726099603900e+00
1.324283999412376955e+00
1.292397567811225612e+00
1.331766798470834123e+00
1.345557623067278330e+00
1.261662609623230846e+00
1.280940698625377516e+00
1.286334067417318261e+00
1.377889263933463670e+00
1.328945071195829941e+00
1.233984478342373237e+00
1.376864815416941168e+00
1.321548174407006115e+00
1.390614875786680971e+00
1.356447581502864930e+00
1.416293365179913666e+00
1.461562985577943286e+00
1.359212328373584189e+00
1.340715199810837532e+00
1.212266561142939514e+00
1.313091676342045711e+00
1.271467183925523603e+00
1.315440219611701655e+00
1.340106090109935533e+00
1.387849317397101157e+00
1.215527410868912028e+00
1.348182188302562423e+00
1.324647608774843111e+00
1.221923555532184347e+00
1.367527389755402334e+00
1.394153312386804178e+00
1.210899856318573997e+00
1.309490979688004764e+00
1.296057821133240973e+00
1.223384278571820083e+00
1.398594967431265434e+00
1.274747360834172616e+00
1.386794072603524164e+00
1.323690169004593464e+00
1.325958349483769227e+00
1.332132053568642283e+00
1.387916558138255985e+00
1.294955174963483557e+00
1.222588658467617329e+00
1.331331195052821492e+00
1.311607815851589143e+00
1.301536562752606763e+00
1.193905579333648603e+00
1.376408362315544309e+00
1.234925484861737699e+00
1.462198663261670584e+00
1.235764786828759565e+00
1.340294341045944693e+00
1.269409489949915093e+00
1.330498206208086787e+00
1.310722639049060501e+00
1.241409449562961953e+00
1.435277086160704263e+00
1.323928783749867222e+00
1.355747848652510745e+00
1.320413508421357962e+00
1.437770256481351927e+00
1.381497222491842702e+00
1.280698535458265841e+00
1.314399464448129828e+00
1.298809100316520526e+00
1.456746460963895151e+00
1.231228536717488220e+00
1.278130789876282147e+00
1.208515588909679250e+00
1.388147312050805438e+00
1.541626968779056028e+00
1.308112944352957996e+00
1.282044587132338487e+00
1.383239971512808530e+00
1.260596994973898655e+00
1.320401152950375412e+00
1.223039265641975071e+00
1.303071533836572149e+00
1.413949464754898466e+00
1.124702799676205123e+00
1.397144202380683931e+00
1.338981769126926791e+00
1.394915186246042937e+00
1.239479561849853528e+00
1.283720772884561212e+00
1.254556517379169733e+00
1.458175074384839620e+00
1.253916122317594972e+00
1.352830296977129310e+00
1.422908067013594957e+00
1.271656764620819446e+00
1.241560594101134285e+00
1.308222466443014209e+00
1.253400645832797311e+00
1.364218768011166594e+00
1.306024242993292894e+00
1.315803987825392429e+00
1.265004727191166189e+00
1.260110548014848675e+00
1.377117167729694280e+00
1.250134696008381896e+00
1.378500932496157239e+00
1.300426775141473312e+00
1.325491671749443157e+00
1.260932989628059664e+00
1.369098144037637521e+00
1.360243184857909959e+00
1.275159771888421334e+00
1.351040057429617303e+00
1.318357280442368884e+00
1.397160597103005220e+00
1.393827383704957068e+00
1.473120008268709036e+00
1.360561181526700469e+00
1.354515266502792636e+00
1.445724510840131316e+00
1.334399307660784295e+00
1.323222451393148091e+00
1.382001706897638682e+00
1.416373346788868393e+00
1.317296490059127745e+00
1.328330283006070589e+00
1.340056881784421838e+00
1.401172885105072430e+00
1.209337667429065455e+00
1.332915781731540905e+00
1.330081656088481612e+00
1.387593178465346133e+00
1.334836399331442269e+00
1.345330768974876134e+00
1.319636834281254334e+00
1.361591855340246626e+00
1.315290415563668436e+00
1.326817383882267443e+00
1.297678857563331123e+00
1.288997786066763407e+00
1.279044178418377697e+00
1.361846172847161807e+00
1.313132768147697638e+00
1.311868123558443289e+00
1.340711505517952817e+00
1.503685427406021402e+00
1.313507184197032718e+00
1.317479937996105965e+00
1.284308800007154083e+00
1.344333192749628481e+00
1.267566536556060663e+00
1.328681968912404976e+00
1.407139136746333063e+00
1.388106184971148238e+00
1.286239992862291182e+00
1.475914571417171972e+00
1.370059600875731531e+00
1.297608689473352728e+00
1.313918376691348699e+00
1.211906799994912465e+00
1.369704255812608906e+00
1.460856895702892455e+00
1.276681313150637598e+00
1.303901656462500780e+00
1.252036173046739087e+00
1.230203221113001844e+00
1.361987879243025779e+00
1.277845665747881165e+00
1.292972758136365696e+00
1.419715360747285438e+00
1.352571507503350423e+00
1.388381080749783836e+00
1.309768389131047872e+00
1.341876164396170967e+00
1.480276558530417397e+00
1.546276258125687031e+00
1.250101713790016333e+00
1.326120220797860849e+00
1.509977251989169655e+00
1.475413224102598564e+00
1.324048979398410264e+00
1.394434518380267329e+00
1.340471099977548208e+00
1.304150061048355624e+00
1.412406211337523310e+00
1.356356951795876675e+00
1.519263998403248328e+00
1.364546379750946725e+00
1.461056226591156193e+00
1.304603307966613279e+00
1.340132691140480059e+00
1.274390622730433353e+00
1.325154444060386183e+00
1.436807859102391838e+00
1.305241896135757029e+00
1.248687450941651234e+00
1.359385052207300104e+00
1.325447796598836492e+00
1.321981756881453363e+00
1.442902100415518252e+00
1.288024627662665011e+00
1.433841891327988893e+00
1.216387909158373581e+00
1.403978121173571791e+00
1.232171320545369486e+00
1.377258947500318076e+00
1.318001165827653809e+00
1.318522004087746335e+00
1.336684913950110687e+00
1.377393293125994678e+00
1.436805356926914135e+00
1.339843474287457425e+00
1.271498226446251323e+00
1.275114639365342306e+00
1.499721311357012254e+00
1.309957444611486999e+00
1.384398138015043411e+00
1.345704305158753167e+00
1.291018353918967243e+00
1.349689061052581796e+00
1.343659215192377632e+00
1.331397846326638268e+00
1.249832332054049866e+00
1.335528094495836982e+00
1.330220258110531129e+00
1.283404770341842305e+00
1.353645425463585239e+00
1.209330282422292013e+00
1.318715911132179119e+00
1.195300600375527100e+00
1.290710785438951680e+00
1.287846959178525541e+00
1.352550047532939059e+00
1.429202659189214630e+00
1.318727851635150161e+00
1.398801499108246471e+00
1.330186426378728637e+00
1.384450364691933277e+00
1.441307511865882462e+00
1.362928932849250430e+00
1.558551939132846176e+00
1.303461868956746761e+00
1.321593908484878677e+00
1.429466070314913795e+00
1.399277631435996483e+00
1.287050701542109321e+00
1.194374151415338980e+00
1.375523738722532974e+00
1.230272524153564806e+00
1.195213842970149543e+00
1.322700398290835189e+00
1.225354829835676673e+00
1.255219308640318499e+00
1.347909860781710822e+00
1.410524800690526881e+00
1.107721215857002450e+00
1.331820390458408498e+00
1.396650378062471054e+00
1.316068859101518163e+00
1.326173756741617860e+00
1.289919954443212724e+00
1.285143211794658846e+00
1.374616174072193608e+00
1.302082251727689544e+00
1.332869864010702177e+00
1.232341611926080382e+00
1.375139980602746892e+00
1.341555459222419922e+00
1.297742270783657448e+00
1.263851003230185288e+00
1.393144913834968301e+00
1.368942794408373853e+00
1.321535083473614591e+00
1.393866085805888666e+00
1.442320390645281947e+00
1.260357625392256598e+00
1.514420672426168180e+00
1.375358174354844421e+00
1.219803196288211433e+00
1.237295386071706638e+00
1.506759520692250165e+00
1.276477269629579636e+00
1.489832789340981289e+00
1.377834514817910971e+00
1.387777705008683915e+00
1.518659126132302140e+00
1.343190067718664116e+00
1.308735206781637350e+00
1.425138169907311347e+00
1.411130568438517141e+00
1.323990850104461048e+00
1.402004413232622371e+00
1.467965926892134565e+00
1.388091327166046662e+00
1.392639653923275267e+00
1.363438333780047085e+00
1.282742178700151836e+00
1.304300378869616361e+00
1.326687122188636936e+00
1.301828900008517698e+00
1.385481826293265106e+00
1.360908748707351235e+00
1.332752613644806239e+00
1.417748445475745411e+00
1.377587961299541197e+00
1.260589189383983788e+00
1.313652029041466163e+00
1.444593445083418137e+00
1.243765375813332685e+00
1.393617776739722869e+00
1.366721281942621546e+00
1.408831922960156913e+00
1.321040621010579175e+00
1.351725506524569242e+00
1.511817189331123856e+00
1.206319795676444873e+00
1.229826617654287801e+00
1.268541656354770009e+00
1.297970986839400043e+00
1.280467327786899423e+00
1.382585571144080649e+00
1.452345523314615638e+00
1.421331273586963206e+00
1.223965312293368912e+00
1.397634120411423542e+00
1.201399794341378335e+00
1.238614591052698666e+00
1.358966169736954610e+00
1.373687891018234408e+00
1.408687942583145336e+00
1.394338804133879561e+00
1.317525408853320812e+00
1.359235781143939281e+00
1.303318553299003923e+00
1.322378302143667472e+00
1.364213044452382118e+00
1.416133528904685912e+00
1.418748498607100395e+00
1.264564728255052728e+00
