1.316316895566590039e+00
1.243942764317410798e+00
1.199846279397702276e+00
1.179137747396641567e+00
1.224155856814065801e+00
1.227247542241999279e+00
1.336427352883876818e+00
1.253755049413859179e+00
1.244263193186117222e+00
1.351016301557247390e+00
1.209910007334593862e+00
1.157466608813494169e+00
1.338193527526518656e+00
1.322503004639908664e+00
1.252660311022230077e+00
1.361335581579800280e+00
1.361318057440616291e+00
1.168306201052487392e+00
1.211953536831879230e+00
1.401160596451695106e+00
1.261940417247084278e+00
1.213097896084620153e+00
1.215774318088569395e+00
1.237057460374463291e+00
1.289374478100317134e+00
1.244282016064126362e+00
1.130569801832900678e+00
1.349419469833590624e+00
1.073968925042810385e+00
1.384391725958962649e+00
1.363170648319881328e+00
1.323629152527894703e+00
1.256142276194871066e+00
1.247922676713350887e+00
1.129255799523773307e+00
1.221525322847892392e+00
1.300699969227917974e+00
1.250882948274264272e+00
1.191482696166237476e+00
1.181817380825802788e+00
1.317118317781619918e+00
1.177154436142955340e+00
1.355165123340030142e+00
1.151230889372474975e+00
1.341747335491745075e+00
1.301064725784790710e+00
1.334403251585289940e+00
1.096566827703797431e+00
1.368289658947046794e+00
1.371262130062177675e+00
1.183380392055742192e+00
1.273053842219273646e+00
1.399502209242156958e+00
1.208885625276248987e+00
1.216036661900521842e+00
1.215582569534644053e+00
1.329012143696419956e+00
1.351144157777704802e+00
1.269421056721752317e+00
1.494748592323313474e+00
1.196169472582677251e+00
1.364805932617721318e+00
1.239040327946262510e+00
9.976340025919075982e-01
1.364980389982548115e+00
1.215553561490270162e+00
1.205878804191592657e+00
1.260573248808501079e+00
1.232282471209453112e+00
1.200410101539167718e+00
1.321360287057432137e+00
1.236382789925533743e+00
1.380259785241294557e+00
1.275385860624138390e+00
1.292654032489005012e+00
1.146765159887321861e+00
1.338862253894661736e+00
1.289810072257090434e+00
1.280602441677710868e+00
1.233247610828264174e+00
1.385345746654467414e+00
1.375403668030978244e+00
1.308494595503810309e+00
1.385819847633134483e+00
1.247198348612709173e+00
1.199710389244758479e+00
1.195267991432696686e+00
1.367155687448712742e+00
1.376903205218590553e+00
1.330870828123465577e+00
1.359612962610487585e+00
1.344454751294113626e+00
1.444676310555015775e+00
1.204243363865180605e+00
1.341253224812646527e+00
1.264222415950659872e+00
1.330004505077687194e+00
1.277726962864382365e+00
1.189966292657081981e+00
1.293994001667107652e+00
1.376764939044622826e+00
1.295663217627403663e+00
1.313743413906071744e+00
1.261693535971041724e+00
1.227376967612002323e+00
1.328868062187975818e+00
1.242037777924193120e+00
1.378240912715015920e+00
1.236876120854726535e+00
1.161289491711332333e+00
1.277400474378145745e+00
1.252197024683597615e+00
1.234109238114973639e+00
1.256143821441853659e+00
1.248887183141706769e+00
1.109931239014926740e+00
1.306991062192249586e+00
1.222847246869000370e+00
1.362393660876669799e+00
1.179258100085245564e+00
1.157138693288819464e+00
1.132321236812934506e+00
1.242501517145503609e+00
1.216626087423828384e+00
1.207065388395681671e+00
1.421374330641179684e+00
1.314686643160072332e+00
1.260700943642535377e+00
1.386217238793946871e+00
1.138459846079753701e+00
1.205314813550437014e+00
1.315640956030324604e+00
1.213501543984639275e+00
1.279901512755238002e+00
1.445842645076655053e+00
1.288565933528795115e+00
1.355566054577949986e+00
1.326524052524252983e+00
1.331678118871780780e+00
1.278382973426300806e+00
1.280835482700868555e+00
1.262162434992233795e+00
1.135055517326107655e+00
1.322865272239948764e+00
1.408051492395807847e+00
1.262495925702727728e+00
1.324383196336002655e+00
1.103625196738930114e+00
1.358323363038551390e+00
1.255056863528063671e+00
1.342319941651591408e+00
1.267817408278546942e+00
1.332906280364547946e+00
1.173392977448985963e+00
1.369484933281154504e+00
1.280306959836753133e+00
1.338678476749446178e+00
1.215284818611890971e+00
1.457336838797299805e+00
1.184520924406628151e+00
1.140680443818025802e+00
1.372903722171901819e+00
1.150097326304868828e+00
1.320890415604857315e+00
1.331751757918136381e+00
1.262332672624113750e+00
1.152042277957140204e+00
1.306877021453955567e+00
1.428616110724898469e+00
1.439011249946359872e+00
1.161089200586735926e+00
1.352288539966426173e+00
1.249463597489667954e+00
1.362271540559677696e+00
1.446102903441365051e+00
1.334361366078177236e+00
1.195379405044131094e+00
1.329927468941662250e+00
1.260004297266216877e+00
1.192100592377658197e+00
1.400787004032689298e+00
1.263349135774234799e+00
1.280326739771602051e+00
1.135555766708706171e+00
1.133546208504322417e+00
1.314034893821964145e+00
1.311643582549557596e+00
1.193525812467036706e+00
1.262954080808943891e+00
1.171446769695588586e+00
1.371459149681677703e+00
1.270927330900375907e+00
1.288299427217306947e+00
1.307758665610956550e+00
1.258752587050299798e+00
1.279774950874393413e+00
1.068579539482779506e+00
1.392651595646132057e+00
1.283993508999641930e+00
1.197450604802426044e+00
1.313025934536524053e+00
1.238025916696285700e+00
1.196848981984532267e+00
1.118137857600680629e+00
1.296097522492721366e+00
1.126369282124757509e+00
1.380725258713343173e+00
1.141365849054765125e+00
1.295825616181187190e+00
1.310447098099923435e+00
1.213969023155326843e+00
1.301119606649904226e+00
1.259523492598101813e+00
1.199868153826135098e+00
1.280466194970599325e+00
1.199068100686513594e+00
1.529712115086601099e+00
1.326244527623549052e+00
1.325836668164033894e+00
1.215812408089395724e+00
1.225676629292852926e+00
1.371111250395751213e+00
1.224273643668039480e+00
1.327267326682716186e+00
1.234380981796442400e+00
1.142031723694379108e+00
1.229361412878248627e+00
1.428502824246135283e+00
1.153663596767246613e+00
1.168222112843166016e+00
1.268901652687771442e+00
1.407225629786267307e+00
1.225572931133688925e+00
1.147664235599317628e+00
1.383570049892701048e+00
1.287570537426716122e+00
1.151007535994725384e+00
1.148082894234760287e+00
1.315340892601653877e+00
1.152717688629488757e+00
1.364546024911521993e+00
1.183239821663250479e+00
1.383664550175261354e+00
1.216203997606766674e+00
1.194689432861628875e+00
1.154745296571997315e+00
1.339002148530650027e+00
1.331100529456530790e+00
1.268452402566066395e+00
1.364237999107656529e+00
1.253826999388426788e+00
1.149549609552913187e+00
1.185002770540110051e+00
1.349735325571256306e+00
1.232197641793896237e+00
1.297572131924259464e+00
1.332325285447432561e+00
1.213290792654292627e+00
1.238633907150086921e+00
1.210879287945328286e+00
1.262261354021757320e+00
1.207936243863279691e+00
1.073450473187859577e+00
1.268655352605739361e+00
1.297466883251943148e+00
1.290831984089828577e+00
1.226794925980358109e+00
1.291561928067233911e+00
1.067052483754669767e+00
1.299994980115203536e+00
1.365257862953400680e+00
1.393061879790173263e+00
1.176036218323924576e+00
1.198686022860576683e+00
1.220112082798408437e+00
1.176354627064742919e+00
1.369560288846019214e+00
1.177970450785433387e+00
1.348614216257043807e+00
1.331342095334874687e+00
1.260011906541954829e+00
1.106748429557797397e+00
1.372390131376170830e+00
1.223338520873094470e+00
1.162638925287324154e+00
1.187453580325866120e+00
1.207577677606016087e+00
1.275360716365781411e+00
1.343719969145450888e+00
1.330571076091585647e+00
1.337351901814451960e+00
1.398871503662979077e+00
1.150420038704420778e+00
1.362108920914718357e+00
1.227862471181110582e+00
1.254052413858519177e+00
1.254017169369625817e+00
1.068541897107681660e+00
1.435643760473191755e+00
1.231704012000713444e+00
1.200784535295307265e+00
1.218998472425449897e+00
1.522519499276963728e+00
1.264144596416411526e+00
1.258405760794654382e+00
1.273702013739852923e+00
1.326420205057412760e+00
1.102508674062530281e+00
1.268074361851030174e+00
1.235126052284498677e+00
1.455275012367340581e+00
1.212250439462257301e+00
1.192325346541733389e+00
1.265548712434672041e+00
1.230091702848511881e+00
1.129315303042373708e+00
1.029642803482660796e+00
1.270884880656659055e+00
1.244090588185061907e+00
1.168044376214254720e+00
1.166076264989619471e+00
1.347818408917116351e+00
1.135572363268274820e+00
1.316006407415475365e+00
1.137840503662179703e+00
1.279551257775164208e+00
1.235640964613137438e+00
1.073371232917498030e+00
1.417006092251436034e+00
1.207416383411350713e+00
1.250388337625398805e+00
1.410076557311621404e+00
1.283431023875226007e+00
1.192128673257241811e+00
1.293315250641343006e+00
1.149814747033927720e+00
1.261823880256226271e+00
1.360108917441305243e+00
1.356785418384874875e+00
1.188957502932326493e+00
1.242344248295213838e+00
1.144795927040467065e+00
1.169943238776061767e+00
1.286320740669160134e+00
1.109829228357450015e+00
1.256244906074495793e+00
1.358393362470174948e+00
1.178309274074497148e+00
1.353047120721290408e+00
1.214295984293998432e+00
1.332076743781102746e+00
1.238844961194158101e+00
1.227854947603281177e+00
1.185787836049538635e+00
1.124508098953839630e+00
1.246480434907596635e+00
1.337188489960094762e+00
1.299748284252537411e+00
1.110898186656240849e+00
1.337260228384669958e+00
1.151772972096126280e+00
1.367442353090689844e+00
1.276950930228822667e+00
1.152849001355675140e+00
1.198495072182129251e+00
1.306750125456136447e+00
1.168141762244683024e+00
1.271563585889391890e+00
1.206286185538038458e+00
1.225528030556626513e+00
1.253359288668060678e+00
1.394801015288161361e+00
1.268708910877761387e+00
1.412591754987172932e+00
1.395153609516611937e+00
1.142880309356435697e+00
1.270770355191334078e+00
1.300820674891540296e+00
1.270239203748362744e+00
1.441407298169275597e+00
1.260053354691176741e+00
1.070106530971190129e+00
1.365427218793875630e+00
1.384791056872579862e+00
1.264428551843818305e+00
1.279767390033706764e+00
1.185429724383423533e+00
1.313090638205099525e+00
1.189281572585974889e+00
1.237637671096904590e+00
1.262027144929331879e+00
1.310875855087505037e+00
1.241185274006701089e+00
1.281672099796596909e+00
1.144114254921338114e+00
1.230518072493543613e+00
1.231983614651691816e+00
1.304188854614827919e+00
1.337527920906291801e+00
1.216903354492734790e+00
1.354670373824034213e+00
1.292057326924957783e+00
1.268309637305796933e+00
1.243243366612172496e+00
1.347677368833232414e+00
1.191208265082853490e+00
1.263207581296443172e+00
1.201479391520683615e+00
1.063779915792074204e+00
1.224659614086176740e+00
1.292676352667769812e+00
1.269665127101855751e+00
1.344115444998234876e+00
1.201250842631454097e+00
1.485591883362897603e+00
1.276027996700509703e+00
1.314775264491740980e+00
1.356734934562787487e+00
1.222077847692395913e+00
1.374131050288502021e+00
1.075513315647681489e+00
1.379510788924024789e+00
1.266654414313707289e+00
1.280818859739406568e+00
1.215466792313375066e+00
1.139618871611284945e+00
1.199901918418058155e+00
1.143768260508243761e+00
1.136419309110082487e+00
1.403698138523334027e+00
1.249086702857659992e+00
1.344352824296854099e+00
1.169606666267584361e+00
1.208536057374772099e+00
1.173870168445692252e+00
1.334644939341937286e+00
1.281546538161758120e+00
1.243198789220731904e+00
1.258466568205668601e+00
1.278659061082985993e+00
1.273263974401544374e+00
1.276553161809712122e+00
1.064010535998659135e+00
1.193010934301050208e+00
1.210663796369245260e+00
1.169332813445663755e+00
1.270770179284191448e+00
1.300553314170131314e+00
1.395229839961146467e+00
1.315981295337219859e+00
1.074961748778911375e+00
1.237276652040505853e+00
1.181096702134203369e+00
1.257608435197722585e+00
1.120369889685069342e+00
1.217008672817888826e+00
1.202758377722333849e+00
1.179641341295081469e+00
1.429778841538959844e+00
1.149913693567037321e+00
1.304873900408611398e+00
1.315727553988319531e+00
1.180981092111020869e+00
1.435800814292764516e+00
1.219453046368884852e+00
1.260344458643444021e+00
1.235828217403980744e+00
1.273507810747802838e+00
1.188634299776939685e+00
1.305716553143842829e+00
1.252743225782196435e+00
1.232694434440775755e+00
1.251738205590075870e+00
1.266749069966179420e+00
1.287187521490656961e+00
1.213604362280639837e+00
1.294712806275185368e+00
1.258447943694688709e+00
1.193677587089288394e+00
1.196667475940949021e+00
1.243962373458389781e+00
1.212638576020070857e+00
1.285142053979971610e+00
1.252503836651022828e+00
1.297089955644062265e+00
1.271827921385473958e+00
1.229205995092748527e+00
1.340077822681285058e+00
1.234123580033531731e+00
1.230948285714607460e+00
1.116087776369090179e+00
1.228202706481260842e+00
1.117768836768799678e+00
1.379837450123093445e+00
1.157722619507585593e+00
1.265180174983581152e+00
1.381301282848392153e+00
1.162480660165779334e+00
1.143470789222445827e+00
1.253788214467442819e+00
1.221751161926658336e+00
1.283244863328106833e+00
1.401965127947415901e+00
1.391977106898015792e+00
1.436229780146494495e+00
1.430382168332810400e+00
1.391122399734366910e+00
1.215619254153817552e+00
1.165129680658462341e+00
1.311196529196798410e+00
1.139824684487401374e+00
1.253107503564431902e+00
1.199082150998923568e+00
1.128469281991737017e+00
1.351844606066988863e+00
1.068191097922422728e+00
1.290816253683946480e+00
1.408055307432365399e+00
1.211277001937539843e+00
1.298014372951240780e+00
1.162487628827048036e+00
1.321721858717778808e+00
1.126372912645611013e+00
1.390907524902281533e+00
1.217664328843212740e+00
1.267546932221388589e+00
1.293386230676822235e+00
1.196317172492095127e+00
1.235475276337312245e+00
1.112248094747096960e+00
1.073442430021615213e+00
1.195035018772509838e+00
1.386731097859475126e+00
1.354889169411956473e+00
1.300170533404754192e+00
1.336512395978334045e+00
1.387308693749357058e+00
1.221775412663954175e+00
1.230579415773247920e+00
1.209395884391211151e+00
1.203961544446317644e+00
1.142930537484778242e+00
1.293463974691580365e+00
1.194175360835711741e+00
1.138317335774510664e+00
1.217351214011587190e+00
1.424004304035224822e+00
1.209775072080490954e+00
1.216953315894643506e+00
1.243226982773702582e+00
1.357296212954105963e+00
1.159034542735324802e+00
1.346945128561099159e+00
1.285573922230758281e+00
1.121369500198910574e+00
1.280543043108405721e+00
1.167397832896561072e+00
1.251999542413039235e+00
1.424937428405933959e+00
1.401908787823893388e+00
1.271987274180516048e+00
1.249790434531455219e+00
1.303938134308715302e+00
1.223693675072652587e+00
1.206780740537566121e+00
1.175019618328359217e+00
1.258956948982707047e+00
1.318144655913791041e+00
1.222433335957016087e+00
1.322112025848698691e+00
1.221952664230483654e+00
1.374571201932966114e+00
1.292251393779910940e+00
1.247392891546774685e+00
1.233929364383176575e+00
1.315500763685964580e+00
1.337263917116418011e+00
1.281847004866236706e+00
1.350534183736348481e+00
1.199994775280572190e+00
1.226998525487784653e+00
1.250778826583270442e+00
1.253115684151130171e+00
1.209754079800423154e+00
1.216435070989841716e+00
1.200413667103817028e+00
1.356559385822983632e+00
1.161557791841166143e+00
1.299165253237167805e+00
1.222993790089990096e+00
1.146076821287189240e+00
1.418818881443594693e+00
1.354580295616889307e+00
1.182625573576646438e+00
1.166759986908472158e+00
1.371078483994519148e+00
1.220581200579265335e+00
1.265783798198196308e+00
1.355662374206768161e+00
1.197274267260814762e+00
1.245182198310061050e+00
1.356221473218180762e+00
1.124266467257020174e+00
1.359418511040361821e+00
1.354813941870718130e+00
1.475434372807307826e+00
1.204653429496790329e+00
1.277733538970875049e+00
1.269342302553138291e+00
1.101777710345643424e+00
1.463545157273321129e+00
1.360632454128650082e+00
1.267410906255723502e+00
1.332321027385600765e+00
1.147501305114836834e+00
1.347240291176092786e+00
1.291690522462999757e+00
1.120590470574398756e+00
1.202840539542747722e+00
1.472370429526058233e+00
1.258847058438098410e+00
1.278654669694980983e+00
1.230616226770018251e+00
1.295073106921865502e+00
1.317090977651034667e+00
1.389277183558715878e+00
1.210851176327318868e+00
1.155468810167983307e+00
1.219469899101195187e+00
1.347106032927944730e+00
1.217321592419784881e+00
1.166632861386877940e+00
1.456586548720636198e+00
1.285918958865356343e+00
1.308513039088337937e+00
1.304942404719422688e+00
1.238534982447533794e+00
1.289641006809511437e+00
1.353457976454752965e+00
1.341992021117110578e+00
1.260740252154119112e+00
1.424796121851096720e+00
1.341289115123911468e+00
1.329547777920055518e+00
1.246991646328650116e+00
1.078889282235883096e+00
1.472534223174063017e+00
1.229427790717707580e+00
1.266331257728874560e+00
1.210660503317181114e+00
1.344633832268155693e+00
1.261937418749079720e+00
1.257043705955547486e+00
1.250213447870810235e+00
1.310528996898091103e+00
1.180985308624061147e+00
1.294588352370874107e+00
1.244481922433269050e+00
1.246479028026855618e+00
1.337409503460787130e+00
1.274547132368304858e+00
1.611350832795858112e+00
1.260849901853580812e+00
1.178898110308900460e+00
1.470776663743524004e+00
1.321071570151234109e+00
1.196103545410901692e+00
1.287699626724962076e+00
1.444634952574524345e+00
1.327853679145807320e+00
1.275492326862552872e+00
1.268726659044236760e+00
1.344081452295022405e+00
1.198541505053669631e+00
1.219531524119747079e+00
1.225731501784349309e+00
1.255634149016996881e+00
1.192136081477325193e+00
1.228383294855292851e+00
1.247699340943542401e+00
1.193542231014881994e+00
1.284442256770275348e+00
1.378161971129166607e+00
1.258370112575319499e+00
1.322932207189507992e+00
1.332095751013993468e+00
1.130567311713885026e+00
1.205940236110123465e+00
1.223683815045687684e+00
1.273920562046356064e+00
1.236114038234790158e+00
1.329111157047700553e+00
1.162695090159515665e+00
1.307690338565187904e+00
1.185428024183679874e+00
1.234577512683742606e+00
1.185610649870787237e+00
1.213635158500892430e+00
1.340926508104851367e+00
1.253640726511306092e+00
1.224467607613850983e+00
1.206856806231501933e+00
1.203103902088834998e+00
1.262277278530338886e+00
1.356175603567721266e+00
1.293591772585487076e+00
1.271398988833659427e+00
1.223459269479029832e+00
1.178451339258035580e+00
1.240121602418053914e+00
1.116585286306118752e+00
1.379382612001516684e+00
1.412147667564805920e+00
1.116227752851076893e+00
1.232068994448638044e+00
1.419064438511798754e+00
1.310114613030918473e+00
1.271615983522629278e+00
1.303333005985991555e+00
1.239041625237437438e+00
1.225746838178429776e+00
1.341231082951595432e+00
1.428530104217879959e+00
1.305134713833617122e+00
1.165179174288257791e+00
1.087833941141570504e+00
1.367373549170061375e+00
1.309940813044721430e+00
1.211289124304326448e+00
1.379389857573553035e+00
1.314264051328409622e+00
1.163263335033255297e+00
1.116042592210341189e+00
1.224947568972018841e+00
1.267220309653365184e+00
1.291599827862281558e+00
1.252559962403152038e+00
1.251235774802135214e+00
1.465232118910534842e+00
1.112377704435312253e+00
1.319189128082369544e+00
1.343035956478960902e+00
1.195732509795037091e+00
1.223435356520517603e+00
1.356895472231873123e+00
1.329701839212239500e+00
1.230710540570417288e+00
1.293009291617623679e+00
1.204493326237018991e+00
1.243324142723027270e+00
1.214601606881716034e+00
1.316878622014092448e+00
1.355533650001439216e+00
1.327271267158036894e+00
1.304691738407977697e+00
1.342397888448041421e+00
1.499921280653600641e+00
1.169917140546431256e+00
1.276281829500451215e+00
1.177645312413012846e+00
1.377813190267856758e+00
1.273580152820664502e+00
1.246759516054105621e+00
1.215836911933894982e+00
1.354571512755731399e+00
1.321651296303111733e+00
1.379789335008797302e+00
1.307194392290379703e+00
1.360065356231932254e+00
1.285273366473458134e+00
1.233895454122910129e+00
1.185431518875055712e+00
1.237270487886452441e+00
1.199436624614423019e+00
1.447490963032546984e+00
1.171840395787098865e+00
1.296321024210913997e+00
1.318173575886370408e+00
1.219319514062729759e+00
1.515083225321000038e+00
1.378967363029333759e+00
1.383723518797775665e+00
1.302127510998073667e+00
1.223074454449517789e+00
1.171858171380124158e+00
1.429474569372692683e+00
1.240531947791412737e+00
1.233340206380161952e+00
1.192521769854708813e+00
1.280650460485120767e+00
1.280615531903783522e+00
1.245467274570114524e+00
1.206076671167545467e+00
1.269023943531053966e+00
1.283131394702969219e+00
1.228417323047074738e+00
1.280292648036966074e+00
1.348181636334419897e+00
1.296480954568327792e+00
1.138103684771424096e+00
1.278318675647556191e+00
1.324857775796181469e+00
1.288428880094740547e+00
1.314159451080195051e+00
1.265724186540876373e+00
1.137792642713941538e+00
1.177347097181521640e+00
1.255752215732806709e+00
1.559675859483374616e+00
1.424677516900848762e+00
1.276744184964558437e+00
1.386688746510351455e+00
1.357268954312939702e+00
1.146154520405133326e+00
1.260358768556959497e+00
1.260697580434219534e+00
1.314582022733389755e+00
1.137137021167433648e+00
1.118977693777383209e+00
1.133236311823423881e+00
1.429703556089616079e+00
1.200200772053755305e+00
1.200201925414655202e+00
1.347455421133329168e+00
1.288286402310959256e+00
1.257979748066206493e+00
1.181526543099434168e+00
1.330498202262163199e+00
1.283192898686834171e+00
1.281370227404225570e+00
1.396615517265165307e+00
1.314401300582862531e+00
1.268641681811311761e+00
1.397908003055325699e+00
1.123022190996450620e+00
1.175198800758980644e+00
1.305743184208544294e+00
1.288225778200707161e+00
1.272210970066751656e+00
1.383622943685572704e+00
1.208386987541196778e+00
1.280410973863210122e+00
1.206445834895932157e+00
1.243911343135865488e+00
1.198765104474935894e+00
1.339865876321935545e+00
1.092119694861910073e+00
1.265712178991892367e+00
1.248478323126919198e+00
1.205789043889736512e+00
1.314345735666579307e+00
1.202909247656023695e+00
1.249651494974460597e+00
1.210019601749724005e+00
1.325319868342108132e+00
1.302092300528181035e+00
1.305429675465769046e+00
1.264281119944562715e+00
1.301424709280319725e+00
1.143176920254705742e+00
1.304482488975418519e+00
1.301124659333951605e+00
1.328822604597168278e+00
1.231322752362540296e+00
1.303799121596257216e+00
1.431163471744166360e+00
1.378073060361293845e+00
1.276810727167272841e+00
1.299648756084724743e+00
1.219836551492581966e+00
1.266410437796557042e+00
1.284153464683768009e+00
1.339008574309560107e+00
1.307080703250848686e+00
1.209911748969093370e+00
1.366694523476867040e+00
1.097412722013386688e+00
1.337660570905463864e+00
1.268036161387830374e+00
1.201881454201923827e+00
1.286758987389690523e+00
1.182664681984966437e+00
1.135724297545765316e+00
1.447233833197715258e+00
1.108654229221123000e+00
1.099092696502340871e+00
1.312938544807485064e+00
1.318445044235187824e+00
1.287139357111522608e+00
1.378795485921527675e+00
1.241551400244566672e+00
1.381702444130397556e+00
1.214783913894590395e+00
1.379703311910866814e+00
1.178594111611092954e+00
1.366039117854476626e+00
1.257197382015160514e+00
1.133394455187755057e+00
1.391464036173071239e+00
1.368826226011878866e+00
1.302643721980728975e+00
1.211000565624110514e+00
1.238164427977823001e+00
1.260075426196181292e+00
1.410415861898091761e+00
1.434575935859467188e+00
1.339163258816401081e+00
1.267686160374309923e+00
1.335807202383026970e+00
1.255854734971631581e+00
1.250069080859015136e+00
1.292335736562326254e+00
1.231535589213511805e+00
1.203047304973715592e+00
1.167750160822292882e+00
1.355817246700091738e+00
1.223292519679313406e+00
1.194577223542739652e+00
1.249498234339292191e+00
1.293631834885580867e+00
1.266713706745699497e+00
1.331170905253675318e+00
1.287097952844051596e+00
1.237699760347630962e+00
1.134343876674458684e+00
1.202736925513214095e+00
1.422355346991747371e+00
1.351508260368783798e+00
1.238204676623019251e+00
1.332280234750121028e+00
1.158870454989722187e+00
1.230684147074315504e+00
1.345682453599399642e+00
1.407286076515203543e+00
1.247176757361769805e+00
1.319088784218148458e+00
1.218465828216786839e+00
1.295086718716232488e+00
1.230708661024419781e+00
1.158166897475738200e+00
1.274892705230558754e+00
1.262386860899728402e+00
1.168477711063464319e+00
1.359230649938703683e+00
1.163128988838962874e+00
1.191350222410569648e+00
1.369516643781577558e+00
1.285661895979353320e+00
1.237306139430499163e+00
1.361699761689607158e+00
1.267086591585922850e+00
1.310715360386071726e+00
1.110021037270328303e+00
1.352405299300140973e+00
1.150920931707094752e+00
1.251432360225602780e+00
1.290441195958756504e+00
1.426833389019779075e+00
1.168397085985185990e+00
1.337748607128451894e+00
1.141873037435314764e+00
1.154810138813678000e+00
1.368583820552687680e+00
1.352289781321893924e+00
1.588555295816857837e+00
1.283556470398124372e+00
1.158896341155086995e+00
1.171719114292446351e+00
1.169572484077206376e+00
1.330971579923823089e+00
1.067814044446540711e+00
1.228458346498917608e+00
1.196352402525892922e+00
1.346568484067923288e+00
1.213277020463547240e+00
1.208020380590010268e+00
1.371937274633978632e+00
1.204010270683654182e+00
1.265798649631703077e+00
1.284508741500051343e+00
1.303176162377221781e+00
1.191359305482207809e+00
1.146463179042573888e+00
1.210356387537522505e+00
1.354093435893495512e+00
1.299257314061148749e+00
1.132494883223080562e+00
1.353427330916836091e+00
1.294911622225604297e+00
1.243620113631124902e+00
1.197975448384846597e+00
1.365516232202132807e+00
1.279771399280067889e+00
1.332362124268340997e+00
1.280261016714974831e+00
1.304833252095626950e+00
1.318575013853307665e+00
1.188841171194521928e+00
1.197101808205003115e+00
1.255329082152347731e+00
