1.422568036559269888e+00
1.478499408992879793e+00
1.482195594507076608e+00
1.530940058037931539e+00
1.428701628573624260e+00
1.429272664809239979e+00
1.316783808592835614e+00
1.388634180447118283e+00
1.278609787582044355e+00
1.505348236578297083e+00
1.319946332409433154e+00
1.320541736025227397e+00
1.540476429287064963e+00
1.164238765307433754e+00
1.138364946244740050e+00
1.138340285318117928e+00
1.537485175512680158e+00
1.353378075428545380e+00
1.515552973770331935e+00
1.465870276924317261e+00
1.571210662421347992e+00
1.281891666528198526e+00
1.396813479743741926e+00
1.525592548409350879e+00
1.229989097400518094e+00
1.312016687739530729e+00
1.408263403712924022e+00
1.283046242373088841e+00
1.305393090498637276e+00
1.201684697393906154e+00
1.191900994131697367e+00
1.323376346432430184e+00
1.385389650101295222e+00
1.519925932474703423e+00
1.549734078312528629e+00
1.410998775709849662e+00
1.452137297581202358e+00
1.314150361679530032e+00
1.555078051067591671e+00
1.051438252986090394e+00
1.393159416313216159e+00
1.346832095807615870e+00
1.354994193700681304e+00
1.398164952581267828e+00
1.561369325174410516e+00
1.385002589407694051e+00
1.590869547252087957e+00
1.316722519506007272e+00
1.370060002615413941e+00
1.300003033739887792e+00
1.368645924134028524e+00
1.520924095059497327e+00
1.558339224719378580e+00
1.243110815216124099e+00
1.271610786794327597e+00
1.147220591087857011e+00
1.292643911125326728e+00
1.346248486108725384e+00
1.361751818710427164e+00
1.409267373582860694e+00
1.407554406342901299e+00
1.233963036049468442e+00
1.072995856365998479e+00
1.401414465956071220e+00
1.551691034354484522e+00
1.311154897695225197e+00
1.368776303311079579e+00
1.146076603206025002e+00
1.387758878116231331e+00
1.370183209575628780e+00
1.566679200691264429e+00
1.286637181930113671e+00
1.502821026881868693e+00
1.014626095143153162e+00
1.204538425069750618e+00
1.382409781018536510e+00
1.505857547681896058e+00
1.149196662752074882e+00
1.332504273436454723e+00
1.515955239867794901e+00
1.316065644314166061e+00
1.181047079503613872e+00
1.246013339425076083e+00
1.155593260534172995e+00
1.359044571559800296e+00
1.335286840876215964e+00
1.321656750989719908e+00
1.467805238986885197e+00
1.414986724747705260e+00
1.256529259057205916e+00
1.472710963432161124e+00
1.371012922121870981e+00
1.461915328730152952e+00
1.179319631420459702e+00
1.412005945833464615e+00
1.299927067481650322e+00
1.686644899143136644e+00
1.207801409369030354e+00
1.352540069630591812e+00
1.410805007581280801e+00
1.429102069208075809e+00
1.335707769628190711e+00
1.376464014030761795e+00
1.375926171865463621e+00
1.420902142082172359e+00
1.142677457534859276e+00
1.328357915473835416e+00
1.167377656043724565e+00
1.358605318753959512e+00
1.376691911653570743e+00
1.424513725952019527e+00
1.288264321648882493e+00
1.242572018678441692e+00
1.381610465552965294e+00
1.346537717322889405e+00
1.428034897757151978e+00
1.286796701930625231e+00
1.218031771588940160e+00
1.390277304561671423e+00
1.347601821790499699e+00
1.297235275264364995e+00
1.342819696932697093e+00
1.447724303984056604e+00
1.240208372361925715e+00
1.616478819550573487e+00
1.208308969581487480e+00
1.425123636928903759e+00
1.155745472360732107e+00
1.502693750377376736e+00
1.680384909886771583e+00
1.501160910336679200e+00
1.345521953798886061e+00
1.315083026280294165e+00
1.507966167278265379e+00
1.283603496549060807e+00
1.229717930810838356e+00
1.188255217422345300e+00
1.194500566415091392e+00
1.173243367469560372e+00
1.145645268085175639e+00
1.343724418452431069e+00
1.344566936951976377e+00
1.462139172704888690e+00
1.145604803252910475e+00
1.270824393038620714e+00
1.254000591694539812e+00
1.386153464045003947e+00
1.579288607625724650e+00
1.278780683896576287e+00
1.308015243027730312e+00
1.273049939914590922e+00
1.391443425891785601e+00
1.309573126345134453e+00
9.677370989125592127e-01
1.239003424676902609e+00
1.562501442736664803e+00
1.298670534808654686e+00
1.192966353158082304e+00
1.510400650844111237e+00
1.257418198573825752e+00
1.505902032931497603e+00
1.455211046027800492e+00
1.376417479291840440e+00
1.313986408635612335e+00
1.280948742374381721e+00
9.935352090103811706e-01
1.214453283755971835e+00
1.307523228267971627e+00
1.245002123630451152e+00
1.247996996246838020e+00
1.315189999898929596e+00
1.433258035427999788e+00
1.350981763528443791e+00
1.398939381534442639e+00
1.189266510213240258e+00
1.038440243483572889e+00
1.318216913298661641e+00
1.432592036476530772e+00
1.356245431042679028e+00
1.303273024664023394e+00
1.568041722901389212e+00
1.198694143449655192e+00
1.196859215334280080e+00
1.332177921904097451e+00
1.399896857778063053e+00
1.352896181238966378e+00
1.420362522236962688e+00
1.413821120403107479e+00
1.398350435904208044e+00
1.250938390692921010e+00
1.361055756517718374e+00
1.436944708788667091e+00
1.525464352109547450e+00
1.409889795200220508e+00
1.490627975564052798e+00
1.099245553579509815e+00
1.371053877925401787e+00
1.480277047285490255e+00
1.387195982900372382e+00
9.688668335021604072e-01
1.500465167768637587e+00
1.517316159604539694e+00
1.263796698677543739e+00
1.437438178703609237e+00
1.247577931781919336e+00
1.348507359233449554e+00
1.082920097170541274e+00
1.257449576183198747e+00
1.471858793612030425e+00
1.426609581341837130e+00
1.426807099344187924e+00
1.243134881441677164e+00
1.478787167691703930e+00
1.328836146224629866e+00
1.444906305774890765e+00
1.194928819165162803e+00
1.347476998676012450e+00
1.487460497070848042e+00
1.430979813331089590e+00
1.356309023222118215e+00
1.424836320472101514e+00
1.241121369202969449e+00
1.257910897613112366e+00
1.457522051052805523e+00
1.259569926046274935e+00
1.281413068840856928e+00
1.495813968122471360e+00
1.274360492175095505e+00
1.428315727654798861e+00
1.357300833894538261e+00
1.395298437707402694e+00
1.427974682079391711e+00
1.454684575898650856e+00
1.384844756666057330e+00
1.448770641235298529e+00
1.417020449028281837e+00
1.330439876588487724e+00
1.143052999818537474e+00
1.225661079358915995e+00
1.418686334070667465e+00
1.118684515662368817e+00
1.360799075096004840e+00
1.456640665877821705e+00
1.559002593023150363e+00
1.479487249956279005e+00
1.303840292774804954e+00
1.353626235821731916e+00
1.131899090700209554e+00
1.336206535750295910e+00
1.378013270453940287e+00
1.590835555851123351e+00
1.504410624445852163e+00
1.316448161515922699e+00
1.415712703609032452e+00
1.405079688199889709e+00
1.610456774528434609e+00
1.517387366701811180e+00
1.324173290956768501e+00
1.359467131807986284e+00
1.017716350268995651e+00
1.333641030821606455e+00
1.288683823653423710e+00
1.314390575739310174e+00
1.535451910668784947e+00
1.214625904827292491e+00
1.275357891732762816e+00
1.590255109327941785e+00
1.206905868342531774e+00
1.339669875193937765e+00
1.231804987602008739e+00
1.251691553742667162e+00
1.425454844091304851e+00
1.490674822858860216e+00
1.112080125346689652e+00
1.420707880485538199e+00
1.346971176782032265e+00
1.340177497609364998e+00
1.364789139048882882e+00
1.346059971466850858e+00
1.358530986987643185e+00
1.432118590563141280e+00
1.629342560306162646e+00
1.412437662730442911e+00
1.393097832171110495e+00
1.264289166744773318e+00
1.470508756984768350e+00
1.408917605302185017e+00
1.105147500162134921e+00
1.181426728033212470e+00
1.369454007315261235e+00
1.472892388705374644e+00
1.360240745955870523e+00
1.467866903321192629e+00
1.612864007273068889e+00
1.350190597938538017e+00
1.304738907679783511e+00
1.421290331194288603e+00
1.355164775525070420e+00
1.281777024916143093e+00
1.513613956468444544e+00
1.334337868184193310e+00
1.134306240229512319e+00
1.529082702631227919e+00
1.399137153400700662e+00
1.397634479746653113e+00
1.161386449225898065e+00
1.513028177236585448e+00
1.290867773235208960e+00
1.260445855734809273e+00
1.414707863594228510e+00
1.476600894977326828e+00
1.312454468177245426e+00
1.176924190797421943e+00
1.329392013944972417e+00
1.424386824761887382e+00
1.190288360119798661e+00
1.566910773886188935e+00
1.070093241729642042e+00
1.376676162081295729e+00
1.265854009666742330e+00
1.298107974495303907e+00
1.289212469624851476e+00
1.312030647990288568e+00
1.533123861441085589e+00
1.352076720652215958e+00
1.069281496838891510e+00
1.365116632064583557e+00
1.371626380607633422e+00
1.430237880635191194e+00
1.480367908871772942e+00
1.005905177246544380e+00
1.513815955699309379e+00
1.251821333339937947e+00
1.432512932717644016e+00
1.479450593537376291e+00
1.435784762078467836e+00
1.335317938772384139e+00
1.318711751109339581e+00
1.401504532117822333e+00
1.285812516722131038e+00
1.248648651167237000e+00
1.277446676587929764e+00
1.262571796290460346e+00
1.445674146079940714e+00
1.424954132747257018e+00
1.120519597779882526e+00
1.453058474516016441e+00
1.374909917963465178e+00
1.520897026663147411e+00
1.424850969597071026e+00
1.538253065576820511e+00
1.614190488345119023e+00
1.343125119816629187e+00
1.469126523615460478e+00
1.215851249192370753e+00
1.697950303201799960e+00
1.512157490295590323e+00
1.408816711209503580e+00
1.318488287524314018e+00
1.035204520396582728e+00
1.016383273120281094e+00
1.506633004252889485e+00
1.352130148430792600e+00
1.477646204809622388e+00
1.101895006462094484e+00
1.501202260472363825e+00
1.433536078199377561e+00
1.542849623990768970e+00
1.381226759638552126e+00
1.469933502278165882e+00
1.470298420417332164e+00
1.562784714046535628e+00
1.369562702783444497e+00
1.256607867165486780e+00
1.462875704024264811e+00
1.086654744086221092e+00
1.582549672622222792e+00
1.343176365646208348e+00
1.381582330398243297e+00
1.463239581161801528e+00
1.343541224715917526e+00
1.410648891604286082e+00
1.334403309715031627e+00
1.254541481732207364e+00
1.249971193832452254e+00
1.505291510465048610e+00
1.372925389949745556e+00
1.350401618737761211e+00
1.289782327220083236e+00
1.440064074503184521e+00
1.410273682756614910e+00
1.529798495514867795e+00
1.402826926435453148e+00
1.069205949371857534e+00
1.587551610408512115e+00
1.450223801200852147e+00
1.404600010819449185e+00
1.340549475333671969e+00
1.348854262479440402e+00
1.360878828248083927e+00
1.410752869299149559e+00
1.270116539162269742e+00
1.303092237917566232e+00
1.503973537298737950e+00
1.588215054846213281e+00
1.038063315260716823e+00
1.196854656656994642e+00
1.310377665404947711e+00
1.443554662427243951e+00
1.357469549625164085e+00
1.470073722652978754e+00
1.434744023068944996e+00
1.056782491538374780e+00
1.414547547737964539e+00
1.366980645155261076e+00
1.276389842941877184e+00
1.165738703225519091e+00
1.292568221595029154e+00
1.444755707958583546e+00
1.165723632519069852e+00
1.398246325981279625e+00
1.277441331677381831e+00
1.186147573222078755e+00
1.407570446401650077e+00
1.376139701378738422e+00
1.455336028357911538e+00
1.466988854180641288e+00
1.688993721465422482e+00
1.406106896298040532e+00
1.252710491557168071e+00
1.501994117031375975e+00
1.228394634720043621e+00
1.036555556741345585e+00
1.476527490956056843e+00
1.457411512845026902e+00
1.346601751137108227e+00
1.364156300152381540e+00
1.289984823373862000e+00
1.401460998466346641e+00
1.442460402086766402e+00
1.451589690862292725e+00
1.526385975342409607e+00
1.517791982370263471e+00
1.361796077157010343e+00
1.313059739353487743e+00
1.234776930608928014e+00
1.208819947747677537e+00
1.562871952953563071e+00
1.369225013277874492e+00
1.523184211023446144e+00
1.243496644010478436e+00
1.277707257247377548e+00
1.488846595955281016e+00
1.454697560670325851e+00
1.418142066263006651e+00
1.209926292386058533e+00
1.324653526549214311e+00
1.076545911925901988e+00
1.194456690630189888e+00
1.246120939571571995e+00
1.457748013665792097e+00
1.084186649799174784e+00
1.261881882589736881e+00
1.183854998001609093e+00
1.236377478382114203e+00
1.384428136710296409e+00
1.301279491531445398e+00
1.142898591485770776e+00
1.159486512925126389e+00
1.536761239970528825e+00
1.436466044782335638e+00
1.315766262148263976e+00
1.261796512128635639e+00
1.499169470826391404e+00
1.545713154192619454e+00
1.336983335790418392e+00
1.444594340920273723e+00
1.401065011833417806e+00
1.564752870598523637e+00
1.381062924120368018e+00
1.464345404797088301e+00
1.211856969857028732e+00
1.575129893056061103e+00
1.298763933003022952e+00
1.206039270848351830e+00
1.304173702493991005e+00
1.207379441458151348e+00
1.352700095828181182e+00
1.384920794619719508e+00
1.306455454682177164e+00
1.493507393524754256e+00
1.314077079195288045e+00
1.463645659340065297e+00
1.317342149609713964e+00
1.247590159106485963e+00
1.193681639137807116e+00
1.204234603091162370e+00
1.274984590995160261e+00
1.311994928737798993e+00
1.268410064025011774e+00
1.443504723845167925e+00
1.431211178841293119e+00
1.485837467854570937e+00
1.343916370740497301e+00
1.331607916922256329e+00
1.282118106790613998e+00
1.287530774449689552e+00
1.251920658669292585e+00
1.255957448402609922e+00
1.274046102094950950e+00
1.139243122577434431e+00
1.251450769601042401e+00
1.404654257542544027e+00
1.307396154988987202e+00
1.121622563726716759e+00
1.391780081104948996e+00
1.647241892758510851e+00
1.362633097723561892e+00
1.437251416690690897e+00
1.581234918520356469e+00
1.379656928264906046e+00
1.403991845303462993e+00
1.308821078151232609e+00
1.470817078176960724e+00
1.184591215533019160e+00
1.242192782037513599e+00
1.234392771594568838e+00
1.285101703475336032e+00
1.437493664489071010e+00
1.455277444153579181e+00
1.385586447068801741e+00
1.267043978567428786e+00
1.277076468303810053e+00
1.471693418459924185e+00
1.392780437454555820e+00
1.518742191070417746e+00
1.240309302836626326e+00
1.366564596288853517e+00
1.276635344998468868e+00
1.338249721081546939e+00
1.301487339948149469e+00
1.507352817911572496e+00
1.409820645936312955e+00
1.415661189834436673e+00
1.253772226107243926e+00
1.369352906992472141e+00
1.200610115228370134e+00
1.472540518488399730e+00
1.417073067238992623e+00
1.471217712760078067e+00
1.278536269956490612e+00
1.390572755410137473e+00
1.212467425760325623e+00
1.287745958053144957e+00
1.050095484597965534e+00
1.314516785428601509e+00
1.436877836291706512e+00
1.421157950495900213e+00
1.548215244910165600e+00
1.251847160501719403e+00
1.151440397605323795e+00
1.372036279594414321e+00
1.404776126275927073e+00
1.175135892743903732e+00
1.485755867147095399e+00
1.335455028255835952e+00
1.272361758111780539e+00
1.384113075724880071e+00
1.581317768924854539e+00
1.354692894344438958e+00
1.462463934897811901e+00
1.251060267683448801e+00
1.273377337007621124e+00
1.736896891027110756e+00
1.477652539560177392e+00
1.487756631214338432e+00
1.500815005743729502e+00
1.527416626848046244e+00
1.371489754489713331e+00
1.407142827583015565e+00
1.350731314087125101e+00
1.196775829560726256e+00
1.387052222597395357e+00
1.141017576388615007e+00
1.187423555454465207e+00
1.423255150975826222e+00
1.348058204154017226e+00
1.491675053454034838e+00
1.380854825898569116e+00
1.322583191287685755e+00
1.444774304885146687e+00
1.135260600370209039e+00
1.445643272980340122e+00
1.518312548174511001e+00
1.534561900175049232e+00
1.549389993065811710e+00
1.322037422408874230e+00
1.294965704555703034e+00
1.358587907656860772e+00
1.574273785852806640e+00
1.202757862305377623e+00
1.368154993531076391e+00
1.395000090363031742e+00
1.151984023445560057e+00
1.408692277994767261e+00
1.386795137583226367e+00
1.369876449595305967e+00
1.148121151562219833e+00
1.384213249964042491e+00
1.326121619188779466e+00
1.357034709193934319e+00
1.448683709568808320e+00
1.444938267417945177e+00
1.413049260940745011e+00
1.319520429523903582e+00
1.052677317970959869e+00
1.503047928559840818e+00
1.425929812568664801e+00
1.390280303383275795e+00
1.460142338682201002e+00
1.292504139896296422e+00
1.349019257305269059e+00
1.534232939025754083e+00
1.402266607849701030e+00
1.378086453552741286e+00
1.404543166887061156e+00
1.359503075832009911e+00
1.497443189151884901e+00
9.239185747797034054e-01
1.385139478047651806e+00
1.169302579449471358e+00
1.326814933068456437e+00
1.428401888422612398e+00
1.288965248275578013e+00
1.606542664914989871e+00
1.393695633079903740e+00
1.380129829095763094e+00
1.372496685026552976e+00
1.282826881437501898e+00
1.395107112305202568e+00
1.271982571726306022e+00
1.278770088492210633e+00
1.448250565893327568e+00
1.173171586647145270e+00
1.471062459588637905e+00
1.609545319948833875e+00
1.184181045512898711e+00
1.321797932217793736e+00
1.369119047059432548e+00
1.247599362681057977e+00
1.017028128072317017e+00
1.221107971422981997e+00
1.067426279074517925e+00
1.625412834495563397e+00
1.302902163431915561e+00
1.439973796683343910e+00
1.340691316834002444e+00
1.258933861873100302e+00
1.356899522160517790e+00
1.333172618529962383e+00
1.365741534447029171e+00
1.542116687783671836e+00
1.250035572761435843e+00
1.311441820300327965e+00
1.263822290417536243e+00
1.342077988564278179e+00
1.389576975139499959e+00
1.216979928007170919e+00
1.387822129152269657e+00
1.341725443886733427e+00
1.040058438369765303e+00
1.373480000324460271e+00
1.211512232683932710e+00
1.640910709888141472e+00
1.286246393642651142e+00
1.461403599909315121e+00
1.068281052728781821e+00
1.060507594714526380e+00
1.268025606706873809e+00
1.540728840189085291e+00
1.531369524235105972e+00
1.232627340890111611e+00
1.075864657392750390e+00
1.274219507563268072e+00
1.456642608385732007e+00
1.412687186449638643e+00
1.137392822911639234e+00
1.461492729472142704e+00
1.551327569142295859e+00
1.054292877107406490e+00
1.559247432412862899e+00
1.286005393961502152e+00
1.453641898575777525e+00
1.302331236734439734e+00
1.446936349552694789e+00
1.255897565697098983e+00
1.376770728709740821e+00
1.231282614898055128e+00
1.506438189772777658e+00
1.317213400552282865e+00
1.268128047020469218e+00
1.314003596973031263e+00
1.230969286030485721e+00
1.489807910613297093e+00
9.183281627268465863e-01
1.528330145319291455e+00
1.307886633782200159e+00
1.276807755019758517e+00
1.650817536633190086e+00
1.351368608539626148e+00
1.445949678962995311e+00
1.545373385300122138e+00
1.430273044834123874e+00
1.243306282422705245e+00
1.171818046850714001e+00
1.183799312392715741e+00
1.554338317507675926e+00
1.440070099875858656e+00
1.292127972403966041e+00
1.343668007952675270e+00
1.435343346405786313e+00
1.423857878920035125e+00
1.266579176659116346e+00
1.391824011691131124e+00
1.387693269688000886e+00
1.356772214170219870e+00
1.395454297680549738e+00
1.133108940719251612e+00
1.446885203869631376e+00
1.355370980320424357e+00
1.390992311937133019e+00
1.285887232573626138e+00
1.441763882454314638e+00
1.135972413713052021e+00
1.269095149622429641e+00
1.324425151506698928e+00
1.511393212871256830e+00
1.471134643890922966e+00
9.733060545651405215e-01
1.265294457588818755e+00
1.378799524749818595e+00
1.610120301258225028e+00
1.610824963321894954e+00
1.294352166561685724e+00
1.336981172481841895e+00
1.223693693538635996e+00
1.483509814202770727e+00
1.208473958031260898e+00
1.054612379249023624e+00
1.356567497690307489e+00
1.477089529477328522e+00
1.249744651391504702e+00
1.295838488709120995e+00
1.124716543916673750e+00
1.407562345236696544e+00
1.155051666708663660e+00
1.507542333649874777e+00
1.114792422299012653e+00
1.382430067461482670e+00
1.209808804289431716e+00
1.114575018521710037e+00
1.383112251923758640e+00
1.001327924412965142e+00
1.162323654073672774e+00
1.246109203844907753e+00
1.308428163978394343e+00
1.316673838178616496e+00
1.108723042467517406e+00
1.307805879805334248e+00
1.227943383925143905e+00
1.624260644835135325e+00
1.420956667450108624e+00
1.226950602797393763e+00
1.298638217054720823e+00
1.198834509905325696e+00
1.507380816520775824e+00
1.422089990590843511e+00
1.415399063563622883e+00
1.576153386228363207e+00
1.313010052601566446e+00
1.545715139151185413e+00
1.381503114230126394e+00
1.385205684546380933e+00
1.347086754672275122e+00
1.498186976081464561e+00
1.358198897206909894e+00
1.286087649898518981e+00
1.384938401941308461e+00
1.603954125219565263e+00
1.502275136458914195e+00
1.625282965945213931e+00
9.046012081523843174e-01
1.371796798627835434e+00
1.206543129072505716e+00
1.293072127335753718e+00
1.601334453416897619e+00
1.327673240652001319e+00
1.358142844835600327e+00
1.309093573499113150e+00
1.224170647747706786e+00
1.280834044399165483e+00
1.121212788556119611e+00
1.578389936208556943e+00
1.622569746215959174e+00
1.263105817327534020e+00
9.807066258693163396e-01
1.310703747319500456e+00
1.236282699004051633e+00
1.232508142961359354e+00
1.410372526243823588e+00
1.221802290404693681e+00
1.250319453763566679e+00
1.381120324075672423e+00
1.349250106622821077e+00
1.305123907476604339e+00
1.448695164823591064e+00
1.105512733856900853e+00
1.354675041242079381e+00
1.460043578747681980e+00
1.498560279243710491e+00
1.099643456594713298e+00
1.366183510068848417e+00
1.403402565967530213e+00
1.630376012675450292e+00
1.337937201415056343e+00
1.356162362680443545e+00
1.325267141521209391e+00
1.368734689801133220e+00
1.359201530022238424e+00
1.478095383722982659e+00
1.396559757583506256e+00
1.038500507065943657e+00
1.423460207719077664e+00
1.339998846858644566e+00
1.287599828708423599e+00
1.326897327976908292e+00
1.353000583922426614e+00
1.397601260820930946e+00
1.219239876658319455e+00
1.377257066986666167e+00
1.285389034727519419e+00
1.303311040820636979e+00
1.345999075382763532e+00
1.274153185573506430e+00
1.178783214736370599e+00
1.349239441545043272e+00
1.476752616078364833e+00
1.303731608920594809e+00
1.198757271873035268e+00
1.612597163280281576e+00
1.446783212924908080e+00
1.406700760128586580e+00
1.148219081114802309e+00
1.328529500202743963e+00
1.344237032475405602e+00
9.173884848057418662e-01
1.408371607212252741e+00
1.431380527128638391e+00
1.222488014169931692e+00
1.039916126269450514e+00
1.311233566307030918e+00
1.413092925076306017e+00
1.063777781454961602e+00
1.463883346391818607e+00
1.261018485832779312e+00
1.327981796547136106e+00
1.415190918942969889e+00
1.358163257069729735e+00
1.139111582825212743e+00
1.423654474280045212e+00
1.366620304390301799e+00
1.246362731032962579e+00
1.187816985801843028e+00
1.458225798146749685e+00
1.322202547178599419e+00
1.291498819233380502e+00
1.589088949553866037e+00
1.217508883716129420e+00
1.451598873718652483e+00
1.311480085877957391e+00
1.396257040808614569e+00
1.369734703824550426e+00
1.147531948237345389e+00
1.303232010825408738e+00
1.498748641270585491e+00
1.338451004068403227e+00
1.387558494285018096e+00
1.420430853603919630e+00
1.375778567050532697e+00
1.099955569574663228e+00
1.279074096457104126e+00
1.134943403518212879e+00
1.351129811556977423e+00
1.171851235266801128e+00
1.289038110419768790e+00
1.471637887284980239e+00
1.570131855797865184e+00
1.486347050243082890e+00
1.168116922717931550e+00
1.332814249444362220e+00
1.179461328654601848e+00
1.413277557846828181e+00
1.204641451151050813e+00
1.373488194518574179e+00
1.285852549598541561e+00
1.238114260284091772e+00
1.595508972112437363e+00
1.336501024703628193e+00
1.232897950305892554e+00
1.433029892772128555e+00
1.486992046601066431e+00
1.201611954603239552e+00
1.374887589801635057e+00
1.273005026149865770e+00
1.314854448645655927e+00
1.542820027530146021e+00
1.393464132961493629e+00
1.322016458640546510e+00
1.381011883103786975e+00
1.211388390980971952e+00
1.338933924377041063e+00
1.397245031689245298e+00
1.297266032118232770e+00
1.349569476955995606e+00
1.535934819909023918e+00
1.481268788032745087e+00
1.410895671919840888e+00
1.318773895706647714e+00
1.335148219831024941e+00
1.479983196415048052e+00
1.395361178867625895e+00
1.499115133906297803e+00
1.684538467410207074e+00
1.133571650823669952e+00
1.653714750902252506e+00
1.373835503836714045e+00
1.512727940009287453e+00
1.552231004641045242e+00
1.453791012687060125e+00
1.427900318182781625e+00
1.453824912896628740e+00
1.271004375453162805e+00
1.397763392022701057e+00
1.352428880438577563e+00
1.358060221001062162e+00
1.530891533656412840e+00
1.426572780694856268e+00
1.241066416022730490e+00
1.373695130411773269e+00
1.522738372758809078e+00
1.564152822962085132e+00
1.390205670095504775e+00
1.262848574441975291e+00
1.298384488386899571e+00
1.608872031468496777e+00
1.469721715674822793e+00
1.269006639398967184e+00
1.415274880855770911e+00
1.278305963801931844e+00
1.450167018631038029e+00
1.542073765553623410e+00
1.237369188433268485e+00
1.086811770100433172e+00
1.314491465298436523e+00
1.207021076436914475e+00
1.261865084963327055e+00
1.431774834767531202e+00
1.408111575136388627e+00
1.410771021026790750e+00
1.432262158618885728e+00
1.390288321070775046e+00
1.356936345331169136e+00
1.578514842965978104e+00
1.184393709500275671e+00
1.158916124492400890e+00
1.352780915009547558e+00
1.374054014511268074e+00
1.011161186695105130e+00
1.441162802320844261e+00
1.347030317347825745e+00
1.275052359891144738e+00
8.810275872296680078e-01
1.467857010569246556e+00
1.409695390070576426e+00
1.128590494572668357e+00
1.415386817934743302e+00
1.346154424901178537e+00
1.517906337475688927e+00
1.034470127011339224e+00
1.377806385880959938e+00
1.371968424662682873e+00
1.284961013857833123e+00
1.594365116256352355e+00
1.386921275858097768e+00
1.363114689510189326e+00
1.024712157881714214e+00
1.313386747539881050e+00
1.299453614347931829e+00
1.076157177361590334e+00
1.552154833379045362e+00
