1.226546326501562145e+00
1.077300909355131120e+00
1.160705927346545208e+00
1.179718357120243866e+00
1.130275945875929722e+00
1.194319851151935508e+00
1.197933999410149664e+00
1.195736006650349736e+00
1.123380535137424197e+00
1.237881160470132302e+00
1.158512872571453745e+00
1.123992480042490083e+00
1.112355107686112454e+00
1.142657153730811448e+00
1.117674534434350608e+00
1.053132899278249601e+00
1.154118431659476807e+00
1.098215280612284461e+00
1.157843353180580293e+00
1.187030427704286684e+00
1.116508516394515205e+00
1.203855261990227410e+00
1.152022882503596080e+00
1.117135167003835416e+00
1.052098103331752466e+00
1.140366362739746675e+00
1.298074329472658217e+00
1.151388874077168056e+00
1.154472229082632140e+00
1.245558302661587069e+00
1.174583491487220854e+00
1.102123400365319972e+00
1.058871999278902187e+00
1.190579276140071974e+00
1.170891222462654424e+00
1.081480592391878215e+00
1.077095647954331881e+00
1.081025992135984826e+00
1.086582921761787279e+00
1.245845944537416816e+00
1.121739461435164342e+00
1.022331435770373886e+00
1.062940719779161602e+00
1.197976189838655392e+00
1.193009252144811461e+00
1.033500035858025301e+00
1.185491536337638374e+00
1.120844046825031803e+00
1.212600558595081424e+00
1.317425466705121506e+00
1.152736093950172069e+00
1.103912238613450558e+00
1.076246924263603244e+00
1.078642298113577036e+00
1.200874591521141843e+00
1.187531985452708216e+00
1.097657192749137645e+00
1.104245443443155228e+00
1.127447454909245916e+00
1.210334260671765083e+00
1.083548801724959931e+00
1.125999921427421890e+00
1.061979931718537884e+00
1.091937920809483487e+00
1.099234378323765471e+00
1.033317940396764723e+00
1.140955642757818467e+00
1.140519421525725496e+00
1.111808158077335129e+00
1.129910650158504337e+00
1.151255633977547710e+00
1.147594235390279493e+00
1.151910379250240979e+00
1.267583571158901634e+00
1.232268284120954904e+00
1.032997848630486715e+00
1.226643771275521377e+00
1.188859982906262269e+00
1.152359688333126186e+00
1.144412603835636366e+00
1.253497639510238182e+00
1.127438491606019166e+00
1.212251017689591093e+00
1.070015832554324309e+00
1.130429668552519473e+00
1.120053351774364048e+00
1.126993607724005031e+00
1.153631228342056003e+00
1.276079244532067003e+00
1.190956266850559331e+00
1.075391139416381092e+00
1.276841010716972757e+00
1.171321473286385695e+00
1.132943610049623961e+00
1.074038347499385537e+00
1.121319539119260300e+00
1.187914043580973189e+00
1.170267130524914823e+00
1.076290480687610573e+00
1.167861804684273475e+00
9.713457246041733439e-01
1.257053389927784037e+00
1.159676121423540707e+00
1.096833261866526410e+00
1.124456200144127838e+00
1.044022545395045354e+00
1.213065734610870638e+00
1.110489586275428042e+00
1.196606464410406412e+00
1.179659982770289606e+00
1.156466239851973166e+00
1.049401952618708833e+00
1.184336667320897485e+00
1.035216671141312661e+00
1.111188548302101564e+00
1.054452963070468652e+00
1.133563314689910007e+00
1.044967131256394621e+00
1.126947035556353560e+00
1.102871522434634821e+00
1.162360942604681702e+00
1.232704889640906298e+00
9.987980744546300915e-01
1.106496383122828719e+00
1.135296260436469584e+00
9.503921197230018603e-01
1.110476629396885295e+00
1.101346462810064208e+00
1.143985246121451693e+00
1.135389200606163884e+00
1.186972634804842164e+00
1.188262221606490643e+00
1.246869038961496479e+00
1.154959323188292197e+00
1.047007617390056877e+00
1.285546764775840733e+00
1.121318286166639533e+00
1.149500398231173115e+00
1.108202585522999772e+00
1.144191096906931548e+00
1.073490290472755238e+00
1.192218558037261067e+00
1.026704471954902331e+00
1.170303668050137302e+00
1.106492597824175750e+00
1.125745995877433181e+00
1.119440286328722722e+00
1.068724391127909179e+00
1.136308855943487073e+00
1.180028033208198712e+00
1.147886114629735665e+00
1.169838896460456690e+00
1.074789282392130119e+00
1.163378100493108969e+00
1.216200418509392867e+00
1.110346527087325841e+00
1.179385263218853064e+00
1.108852124519972726e+00
1.130008467894621838e+00
1.119297346002546378e+00
1.063472127311538395e+00
1.223331890859901572e+00
1.055884682795892981e+00
1.082462975739939770e+00
1.226582248257531704e+00
1.114800107430798271e+00
1.223843779465091819e+00
1.089802888450910556e+00
1.218015501656190880e+00
1.089475347999401933e+00
9.652489649459613519e-01
9.784179771035251827e-01
1.087219222955775555e+00
1.182356661245913765e+00
1.118076437463602524e+00
1.123622862020724256e+00
1.147452439923360323e+00
1.112151616810173937e+00
1.200519975726647148e+00
1.150531333939700751e+00
1.138791923877463530e+00
1.053212712166251341e+00
1.117525921745657458e+00
1.167301026132602892e+00
1.048364857620726953e+00
1.063553922299157461e+00
1.099615067268379764e+00
1.082416802785914234e+00
1.137509892772634146e+00
1.068022372696328715e+00
1.122637480984506775e+00
1.054502952612673017e+00
1.210286073296297893e+00
1.247940854258504428e+00
1.120866651207623521e+00
1.160669454359569031e+00
1.164436407436114873e+00
1.162800678181942660e+00
1.202620977011193304e+00
1.104454122062351384e+00
1.118041797608284371e+00
1.071459136552434632e+00
1.077884107724781826e+00
1.158455497396578160e+00
1.116099178542766301e+00
1.211420179962927168e+00
1.113070101089139063e+00
9.904949301020170571e-01
1.125078673488256742e+00
1.280681505521694685e+00
1.067136943279925365e+00
1.180509619706807234e+00
1.078666591386542972e+00
1.119068431821665266e+00
1.209753867646007119e+00
1.257663635146697656e+00
1.088036775115331700e+00
1.107975115188316817e+00
1.156154620999608085e+00
1.155381559036405603e+00
1.110168150593072722e+00
1.161799747866858468e+00
1.087125778408860599e+00
1.165597401295012103e+00
1.161701105947904100e+00
1.115810297228459369e+00
1.166014125296719550e+00
1.256212340538602534e+00
1.082972231947096020e+00
1.028546148667453419e+00
1.196841185759694337e+00
1.155007369437676346e+00
1.112637712577260629e+00
1.115666270425021533e+00
1.198559080957798617e+00
1.176706191129769152e+00
1.096801532902929921e+00
9.699899381937066023e-01
1.089342879133013753e+00
1.160249786490660462e+00
1.083638170853419513e+00
1.085774367215569969e+00
1.049573416814671312e+00
1.063872816356723261e+00
1.084476170624283586e+00
1.145260476386273929e+00
1.070355844195223005e+00
1.180702225576557574e+00
1.191510015519475774e+00
1.275010010899417567e+00
1.137149382568231726e+00
1.134021384636212160e+00
1.083154729631262247e+00
1.218628843046251742e+00
1.110434801980671571e+00
1.054229796288320253e+00
1.080600703678747276e+00
1.170058495549868960e+00
1.274033904322041000e+00
1.075263942448636323e+00
1.190203943591930269e+00
1.147774084574878284e+00
1.230404032319525998e+00
1.038297964272413276e+00
1.083821482519498502e+00
1.210624805990872188e+00
1.193005402163169304e+00
1.012751293579549294e+00
1.054801885713787080e+00
1.247489973594742008e+00
1.044830533785499060e+00
1.060916160364634875e+00
1.116273572639565170e+00
1.159507973744109188e+00
1.141598418486741817e+00
1.068539549810986422e+00
1.139141944524243000e+00
1.165286649855233225e+00
1.090115292493871957e+00
1.147273810070126743e+00
1.182069854452361124e+00
1.035554940754534359e+00
1.102268148506023060e+00
1.122664274227040959e+00
1.076444261557103932e+00
1.083151006630714841e+00
1.192312645672884530e+00
1.095654735003150471e+00
1.193022407388566242e+00
1.194572394929573456e+00
1.100070339586551205e+00
1.193225107935659057e+00
1.127546145017965573e+00
1.152906145440966812e+00
1.215332710117732695e+00
1.049356544336910169e+00
1.182719574489945469e+00
1.113532673121198524e+00
1.220842303741273893e+00
1.109532971607296581e+00
1.145085533163626712e+00
1.182859937412081175e+00
1.113733118299635505e+00
1.142247824951603041e+00
1.047371334466569603e+00
1.016615705356014532e+00
1.073742624179707672e+00
1.113182475703042629e+00
1.155679173770132184e+00
1.147144258726095600e+00
1.228309575619169536e+00
1.104658296237231108e+00
1.185786419551259074e+00
1.121507009960294843e+00
1.127416466680888130e+00
1.089203575947629288e+00
1.123052864096308667e+00
1.048068546483159835e+00
1.167512720604605203e+00
1.087770964181055344e+00
1.126780213651332962e+00
1.122269323547320230e+00
1.166524758085059288e+00
1.096119083043666897e+00
1.229922083243566888e+00
1.200051250081241250e+00
1.146431317726552823e+00
1.199272782775784751e+00
1.137598501596239320e+00
1.076476158488684387e+00
1.159563125115573134e+00
1.120581036337967573e+00
1.192044962752942583e+00
9.523046216756971827e-01
1.129967200196624777e+00
1.177807300841031690e+00
1.148298302400629689e+00
1.254520196977931823e+00
1.102288733397438936e+00
1.084450136728471348e+00
1.073895768019134112e+00
1.167755680220692316e+00
1.164121102731838997e+00
1.154905923830670034e+00
1.102247508798720910e+00
1.145234257817614010e+00
1.168690708937574874e+00
1.194360381545910066e+00
1.255616191782826796e+00
1.171243656885335716e+00
1.071351025203369778e+00
1.145496535365192470e+00
1.068213908044985505e+00
1.122792091664563063e+00
1.094961067060331805e+00
1.337363663956680160e+00
1.136225580726264228e+00
1.004402587612002851e+00
1.123293334755566697e+00
1.153836981392750705e+00
1.153685392505077623e+00
1.105130481242785567e+00
1.091594157042456326e+00
1.032335152774217946e+00
1.111810614863376401e+00
1.133073304978534201e+00
1.156163505991322671e+00
1.203040760103769813e+00
1.025233502995305468e+00
1.164237119271357424e+00
1.169491741262082218e+00
1.149066095805632015e+00
1.149372157940058869e+00
1.155118480890252153e+00
1.163809179180969045e+00
1.113018132673010419e+00
1.164470697029381663e+00
1.047222466458451962e+00
1.202057392813588699e+00
1.146539303016808731e+00
1.203601256537111253e+00
1.049781968276737976e+00
1.043239687570313379e+00
1.148922187062182410e+00
1.376547517831536727e+00
1.075851061134664999e+00
1.125639810516714245e+00
1.158193540397721488e+00
1.183738808059502601e+00
1.185214531044216812e+00
1.158480267265463270e+00
1.190895625323283413e+00
1.133709310963686434e+00
1.081711307725155891e+00
1.200000361126269732e+00
1.096823815139039704e+00
1.149722320119000551e+00
1.115196318019450850e+00
1.140702208647582205e+00
1.230407730496481333e+00
1.192461522283221553e+00
1.132475935388423949e+00
1.086641510256126431e+00
1.184661508516868578e+00
1.153038562925793542e+00
1.101405653369284643e+00
1.040668107499696404e+00
1.155474154357962524e+00
1.151845360904442783e+00
1.035433997114946214e+00
9.892942601247772805e-01
1.032690617687810564e+00
1.057666919317486798e+00
1.040819932406184867e+00
1.248007991481220991e+00
1.123313934176698670e+00
1.065097179744695532e+00
1.124952049147186939e+00
1.179182703463715232e+00
1.125209985263150525e+00
1.188139557755548470e+00
1.086433972288019634e+00
1.248707085159272090e+00
1.200275710206372581e+00
1.062833262630227482e+00
1.219889625410010225e+00
1.104232235915011406e+00
1.266053613870245620e+00
1.110069173591874625e+00
1.178654185923569298e+00
1.167481784799150990e+00
1.236695127080641887e+00
1.091254304723904944e+00
1.075617102990171770e+00
1.177531870633091060e+00
1.069056452729546081e+00
1.135204855262616164e+00
1.148436448158945078e+00
1.073625687386934091e+00
1.121998923206601884e+00
1.053413399170947562e+00
1.189233536942081670e+00
1.031897101247293946e+00
1.171533504964426653e+00
1.096716231010267162e+00
1.114166125258495788e+00
1.192690375266992397e+00
1.107286393101148958e+00
1.102290472487514883e+00
1.111164744912307212e+00
1.153828784875199354e+00
1.092449609763462837e+00
1.145458081255275484e+00
1.087848538369267537e+00
1.176487479087216848e+00
1.134660387649465862e+00
1.061640429466785607e+00
1.162340090845588758e+00
1.190781821049275324e+00
1.053083002517670730e+00
1.116980815103262970e+00
1.159263726214526002e+00
1.176422042945723057e+00
1.198234161216632954e+00
1.103529241794461324e+00
1.228500662990135828e+00
1.030925879399111622e+00
1.052807060642338532e+00
1.030291377578920198e+00
1.144344603628447921e+00
1.072389903174185033e+00
1.080934946173101707e+00
9.959564686033754999e-01
1.126911194802724836e+00
1.175585817757481610e+00
1.228781711382978870e+00
1.193070982028086036e+00
1.061238006693127067e+00
1.165204554305575346e+00
1.139004431113323834e+00
1.162416868748070709e+00
1.149589672310199928e+00
1.278086446429979262e+00
1.055679758597741547e+00
1.200611669634984002e+00
1.196261647193002764e+00
1.033895832315632646e+00
1.116306222155788230e+00
1.222786968776831129e+00
1.216049696923607648e+00
1.174904138561545963e+00
1.087534483096285420e+00
1.145084102875342458e+00
1.126361176870895431e+00
1.143934441537563185e+00
1.073028954383903777e+00
1.154850362042041390e+00
1.152890629697570057e+00
1.105689621031506364e+00
1.181989841750169301e+00
1.103430779688364005e+00
1.195745536384062335e+00
1.222643322621089546e+00
1.341671617184532872e+00
1.180775077651071259e+00
1.119664835621413834e+00
1.175351915993733121e+00
1.139090820160687745e+00
1.136959445517120804e+00
1.080948398295515034e+00
1.100601938496888810e+00
1.114081965352537784e+00
1.089616384526552961e+00
1.049910364010908204e+00
1.111510159568064982e+00
1.203289050400045523e+00
1.203743469258840237e+00
1.160198849790112563e+00
1.129488514113574649e+00
1.184247887330093008e+00
1.123253337197328117e+00
1.157718168522913649e+00
1.183492705850311966e+00
1.014866851604661280e+00
1.096161762799461536e+00
1.214346260144190781e+00
1.173491128257722949e+00
1.101114695318980097e+00
1.270967121271144862e+00
1.179648236096698888e+00
1.121539442843163314e+00
1.163938508752292433e+00
1.009411610735191589e+00
1.155407452030987603e+00
1.097399142310490960e+00
1.010940256096249046e+00
1.228737612732754059e+00
1.166218069882571262e+00
1.220468692862318738e+00
1.003133128252469808e+00
1.108864262411900059e+00
1.122800043714006879e+00
1.145165555449168870e+00
1.120157435134734758e+00
1.130079923932765240e+00
1.137485808082084660e+00
1.241833123328787591e+00
1.228180654863870958e+00
1.169563804555209696e+00
1.137740762722699861e+00
1.155828462770406961e+00
1.041025098188518072e+00
1.143286281581450403e+00
1.097794775256982769e+00
1.112765825289469213e+00
1.046850202300819710e+00
1.128785136373893661e+00
1.100527011359119900e+00
1.062235370169412274e+00
1.188322959373468102e+00
1.167976256795640655e+00
1.158174349975259920e+00
1.156604131628473198e+00
1.136248340858848183e+00
1.134582391838958593e+00
1.093404207530774386e+00
1.020641980711434860e+00
1.171917060618482553e+00
1.149625208703153101e+00
1.147139283432250023e+00
1.067486650948096027e+00
1.085341212749853179e+00
1.152703773541920995e+00
1.097778040300463998e+00
1.207724849372618703e+00
1.019453541551802234e+00
1.206888209532197331e+00
1.086304015807077361e+00
1.148457488589062603e+00
1.102892294414437258e+00
1.215254109394041437e+00
1.103177073688030640e+00
1.077752734336710816e+00
9.110982194167319692e-01
1.056521631221379431e+00
1.138072535794464324e+00
1.133747826311132467e+00
1.281509908938598841e+00
1.170241468667488682e+00
1.076318769266870090e+00
1.068268766125478164e+00
1.242352025708574503e+00
1.178527854358208282e+00
1.167408729942654988e+00
1.234558411776929265e+00
1.205782505713807629e+00
1.149574811242257688e+00
1.017294653982793395e+00
1.049014231016819565e+00
1.085644639200773476e+00
1.106235762423986690e+00
1.081737533327789658e+00
1.112087748975941093e+00
1.212924318163205006e+00
1.093908405593069677e+00
1.165919462478944402e+00
1.100509709106114009e+00
1.091045795228388959e+00
1.141756200170751079e+00
1.176507837481270524e+00
1.036947464779807149e+00
1.098901867015063427e+00
1.135809791558092030e+00
1.205892438285371071e+00
9.572645780087124523e-01
1.081664107629237703e+00
1.250629417945827937e+00
1.170349108308135211e+00
1.047503540869366034e+00
1.160795944592867723e+00
1.211724172293809465e+00
1.174767267537193849e+00
1.103429020312702624e+00
1.178405067197947131e+00
1.136004081467960836e+00
1.240510323567445061e+00
1.123027694952297928e+00
1.057294164875287379e+00
1.213691331508960136e+00
1.125594045240323915e+00
1.072186010670529877e+00
1.144408052353143246e+00
1.090131841117509159e+00
1.047544095642837236e+00
1.121692510511228980e+00
1.200938143817537052e+00
1.208845381700283106e+00
1.069618778633176559e+00
1.163732761310491748e+00
1.104460522699521441e+00
1.221446921393225749e+00
1.213428887238920728e+00
1.117300378792751347e+00
1.122495908612796356e+00
1.120156994043471466e+00
1.118178051764731507e+00
1.264448612313544773e+00
1.224612557713288474e+00
1.041963398875514812e+00
1.022400074324230967e+00
1.171616571730559331e+00
1.132968554842717968e+00
1.129115740205970608e+00
1.137978054463594013e+00
1.275471164731041718e+00
1.093025593443019083e+00
1.111077838900617731e+00
9.301604182991221048e-01
1.062148295624061545e+00
1.230417467989125990e+00
1.111597409898915423e+00
1.426659260607175961e+00
1.093127501151852643e+00
1.110690590504191055e+00
1.133434942154473601e+00
1.176279109824991398e+00
1.189709294862356215e+00
1.161713710942763766e+00
1.207221301433429206e+00
1.086658540783979721e+00
1.199343665987461671e+00
9.955172228522940481e-01
1.134962880727757861e+00
1.133645069481040935e+00
1.118816455602164250e+00
1.285968952060659420e+00
1.152559298193028159e+00
1.167128187751700352e+00
1.266110409543672377e+00
1.162947886980704171e+00
1.155027766973270253e+00
1.234744252006007237e+00
1.282817644434389726e+00
1.161158601658571099e+00
1.168062869852256824e+00
1.232722663113776429e+00
1.055793613637713069e+00
1.157841305834069745e+00
1.153059487862627686e+00
1.158640088500018317e+00
1.061203302790102665e+00
1.166521312606523475e+00
1.086846125077065350e+00
1.134076351213368472e+00
1.074544017303927124e+00
1.254006993560679906e+00
1.157340957826406225e+00
1.215280795091346455e+00
1.161447454381164146e+00
1.163424337163711852e+00
1.115596769904865893e+00
1.147612478483600595e+00
1.172726730735683232e+00
1.044346349547415231e+00
1.077806656427313658e+00
1.037099477469000330e+00
1.150095123491056581e+00
1.152668592760955013e+00
1.186905910557256139e+00
1.171458074708527031e+00
1.101238155579419287e+00
1.182932932476893795e+00
1.163793766486289849e+00
1.170644638098605084e+00
1.076155338583503429e+00
1.287196899681589679e+00
1.120893919003711048e+00
1.148892299734911138e+00
1.088644112416054632e+00
1.131631615049813577e+00
1.138183710842829877e+00
1.111341450200456826e+00
1.126128287069765532e+00
1.197645685585625674e+00
1.065187957003485897e+00
1.061058987264083209e+00
1.197081506400160089e+00
1.112125008209064569e+00
1.125721750842437308e+00
1.098032010831910821e+00
1.195016348093756564e+00
1.083697933623996912e+00
1.134967131738992219e+00
1.217226158040901618e+00
1.145810898573210057e+00
1.187547500586743743e+00
1.204684815860027181e+00
1.102435479846812338e+00
1.185877392719491885e+00
1.156231173867528161e+00
1.126977762093634094e+00
1.189431576330409079e+00
1.278860057008591067e+00
1.174829154913310303e+00
1.167736611489752052e+00
1.078693172252476629e+00
1.151650217041514157e+00
1.101662600448803930e+00
1.108039165365948042e+00
1.178915835195134321e+00
1.140879760938978693e+00
1.119647401686139077e+00
1.293064850998945969e+00
1.176835947219450285e+00
1.123749363226819398e+00
1.133779841273186095e+00
1.179194458122739153e+00
1.150046117599256457e+00
1.256545214803753252e+00
1.273614824261415146e+00
1.257460456613975985e+00
1.113666695864010014e+00
1.105081921338217255e+00
1.273738374850740263e+00
1.125546529391495687e+00
1.175620141521276807e+00
1.180340232372467879e+00
1.210421469698635955e+00
1.132973638783846049e+00
1.102855098282641499e+00
1.189452056159081783e+00
1.140392095855512267e+00
1.120362372201806123e+00
1.021158918951941441e+00
1.116071965589735315e+00
1.153374991819014372e+00
1.139168447890586133e+00
1.186660603516201951e+00
1.194477634229538898e+00
1.222377116740579028e+00
1.108545814573886235e+00
1.222355091131107185e+00
1.145887132314752588e+00
1.030836533415561362e+00
1.087319089728162824e+00
1.142109270059706194e+00
1.072035230949544893e+00
1.104215567662125697e+00
1.152839788112771435e+00
1.170954595241953555e+00
1.055549937739581390e+00
1.071508588328705658e+00
1.118382384129979368e+00
1.108333759268321783e+00
1.100443403936912423e+00
1.165170694013800468e+00
1.231059791180856289e+00
1.152216618904596812e+00
1.189236174153379677e+00
9.958775803275070615e-01
1.191301323751243757e+00
1.138268880073517231e+00
1.085632282444497054e+00
1.128389415364398740e+00
1.162746008618933624e+00
1.075234704900821070e+00
1.125282949761496454e+00
1.177790898577690371e+00
1.152060015943593196e+00
1.034134113600890137e+00
1.116802853817597585e+00
1.221961534590914056e+00
1.122066475169038791e+00
1.066641462496531689e+00
1.166022583116313571e+00
1.168900629762932297e+00
9.346699348861584600e-01
1.111965168610977051e+00
1.074193742323949374e+00
1.114473739679621156e+00
1.269278958471998786e+00
1.137196592002033046e+00
1.032351632486573578e+00
1.116732588877595411e+00
1.110289920270783437e+00
1.155568842092394632e+00
1.168809799229467927e+00
1.223767787551961250e+00
1.154259684795024388e+00
1.090580615919380714e+00
1.082675497039457868e+00
1.147752730287228351e+00
1.084257169150915523e+00
1.148981345383531139e+00
1.099280793537872114e+00
1.074755896957453105e+00
1.206983803879154937e+00
1.129289234590158397e+00
1.174424429163163586e+00
1.163026462003810435e+00
1.062153162859105437e+00
1.244830848092134623e+00
1.096694598583085600e+00
1.178850394767471998e+00
1.016506730047590290e+00
1.165966270838848740e+00
1.060806449223549164e+00
1.132489440072552034e+00
1.210681524263333975e+00
1.249541642390543439e+00
1.197042978325133067e+00
1.066168968286264729e+00
1.077915784729760240e+00
1.136253171825455155e+00
1.100679821462774211e+00
1.096578690503415610e+00
1.219984727550114556e+00
1.180695578286488967e+00
1.134450743851785681e+00
1.022489522642154203e+00
9.458012495285410548e-01
1.109642405194892545e+00
1.128318986908515287e+00
1.127654171920944304e+00
1.101933631989061579e+00
1.272884952448109175e+00
1.045551364860978660e+00
1.234753159156960933e+00
1.179149427826878149e+00
1.107029896108239209e+00
1.133800835047033440e+00
1.131543562911145662e+00
1.144258665133319752e+00
1.156628406196640313e+00
1.071284394279731433e+00
1.088403731143171349e+00
1.171937761855396332e+00
1.143504368156230688e+00
1.127446347707931507e+00
1.103829364824959747e+00
1.258447502499513870e+00
1.135571193569548276e+00
1.139148265107671643e+00
1.149134387185136053e+00
1.064533053002463037e+00
1.124702319804655293e+00
1.038574789000607401e+00
1.208248634062859317e+00
1.168760794762509381e+00
1.136805983753126581e+00
1.229781475775549193e+00
1.197933494526898457e+00
1.067029381949064160e+00
1.097076326400018509e+00
1.122505070824192375e+00
1.160353508212977225e+00
1.216338082168539447e+00
1.236555127887610794e+00
1.129136180749137797e+00
1.215092255736141436e+00
1.147140707067238363e+00
1.126460137641815296e+00
1.068636542657665611e+00
1.105237695614401883e+00
1.166394596780810478e+00
1.044656470621852185e+00
1.109511726947507659e+00
1.180029299030581846e+00
1.185651981593600635e+00
1.211769976705982188e+00
1.167493336888719924e+00
1.163838519285159023e+00
1.182238030922048821e+00
1.177415947769345106e+00
1.154985876193786343e+00
1.159103857914690172e+00
1.143194353135179364e+00
1.117430318306797732e+00
1.096129552274769603e+00
1.273670123913336116e+00
1.164104545121062095e+00
1.172835258810569048e+00
1.218199750228472711e+00
1.096151561876990366e+00
1.135589455835029460e+00
1.227267518569957527e+00
1.154694189059699116e+00
1.043077649381404903e+00
1.152369384576008793e+00
1.114772665573596999e+00
1.049939698867843996e+00
1.095191885896947825e+00
1.192458781757440134e+00
1.213063260154010337e+00
1.083935611231876983e+00
1.063500323844886575e+00
1.184523065237808703e+00
1.093574257132048366e+00
9.842820693622725825e-01
1.134726983626688224e+00
9.311515624552708648e-01
1.190389586052105431e+00
1.109116412734130419e+00
1.098906878441017865e+00
1.076877750225778474e+00
1.024309805620778224e+00
1.148776654226508320e+00
1.088900649788666630e+00
1.107351270344114180e+00
1.185847226078190708e+00
1.075530889661584499e+00
1.168379714525423774e+00
1.133927272406307196e+00
1.270088481756041610e+00
1.113386149245681356e+00
1.141882046125495487e+00
1.087726536769450636e+00
1.192194227081863733e+00
1.103408286444036879e+00
1.159550361120503803e+00
1.142685320146749506e+00
1.187673799978270495e+00
1.099589359478703399e+00
1.125503783961745663e+00
1.153511735305104091e+00
1.257376710988355351e+00
1.129797233187834982e+00
1.142441174021349370e+00
1.194031648957651903e+00
1.181732039242466392e+00
1.058730632515399561e+00
1.188906172978540621e+00
1.170062947052551428e+00
1.177297814664995279e+00
1.129379814113523173e+00
1.107121405775268519e+00
1.281657925126060915e+00
1.228983739871967629e+00
1.159409303059247165e+00
1.197914384205888583e+00
1.158869401072637473e+00
1.132411376827134220e+00
1.086856095690716062e+00
1.149114480835503382e+00
1.136656780921155185e+00
1.105200204587287516e+00
1.082374353001721357e+00
1.079012207582191740e+00
1.215891583800326359e+00
1.153300642561446043e+00
1.065153945234111443e+00
1.135749213962509829e+00
1.211049944444851256e+00
1.191847893766735833e+00
1.145495253348056908e+00
1.138189898209199136e+00
9.007835116403796194e-01
1.088517164433223217e+00
1.227082395935762182e+00
1.136444528560160983e+00
