1.199764723404119549e+00
1.184663127085080481e+00
1.144933740592922300e+00
1.162560365492562697e+00
1.186381500722372806e+00
1.192743210306897339e+00
1.130310582423611931e+00
1.158811946336747223e+00
1.143437704261550891e+00
1.166604367902038586e+00
1.151872356527453123e+00
1.186847572413033181e+00
1.197849543604571743e+00
1.262704097273302128e+00
1.204115482201737697e+00
1.206132829505926152e+00
1.106696763928976868e+00
1.208119051284706202e+00
1.128143079057975839e+00
1.180618791126873957e+00
1.147170585258203479e+00
1.187431552246844157e+00
1.153153955822759480e+00
1.179530868769181895e+00
1.107005763754863370e+00
1.251456494613333970e+00
1.179598611016932974e+00
1.168532435384507462e+00
1.176129643837005023e+00
1.199880069748459066e+00
1.210450565470853723e+00
1.164843357774822730e+00
1.188124154304714075e+00
1.154495197106311100e+00
1.194145845075972767e+00
1.157387777061693157e+00
1.160067909107030504e+00
1.201232606793953828e+00
1.164497746700341230e+00
1.173574401734896799e+00
1.215821460502072515e+00
1.202241042927840731e+00
1.146476262033514049e+00
1.171236613963463125e+00
1.195159394689627064e+00
1.175017577359585674e+00
1.171517668486127706e+00
1.176914909679095178e+00
1.151851796965046804e+00
1.178637585937946985e+00
1.163858300164021919e+00
1.179988069485520485e+00
1.194578610612158975e+00
1.141853233367841058e+00
1.149852825151498781e+00
1.229332741858682354e+00
1.187281566365885999e+00
1.166975698189462562e+00
1.241816752566925919e+00
1.171246790703081686e+00
1.207811657476266953e+00
1.156099925509462611e+00
1.138177640062314921e+00
1.171943829566499451e+00
1.187303974482732727e+00
1.235368001410330985e+00
1.203107862292311037e+00
1.219066973779558083e+00
1.184318819625972852e+00
1.159958805696879924e+00
1.231165754224968545e+00
1.158481587043063810e+00
1.216912185178503414e+00
1.161447491136113230e+00
1.153064172897128481e+00
1.207567085287867492e+00
1.158132888155726903e+00
1.215452517084060657e+00
1.141361426028374870e+00
1.179010500400521577e+00
1.157964964132942809e+00
1.156334801047670169e+00
1.220473857851727795e+00
1.266042420739739827e+00
1.255514569346767528e+00
1.168713392851373545e+00
1.135499033545991354e+00
1.230933536110268234e+00
1.197028550972970784e+00
1.141983398067745403e+00
1.222858717992545863e+00
1.182066793810985006e+00
1.226920794151546312e+00
1.241309155375147411e+00
1.165799104558060684e+00
1.192571999340341860e+00
1.149544826379946594e+00
1.222463983101306884e+00
1.179320611386552198e+00
1.192501268732264696e+00
1.130570149659359203e+00
1.166687018404605869e+00
1.196890866964156253e+00
1.201801280760661061e+00
1.195765600572977316e+00
1.213446241032502870e+00
1.214309840485541026e+00
1.231023015346109695e+00
1.176069851065876248e+00
1.176315087129771841e+00
1.168373658405584159e+00
1.203837273440655498e+00
1.230146721902976026e+00
1.136039361404184600e+00
1.141896479227491490e+00
1.117450309600054537e+00
1.157847919517187574e+00
1.235848660887239436e+00
1.197766588760277529e+00
1.187333726702499037e+00
1.164172273749345621e+00
1.179504986615180995e+00
1.201029259504647451e+00
1.179779884469650098e+00
1.206812024335477629e+00
1.169145048714815172e+00
1.206288008026797254e+00
1.110037188802940999e+00
1.179687532801387162e+00
1.164044580337746160e+00
1.219154828952699443e+00
1.171732966343583815e+00
1.246507558918390490e+00
1.130907740206364309e+00
1.159327575452770320e+00
1.145199250578561978e+00
1.177188032159109499e+00
1.207421501341680914e+00
1.158939046330972999e+00
1.160897303839803385e+00
1.223500808773634763e+00
1.171937190814481999e+00
1.164984178542051607e+00
1.204121401526945245e+00
1.218609328546478299e+00
1.181803075307967799e+00
1.147820488725089572e+00
1.174566698080844906e+00
1.207217284997323947e+00
1.144229239116897556e+00
1.187403920001169011e+00
1.160351295856227205e+00
1.194859009452696741e+00
1.196373635134094116e+00
1.223780959511697075e+00
1.194650600057788781e+00
1.148930687570702602e+00
1.186124749169037651e+00
1.176080434999868807e+00
1.173093445348980302e+00
1.180040112190628099e+00
1.230728560944528871e+00
1.230082923527597405e+00
1.186047246076950223e+00
1.127889609919881408e+00
1.204882353845667886e+00
1.167073515422673013e+00
1.181324726633058653e+00
1.211315391036332345e+00
1.189308194000575636e+00
1.202504701729038450e+00
1.222742572742805400e+00
1.172717747377766351e+00
1.164536414448930080e+00
1.145410922303893075e+00
1.155975793607648683e+00
1.197321397729758763e+00
1.143679876919295957e+00
1.155136721867998428e+00
1.251745478884834117e+00
1.163616411550593588e+00
1.156106976631939176e+00
1.257821427826842919e+00
1.195211361518000670e+00
1.177671401470771428e+00
1.184870981451781047e+00
1.177477798944951415e+00
1.180123371492282081e+00
1.132974128278677828e+00
1.188502911187992117e+00
1.169471127538238342e+00
1.249837530072862135e+00
1.122117702363372382e+00
1.167059590910396460e+00
1.166581371883134377e+00
1.129300228959360775e+00
1.155713581543568180e+00
1.237871300705227329e+00
1.188575693669176925e+00
1.145126465230971613e+00
1.169888687286373852e+00
1.249069869660165644e+00
1.171163698516368035e+00
1.209120863007360436e+00
1.223552120215873229e+00
1.126829395504494791e+00
1.235953915680437554e+00
1.148160276631283283e+00
1.200646703732776155e+00
1.201179366395981107e+00
1.236451743501654210e+00
1.206495748235046017e+00
1.181481550660122171e+00
1.188267631598769247e+00
1.170605514829752503e+00
1.242329330187805558e+00
1.181586725589993891e+00
1.196052134677014323e+00
1.165257975065071561e+00
1.180486084782363276e+00
1.113491848558732400e+00
1.187264850148479267e+00
1.280742687929411927e+00
1.162355880905129091e+00
1.132492832033775487e+00
1.271480870561720211e+00
1.160384292504125892e+00
1.196635237468685053e+00
1.204074908814550593e+00
1.179480701329929770e+00
1.159823703902998826e+00
1.186648704520715469e+00
1.163835936251556014e+00
1.298165105879698356e+00
1.212429436479053324e+00
1.115490812085683903e+00
1.199597812209838077e+00
1.205558330164957281e+00
1.189150241870204683e+00
1.209689391898574717e+00
1.213596383801097467e+00
1.156100268883188065e+00
1.176190558653317009e+00
1.173944437151817732e+00
1.201136385435454423e+00
1.152766027433837825e+00
1.169410421070012918e+00
1.184106921609204610e+00
1.214185848786810906e+00
1.188644722983442037e+00
1.148893141709913301e+00
1.211501667375034286e+00
1.095192863371173164e+00
1.176752322114012372e+00
1.155383249357619491e+00
1.191283261205745792e+00
1.165938667695535891e+00
1.191672844122406705e+00
1.182101452312166678e+00
1.181016680829125587e+00
1.155533896015011441e+00
1.155505431136118366e+00
1.217922244094239881e+00
1.158980059153890352e+00
1.174829674790265788e+00
1.187896255092233178e+00
1.260566384203131385e+00
1.190695321007110952e+00
1.179505344339201178e+00
1.185390191387195369e+00
1.266502374655580798e+00
1.141595542369045146e+00
1.108491764788855916e+00
1.205969367227887945e+00
1.185207727839886038e+00
1.152488374378940028e+00
1.165759014201165344e+00
1.178927987092726726e+00
1.232120697134254650e+00
1.206067101151602650e+00
1.245712432177226381e+00
1.191868752082921201e+00
1.169885240540434301e+00
1.149655284285751256e+00
1.184388622859637419e+00
1.159742733532725500e+00
1.134470196576897738e+00
1.181791220169398526e+00
1.263530387732446414e+00
1.201949596071157256e+00
1.146307649963301367e+00
1.184786740993337029e+00
1.176471616353913285e+00
1.198852467220560492e+00
1.197280637699399630e+00
1.197011455584329198e+00
1.170969184122582218e+00
1.168961549396217103e+00
1.130475904926711461e+00
1.195820909586982950e+00
1.167219283854699974e+00
1.156691703700986507e+00
1.215289786296280816e+00
1.175572349856335519e+00
1.210962089250291474e+00
1.165560201819021646e+00
1.145804319306473307e+00
1.231984829927442959e+00
1.248714396858388254e+00
1.188840905978234108e+00
1.137114859130546218e+00
1.165261919910765664e+00
1.171063129556486837e+00
1.223404424058356366e+00
1.173263873639603272e+00
1.143519101679537187e+00
1.130176036984906540e+00
1.185248341787771498e+00
1.152289414848261639e+00
1.102414718152796347e+00
1.257850310527857340e+00
1.178050006160496377e+00
1.153640036148249948e+00
1.119147284641094586e+00
1.203357529151590555e+00
1.185922195521326383e+00
1.140429737013662681e+00
1.182950599919784684e+00
1.162923075551947960e+00
1.136500504456360527e+00
1.206826372119159663e+00
1.186777812152525646e+00
1.175797187113221343e+00
1.217231790991670559e+00
1.278890966128073403e+00
1.155287652635954343e+00
1.213330973418183190e+00
1.237207153533081527e+00
1.181780541987005995e+00
1.190527787242283253e+00
1.138815095757566009e+00
1.181064039338415750e+00
1.178724290376086170e+00
1.167894764797528184e+00
1.223851247664529573e+00
1.161298554183819443e+00
1.157122729381720561e+00
1.183611032236594918e+00
1.163463535354281264e+00
1.141022740830699878e+00
1.171603990639918491e+00
1.138148180055578385e+00
1.174759717241823598e+00
1.197968533465711971e+00
1.176471293241364346e+00
1.202907784217811304e+00
1.159587523254128838e+00
1.175511343806463938e+00
1.148123267087241883e+00
1.160523656865477093e+00
1.163146130288745805e+00
1.165192336806827100e+00
1.195582854272524642e+00
1.204899435207070324e+00
1.143587108438980815e+00
1.216486138352420587e+00
1.278437519827852809e+00
1.175474311221295975e+00
1.162059828421560415e+00
1.178254317099529214e+00
1.179498529337018820e+00
1.154762762248942254e+00
1.193033029905244735e+00
1.225832165145811725e+00
1.206498035829854487e+00
1.176558639771434711e+00
1.176736661945316342e+00
1.179346982752150108e+00
1.153794586199796468e+00
1.169238969955223251e+00
1.193468283652717066e+00
1.192268773081534450e+00
1.208272265472260854e+00
1.215619421669864808e+00
1.163381036248479106e+00
1.183716328408457974e+00
1.187295859149559041e+00
1.171967335443049540e+00
1.244276008305133852e+00
1.224076765983498127e+00
1.144876015381985468e+00
1.181146065278891433e+00
1.231403381963747989e+00
1.091311229780675962e+00
1.226539548186090123e+00
1.181367802238584508e+00
1.135630947460129603e+00
1.166107604154451360e+00
1.226195664115513395e+00
1.218451754686820543e+00
1.103531112780890222e+00
1.100028494132690771e+00
1.236625992313607370e+00
1.189398222784209480e+00
1.199521840440487042e+00
1.127932197432907291e+00
1.258277097059188332e+00
1.173693487505403699e+00
1.138873337500831973e+00
1.139752733161201181e+00
1.164174661638271324e+00
1.190642139769650720e+00
1.173336856383035309e+00
1.159953281882604603e+00
1.216474690341652565e+00
1.242753191695106230e+00
1.148279460768703908e+00
1.202981392570413810e+00
1.118450920500795531e+00
1.131166909597563608e+00
1.188079934987246844e+00
1.185935795624946554e+00
1.184699110633180785e+00
1.105222719725195146e+00
1.163810000189925642e+00
1.221953349051707383e+00
1.230878524705454113e+00
1.155588812543765886e+00
1.145805138281338564e+00
1.225235917721543055e+00
1.140456106246197310e+00
1.223310742684802443e+00
1.210312084175581893e+00
1.184045109374357585e+00
1.222320216229902723e+00
1.210803412971710680e+00
1.195840164339436296e+00
1.214011177489763282e+00
1.192037495292520122e+00
1.176853553392338325e+00
1.216360910430553055e+00
1.148340050650034971e+00
1.174654271795705363e+00
1.143426068638859538e+00
1.200039889430042583e+00
1.176363833090937616e+00
1.145337494549464319e+00
1.137920272967606561e+00
1.242442914835791168e+00
1.175739323033410555e+00
1.083097743506465260e+00
1.208555242807027641e+00
1.170370493886248031e+00
1.214307579303866236e+00
1.189691940666114389e+00
1.226257217276951694e+00
1.158644701995912296e+00
1.195886731506499157e+00
1.231526619946576195e+00
1.226947375237003701e+00
1.160774396288914101e+00
1.190172809236593077e+00
1.172888048927814175e+00
1.174955563490823529e+00
1.160104406450116921e+00
1.166572150123382778e+00
1.158876952251542525e+00
1.160573365849270289e+00
1.165921095005735042e+00
1.187656196432293587e+00
1.147114163767024575e+00
1.151183989992579093e+00
1.212490916723933054e+00
1.152158679450679513e+00
1.236841128572635062e+00
1.176387581915037117e+00
1.174955673535426515e+00
1.128403842729497120e+00
1.205091992930435341e+00
1.144997837089414494e+00
1.178125612808363476e+00
1.163008683475273974e+00
1.173086139547769191e+00
1.164053024563184602e+00
1.127846627223606291e+00
1.223731556255756914e+00
1.189441589574750990e+00
1.187368448791370268e+00
1.206661481064241093e+00
1.249625435632281567e+00
1.188723566702855949e+00
1.138542216120816297e+00
1.157323689832946201e+00
1.147237973509436237e+00
1.171672174892163243e+00
1.145174048141729628e+00
1.141389455746202763e+00
1.232929690107763099e+00
1.152020149175922770e+00
1.191384434979181117e+00
1.139617392648510030e+00
1.173787613420793630e+00
1.143800947720923888e+00
1.186790932416810662e+00
1.219492130064753432e+00
1.177105645529743283e+00
1.261722478681201132e+00
1.183326450871538427e+00
1.177974251229657598e+00
1.176523219741635762e+00
1.129788329905939248e+00
1.174684360089162549e+00
1.172583171466958563e+00
1.217337980375165163e+00
1.139298254952583189e+00
1.187619692535764271e+00
1.233304459190737168e+00
1.171062470505785047e+00
1.215564888753699391e+00
1.229498530659470568e+00
1.163406220663286472e+00
1.204315811123318092e+00
1.188106988997502667e+00
1.255982765253522926e+00
1.161689038854571310e+00
1.173178635673550518e+00
1.191928992547853117e+00
1.146086735418949454e+00
1.207824403570824545e+00
1.161692619962149564e+00
1.164432009483613362e+00
1.149020341815925716e+00
1.179992035264943784e+00
1.131792520864552731e+00
1.156502768456084018e+00
1.176543204893391703e+00
1.225190772466183464e+00
1.118874960565740651e+00
1.135920101432970286e+00
1.226476267977528956e+00
1.141192503714981266e+00
1.198696977233947747e+00
1.215121195530976861e+00
1.120015101583874850e+00
1.172782863230101169e+00
1.238447555270975275e+00
1.205973958457141393e+00
1.245425613060831438e+00
1.215026040688856890e+00
1.152148912743220066e+00
1.166485311085067034e+00
1.183246273615376820e+00
1.214687248318032875e+00
1.151262483946687620e+00
1.171056048934681293e+00
1.108228566027122497e+00
1.250637716736674898e+00
1.167868944823581279e+00
1.228885447784628715e+00
1.139616692208825999e+00
1.177718502951106583e+00
1.106187731917409156e+00
1.210224306945952399e+00
1.159339042965272570e+00
1.149373770660411909e+00
1.134429685325893722e+00
1.225155635670663212e+00
1.093889668454684161e+00
1.209604047266114035e+00
1.143838078406536507e+00
1.176847949835467588e+00
1.187350373709121776e+00
1.198532783609918662e+00
1.157052528121616186e+00
1.193883257240171636e+00
1.129661719086880733e+00
1.186150032105178775e+00
1.168638544849936789e+00
1.192174127681198570e+00
1.156021714565770075e+00
1.154661677285967691e+00
1.191749453747571685e+00
1.180810411981984442e+00
1.205164917577304706e+00
1.250028146867395273e+00
1.119608826753923259e+00
1.238110716416567003e+00
1.219465311389211770e+00
1.171106880647610815e+00
1.157607125539271253e+00
1.153691991628882363e+00
1.135977700476876739e+00
1.143791881429850443e+00
1.198304452418528676e+00
1.277416899746129264e+00
1.128102319415104526e+00
1.195406734798468928e+00
1.107593717980218884e+00
1.207526939766879526e+00
1.125177327108360936e+00
1.206425155359251766e+00
1.212686941855402711e+00
1.162369696855380719e+00
1.169469943608696827e+00
1.212786420250395736e+00
1.208361768976076833e+00
1.146392263174075943e+00
1.166021751998774336e+00
1.164926917085341573e+00
1.145641662104151637e+00
1.160761063439837093e+00
1.124277546413772866e+00
1.154655795373500826e+00
1.146055431339837005e+00
1.190374637334073116e+00
1.171719081331217938e+00
1.171316126938988456e+00
1.206657051755410492e+00
1.147070812799610318e+00
1.110887311178452519e+00
1.186379108757467771e+00
1.196888326558332105e+00
1.161793568963971124e+00
1.161278221816180345e+00
1.219145956639916761e+00
1.138530950076838133e+00
1.188659797469151291e+00
1.122276832745180419e+00
1.215038561057748101e+00
1.244408952646312683e+00
1.135949363314997296e+00
1.158860277397291361e+00
1.241147320666460052e+00
1.195603417553797509e+00
1.084927449761569518e+00
1.138779705616708604e+00
1.169218563539945244e+00
1.152628738872840231e+00
1.168947098931904405e+00
1.207147638007560975e+00
1.132334631623450161e+00
1.263553584274517361e+00
1.202802869352628479e+00
1.162178624951980987e+00
1.168253747220232786e+00
1.241705702850394610e+00
1.151076786176192801e+00
1.211979107635613451e+00
1.159918299286882837e+00
1.174769807745017491e+00
1.175887112148817470e+00
1.171354391641842740e+00
1.202977088515302384e+00
1.148869510428563112e+00
1.230740835354426022e+00
1.121167543271425204e+00
1.183975447267611170e+00
1.208944627134168837e+00
1.255310507630189809e+00
1.262460041893913143e+00
1.134257338617573829e+00
1.247335954216817422e+00
1.158365841580534683e+00
1.177329090365305309e+00
1.168669353606797134e+00
1.201549387866140739e+00
1.104589729447055246e+00
1.179684193214056709e+00
1.163530767519273645e+00
1.184035833614789590e+00
1.196720148802252082e+00
1.195682222669753880e+00
1.151665246640856122e+00
1.223699479115747168e+00
1.233525470269013935e+00
1.221732028281813598e+00
1.173169522335896220e+00
1.206861242667506495e+00
1.146224989599354149e+00
1.119592806802976348e+00
1.165518466630360850e+00
1.165320111919394552e+00
1.153650312353790897e+00
1.167678624570207768e+00
1.195051596359941959e+00
1.174392313679671673e+00
1.165532963615902196e+00
1.136339095183557690e+00
1.114442273937817918e+00
1.202928918761818622e+00
1.127188144356072286e+00
1.172820244151931091e+00
1.198301606299334354e+00
1.214666176751945548e+00
1.190993819367626827e+00
1.147145828299798165e+00
1.117303925792341834e+00
1.220013694377315439e+00
1.226768848010634461e+00
1.244890942283079838e+00
1.208830992451294328e+00
1.187819256186696926e+00
1.169949067618112126e+00
1.160918155675309205e+00
1.174693071371499142e+00
1.110510193658412526e+00
1.130340565646932527e+00
1.162652419125683290e+00
1.197548404586586956e+00
1.153891300682258425e+00
1.190163944699227372e+00
1.155284342356244220e+00
1.262344330690045924e+00
1.177616800776139172e+00
1.176405424974756642e+00
1.252325408059821399e+00
1.246823902376351878e+00
1.167029607144700831e+00
1.219949588008184760e+00
1.197430545304108307e+00
1.139573511520956872e+00
1.182096138584456169e+00
1.163640256372846071e+00
1.218495331327666964e+00
1.189469521803101726e+00
1.170047653858042658e+00
1.208646037459595313e+00
1.165892591937533807e+00
1.137945673717302597e+00
1.194137052277312039e+00
1.182035111514210701e+00
1.206331057970171150e+00
1.119162314966600347e+00
1.210168218657684758e+00
1.160622984579289252e+00
1.175669407283198353e+00
1.232395154372660340e+00
1.238050787204037162e+00
1.230569514942984943e+00
1.130043352793734579e+00
1.159860164384909575e+00
1.160716506317023722e+00
1.224522695105730197e+00
1.232256777720009078e+00
1.183087466161202306e+00
1.202748820511061911e+00
1.144062696354083419e+00
1.231963161787653638e+00
1.190725783669962290e+00
1.249893996719759093e+00
1.219103612815796600e+00
1.213721756100673232e+00
1.176786142041707617e+00
1.213305165170129873e+00
1.168543389639367103e+00
1.169753529047162122e+00
1.203612170539102078e+00
1.186429906453616789e+00
1.179066604253009354e+00
1.214514533463703305e+00
1.260769595505335516e+00
1.178823805981220607e+00
1.180349462841942865e+00
1.141629169187149184e+00
1.200215970198233562e+00
1.165236661204435586e+00
1.204849305134747528e+00
1.204031901361325652e+00
1.191822836799465879e+00
1.245143037440896050e+00
1.158831159831100521e+00
1.186802343724129072e+00
1.204752872759716320e+00
1.209410962848205928e+00
1.126215064371374419e+00
1.147799895505661194e+00
1.183263467240882827e+00
1.204324755673981562e+00
1.208082250132963997e+00
1.250043061394416455e+00
1.186591817687921546e+00
1.125695757307364708e+00
1.262430918029847193e+00
1.177291812977293128e+00
1.142994679920680046e+00
1.124241765067056642e+00
1.158715992054696553e+00
1.300924632075837417e+00
1.190877033920249017e+00
1.160809172659633903e+00
1.188770185704644877e+00
1.223072386994427108e+00
1.180270775676271366e+00
1.167407150796524018e+00
1.221080355984388577e+00
1.144320427557597331e+00
1.204527670152829577e+00
1.177268782338477537e+00
1.174504281199323374e+00
1.168470142971042458e+00
1.191411527246142743e+00
1.142192096504207166e+00
1.166155072340806065e+00
1.188762814135558177e+00
1.173878680015975284e+00
1.225149093292330349e+00
1.176652122861710392e+00
1.237289987549672121e+00
1.172673859347733938e+00
1.174316126497833679e+00
1.183915964286349265e+00
1.172709882128250447e+00
1.175609598701257141e+00
1.190794578540342652e+00
1.237004036021573938e+00
1.160758014974052843e+00
1.204375789420045972e+00
1.192810208458232601e+00
1.155147885020102683e+00
1.174259575188460136e+00
1.218578882330461743e+00
1.203132288934301020e+00
1.178506040175032688e+00
1.199257573423395895e+00
1.122015983050715926e+00
1.217303622373293148e+00
1.171755718820906678e+00
1.140060469225852247e+00
1.158221080414908011e+00
1.175047353725195975e+00
1.256131907113710700e+00
1.197531839699411682e+00
1.198758292074774356e+00
1.186657661598955471e+00
1.163564602192644237e+00
1.128621504196967829e+00
1.199123330777364327e+00
1.242532358139547988e+00
1.153803398393714597e+00
1.226925218762776604e+00
1.159325723639387240e+00
1.193938417905331839e+00
1.214383216957180656e+00
1.160411799646037689e+00
1.166584721392899260e+00
1.197488085212481845e+00
1.203333082620331229e+00
1.189362795316362131e+00
1.155896318925593302e+00
1.172126327952142777e+00
1.187670346157237988e+00
1.151978025581595233e+00
1.214021963323972608e+00
1.234688917175791101e+00
1.267261536507074071e+00
1.159795759762829892e+00
1.200062839909646017e+00
1.156635853215125076e+00
1.159732678872136047e+00
1.177367287185396849e+00
1.170510044885298528e+00
1.165375095776790104e+00
1.200915110579315437e+00
1.147533179973545536e+00
1.178307785008222419e+00
1.209635488378189683e+00
1.148973579352728702e+00
1.128894935428185642e+00
1.179430787384126544e+00
1.164381539996541370e+00
1.227384468877401824e+00
1.176834022750488984e+00
1.145738549049593047e+00
1.173816482954323615e+00
1.228688519104591759e+00
1.183131920605847931e+00
1.161315617545397583e+00
1.138501360160031561e+00
1.177223813410851694e+00
1.197828700652704637e+00
1.162321407648080784e+00
1.170245438284589490e+00
1.151386011716273527e+00
1.156662798509052736e+00
1.174585913192320641e+00
1.189864523154780196e+00
1.181015721652005412e+00
1.144680888655797313e+00
1.166647632166183390e+00
1.167564347003423153e+00
1.164728439640423163e+00
1.219061184229810690e+00
1.233479371107523592e+00
1.142488703363518043e+00
1.126138294762923264e+00
1.183103439191839801e+00
1.158288897447070420e+00
1.216806055169394885e+00
1.277615937852068839e+00
1.175502342951161072e+00
1.185269205525354419e+00
1.127577076674485923e+00
1.252544586859738240e+00
1.183658269645270655e+00
1.210058355229732152e+00
1.236300146187005566e+00
1.182716960382668159e+00
1.304997476381966282e+00
1.224438497493597566e+00
1.171376405893638228e+00
1.236010527773737877e+00
1.240181077535607468e+00
1.215188096268855045e+00
1.224741941899319508e+00
1.206485826917745197e+00
1.191798911429873264e+00
1.161822634189476622e+00
1.259976110456621834e+00
1.238049189358193303e+00
1.160499474442627132e+00
1.131955233983783060e+00
1.183133556538921383e+00
1.142162337410502104e+00
1.219623346620901660e+00
1.247282716868733488e+00
1.203209405669103171e+00
1.108340968535890037e+00
1.171995425114728651e+00
1.172791182865851267e+00
1.222067342128692724e+00
1.152089457325693900e+00
1.193899871747927666e+00
1.250768210142197301e+00
1.177170002308138619e+00
1.102453969763154573e+00
1.182395656112488869e+00
1.181768550163838194e+00
1.231633968167607618e+00
1.196008072048232895e+00
1.212360841993602500e+00
1.186230614216264856e+00
1.246807519151710286e+00
1.184540166893496060e+00
1.156962205412787270e+00
1.100511278033303286e+00
1.223912214584723657e+00
1.168702277355495811e+00
1.221532527194971962e+00
1.139662998303592190e+00
1.170628129046404675e+00
1.237921968829746255e+00
1.201433475364960257e+00
1.167783443465508775e+00
1.192761905385893106e+00
1.257218819834781565e+00
1.174386576009434302e+00
1.162844051235902398e+00
1.200034743364620127e+00
1.136447938417916248e+00
1.198678240972570030e+00
1.151999121127346148e+00
1.170665621284731950e+00
1.151062444673057072e+00
1.200367311091528055e+00
1.168209360735904312e+00
1.173179597468915647e+00
1.208595380256850538e+00
1.131061348374198028e+00
1.162886714348245309e+00
1.194111243170913550e+00
1.199361343796411461e+00
1.187914732930761774e+00
1.173993633771776679e+00
1.205216181369249240e+00
1.174256080467455998e+00
1.185730331267561111e+00
1.057793695162374092e+00
1.215006288685843039e+00
1.173645716724634136e+00
1.207033119997450665e+00
1.177178696712155137e+00
1.217335582754960344e+00
1.217029171923803998e+00
1.174491270041622792e+00
1.136476913280430434e+00
1.167872745654906286e+00
1.197026260648541784e+00
1.181204982046128782e+00
1.206948360877999837e+00
1.153810750374927530e+00
1.145072594504228380e+00
1.179835558956970676e+00
1.129689378240771536e+00
1.223268234963653223e+00
1.183413235238255812e+00
1.200429877081697905e+00
1.182657675528339558e+00
1.166175848641198387e+00
1.197581960487304586e+00
1.166150386451736853e+00
