1.119582032997020082e+00
1.118767565601453962e+00
1.069501462037034223e+00
1.133858587437831966e+00
1.129259342277638245e+00
1.093144406848494787e+00
1.092602044663113503e+00
1.122630274914618642e+00
1.138077407858097745e+00
1.051742833089585716e+00
1.039119329402084624e+00
1.096863232616949402e+00
1.119469781843082101e+00
1.090661668881550028e+00
1.115994856239072242e+00
1.018062720549682609e+00
1.060887915899675793e+00
1.123426845581508848e+00
1.088841496251071295e+00
1.061389234740346854e+00
1.104549514334366878e+00
1.077316004388340742e+00
1.110646752430589856e+00
1.096071619821101129e+00
1.061648295341710790e+00
1.104178283068823374e+00
1.072185965764053339e+00
1.031153719306280747e+00
1.076772078548390965e+00
1.054390860309791123e+00
1.148057097407193750e+00
1.118289045750710864e+00
1.097253828226195882e+00
1.097835439295486104e+00
1.066986964846665442e+00
1.055574999021748450e+00
1.123864973237928444e+00
1.125047824609732405e+00
1.052994520312659166e+00
1.080833080032200577e+00
1.123460956407943412e+00
1.054754169836572109e+00
1.058322584959062951e+00
1.103310081048785918e+00
1.109626294089775422e+00
1.079578318744333298e+00
1.100837571747096622e+00
1.069902238257447680e+00
1.070935322803534095e+00
1.121717502504943953e+00
1.076540230880392190e+00
1.079961910952874415e+00
1.111694899067532827e+00
1.105747519590954964e+00
1.123771852457150500e+00
1.090487520561568058e+00
1.166740682222320302e+00
1.057914467557383498e+00
1.088875381518736196e+00
1.077788936367804151e+00
1.049361727338439465e+00
1.105443484857683734e+00
1.095378054634549070e+00
1.094453103461025645e+00
1.064303239342345941e+00
1.025184762763453161e+00
1.099762475215290358e+00
1.080237532826893831e+00
1.083596367741215261e+00
1.125609337319812830e+00
1.081066480297845356e+00
1.149102738758779108e+00
1.078209454122488253e+00
1.115096662923988458e+00
1.114495019042123891e+00
1.115081953134855031e+00
1.068451793596089106e+00
1.076455615824571721e+00
1.090725616902054274e+00
1.111556934209633196e+00
1.068303643644044287e+00
1.103181998426252752e+00
1.069607988835783896e+00
1.050642095874105841e+00
1.098845090231662436e+00
1.122705664917247548e+00
1.047107122334152374e+00
1.055467922388305002e+00
1.104805473141682093e+00
1.131251620642945488e+00
1.113705955449415974e+00
1.076262900384486798e+00
1.064612066198464824e+00
1.083580057629002225e+00
1.085589792582973390e+00
1.065389468785002069e+00
1.130776160778390826e+00
1.151808713346738733e+00
1.050747877038954670e+00
1.068140662843350297e+00
1.070061028086533250e+00
1.125762408556207461e+00
1.096545176340516736e+00
1.080208021545426389e+00
1.052078637864616750e+00
1.120241829615782114e+00
1.090197728950384803e+00
1.102856957664379411e+00
1.103164242384661708e+00
1.116453503683927817e+00
1.133268282436278973e+00
1.050906459379146618e+00
1.139714229073129248e+00
1.070308750664478170e+00
1.140729338759473466e+00
1.113188277139705251e+00
1.086973702792753738e+00
1.075503739929952740e+00
1.056093081513694409e+00
1.066351818420440356e+00
1.103184510340232904e+00
1.103614052643214105e+00
1.018549372469325087e+00
1.054726459487348222e+00
1.100756952733513261e+00
1.077342717259786697e+00
1.077672415999032518e+00
1.082306914235704243e+00
1.029994326419829909e+00
1.078551234666069947e+00
1.064497897358485767e+00
1.045761574090319668e+00
1.049554108173443634e+00
1.059576718095596837e+00
1.101563995628414228e+00
1.075389997563228617e+00
1.087281267455061373e+00
1.070217956683721328e+00
1.090541136071470740e+00
1.118470006867258615e+00
1.107092144667776612e+00
1.081593098474585180e+00
1.049963976620800654e+00
1.136866634736758419e+00
1.117247363551820527e+00
1.081034541175557750e+00
1.109167153966822639e+00
1.114488515511724787e+00
1.073519297680629592e+00
1.069838412070002631e+00
1.132991610027987983e+00
1.060962370931090026e+00
1.100013417596226839e+00
1.067895794804941678e+00
1.066083335793321707e+00
1.094487537340073535e+00
1.074442461258263481e+00
1.056990757713783591e+00
1.067439240852287252e+00
1.105744376464544931e+00
1.142996232128567824e+00
1.107740966102409574e+00
1.123616643548275507e+00
1.096768281480487994e+00
1.149866211834720042e+00
1.060552752134180210e+00
1.057419039111080927e+00
1.094975916417752604e+00
1.104128154126276629e+00
1.131470051830735235e+00
1.093189123920645489e+00
1.115530759753563750e+00
1.091506802665449749e+00
1.100947158680865234e+00
1.108923670334409417e+00
1.064147178285525852e+00
1.064355386334098208e+00
1.133942372325067005e+00
1.086738082441001341e+00
1.050018351134409000e+00
1.070199406695827360e+00
1.079336134517495216e+00
1.142498533160806851e+00
1.157323618370618590e+00
1.075752292239407382e+00
1.093092274730531610e+00
1.033247824765309852e+00
1.086826998352635298e+00
1.051702046073326624e+00
1.096073255252592693e+00
1.095494456678831829e+00
1.067807505751011021e+00
1.064036057578485517e+00
1.079565950157525878e+00
1.040589438679409229e+00
1.031120202481211168e+00
1.136587820395816628e+00
1.098377900919272232e+00
1.069535887999202739e+00
1.072029409220556451e+00
1.124111131283581422e+00
1.088889403199382988e+00
1.075067209777161636e+00
1.044686996243063160e+00
1.063108248636396080e+00
1.053936896498896880e+00
1.114497606668909180e+00
1.104550511384190470e+00
1.101006210619835279e+00
1.119899227112566509e+00
1.109230235917572305e+00
1.116579208498833298e+00
1.115565876394369660e+00
1.083900224690723890e+00
1.105796704773226891e+00
1.084687415394012922e+00
1.078989783562691818e+00
1.061181249927722892e+00
1.097082620258556629e+00
1.097784430531439259e+00
1.094010116047865688e+00
1.089719263084598655e+00
1.088111341671834875e+00
1.103566779340688031e+00
1.101664773709538636e+00
1.069061960896787733e+00
1.057587336490773966e+00
1.069881032793083664e+00
1.110764045581698056e+00
1.043768565079473909e+00
1.054099799950378946e+00
1.078928578301374674e+00
1.082674625945308389e+00
1.094877090440155243e+00
1.058699770681087005e+00
1.094956641018999033e+00
1.062401438808928011e+00
1.063989409509007000e+00
1.085074934206412545e+00
1.121840729180156870e+00
9.783908675182324544e-01
1.126658441311103376e+00
1.088586168650900854e+00
1.140740089019394832e+00
1.096092753529657848e+00
1.129082352414274126e+00
1.047541532598678993e+00
1.106769553315249510e+00
1.060154066478895540e+00
1.088613776799189026e+00
1.095048731710174694e+00
1.063224865165166344e+00
1.091614597489865002e+00
1.070633506111717814e+00
1.023124652244089106e+00
1.060747210763079096e+00
1.085934485741163247e+00
1.100237638233405146e+00
1.023999943307862592e+00
1.117486872444102941e+00
1.071849580799691948e+00
1.099465818229220959e+00
1.073384209800590350e+00
1.051315827053413532e+00
1.097316038044684250e+00
1.098053532399206444e+00
1.071282915066422037e+00
1.063831682300135917e+00
1.142706049319577755e+00
1.060912947918216442e+00
1.094537596061464724e+00
1.063531235635307270e+00
1.050278729156076896e+00
1.119760756185747219e+00
1.102810530636340935e+00
1.074285873896276611e+00
1.119139153095769501e+00
1.056496965167117441e+00
1.032965251621770886e+00
1.083054708039372871e+00
1.141945350410518145e+00
1.069683311184677521e+00
1.089722035425774171e+00
1.067058209766116983e+00
1.118746427857844727e+00
1.103732588213733878e+00
1.135900232749230243e+00
1.029000091434376651e+00
1.097310434874241070e+00
1.147815216924664483e+00
1.112704187413454671e+00
1.058457382595212160e+00
1.062372617117112394e+00
1.105206010412580708e+00
1.073345559320207476e+00
1.070201862230488743e+00
1.102404970970677578e+00
1.075724068835400171e+00
1.132168638323461707e+00
1.012235251068967834e+00
1.122822926203218552e+00
1.026586057123772155e+00
1.082061688092330165e+00
1.044657710124181627e+00
1.062184611793106193e+00
1.158694266359820757e+00
1.125194348492668972e+00
1.004180036125333908e+00
1.113532057358102012e+00
1.092994387234336173e+00
1.107418384708882764e+00
1.086964061854215347e+00
1.133165835886395412e+00
1.069799740144424582e+00
1.065750418060749327e+00
1.085950602878725801e+00
1.104526371209326951e+00
1.057119913542116985e+00
1.095701622968019873e+00
1.101178206388751635e+00
1.120471277263369592e+00
1.089741371992721142e+00
1.066091287323230885e+00
1.071599132750185923e+00
1.066688160876872571e+00
1.075804471377397542e+00
1.082506105285055087e+00
1.140382201374314786e+00
1.061354084467830639e+00
1.089457694852689729e+00
1.066099711869327615e+00
1.092450873701254821e+00
1.082732904443636235e+00
1.070638542793926451e+00
1.035969093888404746e+00
1.084451085315554009e+00
1.057120431606507482e+00
1.060412745952962421e+00
1.061802677777972326e+00
1.081240811369941213e+00
1.052317581520340051e+00
1.093726039416753393e+00
1.106123068910813689e+00
1.110361184422173020e+00
1.111116489900202398e+00
1.091678720276572090e+00
1.109648032656702421e+00
1.145998295926631272e+00
1.124833095366864599e+00
1.104388333292687818e+00
1.105010762361847254e+00
1.116565723021496703e+00
1.107318546844890950e+00
1.098046133047968054e+00
1.104268877282968964e+00
1.074715528352707672e+00
1.102697952725370190e+00
1.094090203309898257e+00
1.100338952555084182e+00
1.036206643042028253e+00
1.115487721917164832e+00
1.112371736897291186e+00
1.110798606548521805e+00
1.061466331697271448e+00
1.078257354114279476e+00
1.091935024657731956e+00
1.088724137828353866e+00
1.054883082987161380e+00
1.108881805706489754e+00
1.095238854564390518e+00
1.084952328813571398e+00
1.029883723578155941e+00
1.120293523773318034e+00
1.126302904430724672e+00
1.082019318973347799e+00
1.060682965672682609e+00
1.132671049355717052e+00
1.126192871991219091e+00
1.101416195598440950e+00
1.023986329167186682e+00
1.038699585761881261e+00
1.092495225368657286e+00
1.075311261736699109e+00
1.130651034647548681e+00
1.131103203628756937e+00
1.097979730282240274e+00
1.069119417857461674e+00
1.064088473208099295e+00
1.057956504691863531e+00
1.072747915603370572e+00
1.092476808730303395e+00
1.097163970067719596e+00
1.074937845421812366e+00
1.071899916296965127e+00
1.093547448115937737e+00
1.055245410075517976e+00
1.100709144537061146e+00
1.075660024497415490e+00
1.049621994925436619e+00
1.112451438494667100e+00
1.131272670265345504e+00
1.063950400781080052e+00
1.106350175846388950e+00
1.120715859652375634e+00
1.092804936494010892e+00
1.053022894623270922e+00
1.054805730716491086e+00
1.099367248808157838e+00
1.084489520309158239e+00
1.137215311854751221e+00
1.096581118898093399e+00
1.078433653221595678e+00
1.078566336265574410e+00
1.080915433177818352e+00
1.089951611919060426e+00
1.097780448975853584e+00
1.061908137180252565e+00
1.060409939497881648e+00
1.068370760762444416e+00
1.081798982955681554e+00
1.077159634474266436e+00
1.095591325925350912e+00
1.093329990089036530e+00
1.066369090845627143e+00
1.105111903172685484e+00
1.097283146440602319e+00
1.057560800427481240e+00
1.113398931881401932e+00
1.123108925051292895e+00
1.116307963903514944e+00
1.052271105120059946e+00
1.079237265143596414e+00
1.087136200393586050e+00
1.107336308315659323e+00
1.105132335163038659e+00
1.062064996268020201e+00
1.083843931065030741e+00
1.050114471313466025e+00
1.221710837252276471e+00
1.058188332468737114e+00
1.027088157815374547e+00
1.089027002375351216e+00
1.081251004166903451e+00
1.151590216676233069e+00
1.073098054531892220e+00
1.100342748666757631e+00
1.080986186493578138e+00
1.074237837452184596e+00
1.079872508751121840e+00
1.116190301797103990e+00
1.047944092245318926e+00
1.080445225407236753e+00
1.100619433162939309e+00
1.082482183242327034e+00
1.089881996240599671e+00
1.078815279705597208e+00
1.040819159006773686e+00
1.076492808167164972e+00
1.095123201409389235e+00
1.081304941651744400e+00
1.026037241519185406e+00
1.086295546728820449e+00
1.074753360914397327e+00
1.049102389813968417e+00
1.073922769594932047e+00
1.046737728366665232e+00
1.095415516459849359e+00
1.090474249813189411e+00
1.055006030509790582e+00
1.051279953405936052e+00
1.207941632374500474e+00
1.102893557271987346e+00
1.086253215614525924e+00
1.104357807652403656e+00
1.085311709889490217e+00
1.088221350243023133e+00
1.070092322543199748e+00
1.077007150329328811e+00
1.128333266345727059e+00
1.078221620683094129e+00
1.079827138747543769e+00
1.134055320625229957e+00
1.113401502489662187e+00
1.087983596287256383e+00
1.169431308103857203e+00
1.101755123555806959e+00
1.055665020295592393e+00
1.085832572467198442e+00
1.093388349996551989e+00
1.044224379560209748e+00
1.074587023545716002e+00
1.133766279337088623e+00
1.100148459920324395e+00
1.085940570273517647e+00
1.086349112274340500e+00
1.087990986098703594e+00
1.092604449722030857e+00
1.107659853607398714e+00
1.095574487405195807e+00
1.121607589515144277e+00
1.071716959508582923e+00
9.729087316530752316e-01
1.086017388662438021e+00
1.122428632658450942e+00
1.104298860092585599e+00
1.112913584359455310e+00
1.055865795273853269e+00
1.079762223664351595e+00
1.103082985433790908e+00
1.100630251213764010e+00
1.025540291926489767e+00
1.076406550497602144e+00
1.034107534771886439e+00
1.093379059172083556e+00
1.103715783693774100e+00
1.068221538547791560e+00
1.107429976101896418e+00
1.054083001787070817e+00
1.069685289145564377e+00
1.049025179094997373e+00
1.071443375947766841e+00
1.055000649532897405e+00
1.049019282827617472e+00
1.076334513656427960e+00
1.021110721427898937e+00
1.061252045307949032e+00
1.080631494104337786e+00
1.072342953066593330e+00
1.168003805064835809e+00
1.117121108315594302e+00
1.117899948069665195e+00
1.125065599623500834e+00
1.134512914283715146e+00
1.100332244738574161e+00
1.141069097800123666e+00
1.074845802056887178e+00
1.062421497015165750e+00
1.061429080061952135e+00
1.082236589607966426e+00
1.087315748940613558e+00
1.107424159364679639e+00
1.087978033907951003e+00
1.113399521916637269e+00
1.124480923343349037e+00
1.139766206026503914e+00
1.087511136678056545e+00
1.158381937623919056e+00
1.057746718064764613e+00
1.102913992705012225e+00
1.067064314897253174e+00
1.102302293612017259e+00
1.104842527740309333e+00
1.079385355105757061e+00
1.052486279541232861e+00
1.064848819070640218e+00
1.048297896364184689e+00
1.073947744730993303e+00
1.063419010370862283e+00
1.057934971113237754e+00
1.143175183428828401e+00
1.116698390423524812e+00
1.090957292845146753e+00
1.131609924945600421e+00
1.126629413097975707e+00
1.079063145057261863e+00
1.086498338123198737e+00
1.091804198300977191e+00
1.076084971165846671e+00
1.072894058432354081e+00
1.088357280336012645e+00
1.095503352705501809e+00
1.074275817746360495e+00
1.059607453342719774e+00
1.113181032134723081e+00
1.120446235633076215e+00
1.062661206971440508e+00
1.114548286726350756e+00
1.050907104195746955e+00
1.083031166026726444e+00
1.127448720811493166e+00
1.066627265896245014e+00
1.151440472989534447e+00
1.097029172270134856e+00
1.126870905191681205e+00
1.088437760180015257e+00
1.083463906019527911e+00
1.111099726837685875e+00
1.133516523489752625e+00
1.113926788761451236e+00
1.089612206755793622e+00
1.122848852359615179e+00
1.129253882699321698e+00
1.065901460763440056e+00
1.053537638406702781e+00
1.069617248154479894e+00
1.017267439956099251e+00
1.068215290003513118e+00
1.064574130880300507e+00
1.105333191860174535e+00
1.077867129779060962e+00
1.110633343452598343e+00
1.079029676605944177e+00
1.077179505396784975e+00
1.043718852399286412e+00
1.116222155864403653e+00
1.107757024197219442e+00
1.135571104742139070e+00
1.144384162505714508e+00
1.101437244934779347e+00
1.059277916561114807e+00
1.126942207461085088e+00
1.108088720629279988e+00
1.057403271957307656e+00
1.126214043355641348e+00
1.062075474677068199e+00
1.099614498251121564e+00
1.117944918139190724e+00
1.089576523021246190e+00
1.089226618844870931e+00
1.058792055567983947e+00
1.162943078223438453e+00
1.052302507018694211e+00
1.057646216950517415e+00
1.114599586476636928e+00
1.089829231048894842e+00
1.085059269127422343e+00
1.112223232749923518e+00
1.070995847732191697e+00
1.122047483693108694e+00
1.099850269130451696e+00
1.075271470719757261e+00
1.103849740105445010e+00
1.063473055318050697e+00
1.041710161600248874e+00
1.062391441373096601e+00
1.095060000368171638e+00
1.094076211583585367e+00
1.042337661844731977e+00
1.034493376187878955e+00
1.071615478240461439e+00
1.088477988160110765e+00
1.059770532452701142e+00
1.048515967986414443e+00
1.061774075527355699e+00
1.059978161645582340e+00
1.064130916401210492e+00
1.083406448089360818e+00
1.075883212076281792e+00
1.131676569559633139e+00
1.111430385852080649e+00
1.028653966167270006e+00
1.091927253311018031e+00
1.107517539510930460e+00
1.071421699334316635e+00
1.110579924957352471e+00
1.098270150131309020e+00
1.051901118485572217e+00
1.030944125687002000e+00
1.081350344650762185e+00
1.092519714548260357e+00
1.095268490860770383e+00
1.055418155232440647e+00
1.085131454286031083e+00
1.118462898192799537e+00
1.084821552675587331e+00
1.114427062957451087e+00
1.076815699271143512e+00
1.059146030528420823e+00
1.101452725362777496e+00
1.084937883723721574e+00
1.072050623435607752e+00
1.115563116844396907e+00
1.074099997152955455e+00
1.090448605257756665e+00
1.108455023662893613e+00
1.085478740689988175e+00
1.119958494581251740e+00
1.077490849480518875e+00
1.035197196140250409e+00
1.073761815083281723e+00
1.044213150384614597e+00
1.073096532899169508e+00
1.047350771724363527e+00
1.087784250700121857e+00
1.078099921831781716e+00
1.033297183528397944e+00
1.089392769909823810e+00
1.098308100328255099e+00
1.089714016924691053e+00
1.148653270391220227e+00
1.067688160584904677e+00
1.100299779566412228e+00
1.119125615027940945e+00
1.049290318547632772e+00
1.077813746576243403e+00
1.067000457174378525e+00
1.014826210809653517e+00
1.101335129737794905e+00
1.056023830007557063e+00
1.080244234639748946e+00
1.097967198882190853e+00
1.041612611556934853e+00
1.060764916516412137e+00
1.064646160301654376e+00
1.057247091295373087e+00
1.113118063826066928e+00
1.087301945881052223e+00
1.073018104044529464e+00
1.134565717094804471e+00
1.087054167193726606e+00
1.049434780941128409e+00
1.097360844929337498e+00
1.115714830452647854e+00
1.095980738977638369e+00
1.126250780509298943e+00
1.062929616939012556e+00
1.126557564045405968e+00
1.069987437308333567e+00
1.035074903163196947e+00
1.030450360062127313e+00
1.091783149986951029e+00
1.071481994739583499e+00
1.056710053548938655e+00
1.098002009161899828e+00
1.046936306618671209e+00
1.095153766053118316e+00
1.086200568300133895e+00
1.113114416957448283e+00
1.110933159916439372e+00
1.067253451451244839e+00
1.052391469242668798e+00
1.055399937108928210e+00
1.060404741418722763e+00
1.054954429482674261e+00
1.101260722943448345e+00
1.092013178469002366e+00
1.109009619201527741e+00
1.097185039787880179e+00
1.047601093612588574e+00
1.111514761697238951e+00
1.109101516347470895e+00
1.139348618714218331e+00
1.083327065670121492e+00
1.076925928206831529e+00
1.116214930569537467e+00
1.077476205468244963e+00
1.078105330805959161e+00
1.118329296865971711e+00
1.083574603889496446e+00
1.074960878957505805e+00
1.053406782467941394e+00
1.124042463385132917e+00
1.065331541097496393e+00
1.112464608361492857e+00
1.072306384197848406e+00
1.106452270910708746e+00
1.071061230264856334e+00
1.073375438644224245e+00
1.071262040928529391e+00
1.083156474883772313e+00
1.094428020848541072e+00
1.075301395201376353e+00
1.093445997848043305e+00
1.080975317290159055e+00
1.077447952023790512e+00
1.092425070001376231e+00
1.081432661722609989e+00
1.041542742416697864e+00
1.104550425259652080e+00
1.106594368203273948e+00
1.144248392084595389e+00
1.096073672557544842e+00
1.068935060840354501e+00
1.056937557089050017e+00
1.083375852989240551e+00
1.092263104381321126e+00
1.062109574346326024e+00
1.108193329435535945e+00
1.072482673767298111e+00
1.091807540549005306e+00
1.074028137208264289e+00
1.114644101651310226e+00
1.057759349654302294e+00
1.055743702967149922e+00
9.964060998744873610e-01
1.098258183238017827e+00
1.076675824939122839e+00
1.095497535221936714e+00
1.068901139806892608e+00
1.107500161157843888e+00
1.048218279538872144e+00
1.041448391600983570e+00
1.087326579555945250e+00
1.125077945112756828e+00
1.078675361991126236e+00
1.021339184690347013e+00
1.078746309562867989e+00
1.040829790906622421e+00
1.098303884240442674e+00
1.092644886236189050e+00
1.126979138272282466e+00
1.091393788129830567e+00
1.083402712789431677e+00
1.106202636416907081e+00
1.066301983841671852e+00
1.119803968625551427e+00
1.084377838843409547e+00
1.106217632854018085e+00
1.118723627966403011e+00
1.053202491775413252e+00
1.075311479368768808e+00
1.074097412111966632e+00
1.086013347810337315e+00
1.048383651023716334e+00
1.097474146151757202e+00
1.093680333240956148e+00
1.121254884131507534e+00
1.094466300791465452e+00
1.029602930722535392e+00
1.091545852349478984e+00
1.113776951817668337e+00
1.075607588542497162e+00
1.096068583106433403e+00
1.027687907631331221e+00
1.008700276087753922e+00
1.089008461194970634e+00
1.103705941124083267e+00
1.049430034074959162e+00
1.137932796885672948e+00
1.079027701859323507e+00
1.104615187470775695e+00
1.105360133597423689e+00
1.111709979094545719e+00
1.095329979925473873e+00
1.049131232826209903e+00
1.099495967372930538e+00
1.100291108555318642e+00
1.122833042811171245e+00
1.058123994847622873e+00
1.062674588535172937e+00
1.124372013072095555e+00
1.045799330820354589e+00
1.061524476214402268e+00
1.058420836655607378e+00
1.128724180745559025e+00
1.119907107479445108e+00
1.075834056697051677e+00
1.109751166982140269e+00
1.056714289663587936e+00
1.109885182996346087e+00
1.069190805983294412e+00
1.133859093867208401e+00
1.027015425556754291e+00
1.061305711824478637e+00
1.135464502338183079e+00
1.093056138682308331e+00
1.108228636188455463e+00
1.110958844848503713e+00
1.148300038132912482e+00
1.054453107178644045e+00
1.112093399411459682e+00
1.144386281507348890e+00
1.133409041956305652e+00
1.118184008026015697e+00
1.089810945493369099e+00
1.089653597475060742e+00
1.052131413064177456e+00
1.035271100788926146e+00
1.061031426651063647e+00
1.048038437808380241e+00
1.092796289511812846e+00
1.095345119877906059e+00
1.084643019286746224e+00
1.069138827649221080e+00
1.156093479925664136e+00
1.094472912746579984e+00
1.056481656342366904e+00
1.118812009590473000e+00
1.076497252706861918e+00
1.048695462740676820e+00
1.052986560497881641e+00
1.096801287528983204e+00
1.072947114241816546e+00
1.049635740528832795e+00
1.088293346706754372e+00
1.125940979348153848e+00
1.134144845118429945e+00
1.092344895588486020e+00
1.040952235588833430e+00
1.100768432420134779e+00
1.097932789522388042e+00
1.076407334789340142e+00
1.127302988535799688e+00
1.079975725994569036e+00
1.053787990644298400e+00
1.037550048473186326e+00
1.092701183231741036e+00
1.083335735855591508e+00
1.110598827705414626e+00
1.089651736146708627e+00
1.103832168644906631e+00
1.051197589470050264e+00
1.110150203317707751e+00
1.114538715689437742e+00
1.027812264195528513e+00
1.103818747677758560e+00
1.100456308825294549e+00
1.046622951829937698e+00
1.064693029835265037e+00
1.087107669165227719e+00
1.130813994841921355e+00
1.086319748642918359e+00
1.013546331739789697e+00
1.100055264299176105e+00
1.090932648090367163e+00
1.149460124026451036e+00
1.090533281820987188e+00
1.084941015198365166e+00
1.157415936955007885e+00
1.150041399561798627e+00
1.086318950920555526e+00
1.102321009470291990e+00
1.087697836279086117e+00
1.070260373246142871e+00
1.067754894457654702e+00
1.039585394025302145e+00
1.093139356123604244e+00
1.066657089931128288e+00
1.081445684528487439e+00
1.108342818238045924e+00
1.044569153037684384e+00
1.039407777690219969e+00
1.120569921099378696e+00
1.101167007430289058e+00
1.115301893764624408e+00
1.124248099935318157e+00
1.097631409476226283e+00
1.078481195107293233e+00
1.074302257419681883e+00
1.076342593706568040e+00
1.102538413628219915e+00
1.077846463546202171e+00
1.050208371509254279e+00
1.080127290553906771e+00
1.051322637169177732e+00
1.079359742990081195e+00
1.157287371492842887e+00
1.076080812333314540e+00
1.062160942285636400e+00
1.092568186825633170e+00
1.175829580921897266e+00
1.137765596246463451e+00
1.065249218830802480e+00
1.070567484676443026e+00
1.068783033239942615e+00
1.052132407278830728e+00
1.118350718757778361e+00
1.086806386433361915e+00
1.077092647349422894e+00
1.076076497987846547e+00
1.091895246222194027e+00
1.111747780324818136e+00
1.099682112135034640e+00
1.121947320995417385e+00
1.080035286618794999e+00
1.074636291839571323e+00
1.127750673330038644e+00
1.067186916707763444e+00
1.109347362417437255e+00
1.074243919836495254e+00
1.104747298256997690e+00
1.100693666019236794e+00
1.057251630325906300e+00
1.126276985490260563e+00
1.099246423829488117e+00
1.130712153642454920e+00
1.166625569768262372e+00
1.080068924503962302e+00
1.061378257726746988e+00
1.144181272944221783e+00
1.071510705182566525e+00
1.089899214609231226e+00
1.124691943536200611e+00
1.116226068861813303e+00
1.093579566736031738e+00
1.083779975365454007e+00
1.067466388777896347e+00
1.052311511157981494e+00
1.113216654309599596e+00
1.096654985703781948e+00
1.146462759924318453e+00
1.084642789781654404e+00
1.043294082853935878e+00
1.106395376773097183e+00
1.019584809479754828e+00
1.070560191112074122e+00
1.131372282717990174e+00
1.045191196598687977e+00
1.067217632068465871e+00
1.088023089677774058e+00
