2.617186121642589569e-02
1.245154440402984619e-02
9.396046400070190430e-03
1.875197328627109528e-02
5.327882710844278336e-03
2.808437449857592583e-03
3.971065860241651535e-03
2.779555134475231171e-02
3.837928874418139458e-03
1.524115353822708130e-02
4.313041456043720245e-03
1.928944722749292850e-03
2.485677832737565041e-03
4.087360110133886337e-03
2.388641703873872757e-03
8.306476287543773651e-03
2.370399981737136841e-02
7.526631932705640793e-03
7.856735028326511383e-03
9.694441221654415131e-03
9.756505489349365234e-03
1.263069082051515579e-02
4.905337933450937271e-03
1.154747209511697292e-03
5.024952348321676254e-03
1.971663162112236023e-02
1.017646398395299911e-02
1.934837736189365387e-02
1.098627969622612000e-02
2.708518877625465393e-02
1.674081385135650635e-02
5.971559789031744003e-03
1.195290219038724899e-02
1.046466547995805740e-02
7.650726940482854843e-03
1.154627650976181030e-02
2.055837959051132202e-02
1.094493269920349121e-02
1.119614578783512115e-03
9.788910858333110809e-03
1.424783933907747269e-02
3.102727234363555908e-03
7.151350378990173340e-03
8.645947091281414032e-03
5.024827551096677780e-03
7.145150098949670792e-03
1.705772988498210907e-02
8.766571991145610809e-03
1.203902810811996460e-02
1.896560750901699066e-02
2.342726802453398705e-03
1.647729612886905670e-02
2.576977945864200592e-02
2.929801307618618011e-02
5.369426216930150986e-03
6.421715021133422852e-03
1.575671485625207424e-03
2.176348119974136353e-03
2.315933071076869965e-02
1.430140156298875809e-02
4.525557160377502441e-02
5.452552344650030136e-03
2.020163461565971375e-02
5.996019579470157623e-03
1.440280210226774216e-02
1.970932818949222565e-02
2.774472348392009735e-02
1.854764111340045929e-02
1.943491050042212009e-03
2.324162516742944717e-03
2.538619562983512878e-03
1.301538315601646900e-03
1.018974650651216507e-02
2.238237531855702400e-03
5.633214116096496582e-02
1.339265983551740646e-02
3.200138453394174576e-03
9.977097623050212860e-03
4.879739135503768921e-03
3.835158422589302063e-02
1.461053080856800079e-02
9.251109324395656586e-03
5.857942160218954086e-03
3.009083867073059082e-02
6.049573887139558792e-03
9.259270876646041870e-02
5.845513194799423218e-03
1.145652122795581818e-02
5.045171361416578293e-03
2.004687907174229622e-03
6.701016682200133801e-04
1.082683083950541914e-04
6.873026024550199509e-03
1.398867112584412098e-03
4.293290898203849792e-03
5.600769538432359695e-03
8.262711577117443085e-03
1.065364293754100800e-02
2.595171146094799042e-02
1.075043226592242718e-03
1.247420441359281540e-02
1.726339571177959442e-02
1.546640880405902863e-02
3.227424342185258865e-03
2.902539074420928955e-02
1.690842770040035248e-02
7.633940782397985458e-03
2.345948480069637299e-02
1.320864725857973099e-02
1.996483467519283295e-02
2.773581072688102722e-04
3.536174539476633072e-03
4.235285334289073944e-03
8.795271627604961395e-03
4.614160861819982529e-03
4.758189897984266281e-04
8.644389919936656952e-03
1.327318698167800903e-02
8.604611270129680634e-03
2.077306061983108521e-02
1.013934519141912460e-02
5.205156048759818077e-04
1.947212032973766327e-02
2.988361194729804993e-02
1.638144068419933319e-02
1.412910874933004379e-02
0.000000000000000000e+00
1.533009577542543411e-03
6.485713180154561996e-03
8.599790744483470917e-03
1.618324313312768936e-04
1.792594790458679199e-02
1.088585611432790756e-02
5.665951874107122421e-03
9.191796183586120605e-03
2.541047893464565277e-02
8.182933554053306580e-03
1.707544550299644470e-03
4.478654824197292328e-03
1.336498558521270752e-02
4.167544189840555191e-03
1.161921024322509766e-02
2.931890194304287434e-04
4.441311582922935486e-03
2.634742669761180878e-02
9.595465962775051594e-04
1.188229583203792572e-02
1.090542599558830261e-02
1.720527186989784241e-02
1.680987305007874966e-03
1.308432873338460922e-02
8.618818596005439758e-03
2.584859030321240425e-03
1.048061158508062363e-02
2.771368483081459999e-03
6.614706013351678848e-03
6.850063335150480270e-03
8.254620246589183807e-03
5.238653626292943954e-03
3.172446042299270630e-03
1.416108664125204086e-02
2.532620681449770927e-03
1.994165591895580292e-03
3.006211016327142715e-03
3.205475211143493652e-02
5.733204074203968048e-03
5.172221455723047256e-03
8.499395102262496948e-03
3.219629451632499695e-02
5.372460000216960907e-03
7.848502136766910553e-03
3.754547331482172012e-03
6.808908190578222275e-03
2.730354899540543556e-03
1.781217567622661591e-02
6.417480763047933578e-03
2.263011038303375244e-02
1.202160306274890900e-02
3.332217410206794739e-02
6.796055240556597710e-04
1.845646649599075317e-02
8.833434432744979858e-03
8.090629242360591888e-03
7.606463972479104996e-03
3.022757731378078461e-02
1.134826894849538803e-02
2.727793715894222260e-02
2.021432481706142426e-02
9.346939623355865479e-03
4.342539981007575989e-02
4.795740172266960144e-02
1.213332638144493103e-02
1.741536543704569340e-03
5.505430512130260468e-03
5.865771672688424587e-04
6.888961885124444962e-03
2.901411149650812149e-03
1.572076417505741119e-02
3.179521067067980766e-03
9.604099206626415253e-03
2.279356680810451508e-02
3.095941618084907532e-02
7.287280168384313583e-03
7.356805144809186459e-04
4.582124296575784683e-03
5.211307201534509659e-03
8.124850573949515820e-04
3.872923552989959717e-03
9.632246568799018860e-03
8.564931340515613556e-03
9.348224848508834839e-03
2.899623708799481392e-03
9.749472956173121929e-04
9.050917811691761017e-03
9.263744577765464783e-04
7.371111307293176651e-03
8.074211888015270233e-03
3.158130450174212456e-03
2.678796183317899704e-03
7.620765361934900284e-03
4.899745341390371323e-03
1.109546166844666004e-03
1.191127300262451172e-02
3.483597189188003540e-03
1.921145245432853699e-03
2.165210200473666191e-03
4.366699140518903732e-03
4.685871768742799759e-03
1.510053873062133789e-02
1.210525282658636570e-03
2.534846309572458267e-03
5.056222435086965561e-03
3.365558106452226639e-03
1.990670338273048401e-02
5.394722800701856613e-03
1.310345716774463654e-02
4.900169093161821365e-03
1.146929338574409485e-02
2.003567293286323547e-03
5.865131504833698273e-03
8.613626472651958466e-03
5.344047676771879196e-03
2.616077475249767303e-02
9.307390078902244568e-03
9.398019872605800629e-03
1.384855806827545166e-02
2.052971534430980682e-02
2.896999474614858627e-03
4.030119162052869797e-03
1.639266381971538067e-03
4.540040099527686834e-04
9.242808446288108826e-03
2.406297996640205383e-02
8.031414821743965149e-03
6.988187786191701889e-03
6.652390118688344955e-03
2.575244521722197533e-03
3.452687058597803116e-03
1.457163225859403610e-02
2.780074952170252800e-03
2.265030518174171448e-03
1.040370948612689972e-02
5.306290462613105774e-03
1.495157182216644287e-02
5.656629800796508789e-03
3.074428997933864594e-02
1.497078337706625462e-03
4.466523602604866028e-02
3.155544400215148926e-03
1.024142000824213028e-02
6.419540732167661190e-04
2.114125899970531464e-02
3.572095558047294617e-02
1.845475286245346069e-03
5.860009696334600449e-03
4.338921513408422470e-03
1.283455081284046173e-02
2.088586799800395966e-03
2.053045481443405151e-02
4.844475071877241135e-03
6.084412336349487305e-03
1.687887124717235565e-02
2.179558575153350830e-02
4.189938306808471680e-02
1.906380406580865383e-03
6.456790026277303696e-03
1.161193009465932846e-02
5.482220090925693512e-03
6.153841502964496613e-03
9.146714583039283752e-03
1.146523375064134598e-02
2.454442717134952545e-02
7.484360248781740665e-04
3.018171293660998344e-03
2.727215411141514778e-03
1.497054938226938248e-03
8.826590143144130707e-03
2.910067327320575714e-03
4.382462706416845322e-03
3.574095666408538818e-03
3.713493351824581623e-04
4.357473459094762802e-03
4.477274790406227112e-02
5.677718203514814377e-03
2.866068622097373009e-03
7.817220874130725861e-03
6.675989367067813873e-03
7.855407893657684326e-03
7.029910571873188019e-03
1.415903307497501373e-02
8.187552914023399353e-03
1.666412106715142727e-03
1.125902589410543442e-02
1.623701862990856171e-02
3.389919642359018326e-03
3.443656954914331436e-03
7.881556637585163116e-03
3.943952731788158417e-03
1.048397086560726166e-02
5.152541678398847580e-03
3.107176860794425011e-03
1.853756420314311981e-02
9.971955791115760803e-03
7.729407399892807007e-03
8.395594544708728790e-03
3.605427220463752747e-03
1.458040531724691391e-02
1.305367331951856613e-02
4.028670489788055420e-03
3.813766641542315483e-03
1.556935813277959824e-02
6.471442524343729019e-03
4.877308756113052368e-02
7.082023075781762600e-04
1.828619465231895447e-02
3.513165283948183060e-03
1.780533418059349060e-02
1.296628545969724655e-02
2.491503721103072166e-03
1.571751083247363567e-03
4.610900953412055969e-02
4.897329490631818771e-03
1.717852056026458740e-02
1.149633061140775681e-02
1.873081363737583160e-02
1.556630153208971024e-02
3.014917485415935516e-02
6.698796059936285019e-03
1.794967241585254669e-02
4.910447634756565094e-03
6.512118037790060043e-03
2.297901082783937454e-03
3.451569005846977234e-03
8.934098295867443085e-03
1.160968374460935593e-02
9.288709610700607300e-03
1.940131746232509613e-02
6.071328534744679928e-04
1.195445540361106396e-03
6.849493831396102905e-03
1.346294023096561432e-02
5.455086473375558853e-03
2.401232486590743065e-03
6.359946914017200470e-03
3.147726180031895638e-03
3.920557443052530289e-03
1.208391226828098297e-02
2.281198278069496155e-03
7.551747839897871017e-03
1.885407604277133942e-03
4.190608393400907516e-03
5.885811056941747665e-03
1.175584457814693451e-02
2.579798735678195953e-02
9.965115226805210114e-03
5.208406131714582443e-03
1.199435535818338394e-02
2.501969970762729645e-02
3.976843878626823425e-02
2.482630126178264618e-02
5.738433822989463806e-02
1.258852193132042885e-03
3.780769649893045425e-03
1.227734703570604324e-02
8.546232245862483978e-03
1.870173402130603790e-02
9.748755022883415222e-03
1.177907735109329224e-02
2.886255504563450813e-03
2.683473518118262291e-03
5.716362502425909042e-03
2.553159836679697037e-03
1.632478088140487671e-03
1.096164342015981674e-02
4.034719895571470261e-03
7.406540215015411377e-03
1.294746249914169312e-02
1.922726631164550781e-03
4.217501264065504074e-03
3.840445773676037788e-03
5.508494097739458084e-03
5.649602971971035004e-03
1.106286700814962387e-02
1.954740472137928009e-02
6.678409874439239502e-03
7.291212677955627441e-03
4.653312265872955322e-03
8.465021848678588867e-03
9.010243229568004608e-03
5.860699806362390518e-03
6.789383944123983383e-03
1.363573502749204636e-02
1.565701887011528015e-02
3.287763893604278564e-02
7.084587123245000839e-03
1.552046090364456177e-02
1.356436056084930897e-03
1.747655565850436687e-03
7.966635748744010925e-03
2.406544610857963562e-02
1.137810875661671162e-03
5.580305005423724651e-04
1.572129689157009125e-02
1.704250834882259369e-02
1.329437084496021271e-02
1.037715628626756370e-04
1.646587857976555824e-03
3.765454143285751343e-02
1.344577409327030182e-02
4.191035870462656021e-03
8.573355525732040405e-02
1.725542708300054073e-03
5.416930466890335083e-02
3.568226937204599380e-03
2.444544434547424316e-02
1.602471992373466492e-02
1.615332090295851231e-03
3.684480907395482063e-03
7.952722720801830292e-03
5.428473465144634247e-03
7.931496016681194305e-03
3.159299492835998535e-02
3.482142463326454163e-03
8.634172379970550537e-03
2.310470212250947952e-03
6.422132253646850586e-03
9.941508062183856964e-03
1.549223717302083969e-02
3.790945280343294144e-03
5.029523745179176331e-03
1.166923344135284424e-02
6.590639241039752960e-03
3.108943440020084381e-02
1.259336061775684357e-02
8.797622285783290863e-03
3.008293686434626579e-03
8.895551785826683044e-03
2.473263815045356750e-02
5.193450488150119781e-03
7.705211639404296875e-03
1.360192778520286083e-03
9.183055721223354340e-03
5.056678783148527145e-03
1.886192150413990021e-02
7.047896273434162140e-03
8.431437425315380096e-03
1.077035255730152130e-02
1.980686327442526817e-03
2.133737504482269287e-02
1.822070218622684479e-02
9.274641983211040497e-03
4.396383650600910187e-03
1.852153055369853973e-02
1.779566705226898193e-02
2.825692668557167053e-02
6.766019854694604874e-03
2.243644325062632561e-03
6.179628428071737289e-03
1.222932245582342148e-02
1.979945413768291473e-02
2.665839157998561859e-02
1.391913276165723801e-02
8.322761277668178082e-05
1.826975308358669281e-02
2.463964745402336121e-02
1.599374227225780487e-03
1.472937781363725662e-02
1.363885402679443359e-02
2.471110783517360687e-03
2.252769889310002327e-03
3.603423014283180237e-03
4.977782256901264191e-03
7.864279672503471375e-03
5.129365250468254089e-03
2.540384791791439056e-02
9.977092035114765167e-03
4.037245362997055054e-02
1.019692700356245041e-02
7.727557327598333359e-03
4.699082579463720322e-03
