2.661835215985774994e-02
1.229536440223455429e-02
4.100864287465810776e-03
1.515481621026992798e-02
2.136880793841555715e-04
1.723627792671322823e-03
1.230006455443799496e-03
1.475617568939924240e-02
6.115355994552373886e-03
1.288175024092197418e-02
9.461266919970512390e-03
5.693372339010238647e-03
1.967497356235980988e-02
1.996085606515407562e-02
1.997992210090160370e-02
5.032169166952371597e-03
3.553449874743819237e-03
1.036703120917081833e-02
5.139624117873609066e-04
0.000000000000000000e+00
6.954042706638574600e-03
4.076616466045379639e-02
7.342979311943054199e-03
2.582030138000845909e-03
5.100078880786895752e-03
6.211403757333755493e-02
6.698720902204513550e-02
9.352328255772590637e-03
2.476441208273172379e-03
5.633465014398097992e-03
1.094480138272047043e-02
1.175971585325896740e-03
2.471961639821529388e-02
2.745454432442784309e-03
3.176832979079335928e-04
1.644371822476387024e-02
2.780767157673835754e-03
6.337746977806091309e-03
1.399778015911579132e-02
6.932485383003950119e-03
5.448787007480859756e-03
8.940346539020538330e-03
2.525469101965427399e-02
3.655820386484265327e-03
1.335489656776189804e-02
2.354671945795416832e-03
1.632086001336574554e-02
3.771770047023892403e-03
5.804225802421569824e-02
7.689649704843759537e-03
1.072225347161293030e-02
1.106584793888032436e-03
2.274059457704424858e-03
4.583877045661211014e-03
4.803472664207220078e-03
2.080512233078479767e-03
1.518148928880691528e-02
3.055973351001739502e-02
1.097058411687612534e-02
6.164300721138715744e-03
4.482039366848766804e-04
1.981175877153873444e-02
8.263736031949520111e-03
4.132420755922794342e-03
3.042753553017973900e-03
2.125762216746807098e-02
5.529215093702077866e-03
5.584605969488620758e-03
3.636127104982733727e-03
1.135986484587192535e-02
4.193905275315046310e-03
1.308006700128316879e-02
1.288047642447054386e-03
6.208296399563550949e-03
6.844428367912769318e-03
2.179067814722657204e-03
1.841135881841182709e-02
9.932423010468482971e-03
1.418519648723304272e-03
5.998959764838218689e-03
1.481286901980638504e-02
4.386336077004671097e-03
5.556554347276687622e-02
9.481102460995316505e-04
1.613501086831092834e-02
2.180561423301696777e-02
2.557086385786533356e-02
1.330077182501554489e-02
3.405871987342834473e-02
1.329156942665576935e-02
6.380943115800619125e-03
1.922933966852724552e-03
2.635581791400909424e-02
4.468127619475126266e-03
6.995776202529668808e-03
3.806844120845198631e-03
5.252511706203222275e-03
1.150273438543081284e-02
6.524638156406581402e-04
1.370000559836626053e-02
1.422951556742191315e-02
1.396666187793016434e-02
6.506115198135375977e-03
1.590171083807945251e-02
7.889862172305583954e-03
3.705937787890434265e-02
1.421524584293365479e-02
1.152652502059936523e-02
7.197167724370956421e-03
1.296722143888473511e-02
1.527107506990432739e-02
1.828137412667274475e-02
1.000234019011259079e-02
1.808462548069655895e-03
2.995816431939601898e-02
2.300112973898649216e-03
2.137247705832123756e-03
2.725119469687342644e-03
7.588501553982496262e-03
2.043373184278607368e-03
5.493127275258302689e-03
7.034211605787277222e-02
1.077582966536283493e-02
2.143416553735733032e-02
1.234023249708116055e-03
2.192255575209856033e-03
3.656467888504266739e-03
5.369811318814754486e-03
8.811334148049354553e-03
7.359957788139581680e-03
2.792781917378306389e-03
9.341991506516933441e-03
2.267387753818184137e-04
1.154395192861557007e-02
2.086506457999348640e-03
8.031986653804779053e-03
3.477756306529045105e-02
8.152561262249946594e-03
9.344089776277542114e-03
1.356569817289710045e-03
1.447681337594985962e-02
1.306482870131731033e-02
7.294669048860669136e-04
8.041957393288612366e-03
5.754070822149515152e-03
1.896809786558151245e-03
1.049097534269094467e-02
8.427971042692661285e-03
5.490596406161785126e-03
3.000976284965872765e-03
2.667785249650478363e-02
1.923918537795543671e-02
3.235713765025138855e-02
2.611163258552551270e-02
1.365507673472166061e-02
9.116930887103080750e-03
8.404108695685863495e-03
2.270384319126605988e-02
1.556107122451066971e-02
2.193553186953067780e-02
2.551519311964511871e-03
2.282881876453757286e-03
1.618660427629947662e-02
4.024105146527290344e-03
1.923163793981075287e-02
1.075624837540090084e-03
8.571992628276348114e-03
4.452763870358467102e-02
3.619506722316145897e-03
1.801090128719806671e-02
3.354977117851376534e-03
4.230156075209379196e-03
4.029230680316686630e-03
8.742132195038720965e-05
1.343512814491987228e-02
3.102342598140239716e-02
1.788919791579246521e-03
3.132758662104606628e-03
5.869550164788961411e-03
1.838102005422115326e-03
2.486282214522361755e-02
2.561063878238201141e-02
9.130366146564483643e-03
2.670980989933013916e-03
1.603668788447976112e-03
1.430167257785797119e-02
1.243555825203657150e-02
3.022483922541141510e-02
2.649880014359951019e-02
3.576990962028503418e-02
4.118530079722404480e-02
5.976504646241664886e-03
1.552752871066331863e-02
5.629325751215219498e-03
1.023495662957429886e-02
3.797900630161166191e-03
3.826315328478813171e-02
3.509216383099555969e-02
7.553224451839923859e-03
5.115285515785217285e-03
1.778205856680870056e-03
5.627652164548635483e-03
2.478671027347445488e-03
2.723535522818565369e-03
7.730258163064718246e-03
1.993581419810652733e-03
3.099152585491538048e-03
2.727778255939483643e-02
7.528434041887521744e-03
5.741839762777090073e-03
2.667625248432159424e-02
1.040139142423868179e-02
1.992248557507991791e-02
6.175921764224767685e-03
4.747828003019094467e-03
4.004898015409708023e-03
3.791544353589415550e-03
1.264433842152357101e-02
3.588604927062988281e-02
1.247334294021129608e-02
1.269978564232587814e-02
1.369509752839803696e-02
1.533096935600042343e-02
7.717531174421310425e-03
1.074355654418468475e-02
4.978548735380172729e-03
9.068965911865234375e-03
6.187752820551395416e-03
2.195859886705875397e-02
1.807493902742862701e-02
6.301353569142520428e-04
3.143937140703201294e-02
7.783706765621900558e-03
5.012173578143119812e-02
1.712640980258584023e-03
4.105038009583950043e-03
1.915946044027805328e-02
7.635784335434436798e-03
3.427386982366442680e-04
5.437085032463073730e-02
8.479694835841655731e-03
1.361127384006977081e-02
5.653013475239276886e-03
1.459548901766538620e-02
2.588642528280615807e-03
3.931487444788217545e-03
8.937348611652851105e-03
3.399996459484100342e-02
1.832505129277706146e-02
4.832133650779724121e-03
1.093207485973834991e-02
9.257166646420955658e-03
3.122784756124019623e-02
1.400955300778150558e-02
7.265755441039800644e-03
5.735898856073617935e-03
5.863995756953954697e-03
1.247135736048221588e-02
7.001040969043970108e-03
1.343923807144165039e-02
1.408017612993717194e-02
5.374731961637735367e-03
2.936798264272511005e-04
6.849230267107486725e-03
5.949182435870170593e-02
4.189728293567895889e-03
3.613291075453162193e-03
3.021400049328804016e-02
2.261878736317157745e-02
9.763276204466819763e-03
1.265851687639951706e-02
5.947202444076538086e-03
9.539498016238212585e-03
9.946454316377639771e-03
2.648196648806333542e-03
4.581793677061796188e-03
3.947481513023376465e-03
1.244048774242401123e-02
2.166356425732374191e-03
1.991233555600047112e-03
2.133592031896114349e-03
6.163578480482101440e-03
2.064619679003953934e-03
1.740126311779022217e-02
2.355575188994407654e-02
5.642955657094717026e-03
9.925548918545246124e-03
2.109922282397747040e-02
7.384751806966960430e-04
1.268596388399600983e-03
4.573588073253631592e-02
2.916730940341949463e-03
1.719568856060504913e-02
1.172414794564247131e-02
3.443087218329310417e-03
1.436297036707401276e-02
1.147205941379070282e-02
3.023847751319408417e-02
4.510370083153247833e-03
1.594278030097484589e-02
1.955844694748520851e-03
5.052798427641391754e-03
1.797557622194290161e-02
3.485311195254325867e-02
7.788363378494977951e-03
1.560725271701812744e-02
6.686865235678851604e-04
3.265365958213806152e-03
1.312131877057254314e-03
4.925650078803300858e-03
4.973694216459989548e-03
1.020724419504404068e-02
2.058771997690200806e-02
6.265883333981037140e-03
9.170890785753726959e-03
9.333755820989608765e-03
6.501140538603067398e-03
3.895942820236086845e-03
1.545392558909952641e-03
5.345824174582958221e-03
8.566877804696559906e-03
1.183615624904632568e-02
9.413055144250392914e-03
2.696439623832702637e-02
3.579337149858474731e-02
8.395416662096977234e-04
1.197700185002759099e-04
1.260266918689012527e-02
4.492161970119923353e-04
2.779856324195861816e-02
8.173188543878495693e-04
1.230300310999155045e-02
4.207123443484306335e-02
6.533827632665634155e-03
3.200345905497670174e-03
2.289997600018978119e-02
2.033422142267227173e-02
3.526794491335749626e-03
2.312453696504235268e-03
8.457543328404426575e-03
1.320433570072054863e-03
8.980381302535533905e-03
6.564572453498840332e-03
4.216844681650400162e-03
1.420821901410818100e-02
1.746858842670917511e-02
1.101998519152402878e-02
5.982574075460433960e-03
2.786568831652402878e-03
2.322887256741523743e-02
1.007183548063039780e-02
9.786663576960563660e-03
3.983045741915702820e-02
3.283257829025387764e-03
6.893272045999765396e-03
9.060425683856010437e-03
5.974550172686576843e-02
7.485530804842710495e-03
6.347554153762757778e-04
1.435553189367055893e-02
2.976955147460103035e-03
1.877371408045291901e-02
1.451769191771745682e-02
6.465706974267959595e-03
1.180561818182468414e-02
8.935499005019664764e-03
1.710675656795501709e-03
2.690285444259643555e-03
2.141281496733427048e-03
5.699986126273870468e-03
7.437098771333694458e-03
1.014243904501199722e-02
2.889248542487621307e-02
1.339587569236755371e-02
1.426845230162143707e-02
7.311725523322820663e-03
4.491066094487905502e-03
4.176085442304611206e-02
4.756283015012741089e-03
3.349500522017478943e-02
1.333186682313680649e-02
9.835084900259971619e-03
8.639814332127571106e-03
3.637246089056134224e-03
6.715697236359119415e-03
7.359869778156280518e-03
2.631879225373268127e-02
9.067269973456859589e-03
1.591179170645773411e-03
1.632305048406124115e-02
2.008630149066448212e-02
2.170008420944213867e-02
2.517289482057094574e-02
2.474315837025642395e-02
9.180056862533092499e-03
1.172979455441236496e-02
5.761706456542015076e-02
7.297057192772626877e-03
1.839677430689334869e-02
1.582730934023857117e-02
9.019962511956691742e-03
7.393355015665292740e-03
1.172011531889438629e-02
6.510938052088022232e-03
2.234187442809343338e-03
1.632518880069255829e-02
4.544202238321304321e-03
3.760871244594454765e-03
1.104609575122594833e-02
5.762540735304355621e-03
2.129108412191271782e-03
8.502808399498462677e-03
1.363302487879991531e-02
2.178350463509559631e-02
5.650106468237936497e-04
3.305892692878842354e-03
7.174936123192310333e-03
4.449956119060516357e-02
1.349744945764541626e-02
2.882624743506312370e-03
8.561472408473491669e-03
1.208950392901897430e-02
1.060687005519866943e-03
1.725891232490539551e-02
1.838144101202487946e-02
4.673422314226627350e-03
2.819835208356380463e-02
6.643992848694324493e-03
2.066227234899997711e-02
3.078414499759674072e-02
7.167720701545476913e-03
9.446607902646064758e-03
6.974390242248773575e-03
2.847539959475398064e-03
2.941841259598731995e-02
2.226605452597141266e-02
3.942478448152542114e-03
4.178599454462528229e-03
4.094860516488552094e-03
1.011445419862866402e-03
7.437326014041900635e-03
8.487245067954063416e-03
1.023799739778041840e-02
1.249540876597166061e-02
6.829994264990091324e-03
3.823867812752723694e-02
2.965740895888302475e-05
3.125906689092516899e-03
3.239541081711649895e-03
3.081706119701266289e-03
2.307749167084693909e-02
7.864119485020637512e-03
4.099125042557716370e-03
2.454046718776226044e-02
8.014456368982791901e-03
1.431752741336822510e-02
7.122633047401905060e-03
2.947176992893218994e-02
7.674962282180786133e-02
3.390010213479399681e-03
1.260066963732242584e-02
2.241670852527022362e-03
9.303419850766658783e-03
2.569586737081408501e-03
1.225089188665151596e-02
1.295547187328338623e-02
6.820303853601217270e-03
6.398830097168684006e-03
1.061922963708639145e-02
1.829337142407894135e-02
1.226449385285377502e-02
1.488698064349591732e-03
1.167645957320928574e-02
2.215488348156213760e-03
2.683358732610940933e-03
5.298986216075718403e-04
1.037976797670125961e-02
2.828234992921352386e-02
1.908275857567787170e-02
1.280105323530733585e-03
9.569476358592510223e-03
2.743191784247756004e-03
3.984512295573949814e-03
3.226910484954714775e-03
2.359427511692047119e-03
1.625551655888557434e-02
6.463564932346343994e-03
6.510596256703138351e-03
3.974060527980327606e-03
4.368684720247983932e-03
7.172995246946811676e-03
1.369759906083345413e-02
5.641007330268621445e-03
2.879794500768184662e-02
1.394313108175992966e-02
1.478422153741121292e-02
9.960112161934375763e-03
2.086090482771396637e-02
2.863638801500201225e-03
6.886916817165911198e-04
