1.724202372133731842e-02
2.391811227425932884e-03
5.388502404093742371e-02
1.073511969298124313e-02
8.198129944503307343e-03
2.141067944467067719e-02
9.221936576068401337e-03
3.537555458024144173e-03
2.274768427014350891e-02
4.954066127538681030e-03
3.641245188191533089e-03
3.821808146312832832e-03
3.139755921438336372e-03
6.254297681152820587e-03
3.123218193650245667e-02
1.074386178515851498e-03
3.359577385708689690e-03
1.678751967847347260e-02
7.223132532089948654e-03
1.495819259434938431e-02
3.676205174997448921e-03
2.875894121825695038e-02
1.185420318506658077e-03
1.019755657762289047e-02
9.174568578600883484e-03
6.116365082561969757e-03
1.194388139992952347e-02
2.564259571954607964e-03
5.348214879631996155e-03
9.175797924399375916e-03
7.206317037343978882e-03
4.400995559990406036e-03
7.448416203260421753e-03
5.057762842625379562e-03
9.154494851827621460e-03
2.153644524514675140e-02
5.300663411617279053e-03
6.878522224724292755e-03
6.775462068617343903e-03
1.452996046282351017e-03
1.404444919899106026e-03
7.169125135987997055e-03
1.272461004555225372e-02
7.437274791300296783e-03
7.922815158963203430e-03
2.133154869079589844e-02
7.300561759620904922e-03
4.942575469613075256e-03
3.331909701228141785e-02
2.215952146798372269e-03
1.111105363816022873e-02
8.178967982530593872e-03
3.697514906525611877e-02
5.903032608330249786e-03
2.760062459856271744e-03
5.495950113981962204e-03
1.440210081636905670e-02
4.833773896098136902e-02
1.466347556561231613e-02
1.212791074067354202e-02
7.134360261261463165e-03
1.025827508419752121e-02
7.080036681145429611e-03
1.905197277665138245e-03
1.705745421350002289e-02
1.917569711804389954e-02
1.462312042713165283e-02
1.250768918544054031e-02
8.761152625083923340e-03
1.777254790067672729e-02
3.426099661737680435e-03
5.180949810892343521e-03
2.321721054613590240e-03
3.561214078217744827e-03
8.879019878804683685e-03
1.362619455903768539e-02
2.289824420586228371e-03
4.067297559231519699e-03
1.587497303262352943e-03
2.908009337261319160e-03
1.549037080258131027e-02
1.195242861285805702e-03
1.887384057044982910e-02
3.086527623236179352e-02
5.587510764598846436e-03
1.271779555827379227e-02
2.071143360808491707e-03
1.789384149014949799e-02
9.305719286203384399e-03
2.627064101397991180e-02
7.278555072844028473e-03
6.095540709793567657e-03
2.039697580039501190e-02
2.629033697303384542e-04
2.453991584479808807e-02
1.439386792480945587e-02
1.765352115035057068e-02
1.244447194039821625e-02
2.695820061489939690e-03
4.766629263758659363e-02
1.607783511281013489e-02
2.206596778705716133e-03
3.035494359210133553e-03
1.551497261971235275e-02
4.257186781615018845e-03
8.960305713117122650e-03
1.849216036498546600e-02
4.729358479380607605e-03
1.299232430756092072e-02
9.394055232405662537e-04
8.560321293771266937e-03
1.382857840508222580e-02
1.734582148492336273e-02
9.922211058437824249e-03
8.459297940135002136e-03
8.733713068068027496e-03
3.656463697552680969e-03
1.297723781317472458e-02
1.061523985117673874e-02
8.564651012420654297e-03
2.976438775658607483e-02
1.141224335879087448e-02
4.991582129150629044e-03
3.850316395983099937e-03
1.337094604969024658e-02
4.821661394089460373e-03
1.994607970118522644e-03
2.792937215417623520e-03
1.301458664238452911e-02
4.120109137147665024e-03
1.896241493523120880e-02
6.931660231202840805e-03
7.699627429246902466e-03
1.253829151391983032e-02
1.095162052661180496e-02
8.446131250821053982e-04
9.136390872299671173e-03
2.300481684505939484e-02
8.811797946691513062e-03
7.625579368323087692e-03
1.710835262201726437e-03
1.713715493679046631e-02
2.964824379887431860e-04
7.719958666712045670e-03
7.532474584877490997e-03
2.635388448834419250e-02
1.000216510146856308e-02
1.198288705199956894e-02
3.766144393011927605e-03
1.345918979495763779e-03
3.772348165512084961e-03
5.051650106906890869e-03
1.260884851217269897e-02
1.070598047226667404e-02
1.035002991557121277e-03
1.077250204980373383e-02
2.497409470379352570e-03
9.570601582527160645e-02
7.162009831517934799e-03
1.067422237247228622e-02
1.244782097637653351e-02
4.484172444790601730e-03
4.199574235826730728e-03
1.137250103056430817e-02
3.746977541595697403e-03
1.957441307604312897e-02
3.598394570872187614e-03
6.773950066417455673e-03
2.281895373016595840e-03
3.690967336297035217e-03
2.661611698567867279e-02
5.113315768539905548e-03
7.525421679019927979e-03
9.376838803291320801e-03
1.384599786251783371e-02
9.196030907332897186e-03
1.599259325303137302e-03
2.236046129837632179e-03
1.556122791953384876e-03
8.791858330368995667e-03
5.524042528122663498e-03
5.777694284915924072e-03
1.927467877976596355e-03
6.973376963287591934e-03
1.065354701131582260e-02
1.094164326786994934e-02
3.807711182162165642e-03
7.629615720361471176e-03
8.132551796734333038e-03
9.619593620300292969e-03
1.116232015192508698e-02
6.438504206016659737e-04
2.651019254699349403e-03
1.150365351350046694e-04
3.698142990469932556e-02
9.250366565538570285e-05
1.229006052017211914e-02
4.898987244814634323e-03
5.273732356727123260e-03
1.900194585323333740e-02
1.124121155589818954e-02
1.714177051326259971e-04
5.718577653169631958e-03
2.648112422320991755e-04
6.302225869148969650e-03
4.030380863696336746e-03
1.904372684657573700e-02
9.079640731215476990e-04
4.149225726723670959e-02
2.812076173722743988e-02
1.565811596810817719e-02
6.558758765459060669e-02
3.512668237090110779e-02
9.710996411740779877e-03
7.651911117136478424e-03
6.640580296516418457e-02
2.447891514748334885e-03
2.449216088280081749e-03
3.631357848644256592e-02
4.723682068288326263e-03
6.684802472591400146e-03
6.203800876392051578e-05
3.161128377541899681e-03
1.613528653979301453e-02
1.073069311678409576e-02
1.315356697887182236e-03
3.623247146606445312e-03
8.013389073312282562e-03
4.459748510271310806e-03
1.382190268486738205e-02
8.368822745978832245e-03
1.456012856215238571e-02
1.749559864401817322e-02
1.795959472656250000e-02
5.351716536097228527e-04
3.097843192517757416e-02
3.438282059505581856e-03
9.072189219295978546e-03
1.051941327750682831e-02
3.788426518440246582e-03
1.647073961794376373e-02
5.577526520937681198e-03
1.769559830427169800e-02
1.249253377318382263e-02
1.117338147014379501e-02
5.696525331586599350e-03
8.769644424319267273e-03
3.230056958273053169e-03
2.081618411466479301e-03
2.268875390291213989e-02
1.999981701374053955e-02
3.366124350577592850e-03
9.616308845579624176e-03
2.585377311334013939e-03
7.796693127602338791e-03
8.060612017288804054e-04
1.720784045755863190e-02
1.407748740166425705e-02
3.883649362251162529e-03
5.205181892961263657e-03
4.000925458967685699e-03
1.339645124971866608e-02
1.590004004538059235e-02
1.620127074420452118e-02
1.377100683748722076e-02
2.385824685916304588e-03
1.073702890425920486e-02
3.322804346680641174e-03
7.552677299827337265e-03
3.533518407493829727e-03
2.178801037371158600e-02
1.031149458140134811e-02
2.251765225082635880e-03
1.789237186312675476e-02
1.488344091922044754e-02
6.750822998583316803e-03
3.051830641925334930e-02
1.878100819885730743e-02
1.449733693152666092e-02
1.394836697727441788e-03
2.853309735655784607e-03
2.619108930230140686e-02
1.326045021414756775e-03
1.855019829235970974e-03
5.466216709464788437e-03
4.056257195770740509e-03
3.304767655208706856e-03
1.967395655810832977e-02
2.381712011992931366e-02
3.767490014433860779e-02
3.260141937062144279e-03
4.820261523127555847e-02
1.411939691752195358e-02
1.365027576684951782e-02
1.521228696219623089e-03
2.044645883142948151e-02
1.481812447309494019e-02
1.154428999871015549e-02
1.311843097209930420e-02
4.410867113620042801e-03
2.349833026528358459e-02
1.323424559086561203e-02
2.743137301877140999e-03
6.733568850904703140e-03
2.026185020804405212e-02
9.758098050951957703e-03
3.863790188916027546e-04
1.373479980975389481e-02
6.984510924667119980e-03
2.739032497629523277e-03
2.161354059353470802e-03
3.587072715163230896e-02
7.624489255249500275e-03
1.181958429515361786e-02
1.750637427903711796e-03
1.217655255459249020e-03
3.560927230864763260e-03
4.002329427748918533e-03
3.161077154800295830e-03
1.804580353200435638e-02
1.957190036773681641e-02
7.965865544974803925e-03
1.964394375681877136e-02
5.073891952633857727e-04
4.325326532125473022e-02
5.006750114262104034e-03
5.879994016140699387e-03
3.997552394866943359e-02
2.354573644697666168e-02
3.779600933194160461e-02
1.541460771113634109e-02
8.588097989559173584e-03
7.452249410562217236e-04
4.809619858860969543e-03
2.310950495302677155e-02
1.534868683665990829e-02
4.002892225980758667e-02
5.679800733923912048e-02
6.657068617641925812e-03
4.759258590638637543e-03
4.134603217244148254e-02
7.347892387770116329e-04
4.819551948457956314e-03
9.490844793617725372e-03
2.611050382256507874e-03
8.270845748484134674e-03
2.742630802094936371e-02
6.394109223037958145e-03
7.501862477511167526e-03
3.772702766582369804e-03
1.285838987678289413e-02
1.597593422047793865e-03
4.219515249133110046e-03
1.421277504414319992e-02
2.605280838906764984e-02
1.133597642183303833e-02
5.009697005152702332e-02
9.267338551580905914e-03
2.572184428572654724e-03
3.466347698122262955e-03
7.052140426822006702e-04
7.147605065256357193e-03
3.706397255882620811e-03
2.423590747639536858e-03
4.514663596637547016e-04
9.833753574639558792e-04
3.332215594127774239e-03
6.054531410336494446e-02
9.185330127365887165e-04
2.043141983449459076e-03
8.140380494296550751e-03
9.039431810379028320e-03
2.881222963333129883e-02
5.370263243094086647e-04
2.387920953333377838e-02
1.069312449544668198e-02
4.220813512802124023e-03
2.186707034707069397e-02
7.914624176919460297e-03
5.039631389081478119e-03
3.701009973883628845e-02
4.775249399244785309e-03
4.208780825138092041e-03
9.455940686166286469e-03
2.370971627533435822e-02
5.724492948502302170e-03
3.944692667573690414e-03
8.758418262004852295e-03
1.652560010552406311e-02
2.229617908596992493e-02
1.673953491263091564e-03
1.779977232217788696e-03
1.898057758808135986e-02
4.628888331353664398e-03
2.638682723045349121e-03
1.851327135227620602e-03
4.745698999613523483e-03
8.237512782216072083e-03
1.030018460005521774e-02
1.377854379825294018e-03
2.001453004777431488e-02
2.986055053770542145e-02
3.367636352777481079e-03
4.274163395166397095e-03
4.223575070500373840e-02
3.165893023833632469e-03
1.178516307845711708e-03
1.859823800623416901e-02
2.521017566323280334e-02
2.123656449839472771e-03
4.601950291544198990e-03
4.965257830917835236e-03
2.886151708662509918e-02
5.348383914679288864e-03
1.447096467018127441e-02
1.691877283155918121e-02
2.555115148425102234e-03
3.153041703626513481e-03
1.309892721474170685e-02
1.651170663535594940e-02
6.940104998648166656e-03
4.361040517687797546e-02
2.124102553352713585e-03
1.495876163244247437e-02
2.169164596125483513e-03
1.479918230324983597e-02
1.136585371568799019e-03
9.196249768137931824e-03
4.207505378872156143e-03
8.035241626203060150e-03
8.096609264612197876e-03
3.139373380690813065e-03
3.150466829538345337e-02
2.320294082164764404e-02
1.066451519727706909e-02
5.264925304800271988e-03
8.322174660861492157e-03
6.558418273925781250e-03
7.150135934352874756e-03
7.949488237500190735e-03
1.511122449301183224e-03
9.703258052468299866e-03
2.776905894279479980e-02
2.818183042109012604e-03
3.581248922273516655e-03
1.135377585887908936e-02
1.039435248821973801e-02
3.387966891750693321e-03
3.947445377707481384e-02
5.579520948231220245e-03
6.016302853822708130e-03
6.254305597394704819e-03
3.072429681196808815e-03
1.876162178814411163e-02
1.836664625443518162e-03
1.108915358781814575e-02
6.151042878627777100e-03
1.389584224671125412e-02
1.189803425222635269e-02
3.711635014042258263e-03
8.395073004066944122e-03
1.242849323898553848e-02
1.018940936774015427e-02
1.945331343449652195e-03
3.488406911492347717e-02
2.319551771506667137e-03
2.808062126860022545e-03
6.858728360384702682e-03
1.078626420348882675e-02
1.196331251412630081e-02
8.998930454254150391e-03
3.164885565638542175e-03
2.179220505058765411e-02
4.367402289062738419e-03
4.891938064247369766e-03
4.828813020139932632e-03
4.692113492637872696e-03
5.501760169863700867e-02
3.333884524181485176e-03
6.800545845180749893e-03
5.199933424592018127e-03
1.313549932092428207e-02
1.364949252456426620e-02
9.442892856895923615e-03
5.194182973355054855e-03
3.343392745591700077e-04
1.295658946037292480e-02
7.656165864318609238e-03
2.709914406295865774e-04
5.881676450371742249e-03
1.419066824018955231e-02
1.535988412797451019e-03
1.227167807519435883e-02
3.495295345783233643e-02
1.414465811103582382e-02
3.439616784453392029e-02
6.481811404228210449e-03
1.091797836124897003e-02
1.115090865641832352e-02
4.022881854325532913e-03
