1.317287798910462548e+00
1.293566829812474950e+00
1.363943238083078713e+00
1.322906631636455499e+00
1.298264597947711874e+00
1.213343117635647062e+00
1.306444126207036094e+00
1.304708388709520328e+00
1.433464832229501607e+00
1.221512140242274613e+00
1.252220824313222014e+00
1.305911838726637075e+00
1.331609810608242128e+00
1.380571978268811950e+00
1.227846773385221857e+00
1.187817532897248896e+00
1.285897535078643905e+00
1.332130269384670385e+00
1.276987463065492046e+00
1.377673342808119372e+00
1.257962400143596948e+00
1.298683895112458853e+00
1.333360870221274030e+00
1.329798696849522344e+00
1.215734453419596628e+00
1.246136567505700343e+00
1.180065718193774149e+00
1.338937476081943023e+00
1.265624068235818189e+00
1.242008448318188352e+00
1.361423137609309331e+00
1.294204957788017030e+00
1.399569931386924315e+00
1.263065913428053966e+00
1.279506349599143222e+00
1.235851398073398055e+00
1.164113435883793679e+00
1.297298424498644298e+00
1.184589936728657422e+00
1.219771381730124338e+00
1.264927953452500864e+00
1.201258453121451186e+00
1.377883157185571861e+00
1.321213765501970450e+00
1.330541504590340818e+00
1.234369493674418061e+00
1.263059215430471838e+00
1.356774379210087922e+00
1.221486328500477780e+00
1.271459300266977399e+00
1.199089506364172886e+00
1.237897657987116817e+00
1.319648684935034400e+00
1.323042182200435235e+00
1.297041476503529633e+00
1.247847846389468440e+00
1.261829827238136081e+00
1.225358506349139009e+00
1.251080735161135937e+00
1.284758118554833128e+00
1.332040118414845820e+00
1.328494262104316537e+00
1.205581269250205922e+00
1.275183422090268248e+00
1.296768377205721245e+00
1.333886468152344795e+00
1.166290046876855557e+00
1.359795769187750913e+00
1.349224818685341942e+00
1.378861050618446882e+00
1.270002592709825739e+00
1.339337145943731100e+00
1.224504585175977933e+00
1.329800114617905038e+00
1.270465059826495047e+00
1.314150591942283564e+00
1.319107484739336256e+00
1.239850990049178758e+00
1.254729316604074052e+00
1.269483256111484604e+00
1.312708440357102102e+00
1.239714509541864462e+00
1.292462071849038718e+00
1.262788344364880189e+00
1.296536656718793035e+00
1.254726723937229727e+00
1.280122108435185035e+00
1.342335796481610943e+00
1.269963706658545854e+00
1.303419550085837209e+00
1.247933854578383350e+00
1.160327840594484128e+00
1.293475318256044782e+00
1.284148370755671564e+00
1.317606030027342889e+00
1.235985601395154898e+00
1.242402073116392502e+00
1.308110356101367833e+00
1.295659103501092480e+00
1.335106621780890901e+00
1.250040921628698731e+00
1.240363080503088966e+00
1.289890381869139624e+00
1.354979181768522167e+00
1.325800898087975410e+00
1.197167169731159220e+00
1.246816437710478009e+00
1.309590983869433956e+00
1.303692953381280883e+00
1.177548332404507514e+00
1.297260942185273214e+00
1.354537565116577857e+00
1.325461900103299229e+00
1.264897629758338526e+00
1.382119264649610102e+00
1.224143089138173934e+00
1.217497039698238304e+00
1.162341418562576667e+00
1.263909121784787315e+00
1.316170494114812017e+00
1.217571929867391267e+00
1.225932729303892410e+00
1.290449301626702905e+00
1.378701505027439156e+00
1.267554391157723614e+00
1.277636175753438019e+00
1.244360277814546389e+00
1.299049556769117375e+00
1.223777117433268558e+00
1.313159339919399926e+00
1.303966915647791769e+00
1.280099489761013842e+00
1.366876563879018125e+00
1.240561786477261563e+00
1.348394958820415379e+00
1.165769631698008846e+00
1.298942093374635842e+00
1.250713823165460648e+00
1.257383469432385548e+00
1.301573044006247626e+00
1.206473239113474927e+00
1.308269586875190571e+00
1.325853335742346539e+00
1.214879970489175287e+00
1.180034637526798935e+00
1.323675829177951790e+00
1.283139641448270751e+00
1.349358383830835395e+00
1.305687489799387091e+00
1.247073976393000105e+00
1.338476813523497899e+00
1.398058214050131864e+00
1.283113845605513781e+00
1.218945018100311195e+00
1.204295508449521490e+00
1.280224828919895641e+00
1.245430124017891993e+00
1.358741411195122817e+00
1.289459417461759516e+00
1.303026613948665036e+00
1.235769175514149110e+00
1.301415933615627685e+00
1.269437320282485793e+00
1.239117133494420653e+00
1.330948027311401605e+00
1.335335415465833009e+00
1.256082333258281114e+00
1.269774767198398102e+00
1.223486118477316698e+00
1.276196899228830395e+00
1.240105877218946384e+00
1.203025357193111988e+00
1.344266585608085984e+00
1.383030674188319820e+00
1.369858463610705623e+00
1.284591162175576340e+00
1.308575517719872794e+00
1.318214811740438197e+00
1.348585264033781206e+00
1.284773501362753034e+00
1.411348497111793776e+00
1.258621871165310768e+00
1.291995235223631466e+00
1.293290284853929384e+00
1.247892157505911204e+00
1.324429474716723121e+00
1.302646554919588251e+00
1.287116497625871103e+00
1.268424799923765001e+00
1.222475229108213490e+00
1.202996552175714884e+00
1.352897659717405388e+00
1.320595230080257476e+00
1.285578213259188196e+00
1.190574778681994239e+00
1.276511718814496765e+00
1.296449143458612285e+00
1.274745286959281243e+00
1.284371148285881503e+00
1.283451693967263774e+00
1.250827286092163426e+00
1.388127699533980852e+00
1.315356173870672496e+00
1.216942089593347598e+00
1.359744405029271297e+00
1.259832685436398370e+00
1.292881787185540476e+00
1.215303801665649441e+00
1.284339032893280219e+00
1.212281494373451229e+00
1.228066999007848770e+00
1.294057111792645820e+00
1.129916466100412853e+00
1.249029345027972804e+00
1.332470374784202827e+00
1.356822599174722477e+00
1.226939144176345753e+00
1.260225101781950352e+00
1.248561226376531108e+00
1.243824643313618861e+00
1.296790100553200542e+00
1.230864581310866290e+00
1.276983859963107815e+00
1.298880069711783491e+00
1.270545298586544858e+00
1.340364781509247871e+00
1.316143543617748657e+00
1.289270927493488372e+00
1.295947468282294235e+00
1.281006931241098989e+00
1.256104312850598426e+00
1.280468510937674997e+00
1.315361747530015224e+00
1.289770495767454728e+00
1.276702102485085533e+00
1.137011174593679508e+00
1.311106804227729850e+00
1.269015573046123002e+00
1.269471915364009051e+00
1.268444700215296983e+00
1.209319675779617631e+00
1.270964795306835704e+00
1.269560864757259822e+00
1.240537590920486544e+00
1.187783723591149920e+00
1.186519753872829375e+00
1.293573523292886662e+00
1.316564581784247512e+00
1.344172459685907706e+00
1.293947228423974360e+00
1.305142185241495056e+00
1.345540480970003117e+00
1.299098263178861234e+00
1.316519748776080689e+00
1.295695235760304431e+00
1.252001968996390158e+00
1.353859872572062084e+00
1.187859042580033941e+00
1.235179919960120332e+00
1.319350985070641524e+00
1.264730324906854442e+00
1.260434712258341028e+00
1.295499740429992830e+00
1.304487621220647764e+00
1.343088008998719607e+00
1.213478370245161031e+00
1.271873978666760108e+00
1.284372458201775036e+00
1.244556685360341808e+00
1.275545415309398578e+00
1.359459362125461146e+00
1.265276123406213982e+00
1.330318964000348103e+00
1.283337910742051946e+00
1.291546963977972640e+00
1.292302575205212634e+00
1.205543142148918889e+00
1.218951383175119974e+00
1.366518736432028591e+00
1.317861045998553360e+00
1.364213666792486235e+00
1.198536450139408904e+00
1.351480246137337859e+00
1.307560690230316736e+00
1.302874750098186540e+00
1.284278897119602414e+00
1.322794809593001997e+00
1.382673327580385747e+00
1.296326933936741144e+00
1.247407883764124481e+00
1.402320992315436277e+00
1.226189433688971819e+00
1.325752591534289593e+00
1.306716802940218081e+00
1.314752103560394403e+00
1.273954952879256641e+00
1.248409093979659712e+00
1.318245698946337141e+00
1.232073454661057443e+00
1.278734572942531678e+00
1.172093480470061344e+00
1.300204212375880131e+00
1.259018780653725411e+00
1.256261705355435909e+00
1.270082187795774864e+00
1.265816771202264546e+00
1.334457061333806260e+00
1.357395345408088483e+00
1.288102549510507178e+00
1.218210818279874097e+00
1.246287206108337431e+00
1.179715148465123153e+00
1.313675589432921953e+00
1.194204280516009131e+00
1.371157337614369531e+00
1.281053175442775194e+00
1.308226182595724874e+00
1.267421762151856868e+00
1.293265883577438879e+00
1.248437619317551261e+00
1.313031019489459439e+00
1.310383479182150701e+00
1.188825605876408398e+00
1.195511862109005952e+00
1.344395152661845172e+00
1.287089541655602076e+00
1.133398843243655030e+00
1.248080851989078255e+00
1.309542441042623517e+00
1.272715062340155301e+00
1.279034834717416302e+00
1.292145905011143237e+00
1.259264330476302263e+00
1.328563632930307215e+00
1.264005029278649550e+00
1.371295556890449019e+00
1.304834121808231329e+00
1.337038940002135412e+00
1.161851483539119823e+00
1.303364128317858084e+00
1.258050431822666626e+00
1.245819288340258568e+00
1.196801631391571030e+00
1.309741514047022770e+00
1.250820788472115863e+00
1.257541586510275256e+00
1.275557233340434582e+00
1.250905559039027448e+00
1.270839219091913330e+00
1.340846292333937040e+00
1.272759710123273269e+00
1.158972783228733539e+00
1.211170135762436040e+00
1.410943292124735571e+00
1.285862678556609184e+00
1.353615791492558396e+00
1.170786175664270790e+00
1.307640451904894974e+00
1.232177342875801829e+00
1.338219332747983881e+00
1.333011763615089995e+00
1.257527653400208001e+00
1.411452988219337401e+00
1.308966385502296159e+00
1.189590028462019777e+00
1.267906157796051314e+00
1.290083363450678977e+00
1.258242745075597080e+00
1.326540595547239132e+00
1.331800368176097704e+00
1.216184736276057832e+00
1.281373051685663844e+00
1.276026657019259769e+00
1.390882481861164477e+00
1.299078417245346451e+00
1.278298479112635944e+00
1.295219733390207351e+00
1.206836709204467395e+00
1.306670771451657886e+00
1.274666885018387763e+00
1.295486266224721961e+00
1.278172469969320435e+00
1.292236011963545428e+00
1.224799312600040047e+00
1.264553042583224984e+00
1.265350062017816191e+00
1.383324230055838155e+00
1.234272551512691773e+00
1.254110943922033261e+00
1.189700947577651213e+00
1.210455612124955227e+00
1.276244491140405835e+00
1.192346608307103928e+00
1.330215537377147816e+00
1.258873018827529444e+00
1.348084090257594125e+00
1.242736656794636962e+00
1.311264370704283699e+00
1.314962312964424118e+00
1.273857683381684591e+00
1.281687435809453213e+00
1.265396551792729474e+00
1.241526616898571023e+00
1.266793102433964702e+00
1.339631516428760216e+00
1.341513785181939866e+00
1.211847112216195566e+00
1.277886644134057947e+00
1.382750586499005507e+00
1.146203078904179495e+00
1.287572763836774214e+00
1.219648330024394767e+00
1.329025303284005366e+00
1.308806814763310955e+00
1.235258697136250028e+00
1.331227725333412382e+00
1.293660733800138019e+00
1.302841948381951775e+00
1.284734269458658540e+00
1.290686563780736984e+00
1.276587035247156665e+00
1.200433577480280567e+00
1.206456417787616697e+00
1.259012726698786722e+00
1.297007974714624368e+00
1.232088724613290109e+00
1.385558578515476480e+00
1.253754703454943886e+00
1.212660406534993740e+00
1.258148214784674090e+00
1.410794043004741205e+00
1.330580456176854609e+00
1.229015463706574662e+00
1.392440524252067435e+00
1.238756025282462758e+00
1.322912103325803335e+00
1.209003413505081559e+00
1.338375317154254285e+00
1.396901564672874851e+00
1.270694899680650414e+00
1.198952534759382571e+00
1.168560905855639653e+00
1.393299901227804227e+00
1.275266593679556637e+00
1.396526069917884527e+00
1.318704722401770724e+00
1.361306382898032075e+00
1.258789387701217732e+00
1.298898214156783526e+00
1.279577938449523833e+00
1.223674794667825472e+00
1.399209291086930484e+00
1.211503954794963978e+00
1.256047593274420615e+00
1.293332966080134261e+00
1.325490438258452697e+00
1.285130276945079419e+00
1.275650549215419982e+00
1.200980233069754766e+00
1.311270909901448567e+00
1.339434832819052401e+00
1.345934014895436848e+00
1.320108052881433514e+00
1.311735269006282012e+00
1.358883055613830715e+00
1.353722384429612013e+00
1.194552902405028316e+00
1.355456912580671025e+00
1.253029317125128550e+00
1.218237553796242878e+00
1.293092656551860786e+00
1.209305499757399760e+00
1.275022209199465850e+00
1.282844861489285337e+00
1.247558032132517480e+00
1.377392863247324684e+00
1.196256776666098975e+00
1.341464861994876578e+00
1.289125040655977772e+00
1.276827334074736919e+00
1.259483223037560551e+00
1.256032398201442080e+00
1.339617486931505397e+00
1.284525601283747376e+00
1.313691146517366404e+00
1.275914677911890616e+00
1.284295593838709726e+00
1.291734477731017350e+00
1.261550308050566560e+00
1.229099903698337881e+00
1.338437503496981096e+00
1.264383338071249252e+00
1.168612185414130922e+00
1.326061703801620695e+00
1.220903934756823350e+00
1.256457892219650541e+00
1.325908248632350128e+00
1.365204033801188377e+00
1.355661160687576361e+00
1.366753774364770413e+00
1.266954479915906706e+00
1.286395883754218650e+00
1.198235612711366249e+00
1.261016105081381067e+00
1.218087236133629014e+00
1.251435547042878627e+00
1.304013113820179814e+00
1.226298811175686287e+00
1.236113835471803979e+00
1.154578177696364616e+00
1.401795694489082811e+00
1.254406254641779572e+00
1.301390032162510924e+00
1.283386619044527999e+00
1.306652124803174830e+00
1.336308571446904292e+00
1.271644392343903585e+00
1.357384180557166031e+00
1.268365110287854369e+00
1.276140428753314016e+00
1.367891034861797195e+00
1.297849699417149560e+00
1.248579629667299962e+00
1.187910504974509118e+00
1.360822257791169498e+00
1.211944581581559044e+00
1.402184335323243491e+00
1.399485480702871598e+00
1.257534098651980292e+00
1.210655500142949537e+00
1.351699890726591136e+00
1.362820788389374149e+00
1.175184090016753169e+00
1.393021863335866195e+00
1.217470774189980398e+00
1.306184230861427764e+00
1.295246739655834034e+00
1.213498038895319597e+00
1.287425083279854832e+00
1.184274621900260893e+00
1.265124547873001770e+00
1.208762886959256599e+00
1.306119063523966117e+00
1.259924555197349694e+00
1.419962277766945391e+00
1.334392599855764194e+00
1.294286978634738849e+00
1.200452297868559892e+00
1.340279539196430614e+00
1.310821879881217233e+00
1.199782434910534379e+00
1.298540180777816966e+00
1.317332043006409936e+00
1.168151942930249154e+00
1.221280527140548688e+00
1.288334304622628768e+00
1.200632310114275070e+00
1.305339074183712311e+00
1.248932642841813268e+00
1.223570807914715397e+00
1.302531194992775143e+00
1.218179024196087035e+00
1.280917261973543608e+00
1.276580578529259435e+00
1.241338491129063248e+00
1.189014974212234454e+00
1.177908975455823182e+00
1.240964712199056796e+00
1.378928356904154384e+00
1.272085280147323694e+00
1.276448572322737895e+00
1.188940951457949424e+00
1.258505484823852827e+00
1.262189307647368919e+00
1.301310060736533325e+00
1.301019344668897348e+00
1.174645051104274085e+00
1.352491834132218074e+00
1.317429538955464219e+00
1.281808603040263561e+00
1.265674451625202757e+00
1.212724759911905537e+00
1.220677772814628526e+00
1.335766708611269005e+00
1.279075429174853840e+00
1.155971850353293418e+00
1.254436696580537802e+00
1.266312872314055760e+00
1.381849148889024770e+00
1.318029824880956768e+00
1.180829151356133311e+00
1.219695260641362244e+00
1.194318454990523248e+00
1.237575356818196637e+00
1.297414205587005709e+00
1.352387038814316655e+00
1.228848653659537327e+00
1.370628983494850406e+00
1.196029347118695574e+00
1.310478502516379651e+00
1.162515548024386280e+00
1.295353071743080564e+00
1.308478665076702407e+00
1.187906693665944591e+00
1.250070796507849247e+00
1.338291724972886509e+00
1.259739470852282883e+00
1.217250991044462438e+00
1.175823862889585403e+00
1.206529553354680040e+00
1.274759574648235416e+00
1.259004986487338718e+00
1.275412292677708059e+00
1.293057721684119032e+00
1.290796216707498223e+00
1.330280850761516254e+00
1.275426509792174423e+00
1.283323034106208516e+00
1.246981152235416390e+00
1.344438538311550246e+00
1.348934378844520277e+00
1.308854578589046636e+00
1.241649590751073839e+00
1.233052474460964332e+00
1.364520801123362270e+00
1.282724158290434957e+00
1.252679041433250262e+00
1.317718567025281784e+00
1.342630987832605927e+00
1.278272918958870408e+00
1.278276567969285571e+00
1.317474558822450126e+00
1.253628781416600280e+00
1.221165082506693977e+00
1.357854518277940681e+00
1.205481552333563799e+00
1.230107408311574169e+00
1.331252665755507048e+00
1.243203187038484980e+00
1.254968718911456449e+00
1.275249357694286934e+00
1.342730397281058474e+00
1.292304982830825066e+00
1.235325682064096542e+00
1.261171344614073098e+00
1.265349624236062231e+00
1.324597033790282374e+00
1.308062608662498461e+00
1.243034135260533857e+00
1.327601891379687649e+00
1.307132340629680201e+00
1.213739624835989073e+00
1.315753465674667444e+00
1.265623819350768509e+00
1.211218085556235335e+00
1.250780279693427532e+00
1.242093327133331204e+00
1.246677654787424983e+00
1.220270679002855463e+00
1.222676162255032617e+00
1.241860600552781690e+00
1.332718511643619097e+00
1.361625721679506462e+00
1.378287843845630745e+00
1.199084890445858420e+00
1.311786164448371261e+00
1.312537245321218515e+00
1.202123416214894824e+00
1.326063953677411700e+00
1.332945877991057015e+00
1.340707427384806971e+00
1.248361583781558481e+00
1.368451481386781854e+00
1.296285060719605253e+00
1.295760067481008804e+00
1.226649837958109446e+00
1.187553268328290779e+00
1.348146256928836939e+00
1.232793650842800570e+00
1.206041914222982570e+00
1.289791408114743687e+00
1.294632322362508914e+00
1.340310901593782411e+00
1.298428105284969325e+00
1.361527913675207646e+00
1.253857816932752556e+00
1.285707592835242385e+00
1.378570111353502936e+00
1.356334756039098588e+00
1.272560742987115745e+00
1.272731693684547416e+00
1.340932220849416323e+00
1.281217096921181797e+00
1.296042780345483481e+00
1.359423667094161292e+00
1.325136128230854471e+00
1.190271227958888067e+00
1.215194734288592038e+00
1.305409696773842665e+00
1.288514336599653420e+00
1.296357097832536276e+00
1.310444542641880483e+00
1.268425766796099641e+00
1.296813911508933659e+00
1.271876867869914163e+00
1.292774007469646991e+00
1.311999230643716263e+00
1.286809733577559234e+00
1.157576635402202569e+00
1.366480834338720252e+00
1.291807760913313619e+00
1.278379441257498694e+00
1.280860294952713252e+00
1.276505227131923936e+00
1.237060086163738859e+00
1.273667935213504521e+00
1.311926442446932795e+00
1.261550790520207466e+00
1.255380302682415739e+00
1.247629217605772833e+00
1.272881382954494267e+00
1.315115011749933505e+00
1.315739896500690342e+00
1.281382825982610107e+00
1.292943175703902492e+00
1.159366363256170818e+00
1.355656730105883057e+00
1.314611092116377833e+00
1.256484023109088133e+00
1.391406845922661395e+00
1.291113991408661787e+00
1.268212036307097446e+00
1.199573305890229591e+00
1.215295076063166002e+00
1.206603946172270847e+00
1.278987292380850516e+00
1.290988787520829240e+00
1.280772922889134247e+00
1.280955074221249879e+00
1.315512127969603595e+00
1.194230615358266911e+00
1.257260521853927226e+00
1.246541477230143524e+00
1.286064277320208005e+00
1.320490570838046773e+00
1.235477121362364317e+00
1.313067533457995983e+00
1.216315288152915564e+00
1.321529322740564227e+00
1.339306399159153171e+00
1.233312570623549709e+00
1.503663899895106404e+00
1.284707045866187336e+00
1.307742289212918907e+00
1.169175913681550272e+00
1.245924116206966525e+00
1.119565273353278378e+00
1.280704480962611580e+00
1.323109537222530996e+00
1.248510424359223547e+00
1.309253311502767136e+00
1.245546563474619450e+00
1.244203950679138693e+00
1.221862233717639024e+00
1.259126922331422760e+00
1.320120152552541892e+00
1.279439281547457563e+00
1.272919972544944711e+00
1.311380914355779526e+00
1.261175259850630725e+00
1.266807502259676310e+00
1.300550654292321973e+00
1.262789377799943713e+00
1.246295986927645538e+00
1.284500513017549750e+00
1.290173433685597892e+00
1.263340425860422389e+00
1.274687068607988749e+00
1.223168064426126689e+00
1.314814293703556070e+00
1.253526605139211991e+00
1.232581025337197156e+00
1.330282336439369661e+00
1.210105590915851792e+00
1.233876339393000787e+00
1.248147439726696950e+00
1.272292763965350071e+00
1.255322296533490034e+00
1.242565089890497410e+00
1.434639380561608224e+00
1.251524351615119768e+00
1.240309504973580168e+00
1.161074607699054795e+00
1.292642445323298972e+00
1.229694954849467559e+00
1.182751043317916695e+00
1.324846298077033246e+00
1.277384969264183656e+00
1.274058337973228872e+00
1.260269867362038720e+00
1.372423017431348757e+00
1.331240169816326757e+00
1.273480977548298254e+00
1.247703546699172827e+00
1.149567439228670329e+00
1.267698713634892727e+00
1.290608789865514527e+00
1.323304681566035423e+00
1.350158858816027374e+00
1.211020475225415005e+00
1.233729688325686968e+00
1.425774927320280216e+00
1.199884022524834171e+00
1.239787265271823591e+00
1.235397162453274911e+00
1.321877026486354856e+00
1.220922647854029819e+00
1.307542768708779501e+00
1.236439046703920352e+00
1.235419346841934107e+00
1.182795675288721426e+00
1.239743593528280785e+00
1.297515149178659177e+00
1.347479706860531756e+00
1.282821385741948816e+00
1.323818378919229044e+00
1.341684251536305661e+00
1.290508986744924869e+00
1.234788047427293423e+00
1.345220807823498399e+00
1.287453962195201695e+00
1.320360846129379651e+00
1.267170022210029501e+00
1.273362348108163955e+00
1.268450033475406524e+00
1.304936798923834962e+00
1.260058776652345003e+00
1.213747785841632787e+00
1.227762118451490858e+00
1.272754671552434491e+00
1.281675570076123316e+00
1.261405619761328589e+00
1.328082207746134946e+00
1.301215292932468515e+00
1.258296606420479913e+00
1.293059678070556107e+00
1.261958592223077158e+00
1.278297398912277894e+00
1.351904918874692774e+00
1.361284548079444212e+00
1.274829957035567674e+00
1.314365985141820570e+00
1.221335038146700525e+00
1.474117656990979963e+00
1.311721987710475990e+00
1.259443082892941268e+00
1.272787389193771546e+00
1.324899179480788280e+00
1.251608491834281578e+00
1.303233125353676858e+00
1.374062198484141684e+00
1.367303668652087190e+00
1.311369895562075616e+00
1.261147535312424850e+00
1.325373534269947529e+00
1.196013595324438850e+00
1.245440077084475128e+00
1.277944750386823314e+00
1.290933869044923910e+00
1.281206462002797419e+00
1.249790920409087347e+00
1.239880600267540212e+00
1.427820154903146621e+00
1.211267550240129998e+00
1.280843960071088583e+00
1.295047582413621834e+00
1.242727292029198516e+00
1.254971821358356721e+00
1.317335873192607254e+00
1.206142464153576066e+00
1.300865112242717947e+00
1.330937092249067311e+00
1.434222799911431867e+00
1.328330214298431455e+00
1.315434727493023592e+00
1.193618775167160084e+00
1.240052069956474101e+00
1.216552178482470659e+00
1.240145080511805054e+00
1.281189539744028050e+00
1.283564101224993204e+00
1.222152343780058548e+00
1.300548574609055485e+00
1.375520947205860489e+00
1.325190169214837788e+00
1.298031748309310007e+00
1.208937278256223102e+00
1.305818109228719992e+00
1.237193906876721483e+00
1.263667005575059399e+00
1.289035551620988374e+00
1.298726272549821426e+00
1.259550167459156933e+00
1.352899700379754044e+00
1.322973349025505785e+00
1.282248368581966336e+00
1.296684974312156013e+00
1.300934081849117963e+00
1.273875744338096583e+00
1.263433613634348918e+00
1.336715565487000212e+00
1.239333340548710805e+00
1.257009122312371163e+00
1.236209878455742484e+00
1.285496253880347606e+00
1.320186098181117762e+00
1.341813217608974984e+00
1.325493610722913385e+00
1.347945646437397338e+00
1.289230403269814085e+00
1.272249580986170692e+00
1.316099973891980968e+00
1.319630832664499431e+00
1.250059371685094289e+00
1.302079539275207587e+00
1.191461540129072239e+00
1.269103911933856299e+00
1.277207917239505885e+00
1.351325103117095194e+00
1.186376139788852369e+00
1.454596753840319279e+00
1.148348357698107725e+00
1.260031339913693538e+00
1.226052207110567061e+00
1.199054343551426705e+00
1.163908304614827971e+00
1.189151039384444442e+00
1.375358036285727170e+00
1.308936974139772724e+00
1.292110375721783333e+00
1.264130211108421387e+00
1.311293682342421718e+00
1.416317360942227266e+00
1.214230255410814863e+00
1.331128529864950449e+00
1.271569616155475035e+00
1.283772308811613083e+00
1.310689512270051038e+00
1.331334470828976713e+00
1.270676611104971210e+00
1.198352448295162187e+00
1.303288359507673855e+00
1.231258940011780822e+00
1.313403677460778463e+00
1.348212914212916447e+00
1.292080023157499147e+00
1.258170377817442898e+00
1.332567935544089144e+00
1.368633987328959023e+00
1.256840321917745751e+00
1.294105912122528013e+00
1.348899435817266790e+00
1.315206496476595710e+00
1.351184875416269193e+00
1.237463596881862804e+00
1.407983681122352060e+00
1.356603601946481996e+00
1.166887994254978800e+00
1.249923482957808307e+00
1.306583831773482585e+00
1.345855902516011504e+00
1.270217900509451381e+00
1.318877956937959395e+00
1.180345502632632826e+00
1.342935414908583258e+00
1.317695655286871492e+00
1.270693719963962742e+00
1.285246324374909488e+00
1.354363727608073553e+00
1.214954217203153108e+00
1.291425143935516884e+00
1.256051428405736914e+00
1.280208404156079505e+00
1.262884216135557347e+00
1.307406832940392061e+00
1.217637454948794273e+00
1.306609636317571876e+00
1.253990708650134511e+00
1.282217361350564300e+00
1.302509614036734042e+00
1.385843202866071211e+00
1.333904515734344098e+00
1.300622791570934744e+00
1.299595452662090977e+00
1.248665122588809906e+00
1.407045926694638460e+00
1.357450833839876081e+00
1.407128653753935144e+00
1.383634195349700668e+00
1.164363789658780846e+00
