1.231404977013995428e+00
1.184039642411892856e+00
1.286166126172850310e+00
1.236052293287522419e+00
1.287317047371437040e+00
1.389725326469584576e+00
1.199201157661786254e+00
1.351831135954650875e+00
1.249234174153138976e+00
1.278851516644876174e+00
1.270641544784653298e+00
1.256418540035662224e+00
1.203644399125386899e+00
1.231714796472132667e+00
1.230333785998728002e+00
1.280242262729708091e+00
1.231532141965518967e+00
1.260637709940362727e+00
1.334757073152725848e+00
1.180914575793833743e+00
1.261822375716958877e+00
1.219248188543396560e+00
1.312132041750610822e+00
1.268997483831344697e+00
1.307862934886224293e+00
1.234465692794596947e+00
1.169770726083364965e+00
1.275430148979891820e+00
1.300295574701617607e+00
1.242934962255188180e+00
1.269968970151521992e+00
1.240466384429107949e+00
1.187388264607360577e+00
1.238530128082484305e+00
1.218345345371558031e+00
1.199416439734155571e+00
1.246661181019608655e+00
1.239068042369949385e+00
1.275955481812914405e+00
1.209863729654273135e+00
1.307673924544052735e+00
1.269218123306910417e+00
1.230185310092908546e+00
1.238901469461468396e+00
1.273498827728155813e+00
1.270618389689297967e+00
1.189648166644038607e+00
1.258316773728989535e+00
1.242420325010523463e+00
1.208745319791517892e+00
1.294759712325212808e+00
1.164371349819998569e+00
1.219401730495823566e+00
1.232197616135131124e+00
1.247467046482211739e+00
1.234830587500682642e+00
1.176883730279426610e+00
1.171688786656416070e+00
1.167275055009785456e+00
1.321831498161472496e+00
1.250764792037426965e+00
1.270701254984695883e+00
1.234775087110785874e+00
1.239110686763277291e+00
1.287749457598812430e+00
1.183673309372921034e+00
1.199590480310921414e+00
1.224283596778712235e+00
1.219104549744715715e+00
1.221117120429500380e+00
1.264322229113998164e+00
1.368159998753525342e+00
1.307198363400612351e+00
1.296485482587225180e+00
1.277449485335229173e+00
1.231502503813018512e+00
1.264828084635438499e+00
1.195177296424945190e+00
1.277257289117448069e+00
1.186249721776083454e+00
1.163106602220775443e+00
1.285964488877837431e+00
1.282761540094428554e+00
1.230320547881483151e+00
1.234980163719567869e+00
1.303862430049388177e+00
1.303918304087318125e+00
1.282318484981094464e+00
1.193160007237111131e+00
1.238682299137246590e+00
1.271668566216863860e+00
1.266472893167591929e+00
1.236552449757598815e+00
1.273929261510484245e+00
1.244720960216483485e+00
1.249658281591690567e+00
1.220397103830858976e+00
1.283950224406210205e+00
1.187899630608642232e+00
1.249235111205515336e+00
1.166148909203756912e+00
1.193329169217133057e+00
1.216682058058821125e+00
1.226208410255927417e+00
1.206499058669332269e+00
1.235232410753039911e+00
1.215007359556400601e+00
1.225449861285038411e+00
1.216580058227803240e+00
1.296258036900859834e+00
1.241659540351707003e+00
1.263555893615715409e+00
1.296306758023074490e+00
1.344708828052311178e+00
1.184800949156645355e+00
1.210563347826857594e+00
1.132063566724924142e+00
1.200203542838327087e+00
1.227579910211933578e+00
1.239242672479633489e+00
1.273402921796110698e+00
1.183707992358389305e+00
1.147632760658898521e+00
1.292452810074564695e+00
1.231440892569459100e+00
1.204871635264772811e+00
1.261050770576823021e+00
1.256780090930609273e+00
1.319712618602379761e+00
1.294114941281369724e+00
1.289316273301623239e+00
1.217179518961699403e+00
1.196170500907783207e+00
1.299365854837563949e+00
1.260615254822509135e+00
1.201588462565770676e+00
1.246791556136884971e+00
1.260640671471585206e+00
1.212557445070073792e+00
1.309744487112514122e+00
1.394163808518680270e+00
1.313637321079366593e+00
1.238995636418180224e+00
1.214783017403268328e+00
1.212068359136942552e+00
1.282386522741273627e+00
1.343098865911900974e+00
1.198939231038423481e+00
1.335770280602815108e+00
1.251183511165238071e+00
1.325620182297299721e+00
1.241162818841041515e+00
1.184507019272193373e+00
1.250035797689940775e+00
1.244447753699787551e+00
1.196311706105817052e+00
1.272586118566567892e+00
1.240845563344621372e+00
1.208533247755948281e+00
1.188082203903483736e+00
1.218372632792577903e+00
1.245297527099394230e+00
1.307561810443796491e+00
1.125713840193511839e+00
1.182588864860653732e+00
1.275724926711792495e+00
1.236707095341627261e+00
1.263696743637006126e+00
1.176399338626746616e+00
1.154531934514533953e+00
1.210686431460995083e+00
1.234336561939151977e+00
1.192347072678578757e+00
1.192229008845923088e+00
1.302205864085600240e+00
1.206631479641661731e+00
1.185834317785723124e+00
1.247172325060016629e+00
1.278286942084105871e+00
1.317942791650952294e+00
1.268808631123973907e+00
1.207199591512312820e+00
1.303068131258819706e+00
1.219188486013355055e+00
1.198965761333941504e+00
1.273354061261878778e+00
1.174657637905623497e+00
1.323540309062495757e+00
1.299411504348961577e+00
1.284445655208398929e+00
1.213791007844795100e+00
1.218694680664438090e+00
1.285196603846713082e+00
1.297133089890566859e+00
1.238344140802171589e+00
1.201767003996719874e+00
1.275318172170759157e+00
1.232547371416239379e+00
1.203684765529331457e+00
1.236874995963984647e+00
1.202933175373725572e+00
1.247730349316864995e+00
1.298303565388947645e+00
1.186512935161830651e+00
1.285048917948983460e+00
1.220186164848293453e+00
1.239978430540110033e+00
1.235493188262518416e+00
1.235695644943558769e+00
1.234222736225960571e+00
1.241059752775661940e+00
1.221011404224333630e+00
1.289788972670490530e+00
1.236173936891319158e+00
1.273023056587883728e+00
1.277957050980533582e+00
1.289014313750527219e+00
1.156754224015228427e+00
1.196755929289576414e+00
1.298536188413521142e+00
1.229789242339750066e+00
1.250577155756124048e+00
1.272448400973036575e+00
1.261793838029075632e+00
1.215235535230966502e+00
1.220057762689664038e+00
1.325293575068511753e+00
1.167207585100525913e+00
1.212879281683038490e+00
1.239555555289598709e+00
1.248276375917341419e+00
1.125735344687809780e+00
1.168871557103435155e+00
1.228068566706611131e+00
1.228629621766906155e+00
1.312085305732211937e+00
1.252940182261409241e+00
1.305193288305828592e+00
1.244310510610033393e+00
1.203896292922774558e+00
1.216653520295243762e+00
1.258367797697495183e+00
1.233899657172118802e+00
1.244606707919231336e+00
1.209025367004263884e+00
1.289546396046457488e+00
1.238758372459081381e+00
1.174052321407343058e+00
1.212317290759552746e+00
1.181977479195646552e+00
1.216150839045576193e+00
1.250283700004976017e+00
1.277160183776114843e+00
1.192655537164473145e+00
1.182397607948377560e+00
1.245014306270214588e+00
1.232489801311940969e+00
1.206883476017198253e+00
1.249430066191130839e+00
1.247891700600918474e+00
1.220880334358387165e+00
1.178742139415566159e+00
1.381210957616141988e+00
1.211033768132449007e+00
1.243085631428973992e+00
1.274552247709163311e+00
1.229845655170287433e+00
1.242082249993831766e+00
1.176993549105630255e+00
1.233607215710493143e+00
1.218868518536753154e+00
1.257238086592374238e+00
1.155686898194746348e+00
1.191669168493380893e+00
1.214111479638527724e+00
1.216009494535505553e+00
1.187200771645104735e+00
1.212372843970738412e+00
1.256536700683396734e+00
1.263411056239877928e+00
1.208448285795872712e+00
1.280065602256284629e+00
1.332904552368878726e+00
1.247658627223798389e+00
1.178273871798256822e+00
1.311045270677082542e+00
1.222025003028517354e+00
1.259716616770775177e+00
1.277299653150524072e+00
1.158534252350869931e+00
1.156630495115204882e+00
1.138285816240622861e+00
1.205681312004785122e+00
1.255621309671820063e+00
1.334345575311582044e+00
1.238902516328666215e+00
1.400603663215981953e+00
1.283524351180267642e+00
1.258513556603577443e+00
1.217720736030732720e+00
1.222859890938444272e+00
1.197792155163377004e+00
1.196931380140066281e+00
1.198044163572883791e+00
1.268386910712658855e+00
1.249831458000108197e+00
1.236398728617854159e+00
1.224200786071817815e+00
1.221560599846273076e+00
1.326632378867976803e+00
1.242598470190969140e+00
1.232440213557144837e+00
1.173212158377948455e+00
1.298517744110087913e+00
1.194850762416458601e+00
1.224577085771893614e+00
1.289975104893372748e+00
1.283442030407364376e+00
1.173556715352518820e+00
1.308047578179522663e+00
1.176460153540028308e+00
1.261668173866490550e+00
1.268858880773355180e+00
1.325970558789913989e+00
1.210119926178118810e+00
1.279552268243154822e+00
1.472665614842456616e+00
1.239455302205469067e+00
1.234403860302211164e+00
1.137587945216905094e+00
1.242980181451069255e+00
1.274347191576280069e+00
1.260560814883075809e+00
1.283504816283919103e+00
1.249689339998237170e+00
1.191786143164083267e+00
1.301214256653748569e+00
1.197925729782972848e+00
1.239881640925320827e+00
1.233587627797992248e+00
1.261874209223188714e+00
1.245593966265761132e+00
1.267987326545467752e+00
1.285566718767334748e+00
1.220535427376006510e+00
1.217859997864726873e+00
1.213247777768531543e+00
1.162981489133592783e+00
1.316843435686974262e+00
1.195732801249968391e+00
1.281203235090925929e+00
1.317474096574497766e+00
1.217046233396964272e+00
1.190321187807690251e+00
1.305912071800832353e+00
1.213148537461408161e+00
1.336207446730538706e+00
1.242726971118698120e+00
1.204232379565262301e+00
1.394952404177470795e+00
1.196252762209771170e+00
1.244090414380774723e+00
1.366922431028884777e+00
1.271026879378663432e+00
1.279033340770447058e+00
1.244967229821051236e+00
1.270471364991859753e+00
1.129789485693739826e+00
1.255079514019332043e+00
1.199649376338267626e+00
1.241760712498269692e+00
1.163975593807631492e+00
1.220426322849923473e+00
1.169284078649047043e+00
1.333422367188269675e+00
1.287076873314096925e+00
1.238715922693548244e+00
1.317140709565421730e+00
1.205485862204585867e+00
1.196175506486302886e+00
1.178281435832382540e+00
1.233065146064707074e+00
1.268257801024094800e+00
1.191005687778459388e+00
1.239321371648927306e+00
1.202582555462839098e+00
1.368471163716309169e+00
1.214886994816980481e+00
1.227454600293158116e+00
1.181763765311219627e+00
1.169326726373775216e+00
1.324439328565753859e+00
1.244312882279942967e+00
1.250529324426720823e+00
1.274476407682287871e+00
1.201504030814663837e+00
1.228795752358796456e+00
1.178651691012505109e+00
1.153716790786503799e+00
1.205056787475231816e+00
1.149475524824560058e+00
1.255353001148351799e+00
1.223604510379700638e+00
1.186226864569727812e+00
1.187333711778798762e+00
1.211146743540045367e+00
1.238827346700094534e+00
1.250970553807025043e+00
1.219393299272430120e+00
1.218824978227386779e+00
1.169854214773251355e+00
1.224859848947541296e+00
1.178946173511855600e+00
1.372359271294923744e+00
1.293460137624734996e+00
1.339854159474894946e+00
1.241811029649101394e+00
1.307290846482210611e+00
1.303349746100446849e+00
1.273054055978226184e+00
1.262277552900871846e+00
1.249105953243028200e+00
1.312122607726103674e+00
1.246482351598495075e+00
1.149938857451999530e+00
1.318547014952270224e+00
1.289320218552734376e+00
1.210243807794069593e+00
1.245980715875389500e+00
1.245433488848280090e+00
1.225894276940968419e+00
1.165827365881984656e+00
1.345030458818468944e+00
1.272907876709800323e+00
1.241071587068933058e+00
1.196221688144012640e+00
1.224549774018054205e+00
1.179807878631488949e+00
1.247386309105063207e+00
1.191326180768642384e+00
1.327076075363987195e+00
1.345216282862834900e+00
1.218422767924429495e+00
1.266651748592259263e+00
1.209501014785832052e+00
1.209338214866738204e+00
1.256627991901911878e+00
1.238481928348588390e+00
1.281649670940854024e+00
1.253093991589330436e+00
1.249607332722209696e+00
1.178619683197299484e+00
1.139906421714138141e+00
1.247644264308964024e+00
1.173120651105798107e+00
1.222356227317417776e+00
1.158864291711997785e+00
1.344655953625604417e+00
1.311652658503013047e+00
1.213737694820585356e+00
1.234018563856017936e+00
1.193020610866557529e+00
1.163846540311265221e+00
1.277373072194352144e+00
1.220471960631134944e+00
1.256019942206547446e+00
1.248503777792943970e+00
1.260642328843872839e+00
1.275424962610938628e+00
1.269566765979183831e+00
1.245401666197168522e+00
1.237468578517480156e+00
1.303163357604985473e+00
1.307816435631640406e+00
1.164038572153331508e+00
1.280910058057962653e+00
1.275070575048732779e+00
1.206397740705655641e+00
1.185114213642340930e+00
1.172321484726684737e+00
1.276089811301271970e+00
1.218168105764365183e+00
1.297767136398160659e+00
1.215677134964486372e+00
1.277473114783685970e+00
1.239178449371135304e+00
1.224144300108525041e+00
1.277579928596777936e+00
1.246699461503605999e+00
1.182807382241791272e+00
1.182317749293913645e+00
1.167130757758339188e+00
1.291990182301228529e+00
1.182268134139360161e+00
1.283199215178112418e+00
1.239268564524378169e+00
1.255963624187098171e+00
1.265534235282490316e+00
1.305106797712728417e+00
1.276525681523055011e+00
1.233791357754737472e+00
1.177178823324769086e+00
1.234414625332743709e+00
1.270013635383733686e+00
1.224861681786118872e+00
1.206454560756276662e+00
1.236487740604665264e+00
1.221793836131546129e+00
1.301365003220622985e+00
1.269212698618424451e+00
1.280190479176261054e+00
1.267044023900834926e+00
1.222512088599779112e+00
1.320757582383593309e+00
1.182859636856710583e+00
1.197436470990052904e+00
1.212615500662357348e+00
1.278401852523241455e+00
1.384848396547928573e+00
1.217671706217416494e+00
1.195903295294541202e+00
1.224805172651419749e+00
1.231799484251705934e+00
1.367873454743872674e+00
1.204171454721461254e+00
1.197225959300013631e+00
1.226005996674432996e+00
1.209826663699201221e+00
1.292221890224140912e+00
1.277458202591638337e+00
1.257971441722381067e+00
1.223805004439325161e+00
1.355004523761886182e+00
1.203660634995409318e+00
1.314702145506276842e+00
1.270244311140634075e+00
1.157015594125997637e+00
1.213856564104605740e+00
1.205613927404855401e+00
1.279214815805652217e+00
1.241008150823034395e+00
1.243024297798248190e+00
1.252079182342096697e+00
1.256653358190173764e+00
1.285307338302106084e+00
1.143162967042205880e+00
1.229711850209173729e+00
1.283875385224659382e+00
1.299285416927129955e+00
1.216885936801634038e+00
1.216855043272415449e+00
1.392985550193919009e+00
1.168118009026395843e+00
1.188994889022475077e+00
1.377411217875191385e+00
1.296759991601293072e+00
1.213234683172942363e+00
1.182617188510877826e+00
1.178741134412025549e+00
1.271089101781850639e+00
1.315841549897345697e+00
1.337914182251355610e+00
1.226180483553572342e+00
1.273793602938606551e+00
1.206291360765326059e+00
1.261111156837575020e+00
1.179055554989739685e+00
1.298948184341049528e+00
1.349568210226600007e+00
1.279498666995641409e+00
1.313664683540260780e+00
1.288255058274156983e+00
1.174047812007473990e+00
1.319035747860457075e+00
1.179647929977641230e+00
1.231162575211734111e+00
1.221266159594020628e+00
1.224363862039275386e+00
1.250089071299635091e+00
1.203466935043407293e+00
1.274817989193010481e+00
1.266337876453639044e+00
1.202097764460662965e+00
1.260511926311875142e+00
1.190458333267514712e+00
1.298236439035784784e+00
1.318176254900233157e+00
1.234286589657976441e+00
1.303416405655300592e+00
1.248473613696052142e+00
1.284149995268149658e+00
1.168856540427295254e+00
1.220801718327351182e+00
1.210293159395245732e+00
1.266902623184555043e+00
1.248377962713111966e+00
1.180563661407755705e+00
1.250343740159364891e+00
1.234660268116026138e+00
1.212987274213866984e+00
1.289181484242108100e+00
1.290346447504359562e+00
1.203341496981076064e+00
1.268163951643787257e+00
1.228128231709056717e+00
1.189104878105477381e+00
1.252599572072937484e+00
1.201708556310875142e+00
1.357692704874586154e+00
1.297371255896157649e+00
1.344744770399600053e+00
1.263167239866952007e+00
1.284927623804374974e+00
1.156319761548657565e+00
1.298724255051962428e+00
1.218644503973546733e+00
1.211693075850052814e+00
1.198356116918343872e+00
1.171148204199512266e+00
1.207557091867204946e+00
1.244187673057159715e+00
1.230031961255792616e+00
1.277360698679752105e+00
1.197960898892445059e+00
1.263135161069190326e+00
1.210874752420565414e+00
1.265636309007917015e+00
1.260547931385477938e+00
1.276724279690738983e+00
1.318050837051657487e+00
1.345500871607546722e+00
1.230593881071353257e+00
1.325037908148823718e+00
1.236026003129032880e+00
1.327436847443349999e+00
1.223528666289833922e+00
1.227438734749859428e+00
1.268026088581065025e+00
1.291259975541712679e+00
1.233703806687716620e+00
1.329756039703094528e+00
1.277702984405592490e+00
1.170364690691969578e+00
1.228899999457155223e+00
1.313119704478467709e+00
1.189713509105326805e+00
1.312075732534447869e+00
1.173960587329036853e+00
1.284671473631800565e+00
1.189708797499082094e+00
1.268205154772082510e+00
1.265992070443706430e+00
1.262492992852658924e+00
1.289032608134719871e+00
1.307264188454658305e+00
1.227846501461784312e+00
1.179185264270717681e+00
1.189429454694502786e+00
1.242318825288295736e+00
1.272113400834452346e+00
1.283878687515796146e+00
1.193465504903135521e+00
1.200009843649877617e+00
1.231890462776792372e+00
1.216337360217772057e+00
1.240816926984424695e+00
1.363573320388316468e+00
1.316437527277918296e+00
1.188094825863115211e+00
1.207582376898224119e+00
1.249220754657745847e+00
1.278485695629426599e+00
1.234131760320636539e+00
1.284647558435529247e+00
1.137199780144454442e+00
1.273209972616770713e+00
1.205869725048819063e+00
1.269043637947161685e+00
1.309892724883442217e+00
1.305021915697200718e+00
1.263505595925621172e+00
1.198360657766370796e+00
1.217219799898717092e+00
1.255133551094718358e+00
1.224426357222112127e+00
1.226204957135567097e+00
1.186715475957675903e+00
1.286770673573679247e+00
1.235696921143908833e+00
1.232664965028267945e+00
1.170027732758023742e+00
1.291970340373581827e+00
1.249583260918891936e+00
1.193817626552128974e+00
1.194195816065091176e+00
1.192498454271107899e+00
1.253807019955769153e+00
1.273152239561523125e+00
1.173109719702992493e+00
1.219454314190670852e+00
1.300459480355792063e+00
1.233357665847465201e+00
1.183232016044802437e+00
1.286883498496331546e+00
1.191041150960018058e+00
1.230337523187450266e+00
1.343540004110373554e+00
1.237158022689294645e+00
1.226138260803179003e+00
1.341361913463991584e+00
1.213322420131737633e+00
1.275537012605494125e+00
1.222529930267281184e+00
1.254050307432383660e+00
1.314409810667726441e+00
1.161888347846095959e+00
1.262026163785033184e+00
1.245350060839218509e+00
1.234715840876312365e+00
1.192105850448167859e+00
1.286300074705356122e+00
1.167227019084503992e+00
1.214237956646539773e+00
1.301804714906320548e+00
1.195252788345597228e+00
1.261823980591437966e+00
1.213565952980810714e+00
1.191478744875245077e+00
1.343594089997718566e+00
1.209973455155944233e+00
1.313149153904445754e+00
1.217928223755047057e+00
1.179773113406223706e+00
1.198828827328898505e+00
1.271983510164610198e+00
1.189653721940437281e+00
1.334440917860996390e+00
1.281719745705435676e+00
1.241210181843743543e+00
1.236081970840839706e+00
1.200628732475090166e+00
1.157469311593676498e+00
1.262211447570364520e+00
1.242970326109489987e+00
1.264931049183177558e+00
1.209008572659936664e+00
1.240870521175307717e+00
1.226437750229153689e+00
1.244906456754393931e+00
1.184657375551012581e+00
1.178575582104630870e+00
1.218098375392260291e+00
1.279156761037842038e+00
1.284984652792948046e+00
1.243543469491109166e+00
1.233485729870958281e+00
1.237235654267443863e+00
1.222398175701866707e+00
1.200182341692633159e+00
1.228091098227524380e+00
1.231327090132582125e+00
1.394112054304922133e+00
1.161998219636695584e+00
1.201315712535230285e+00
1.264093061077609104e+00
1.209349325632915972e+00
1.280482712818766800e+00
1.346900306670055336e+00
1.281431403116516821e+00
1.288054796059782570e+00
1.186492727504224964e+00
1.249798503680210393e+00
1.189334230722840724e+00
1.205606287529948695e+00
1.293800453342296652e+00
1.291647797980530754e+00
1.385824967043317590e+00
1.321083514108680301e+00
1.270633574618615258e+00
1.302875717251896992e+00
1.248943508023023341e+00
1.291995225403525183e+00
1.265380347398888716e+00
1.242363622147441893e+00
1.162465102483946522e+00
1.225870440018345997e+00
1.284093897005496032e+00
1.155340003887550537e+00
1.343828138816063777e+00
1.209708854248673360e+00
1.220875433425590906e+00
1.219004199693489943e+00
1.162615055695603861e+00
1.282754861112945122e+00
1.239548201397185911e+00
1.232418987941113819e+00
1.195228234433045600e+00
1.224160182596201851e+00
1.188102780625111210e+00
1.280397943886434353e+00
1.188068421758473603e+00
1.248672602838341916e+00
1.310207655548372596e+00
1.227353158729397098e+00
1.296622408345746269e+00
1.224876584195142781e+00
1.278736060077910519e+00
1.204353370742650364e+00
1.251026589091558838e+00
1.245131704689558250e+00
1.219563862902321771e+00
1.240462333556443753e+00
1.283220984546739718e+00
1.273620162901729191e+00
1.318886037670390809e+00
1.279189438012374280e+00
1.282678543963635232e+00
1.208330998450413363e+00
1.236356521230849603e+00
1.201576943445539225e+00
1.239984430249394753e+00
1.201988166509635247e+00
1.305673357316965655e+00
1.235353109421281737e+00
1.202649809379695123e+00
1.218058090215609290e+00
1.309730317428259516e+00
1.191932191492739213e+00
1.230386402639323862e+00
1.295484383932863359e+00
1.258097893251197474e+00
1.165230770596868304e+00
1.279037407555039030e+00
1.266410567450442004e+00
1.320467582593625400e+00
1.261941932609747852e+00
1.202779986007616708e+00
1.257465944239308353e+00
1.305587417874493950e+00
1.231490003616586559e+00
1.283222662160624195e+00
1.233293966723804314e+00
1.200073488048769121e+00
1.209468690378349143e+00
1.218039277347141347e+00
1.300339986231988210e+00
1.249301813849805765e+00
1.407016388238477855e+00
1.275068660549063093e+00
1.292085288793398457e+00
1.348529534103456662e+00
1.295997598936084572e+00
1.235907137378784437e+00
1.244469406698309077e+00
1.282628724313242596e+00
1.170834735629209700e+00
1.191502644177786729e+00
1.186377617863859646e+00
1.182092594568775246e+00
1.159203790642490572e+00
1.300225386963523189e+00
1.230712182748993522e+00
1.163744630312602890e+00
1.269946907148458815e+00
1.241334665427858308e+00
1.176313641731866477e+00
1.238722440769495448e+00
1.200417258418732924e+00
1.257685115428516021e+00
1.265939024854118911e+00
1.192490096088681506e+00
1.316366806703284320e+00
1.225270187538982203e+00
1.180041733018189154e+00
1.168763986244999442e+00
1.331601961427403502e+00
1.226771147446942489e+00
1.220068664616673848e+00
1.305292941803520845e+00
1.241646950876549305e+00
1.222832503907021806e+00
1.213390463523336793e+00
1.223671530807215468e+00
1.130484706834578024e+00
1.219655018329675045e+00
1.289000002085219698e+00
1.328311808793519511e+00
1.362478928307014892e+00
1.290152987842338117e+00
1.222692240510237616e+00
1.240203025900940670e+00
1.297396183050615992e+00
1.198813609681727010e+00
1.215399391673564145e+00
1.243780426859614874e+00
1.228995486640179990e+00
1.214317552546147150e+00
1.258834605740412282e+00
1.297058307437202629e+00
1.310307089248359480e+00
1.321898327166268983e+00
1.189215478234384671e+00
1.230623176779875649e+00
1.276016240933741885e+00
1.244366762684228744e+00
1.232159088846160211e+00
1.259649809979926260e+00
1.227465818630562699e+00
1.202017752963098651e+00
1.247304394313145881e+00
1.229159994309209081e+00
1.273189857027671401e+00
1.233672715710961265e+00
1.219426741406297143e+00
1.220737071928953643e+00
1.286145063181368897e+00
1.175553012047757528e+00
1.211730890779450620e+00
1.207162850189449133e+00
1.313798900455859675e+00
1.193646322539289706e+00
1.222550077625085274e+00
1.422393224597809036e+00
1.257010016497463800e+00
1.223043407668331861e+00
1.238534846426182057e+00
1.241405573702442533e+00
1.275427385047305906e+00
1.211710792503008394e+00
1.257394907149227414e+00
1.260236184314220242e+00
1.283258718345702487e+00
1.262222002047923564e+00
1.255440161175960689e+00
1.288573476171798404e+00
1.261017436229508792e+00
1.184500189500773626e+00
1.171581134537267754e+00
1.287255009488626367e+00
1.330331407716128123e+00
1.222440897013568506e+00
1.345389664068123770e+00
1.191646415612971355e+00
1.256167094512378846e+00
1.263765699999750192e+00
1.360788970376666907e+00
1.208119607991398281e+00
1.203626706606557129e+00
1.229592637133724242e+00
1.157680918849959495e+00
1.251651927695010880e+00
1.229116819562467322e+00
1.320890802176166723e+00
1.286190556545833141e+00
1.172310980572171868e+00
1.209567000173431106e+00
1.200716761947275391e+00
1.230858020043463563e+00
1.201640780313803392e+00
1.201923956708437657e+00
1.276358792033408962e+00
1.390055921673673867e+00
1.239570773062530051e+00
1.235770437603072258e+00
1.225004893000940953e+00
1.359629735791110017e+00
1.213049899160824951e+00
1.183996541943569403e+00
1.271106074589673174e+00
1.222272732309778842e+00
1.293873604437504543e+00
1.256423180435576992e+00
1.216195116295020417e+00
1.307782319739780208e+00
1.221212795371977577e+00
1.206934635314076409e+00
1.288919397312621173e+00
1.300821294835173392e+00
1.203872126105329121e+00
1.329970540692136938e+00
1.169780216102237258e+00
1.216960370387939916e+00
1.254979375834559097e+00
1.309113786314817451e+00
1.242817944960015408e+00
1.386915848514274074e+00
1.178512217727217593e+00
1.189082126666938022e+00
1.140777829799305865e+00
1.252556956160336465e+00
1.287398594045605638e+00
1.242116024753299852e+00
1.230157673263871265e+00
1.243089390311042930e+00
1.296346826654134921e+00
1.210544077911707372e+00
1.219330573623868652e+00
1.321980619701221826e+00
1.205502961353833502e+00
1.272562228477826185e+00
