6.196333969926772767e-01
8.781069288888293523e-01
7.823892377376516494e-02
3.183636618607154078e-01
5.486501414950644140e-01
4.166787859208983535e-01
8.414990123359136209e-01
1.379943882190991733e+00
1.291252274433707159e+00
5.572651986436225613e-01
5.088863645626791055e-01
7.947898526426382393e-01
7.262672178242597643e-02
1.177476783527202225e-01
4.641650301999256101e-01
2.030138015900242898e+00
2.225095009803036650e+00
8.635284018294304698e-01
1.809195972547085474e-01
4.519916935651611678e-01
9.251456428411533039e-01
8.468076724188706716e-01
2.117224863668787926e-01
4.404326125242161716e-01
5.489092838189696399e-01
1.132472307356453323e+00
7.548231626150034845e-01
6.458796391542096504e-01
5.008719500197720276e-01
8.932963328765936017e-01
1.624240084039518806e+00
1.625954012973584328e+00
2.641255141757741787e-01
1.916668119788432489e-01
8.714869217229592735e-01
1.059615950127639650e+00
1.013578119886133777e+00
1.372973306813095151e+00
2.511528419366108045e-01
6.294063338029470822e-01
1.449992796667782802e+00
4.187083224446654373e-01
1.078480139749131705e+00
7.607454294014965868e-01
2.651139995803988847e-01
2.046948230827354998e+00
8.110304715157928834e-01
3.129859100006414652e-01
1.246024195434418669e+00
1.184957372636084028e+00
5.017937867500090743e-01
1.709732195405774480e+00
4.115163475385061886e-01
9.748409955174683339e-02
1.168427043483580618e+00
9.938855853957431208e-01
8.092115177612668742e-01
3.641015889787019288e-01
3.937518707371665538e-01
1.332474811217089494e-01
5.204085121028645400e-01
4.838917529705023535e-01
4.260010022564434395e-01
5.467337134136166510e-01
7.824258906854131279e-01
6.247074488913841872e-01
1.162009621284651129e+00
1.267535786958567945e+00
9.044591616344103968e-02
4.768483898263086718e-01
9.842668277941969412e-01
3.778935988848002858e-01
1.003239299698527986e+00
2.413029480490108125e-01
1.380990262988388118e+00
1.550907323224452794e+00
2.095948004500032269e+00
2.360744447637656229e+00
7.506227472964039915e-01
2.619058556575077912e-01
3.855991130706095671e-01
3.102829846572855987e-01
8.513131153118745909e-01
1.123318617690184151e+00
1.007510608688415132e+00
1.214425153776627520e+00
8.675645038220644034e-01
1.755341945673737913e-01
9.382184645911537668e-01
1.625389061697372073e-01
2.079343566454652792e-01
6.925193882440299209e-01
6.425915707746598926e-01
1.178957929948797057e-01
8.245853351384564711e-02
4.680785057313241460e-01
1.240936275927726928e+00
1.431236150966652410e-01
7.277583907785921680e-01
9.342089241265147392e-02
1.698195133739610896e-01
4.044432629958712999e-01
1.200330440799822318e+00
7.980490382444028752e-01
4.722530760633935065e-01
2.036156403401580550e-01
4.356932700099991895e-01
6.631818649440327507e-01
7.992003550868750361e-01
6.595589004360667973e-01
7.093861957229691262e-01
2.993523291799348174e-01
5.392142995851104681e-01
1.589293731072213500e+00
1.349455009688255380e+00
5.320920495135983419e-01
9.771265117996434935e-01
1.243301099574422863e-01
3.777715135953627623e-01
8.364801345193357829e-01
1.904135135482739327e-01
1.624052003392298049e+00
1.326896918638066913e-01
8.309803958385455491e-01
4.612156373478282223e-02
1.311717803444687469e+00
6.398180978471856850e-01
1.269703019063339378e+00
7.772803095185529254e-02
7.121477536494704719e-01
5.527718370534759895e-01
7.042414224398129141e-01
6.165634678598882479e-01
9.572699081764659557e-01
9.618337356075808975e-01
1.386540263207449275e+00
3.412716730427223788e-01
1.522307262042252418e+00
1.400394305604059531e+00
6.313219622249686136e-01
7.964661272007764747e-01
4.953406318363092753e-01
1.873081943974143071e-01
6.558182069840590156e-01
3.815293671565211375e-01
1.066221583674514584e+00
7.817052731708684643e-01
5.220241847333209062e-01
2.097462685041881214e-01
1.530068608410342090e-01
1.164920668022968897e+00
8.063148430456829052e-01
1.611845463827346614e-01
3.449334645796814369e-01
2.627423417033104003e-01
5.990745400242173530e-02
6.896516190734771623e-01
1.123892345427084827e+00
5.919399159666614146e-02
2.666638437676128182e-01
6.549274139264248396e-01
7.317628464652716769e-01
5.143697281916557174e-01
7.314255239794557051e-01
6.201037771070441185e-01
5.182718138422398590e-01
1.069127524685449915e+00
3.570831923145481590e-01
9.299257892541229475e-01
1.413513258789708349e+00
1.304649305952111815e+00
9.903124222906990737e-02
8.956360422161383505e-01
9.670670020126451161e-02
2.612350602032292857e-01
1.326029192065864559e-01
3.047905020858984182e-01
9.311401783125831111e-01
3.154856700466998065e-01
8.106873980857047801e-01
8.214871514932005070e-01
1.031518015676430533e+00
2.174200434049163577e-01
8.810264774187726022e-01
1.756642832279988742e+00
1.479783660617896457e+00
9.924749357763122948e-01
1.198733909749355231e+00
3.538103233911502610e-01
1.151763088989615103e+00
5.102896186055635441e-01
4.078478444211642295e-01
1.016401515103117631e-01
6.596645256674891211e-01
6.709232858949853995e-01
7.057186470662700772e-01
1.150273487399133376e+00
1.686685062585462802e+00
4.859813996012780635e-01
6.467714699987052729e-01
2.401939879532916766e+00
2.036694648470854518e-01
2.359889550879596509e+00
1.449764754222044427e+00
1.809010337692727455e-01
2.254855426357564030e-01
7.472708476247904574e-01
5.393279996436015633e-01
1.774318268728087844e-01
9.724958400686677384e-01
1.330633674011053869e-01
9.217055925870901723e-01
4.237305295945284489e-01
9.173819082994907337e-01
3.431785322062504417e-01
1.549904250150256069e-01
8.545941407060387851e-01
3.754134398497720460e-01
5.942290324079270158e-01
7.570740034419469744e-01
6.468314558437482376e-01
2.068154659252925964e-01
7.857107205219800994e-01
8.732463953851453686e-01
6.796843869696489460e-01
5.009800472527824455e-01
9.270992051827301461e-01
8.637522352190402097e-01
1.065253641640894866e+00
1.307423311103399932e+00
8.955545697964877316e-01
7.270379290666906247e-01
2.738829570656609036e-01
7.358362219519419822e-01
8.725255903278308356e-01
5.382138659986064333e-01
1.918382767361549668e+00
2.575167993636821584e-01
2.151110464863599248e-01
2.982066722029313999e-01
1.206741114573782969e+00
1.571825505240839416e+00
1.837942514359371060e+00
7.224294122940453367e-01
1.210857250228708271e+00
4.344915166401225326e-01
1.774994033089176970e-01
8.332643846870665394e-01
1.031805177741285551e+00
1.891676984488887214e+00
1.378272844186116064e+00
8.755123784450515867e-01
2.021806668438136945e-01
1.565209569057544714e+00
1.163929345506538704e+00
2.018414572159771964e-02
3.187749082349686791e-01
7.651238354209158876e-01
2.035413846573474572e+00
3.342468900917467400e-01
2.140918194379237693e+00
3.761315874559880701e-01
2.654183272444038955e-01
6.601604597106716099e-01
9.310558806682406319e-01
2.614209663021352936e-01
4.968861049723645174e-01
1.956202186862809889e-01
1.084707053941159349e-01
8.079682673142686289e-01
4.419281353658456868e-01
1.761413612752414370e-01
1.283878649462306232e+00
2.507858827910999788e-01
1.232769809317634913e+00
1.229828821412711992e+00
5.251194424409622030e-01
1.038096829042592040e+00
1.039633275589090022e+00
8.455464927132817499e-01
4.199960133341847923e-01
1.386603578116619495e+00
1.041876440162420758e+00
9.524662093863371926e-01
2.197280781192294530e-01
1.604264999914068457e-01
1.668273086682300343e+00
1.359272494523378949e+00
1.781274113848738239e+00
1.147078799618570955e+00
3.667117773068639397e-01
1.493987984213831499e-01
1.377500810260491093e+00
8.765399441795512780e-01
3.285412384460163482e-01
1.213434728949020824e+00
2.157737112678936309e-01
7.134956084110612995e-01
3.541762508066267356e-01
1.033671113257038421e+00
4.694982817361257332e-01
1.953731203854361664e-01
3.759494637847516918e-01
6.102349929474839563e-01
4.930740999154943904e-01
1.634120523176976481e-01
7.581787037924282435e-01
3.356160270181597349e-01
1.702264075920344011e+00
4.809593732138040534e-01
5.570765530550572109e-01
4.723938484990167774e-01
2.748140468765927213e-01
1.952478572969164050e-01
1.819252303456089237e-01
1.265195522868743705e+00
7.244451661378235041e-01
1.644361592024559560e+00
3.159749917561053278e-01
3.778852315993160849e-01
1.416345028777117765e+00
2.060325877244450210e-01
5.881557957111831492e-01
1.621716231306966072e-01
3.533433307524621592e-01
6.586002110750289740e-01
2.661813955117836583e-01
1.536466476285347715e+00
9.968835836681482210e-01
2.451419036125590090e+00
1.839794079547118599e+00
3.741210893340711219e-01
6.226442055832512867e-01
3.150101376037506840e-01
2.074290219211821218e-01
6.352303182194162234e-01
1.702103060577772053e-01
1.028460842281670340e+00
1.049724353221150874e+00
4.403425968315949346e-01
1.130326959534185605e+00
2.034969437992942554e-01
3.379088388869132542e-01
1.300687525508825715e-01
1.059695929350348287e+00
2.018982681490122388e-01
2.108039435934270678e+00
3.638814711896424803e-01
3.148327635988510953e-01
3.127652590667337473e-01
8.128701423202976395e-01
7.601044120605958687e-01
1.025467849764010619e+00
2.190193222879091017e-01
7.826510817076550719e-01
8.430113928642979371e-01
7.879288244605839875e-01
2.997940919296256945e-01
3.607234881694176276e-01
1.246733136132526898e+00
4.573675166622994115e-01
1.098135635893548789e+00
1.972014660782112072e-01
1.441248819613589527e+00
2.540432692338594922e+00
7.343355930340794702e-01
1.489061182176299791e+00
4.678595146264677984e-01
1.145945506909872069e+00
4.811918280717204510e-01
3.108002136604673393e-01
1.082597830824202578e+00
8.718331821284202032e-01
6.632007409894213890e-01
3.052658529735815529e-01
2.036813859518251668e-01
6.843675345213842132e-01
5.185662067122550622e-01
3.679521778073065463e-01
1.167027872742612660e+00
2.374973026836881274e-01
4.643886613512998585e-01
9.800937324273547580e-01
5.952030174863254253e-01
2.838431335942219191e-01
3.593207579003118712e-01
1.622888305206671378e+00
1.047411871341935363e+00
2.767454028188844339e-01
1.051155361877830652e+00
9.840028133491651730e-01
4.697806318021848782e-01
6.136316935524426253e-01
1.110808702321600894e+00
1.110999232162758421e+00
1.389115475522302967e+00
1.505779819819290211e+00
1.190586690934437808e+00
1.852514730258862374e-01
7.408586792830693657e-01
7.758540250804185634e-01
7.393320957064180021e-01
6.883779302306707315e-01
3.277599283359305393e-01
6.963187342333723162e-01
2.070193834960362411e-01
8.123019281147682014e-01
7.217590644549192191e-01
1.099035399132074264e+00
7.924331209997144132e-01
1.479760295908835621e+00
2.916447530171036306e-01
1.241634769486028578e+00
7.768224609050591312e-01
2.189731215662971131e+00
1.254334901815049863e-01
2.552249028602640579e-01
1.651001504666099517e+00
6.783802315480395029e-01
5.799898941119875362e-01
2.286706997815067532e-01
1.026253971082091432e-01
2.269181309511099531e+00
3.739906876216844145e-01
4.611591668399361299e-01
5.073012076266999459e-01
1.507800388325467866e-01
2.059013369182613185e-01
3.544610880232540451e-01
1.249010282930887589e-01
6.960196559718887510e-01
1.859947896015335944e+00
4.543192341761836950e-01
5.953672752615364328e-01
5.160887771906480515e-01
1.227196152290960907e+00
6.219910481215221720e-01
9.239155237985713365e-01
6.020647391807891768e-01
1.930335243082959562e-01
2.770479683106059077e-01
4.347747961664418237e-01
7.745729867134494295e-01
2.264736749153856699e-01
2.981816263047461502e-01
2.940308748603500111e-01
8.008442536057513994e-01
1.973239407105102095e-01
1.118007529223358221e-01
9.714364976836563359e-02
1.773101012030506185e+00
7.047042098296760759e-01
4.145267287847219650e-01
1.089612921695417125e+00
2.612189569628967645e-01
1.192394352500433019e+00
5.891731954953441930e-01
6.240865575154755929e-01
2.043441862455869451e+00
1.821199789966152949e+00
9.999106124627982206e-01
3.163463228021348161e-01
5.008041366590567645e-01
6.669179806431493329e-01
6.914795011904313338e-01
1.044474088596016426e+00
6.318272350976139595e-01
3.899973335543301944e-01
1.526666617270162396e+00
4.815839992779532563e-01
7.062493178597188948e-01
5.835806290975018573e-01
1.137880525671923326e+00
2.562159383742518837e-01
1.900664400317844949e-01
4.514238543957437844e-01
1.516158669618156596e+00
1.749957411436816879e-01
9.839311370161082371e-01
9.480342274063447983e-01
1.125997127847029544e+00
1.644535447518165272e+00
8.320462530985082150e-01
2.868118966721114216e+00
6.510977432242973650e-01
9.916365160253276523e-01
1.263151184225774326e+00
1.411195313802060314e+00
4.304608236899054030e-01
1.182337610412108608e+00
2.551280586920419147e-01
1.596185266639799372e-01
2.255531875961791055e+00
2.328363738324597532e-01
1.119405563512668317e-01
9.135580047370522871e-01
1.285917281708556903e+00
7.877677259257584996e-01
6.421510542438277347e-02
1.585476680115403547e-01
