1.233400549661320955e+00
2.196785360227765105e-01
3.777148763594739278e-01
1.980194034385504454e+00
8.595594660223161432e-01
8.096886933457450586e-02
1.171353999138458751e-01
6.016262393850329016e-01
5.396257251031616464e-01
3.716562329292686928e-01
1.126618842359435879e-01
9.789058349296546613e-01
3.815550857676599517e-01
9.536012718088500151e-01
2.173676399734973397e-01
7.766748493384332264e-01
1.981463602653167566e+00
9.090690739230431472e-01
8.173052393359396817e-01
4.606729840424114708e-01
5.229547696991867500e-01
1.056434791961393893e+00
3.431308335110876406e-01
9.836578105017569351e-01
2.723982667512286349e-01
2.692358332700513501e-01
9.080865452699795615e-01
9.871926062192043494e-01
2.004141173481290006e-01
3.448699642671414489e-01
3.060808843690011050e-01
6.120776253705735304e-01
4.158496395033289827e-01
1.585498713021643302e-01
2.679308545826469823e-01
6.204696451115327971e-01
1.029535612796016047e-01
1.573860694864007703e+00
1.152866490147500977e+00
3.254148018222319472e+00
4.964103476610247645e-01
1.067188273029589407e+00
1.355579052773155713e+00
4.866900174994951978e-01
4.679716778022626755e-01
5.926913669937453610e-01
8.395064063751597194e-01
8.084265968017904092e-01
1.422174045586119595e+00
9.459670301271820847e-01
5.456567916479018177e-01
1.125986699488962461e+00
1.163206540813149781e+00
8.737005917572098213e-01
1.704713256258491683e+00
8.061976185748056523e-01
2.176222330777692338e-01
1.080629928547798269e+00
4.503331954417538752e-01
2.944340161650498833e-01
1.202920170066331673e+00
1.113745100416163369e+00
5.528648328084140307e-01
1.018138150889132065e+00
7.677155798505100326e-02
6.876690838069807743e-01
1.515151483818001577e+00
7.463675840725100263e-01
3.032739119314155074e-01
3.155648058159906677e-01
1.014145037432425955e-01
8.570734773389846461e-01
1.521671516246544398e+00
5.813888357733891787e-01
2.492438862905631825e-01
1.388118463454756979e+00
6.328932907439643873e-01
2.927058073587066600e-01
3.262817411843038640e-01
6.574537872252042003e-01
7.053948419338579301e-01
2.071925055884501210e-01
1.283273667324707490e-01
4.211670568532477898e-01
4.176902330494230431e-01
7.849307369975712101e-01
6.362693657684558302e-01
9.878405863786486885e-01
2.559794985248921573e-01
8.158670231889670887e-01
1.840101795695892717e+00
5.779430868763786311e-01
1.161090134023113229e+00
8.188236954724341654e-01
3.155977243424040179e-01
7.616369452115595573e-01
2.173146612977915892e-01
3.714220984890484467e-01
6.768262331635286344e-01
5.004587599490364358e-01
1.016198520655380744e+00
4.237003949329517516e-01
1.320914850375258354e+00
1.868418712028628637e+00
2.008969604726273395e-01
9.491834262089303698e-01
1.752336232793229698e+00
4.407451440337813442e-01
7.097958046764649698e-01
1.210503199414190156e+00
7.082553750784204016e-01
3.826538238406625991e-01
1.299661651725220413e+00
1.120332607367690692e+00
1.401311960532132250e-01
4.476061180914972515e-01
5.579475108768340297e-01
1.651355379716936245e+00
5.190766637767595393e-01
4.997503552112118608e-01
9.604829036869195757e-01
3.326461778980931983e-01
5.486229336249356381e-01
6.888250814790342069e-01
5.088224744612273032e-01
1.289231260919087685e+00
2.369660481554602127e-01
3.832125772736700298e-01
6.367507871845119738e-02
7.715986195122586100e-01
8.978793703684806449e-01
2.348237693370607837e-01
7.085873992696729573e-01
5.003291284989098697e-01
1.136629319032513435e-01
2.534376702401889836e-01
9.798444561020686061e-01
4.633008076821695242e-01
3.961895856093688439e-01
4.727083575736347743e-01
2.234204117003887879e-01
1.611242506222288762e-01
4.031875823423958782e-01
4.844739730326638183e-01
1.089493525464757945e-01
6.250651137869763785e-01
7.845258957652119225e-01
1.613653189779050479e+00
2.121949863039117867e-01
4.943878978545352965e-01
2.833552066131787561e-01
5.670552278789617873e-01
2.274310107689962557e+00
1.105186584928476573e-01
4.611523339804841082e-01
5.679625817045279579e-01
8.246152101810013679e-01
3.564126785001886510e-01
1.489670749153502616e+00
1.259016031739834673e-01
6.983474546960015683e-01
6.054295041746755590e-01
1.538702901392311195e-01
7.354018989030658426e-01
9.508823993819055520e-01
1.061960277053654034e-01
2.328201644638317747e-01
1.881198261223478330e+00
5.071926906989595446e-02
2.612042038990320392e-01
1.905019161871666311e+00
1.216052257529052216e-01
1.250712086233142228e+00
6.487347347497753880e-01
1.145730827967746501e+00
7.986353559611873987e-01
3.319303272842003549e-01
1.474922462836567805e+00
7.325726636898315380e-01
1.920679592757468801e-01
1.060743949472630066e+00
5.100216879019416893e-01
2.618796156847826850e-01
1.217955385124446011e+00
8.001077648681391707e-01
7.306183928699565566e-01
1.561487161187596229e+00
1.001370012479128491e+00
2.725050547885223828e-01
3.415726350738145789e-01
4.667837962746402281e-01
1.303884605022586296e+00
9.383351043386094492e-01
7.537580829925805137e-01
3.628999839959682894e-01
4.733289026147176060e-01
7.918532721690471066e-01
8.112966854906901171e-01
1.553107803121064889e-01
1.024067837411445803e+00
6.819369666854602219e-01
7.367261412542005505e-01
6.026200826015494227e-01
2.182645202075071400e-01
1.057662508710906168e+00
1.107778901654874887e-01
4.286697781514930972e-02
1.169871042183859844e+00
3.839082994963304296e-01
8.123160810258502895e-01
1.036280539970014791e+00
7.861537404812978247e-01
1.647162611546844346e-01
9.761000450929548933e-01
3.096760236759045215e-01
5.665519935099919829e-02
7.227000413681381463e-01
6.375763652453744212e-01
3.422213334342666946e-01
1.009939167003511162e+00
3.393475554816025030e-01
4.456556784710128949e-01
1.294624394884233087e+00
2.989764061088432401e-01
1.247864233560282088e+00
1.006653905653334569e+00
1.404383094265934773e+00
2.101360035729482156e+00
2.811789155968594800e-01
1.182539634623335889e+00
5.680508047387451409e-01
6.169084519471954575e-01
1.292896398331878860e+00
7.170366628553695998e-01
1.653083109827961250e+00
8.529309977767531858e-01
1.182537421629528573e+00
2.069104133614011243e+00
2.388179668655219245e+00
7.983181209299041736e-01
3.722722963595742618e-01
1.541838243289603172e+00
8.776234553361736968e-01
1.162158407361896462e+00
8.096764279705201961e-01
1.801133100791607600e+00
2.320440035278022450e-01
2.064249406332765990e-01
7.850426496250133557e-01
7.158619245153632349e-01
5.048945386866822149e-01
3.099970365670140504e-01
6.547224427111618672e-01
1.410658093333575724e+00
5.039924556925108323e-01
2.254328959982344893e-01
3.218886169551130605e-01
1.147400414529979873e+00
1.746219860024799675e-01
6.796792813614103146e-01
4.908249874090335751e-01
6.138385433004128755e-01
9.364454643704729353e-01
7.647205783098069976e-01
6.279513996494391348e-01
1.016222661088911350e+00
2.781280936176436791e-01
1.401888439350407412e+00
1.274563092545009546e+00
8.641117681619008284e-01
4.610443027720665943e-01
8.384911846744870223e-01
6.461060981971792350e-01
3.648389728620371475e-01
7.002371484835330506e-02
2.087467597682601261e-01
1.394232582603870174e+00
3.536293465282371873e-01
3.780325219690471306e-01
3.836768458946677174e-01
2.379841336936997787e-01
3.340300757814478327e-01
1.242952609732626446e+00
1.808220176301998716e+00
3.162042746118108871e-01
8.615578768538364463e-01
7.812554085365415180e-01
4.830479002412307321e-01
2.220578001823162728e-01
4.833349378440356392e-01
1.995350333843238233e-01
5.668253339608853025e-01
6.442388538156790245e-02
2.063391011138258513e+00
1.854701410359120561e-01
6.988448355057440553e-01
5.446548392384502613e-01
1.159365159597952832e+00
3.744902649699843877e-01
1.361175174822182532e+00
3.953056043355641092e-01
6.756083754239854411e-01
3.279264315903265836e-01
2.291006743903571952e+00
8.297801729695299944e-01
1.549760285968232731e-01
1.902145247873721967e+00
8.415562651962542606e-01
1.003846068370756850e+00
5.428919217206920056e-01
9.070079775429336078e-01
5.364609043844829062e-01
5.088190774107068659e-01
1.825910847119324998e-01
5.106262904759940602e-01
9.980121434156334903e-01
5.184020422985186061e-01
5.673855098767930372e-01
5.124175693423064226e-01
2.153294267449134547e-01
8.570640920539442931e-01
8.460802616329182735e-01
3.545141054891611798e-01
6.735294211910136664e-01
1.889763351908661848e+00
6.324158226983003228e-01
1.033908194327280983e+00
9.040140556188422938e-01
4.330044932581637585e-01
8.242046681700863076e-01
1.083812962108626987e+00
3.256305275304640090e-01
1.540600229410563071e-01
5.073907200892173730e-01
6.564900288099650982e-01
1.471225933932261087e+00
1.771697470984312961e+00
1.338504434534811272e-01
8.358010773033426322e-01
5.713431651744028672e-01
2.483313630908945968e-01
5.330966789232848280e-01
5.756320946561843677e-01
4.196456225192388700e-01
6.290713671148803199e-01
4.356123352378922786e-01
3.346537640130611835e-02
1.783624923269367057e+00
1.416684955399085455e+00
9.958072639997286313e-01
1.373859544283541290e+00
2.573487257449086352e-01
1.885853623240773214e+00
1.172874634909284675e+00
2.163552525320716069e-01
1.133633463438949773e+00
7.207598548779398095e-01
1.297099419091606531e+00
6.046456354856294402e-01
2.995865499410209076e-01
9.530095623497787383e-01
2.651296446468530688e-01
7.066657261273564528e-01
9.782060902703232363e-01
7.702508764979362210e-01
9.295367988189779940e-01
1.688046180251721595e-01
8.851775247276272296e-01
3.197546435978618762e-01
8.640395177003880045e-01
1.177579095009472887e+00
6.354327586872974276e-01
2.900666569468059452e-01
3.765422011328865004e-01
2.113990270345819655e-01
6.230258675496138654e-01
1.423744491265014622e-01
4.357702686418404303e-01
1.975894008808206093e-01
2.490869698883235173e-01
3.869802806335612688e-01
4.811498287060406720e-01
8.871711106161053184e-01
1.851689622812299207e-01
7.066983396078707624e-01
1.202177210419100195e+00
4.413597932783832611e-01
8.942116575941442269e-01
1.770750824089989961e-01
1.965599964384349807e+00
2.046856304637957980e+00
1.407276312484674330e-01
9.179879136230312264e-01
4.125542702438337317e-01
1.944994101341520065e-01
1.563829924102524416e+00
1.491942048547220401e-01
8.123784701566183486e-01
2.713528924278194032e-01
9.440831801649599564e-01
5.064295001678297270e-01
2.164318162525037670e-01
1.255109379143113379e+00
1.195642003524955310e+00
1.512451272511241840e-01
1.423899049436022191e+00
1.859744861158130758e-01
6.586506152983788720e-01
1.589612935772994451e+00
2.120119254792287578e-01
6.984172880149601692e-01
8.882757247434991399e-01
5.132281836958222376e-01
2.337275070336406468e+00
7.303336492301286398e-02
2.872252408660745937e-01
5.028962010403904559e-01
2.772228296996457342e-01
1.497007161889101656e+00
4.293612580283209246e-01
1.512158712638189684e-01
5.852343694515166339e-01
2.980096596228996586e-01
1.738105493690528247e+00
8.137364619727709414e-01
3.350199572108260582e-01
2.269254875891391077e-01
1.712928301591422287e+00
5.737006242727220595e-01
9.403640026750104131e-01
3.995930376193085332e-01
1.133341352915185896e+00
8.623683126692529566e-01
1.950883863895338965e+00
3.889641153883375835e-01
1.267518426179002622e-01
4.908654005257445663e-01
1.244067213705311731e-01
1.385705506051684965e+00
3.557945890181082316e-01
5.438212754116208414e-01
4.142210126980233054e-01
1.546622315814306370e-01
9.089993983056189331e-01
9.830553285849117362e-01
1.690857447464048757e+00
1.334148282340353875e+00
2.558445708115160588e+00
7.829380599711270872e-01
1.208160535266407792e-01
1.177344609622518412e+00
1.274562783574582525e+00
2.872353320071501792e-01
1.402123753843206533e+00
1.131811303662975554e+00
3.949461459156786702e-01
1.179838908161274791e+00
3.346371067885615669e-01
1.007669418044722376e-01
1.028425154525508312e+00
1.954526937402675246e+00
3.556363594423150865e-01
7.759813710268326226e-01
2.733533505845027634e+00
1.607632555792715134e+00
7.240561144796606730e-01
8.154222749529600467e-01
1.145032505308573478e+00
1.208230971355606309e+00
4.828291160255541170e-01
3.936485269505781703e-01
3.222476289608766642e-02
1.436227804778386741e+00
8.075046829252390257e-01
1.012700846740626215e+00
6.055711035691685451e-01
8.458627732134269550e-01
3.643190357831116444e-01
1.229313066587270908e+00
6.842343497920089224e-01
5.693711969582641030e-01
1.804124076025165890e-01
1.269442565375065834e+00
7.724947150874914570e-01
8.007181587143311075e-02
1.220352415041386029e+00
1.515181119837199497e-01
8.805630312777162905e-01
3.274718793663758953e-01
1.782095064527908335e+00
8.705348917580298940e-01
1.449561073250357435e+00
6.596778858306568960e-01
1.367728061412050167e+00
4.101104981691484630e-01
3.451332090897288318e-01
1.279933685066982463e+00
8.518202478593664417e-02
1.127550031544581888e+00
1.088524938429386024e-01
