2.205519900903480046e+00 6.373420909580140847e-01
2.059395774909559496e+00 5.755022835782700463e-01
2.235864098582252879e+00 6.558447863773376740e-01
2.334849211995271734e+00 7.166943469175075521e-01
2.052999679814210499e+00 5.571921249741447202e-01
2.143778055019297746e+00 6.492342553251041481e-01
2.305146493754675507e+00 7.019764288852111678e-01
2.134455797969834201e+00 5.583095567496911826e-01
2.083854070974316297e+00 5.938518559674583752e-01
2.139481540656352099e+00 5.901592202494500006e-01
2.249913840525857633e+00 6.957944709301977504e-01
2.275375532412982960e+00 7.729685654765591218e-01
2.126250493053490231e+00 5.992607131966322109e-01
2.187206493247432881e+00 6.244306778414500103e-01
2.293607624540662027e+00 6.870966683810836306e-01
2.201874173710768545e+00 6.269257847203533185e-01
2.435276142730583349e+00 7.347192791115715327e-01
2.096830121184802387e+00 6.375311915451857825e-01
2.290065343741364945e+00 6.615361551445810839e-01
2.266502873603789769e+00 6.975515715136958450e-01
2.393331375831991181e+00 7.606831430056946175e-01
2.124354253594096242e+00 6.434865968828277216e-01
2.231153601665385455e+00 6.521991559012201289e-01
2.016121161823386299e+00 5.195072813886453256e-01
2.248013914687168935e+00 6.819723086979004867e-01
2.340843212664500683e+00 6.991786228916894164e-01
2.313430028514477765e+00 7.523337043653154366e-01
2.203244026708947256e+00 5.995017828015293260e-01
2.235328200866160575e+00 6.895088295826415914e-01
2.278403398108194811e+00 7.156840429257705916e-01
2.173673632541917478e+00 5.793229078004957788e-01
2.314624231188693315e+00 7.294276763434509592e-01
2.097421033207520491e+00 6.134220049665709551e-01
2.282799652855746597e+00 6.886811650347332003e-01
2.227586631154348407e+00 6.640991526583502891e-01
2.152117115911728717e+00 6.563968474914082529e-01
2.229171682594947246e+00 6.513793268791117086e-01
2.414718325565179846e+00 7.290493941333823225e-01
2.463984738563933075e+00 7.606085873909264050e-01
1.999389375189780882e+00 5.666588250788092695e-01
2.253554343018114192e+00 6.599378474367373348e-01
2.052629619190404764e+00 5.389220071561180436e-01
2.288303079009834651e+00 7.001133914487949195e-01
2.030087676529209517e+00 5.367781455129699841e-01
2.081578830367204702e+00 5.782641128874767000e-01
2.267401224889424860e+00 6.411651765300465655e-01
2.068103151172009824e+00 5.539844576531213205e-01
2.104714790716730732e+00 5.584911758766399892e-01
2.784890213900405698e+00 8.381115521927160472e-01
2.380216634290059918e+00 7.574632079194392187e-01
2.202294304356578802e+00 6.598839885102809610e-01
2.234150162887312163e+00 6.402177418223778949e-01
2.364001450412582361e+00 6.935582943386860988e-01
2.264120954177749390e+00 6.801953309681529891e-01
2.218982666030526296e+00 6.314845995240088161e-01
2.127022939057074069e+00 6.077781389643371890e-01
2.027045859403025840e+00 5.155725027297463070e-01
2.255129801085618002e+00 6.994460230874356421e-01
2.038237839335343526e+00 6.021284390327837910e-01
2.134413346290982894e+00 6.065680841223815012e-01
2.180933571958691974e+00 5.649284167881055696e-01
2.282633994521192200e+00 6.737281055737620594e-01
1.968574671011238397e+00 5.446143426798130127e-01
2.200956095568448845e+00 6.220370724833426124e-01
2.163297012783864215e+00 6.120100850496802414e-01
2.212940218747143195e+00 6.410923138039442692e-01
2.073126061526142649e+00 5.963189399021143755e-01
2.124638274527942627e+00 6.087116680122832690e-01
2.195018801119636542e+00 6.436327972552102761e-01
2.056772469169423356e+00 5.862062822486953095e-01
2.247767178111661046e+00 6.936168247924953123e-01
2.204769617860816489e+00 6.449228876100052688e-01
2.440093380117057009e+00 7.668664154238954422e-01
2.353346091583969013e+00 7.829896479667499687e-01
2.169590997551478218e+00 6.014790039652828657e-01
2.112924311369675401e+00 6.023985059246942386e-01
2.167660055813776854e+00 5.940346714581979937e-01
2.158693848899878365e+00 6.491530491783737977e-01
2.207855087541357619e+00 6.946337634198782585e-01
2.131498678968171134e+00 5.950991662306454044e-01
2.218841851339244720e+00 6.497428746376319175e-01
2.114541302051682781e+00 6.203907165988663541e-01
2.192149064299284245e+00 6.230953834206645059e-01
2.145870831401023526e+00 6.201565488404930937e-01
2.149514495563743299e+00 6.032807963874626811e-01
2.178009693926038270e+00 6.420125142874114621e-01
2.283116183134793697e+00 7.200529645246451782e-01
2.100623844939814688e+00 5.991868948824304875e-01
2.142512682969150539e+00 6.407504922809168502e-01
2.227625700702667633e+00 6.422152643924055049e-01
2.163079517611130598e+00 6.784790322829796771e-01
2.882376463327371408e+00 1.118228769668161648e+00
2.311254203281683850e+00 7.043851184134347632e-01
2.154930145480467907e+00 5.813077261283609021e-01
2.448577372107513916e+00 7.675623250999933367e-01
2.085662788124528433e+00 5.982101671182721292e-01
2.322078011349284488e+00 6.873190952314512936e-01
1.936031244650730843e+00 4.945714788817581753e-01
1.830214608500277507e+00 4.616735964055199148e-01
2.050352051168141010e+00 5.529222536883116046e-01
2.063674633614021037e+00 5.705421938679552385e-01
2.111170747309592421e+00 6.061765945055189730e-01
2.095077198225800963e+00 5.555203350407417195e-01
2.291753905004173308e+00 6.901329882547097005e-01
2.178021457376351666e+00 6.212493735153824526e-01
2.153287611380587663e+00 6.226756883447597257e-01
2.117500920633725414e+00 5.947374809501860815e-01
2.165528888809046482e+00 6.501564224138943748e-01
2.262814020140275773e+00 6.653094036559100699e-01
2.138938947189914952e+00 6.524937941080536374e-01
1.962559769278237054e+00 5.267125704662481978e-01
2.362347772580637439e+00 7.405258696141245878e-01
2.233069198615862394e+00 6.731132402698576378e-01
2.218160655412297899e+00 6.735341247138002529e-01
2.111800625124140129e+00 5.786830057646834558e-01
2.223108934228918976e+00 6.214592065884864125e-01
2.207680570576382451e+00 6.170905064469085488e-01
2.130423137016204560e+00 6.099160042281742689e-01
2.285235547455935823e+00 6.870740894406188737e-01
2.201649457049087655e+00 6.686940018516794870e-01
2.382560185559419619e+00 7.750474171007176727e-01
2.024352717366984855e+00 5.273821942223477777e-01
2.409070536030804899e+00 7.037511337935500322e-01
2.063381440810312828e+00 5.752103348991857157e-01
2.299523530669325577e+00 6.725399370456649484e-01
2.116836097793858507e+00 5.682159237996595724e-01
2.027076674314271187e+00 5.747536436783775571e-01
2.353510630033488926e+00 7.009467818772380232e-01
2.255563158035441162e+00 6.892886869336973810e-01
2.494172471736066932e+00 7.750250809711716204e-01
2.280663526638523564e+00 7.018703970298373340e-01
2.081895229952221982e+00 6.150968895125443758e-01
2.018544584369430517e+00 5.482042487116342011e-01
2.257027496013000345e+00 6.826768787170298669e-01
2.307283692619863658e+00 6.983447812169387703e-01
2.203815382141647294e+00 6.642094492429728714e-01
2.343007032365882036e+00 7.568910063134296484e-01
1.997842210276037811e+00 5.123207492194311596e-01
2.028670575878577687e+00 5.295431056902962785e-01
2.090209734148508858e+00 5.803218222336614662e-01
2.236131895677493375e+00 6.616646444529391546e-01
2.121169431051530108e+00 6.024880919091281095e-01
2.319554004777274692e+00 7.361750465742379346e-01
1.992488059395626010e+00 5.687584485094140385e-01
2.091101415309262190e+00 5.873362634969401253e-01
2.217571321899922232e+00 6.161095576571479215e-01
2.304325482018072968e+00 6.439119137481468247e-01
2.079659006174073621e+00 5.740563691760156573e-01
2.199333611169968172e+00 6.237388015153654264e-01
2.159901941969256445e+00 6.132420444419710570e-01
2.383191910347120857e+00 7.250872898436376834e-01
2.225934675159666476e+00 6.438497386985463367e-01
2.511111214838662065e+00 7.316226064313867683e-01
2.294362460031591944e+00 7.253776008312724510e-01
2.300260363954371279e+00 6.596343351071066730e-01
2.252860790987435191e+00 6.609988938373130285e-01
2.384021116126701312e+00 7.629882907046114937e-01
2.124853484395825998e+00 5.273614755420613642e-01
2.220574370615550297e+00 6.329286993915784754e-01
2.290424505786283316e+00 6.884633576342024108e-01
2.296295656540914276e+00 7.228820141665870391e-01
2.110894702274254353e+00 6.129443491829055235e-01
2.148531897281049208e+00 6.028030218927818984e-01
2.219552713120884757e+00 6.939755618664488201e-01
2.089195201528846635e+00 5.850241696776224964e-01
2.252280755527830358e+00 6.089551087136561014e-01
2.314937830028933163e+00 7.189091585527653816e-01
2.222867599171760578e+00 6.291865126468043634e-01
2.253081161154197432e+00 6.920942180740421446e-01
2.271192069340732367e+00 6.614917158554822763e-01
1.969335641001837223e+00 5.223630149297470160e-01
2.347112550920627427e+00 6.887685431985245410e-01
2.499545653658486355e+00 7.419547923082376872e-01
2.295053965189640000e+00 6.715504154649573065e-01
2.273517168708705682e+00 6.878851738392625093e-01
2.274939236075104176e+00 6.946519766923013872e-01
2.245474196086471252e+00 6.518042308542700836e-01
2.255349854929245002e+00 6.649128815644442803e-01
2.218483724482134267e+00 6.370650467281371299e-01
2.229509549455318318e+00 6.721208159928481196e-01
2.149683673606708645e+00 6.447763641977155569e-01
2.337132478921475354e+00 6.813909746395172551e-01
1.989585849262206718e+00 5.509141152043006695e-01
2.103592555941530939e+00 5.816179100875428221e-01
2.284531040525872303e+00 6.800448707219328703e-01
2.353337452101966321e+00 7.410744815616526759e-01
2.213418186446554525e+00 6.383575725679070390e-01
2.145202101315007770e+00 6.038017582265794436e-01
2.170751594590618172e+00 6.062285997336842591e-01
2.147702785948504722e+00 6.005112037113145007e-01
2.091880545172763561e+00 5.867699480645275356e-01
2.202682992965504294e+00 6.566874398387139156e-01
2.092837752575406274e+00 5.874897055239213239e-01
2.233355832640318450e+00 6.525628218996180063e-01
2.453150402805874375e+00 7.921179045932000840e-01
2.147406478251992823e+00 6.017737365097919344e-01
2.153526453688070497e+00 6.093689243478931372e-01
2.438167135502086413e+00 7.243963113151619115e-01
2.183787186327269314e+00 6.233734639448660353e-01
2.102917811246711732e+00 5.799568345029263439e-01
2.123631589522141372e+00 6.044549322125666313e-01
2.095084763219551061e+00 5.880298887047654688e-01
2.050733090115733237e+00 5.812661505380222193e-01
2.200309275057469094e+00 6.160158939292190716e-01
2.026055693390042656e+00 5.779738764331499024e-01
2.346316354448791497e+00 7.119238246165839890e-01
2.566227275751524761e+00 8.088290463585994239e-01
2.200338473524526606e+00 6.164434644158459653e-01
2.308097621247846565e+00 6.795503063627958973e-01
2.421488721796872579e+00 7.772598620456531160e-01
1.992306387500348830e+00 5.092143717148356341e-01
2.028105449490697154e+00 5.334286814272445332e-01
2.205740221213329466e+00 6.623378636009876752e-01
2.292589721023396532e+00 6.594609779192686094e-01
2.183146224663488510e+00 6.390112023962235543e-01
2.157227812575397863e+00 5.875045369556395336e-01
2.322748784991095494e+00 6.723149759258205682e-01
2.248700692194883999e+00 6.805306273159962283e-01
2.164132307085352203e+00 6.213798403235228918e-01
2.157579609476153681e+00 6.395854320335812027e-01
2.387352308658581279e+00 6.999364436193769023e-01
2.366982175084109574e+00 6.985902694546693992e-01
2.138612741373716375e+00 5.635695535596889627e-01
2.229539363472041735e+00 6.436679378914298422e-01
2.134945005676188501e+00 6.028217625366634191e-01
2.141707774945119436e+00 6.194618348157885368e-01
2.065782262711382877e+00 5.936033745123748817e-01
2.135364389808366958e+00 5.721152807253014894e-01
2.192801932152498079e+00 6.288383087468299992e-01
2.220832622658511113e+00 6.682780908668364273e-01
2.167211507706230389e+00 6.035308770057778993e-01
2.120594054908412129e+00 5.905358754094902629e-01
2.285349966723896120e+00 6.307325929899302297e-01
2.173917845827019413e+00 6.122919286093060354e-01
2.111778883047331412e+00 6.233339895553337007e-01
2.028136472797104961e+00 5.708831462084654751e-01
2.100228745816347331e+00 6.092994550861945413e-01
2.183493034246857700e+00 6.293900791392798011e-01
2.147932545635081958e+00 6.554484734521403011e-01
2.309570345325322904e+00 6.634495898843946193e-01
1.985831128479678576e+00 5.890317126483626264e-01
2.180427182130039387e+00 6.723127612924572061e-01
2.293232232801824200e+00 7.176285447566033149e-01
2.086847027635244434e+00 6.169247113958329365e-01
2.012400954694230304e+00 5.767437899505132304e-01
2.170716769863100915e+00 6.110666415936124585e-01
2.382953006208251789e+00 7.554131706763470566e-01
2.300796192737231127e+00 6.817803964304469666e-01
2.248338376482881706e+00 6.344818381402200780e-01
2.137627098763498434e+00 6.040075838586241863e-01
2.493999588119640620e+00 7.867995377246825850e-01
2.104199075577514400e+00 5.475218431836241795e-01
2.138320807946608948e+00 6.377542043884528722e-01
2.179226787812149180e+00 6.095612480246962450e-01
2.317757290349344412e+00 7.360169443062891670e-01
2.185568462207050366e+00 6.246222775587673137e-01
2.307870160706431584e+00 6.829875339497466502e-01
2.004144805429060039e+00 5.661860857146990833e-01
2.329714503556897132e+00 7.046659343791467078e-01
2.114966280898730400e+00 6.386484872606068564e-01
2.086734429522195899e+00 5.952180161973019690e-01
2.079271551485708525e+00 5.531601907082734915e-01
2.137641336449827012e+00 6.208652751688208404e-01
2.256229360333044109e+00 6.796933530997043560e-01
2.272240152827451176e+00 7.006808632317027552e-01
2.046197128045054381e+00 5.659047421253207144e-01
2.333115516835432057e+00 7.143643497973022338e-01
2.318734741341327510e+00 7.493216253791665782e-01
2.057301967964483946e+00 5.725498774761279552e-01
2.029096611053466059e+00 5.468950650420461024e-01
2.286518441173340133e+00 6.495249732893995098e-01
2.127013349088684890e+00 5.763076895855330228e-01
2.354790008582328564e+00 7.361450760909287183e-01
2.254029529350456418e+00 6.591691728283276541e-01
2.280034040032163034e+00 7.120809802047390891e-01
2.254582656777820215e+00 7.000086915042859070e-01
2.249367118332373572e+00 6.674935611066873387e-01
2.218423297542370332e+00 6.439138297402321465e-01
2.341149301497995161e+00 6.910969902107336749e-01
2.031128011911209175e+00 5.640894101687781159e-01
2.002504214208042477e+00 5.211320099540532880e-01
2.452218107000275538e+00 7.337416281124402584e-01
2.598912982039212949e+00 8.838837539637832696e-01
2.188372498341133454e+00 6.786442097444913557e-01
2.068143385528609990e+00 6.034516612181641815e-01
2.294208159811852443e+00 7.061742353330187072e-01
2.282881925519563815e+00 6.765658663766684899e-01
2.271189809130333970e+00 6.767204773195710787e-01
2.138356806692993217e+00 5.946886917561263752e-01
2.238390048882687111e+00 6.160151778787986698e-01
2.186158025350471767e+00 6.068627384525069335e-01
2.068427485345424977e+00 5.896564372895055639e-01
2.124322043786678105e+00 6.270690816787845012e-01
2.004637600097394223e+00 5.391200300919173349e-01
2.125449773983310475e+00 5.456499078826321236e-01
2.116728156387750026e+00 6.141659125731667723e-01
2.632358093421967471e+00 9.444757238530618881e-01
2.072262860103684989e+00 5.702570742248188607e-01
2.139618045043523598e+00 6.108952550714337182e-01
2.218796022151924063e+00 6.146927926438758849e-01
2.299372915358408598e+00 7.058173095800712726e-01
2.133989972334265683e+00 6.108695772320738016e-01
2.216315307804454626e+00 6.670163939137996323e-01
2.232210203349376698e+00 6.864876300285310817e-01
2.172095763663234091e+00 6.331372223161256807e-01
2.160838900074893321e+00 6.282926712050721507e-01
2.646989520250061290e+00 8.680869229349253979e-01
2.227939886822645210e+00 6.257909994559743838e-01
2.262795397281273768e+00 6.977830658023707056e-01
2.194803556168155811e+00 6.567886119268447898e-01
2.196849998528954462e+00 6.619624101762853208e-01
2.139563564522914074e+00 5.779894838307143567e-01
2.199878967586564649e+00 6.160004948254261814e-01
2.120707625626086834e+00 5.915802657100864836e-01
2.174066696191418568e+00 6.279051348011354117e-01
2.055942582074733682e+00 5.203931251382973855e-01
2.333922488482739865e+00 6.763576164651211586e-01
2.113958034253783147e+00 5.671750763426096631e-01
2.106822014798733100e+00 6.009853753422339517e-01
2.098361462580348391e+00 6.170408618583891336e-01
2.327513989111319681e+00 6.807285345361345774e-01
2.457647175537758244e+00 8.309102432011585826e-01
2.094266157500824566e+00 6.183276033714245612e-01
2.245970214658701725e+00 6.708201442124599456e-01
2.120702812018785188e+00 5.568117903459683937e-01
1.989376173047727292e+00 5.040864575060690633e-01
1.978460201204089053e+00 5.466058636754157485e-01
2.103086972908964292e+00 6.254515256945764046e-01
2.499564690114420173e+00 7.533116652285091197e-01
1.998680212533333833e+00 5.426374399686895167e-01
2.196350671782158148e+00 6.269794203642077290e-01
2.293964087367869720e+00 7.006256064806892780e-01
2.283618786918813814e+00 6.485337319780285492e-01
2.282905347793170669e+00 6.818994932837910694e-01
2.143291195772860647e+00 6.295339690140382416e-01
2.123164050114205725e+00 6.228094766399672189e-01
2.244118983734282313e+00 6.157908450542917134e-01
2.011525251895806665e+00 5.189681461114278305e-01
2.273885497600760086e+00 6.709904833254907164e-01
2.112680082610802756e+00 5.599782644705464385e-01
2.267313849280731208e+00 7.601863063061432557e-01
2.296666398980621526e+00 7.338301987951562078e-01
2.165223033956869436e+00 6.219417096234742814e-01
2.350943970991820731e+00 7.049415653644796054e-01
2.164108636738906633e+00 6.206635165879562654e-01
2.402179598823074969e+00 7.657253551177860551e-01
2.119727370180972237e+00 6.070832318505162695e-01
2.296162108954478143e+00 7.132651803247155309e-01
2.379305929028536326e+00 6.757571731165336049e-01
2.201060174439058326e+00 6.760886865858921624e-01
2.374673747067053142e+00 7.057136687678263742e-01
2.344577493278260150e+00 7.128478631768762064e-01
2.076929324845235847e+00 5.830312188314590305e-01
2.288522160919300497e+00 7.018435813010928115e-01
2.279259913835227636e+00 6.715296345614738538e-01
2.215960419165242001e+00 5.932224658171606491e-01
2.323611783250973062e+00 6.946914653182920674e-01
2.216578835704479111e+00 6.384940196899590026e-01
2.164213731620430625e+00 6.480743801745083577e-01
2.067374718563148139e+00 5.865728145641446734e-01
2.755065751105865157e+00 9.162336383320082156e-01
2.433662950930898461e+00 8.364623373225379410e-01
2.551284056285697321e+00 7.966762122976895899e-01
2.129768492497738475e+00 6.068586989241621099e-01
2.186741898869728029e+00 6.241517619775639458e-01
2.076117364791088882e+00 5.654427635476182434e-01
2.201374786241939496e+00 6.322916549627486393e-01
2.257232420542186535e+00 6.669616183468662918e-01
2.219611090362895389e+00 6.016078818899324165e-01
2.104584849575276362e+00 5.922213287267032999e-01
2.519039466264790583e+00 7.347698598322370822e-01
2.240497574443212514e+00 6.695888262035462057e-01
2.319624671035192875e+00 7.080658899033640541e-01
2.214326959941224970e+00 7.095962240574581470e-01
2.449041006234867535e+00 7.092821148527506114e-01
1.990896789166472169e+00 5.505754210645347202e-01
2.124287376729289356e+00 5.884185524764542485e-01
2.287698678597150703e+00 6.705882884030093249e-01
2.052273632350636312e+00 6.267009615614627105e-01
2.140629158863386561e+00 6.237147523245867298e-01
2.329316309749297709e+00 7.017534850238942301e-01
2.462008506668297514e+00 7.730206889254674918e-01
2.176473364027160073e+00 6.367647442971354765e-01
2.040476734906572442e+00 5.759845018470505229e-01
2.158541685237279406e+00 6.222209002602776540e-01
2.404388197865443555e+00 7.572418043280215727e-01
2.257411987461056313e+00 6.091680172072490018e-01
2.155679762177391545e+00 6.322627241501382889e-01
2.163495772695693820e+00 5.678703558148147090e-01
2.503184994631165505e+00 8.627882051424601295e-01
2.173709046947214230e+00 6.201964227457524848e-01
1.967625692325732922e+00 5.869694535433860327e-01
2.444619634440205136e+00 7.400153926031021179e-01
2.080274024543970146e+00 6.074295475520580245e-01
2.296224183956076192e+00 6.830923587226143123e-01
2.187788792912149116e+00 6.594223150604160422e-01
2.132215818833368637e+00 6.478425683736980245e-01
2.104973072984431592e+00 5.860728496626897988e-01
2.318389098781179491e+00 6.850263814463061207e-01
2.445268767612111205e+00 7.244220529490916771e-01
2.018710276115216029e+00 5.347576124551488563e-01
2.106435283691806326e+00 6.102854794726473298e-01
2.061216718886838439e+00 5.860151215459751262e-01
2.255931181580220546e+00 6.447134622315952024e-01
2.094818424360084475e+00 5.951903789968581160e-01
2.286206535725347155e+00 6.417704067756275776e-01
2.097651987766844695e+00 6.054275523495564748e-01
2.404338601050329594e+00 7.800910438073057618e-01
2.341966679264562590e+00 7.041091934898175975e-01
2.152235623870951908e+00 6.148481016405729083e-01
2.245891481583736304e+00 6.299770116232498163e-01
2.253840182166998218e+00 7.282844054297614722e-01
2.046346856890639110e+00 5.645417347390505602e-01
2.188069953490737074e+00 6.331672391399649769e-01
2.163843393447607788e+00 6.001602824332872288e-01
2.147218149695243827e+00 6.408551129203702290e-01
2.200566382009476740e+00 6.153339611860242364e-01
2.170980563706853328e+00 6.363794895151249076e-01
2.389781107696521190e+00 7.456228207798827334e-01
2.151542469450157480e+00 5.804136907986056082e-01
2.232790929000505020e+00 6.842790389627279035e-01
2.120781142846962730e+00 6.073715704290547635e-01
2.080668447584645975e+00 5.887375107743544334e-01
1.963071386660471429e+00 5.580299502183491134e-01
2.319926280822819820e+00 7.121897250097155574e-01
1.977651129211996262e+00 5.302939113022763218e-01
2.020571142234272255e+00 5.095208677899678573e-01
2.063498674927905618e+00 5.974877818740024216e-01
2.085036351108623620e+00 5.935923183558757810e-01
2.039524406743411955e+00 5.562687491423573549e-01
2.323697802127800749e+00 6.952633909124478206e-01
2.277804989223059184e+00 6.274610237504353316e-01
2.256623935791883806e+00 6.236618694446248723e-01
2.209602071946788815e+00 6.752753775575591755e-01
2.235238416850278576e+00 6.579830904968259064e-01
2.171511304596617453e+00 5.726352238901114555e-01
2.048488234956095333e+00 5.710301509527818675e-01
2.223113629283606674e+00 6.764383193257105242e-01
2.090604577560469135e+00 5.834083220564819650e-01
2.166275487541659217e+00 6.199217099639308115e-01
2.366007485737963378e+00 6.998425093068183500e-01
2.172433990171322993e+00 6.497835233497873952e-01
2.067708256300659020e+00 6.033019105751474820e-01
2.532995737023839844e+00 8.297828499106942868e-01
2.076721291061855101e+00 5.760950602111780672e-01
2.012907565533049947e+00 5.708360650187377372e-01
2.397533285236475020e+00 6.892406463517367632e-01
1.866027224745974822e+00 4.855287803790866996e-01
2.021189728564317445e+00 5.905749930088209920e-01
2.163861877647433207e+00 6.082441356113643671e-01
1.976946057680451618e+00 5.422797953056700537e-01
2.097801662468325556e+00 5.711074175656601914e-01
2.384973880490879772e+00 7.336640783263261856e-01
2.291663973345818395e+00 6.827689040741575788e-01
2.177819896046146564e+00 6.374717463879412405e-01
2.256345953111406288e+00 6.373000791975563795e-01
2.077735151000638325e+00 5.925690881012131150e-01
2.178023364732895040e+00 6.558164513287333408e-01
2.455816246544993309e+00 7.190289527571180894e-01
2.222253480942146808e+00 6.610812549365435720e-01
2.084397532855034374e+00 5.899948353864038486e-01
2.479657058630760691e+00 7.607931122708146976e-01
1.942890941659503934e+00 5.349936154548946554e-01
2.204465491497794360e+00 6.289877256729012878e-01
2.330779728611532153e+00 7.243054968447893982e-01
2.181226119470331515e+00 6.298436196118109009e-01
2.121339102252139952e+00 5.962495268089783584e-01
2.194417549454450445e+00 6.190906666992187501e-01
2.258717000151968524e+00 6.891926332904355634e-01
2.201270331598725871e+00 5.807377412406260486e-01
1.986043038087637269e+00 5.541916367756341000e-01
2.251949947749094960e+00 6.693124789737672220e-01
2.310443461299787504e+00 6.836242603169584431e-01
2.070451508254773643e+00 5.786300788327410904e-01
2.309223900811953278e+00 6.726004889058739833e-01
2.111590475454603322e+00 6.731629762421402763e-01
2.227719429754336122e+00 6.159945383672270625e-01
2.227122277236940562e+00 6.736839539557648582e-01
2.134313484817157214e+00 5.875937596180890177e-01
1.924195318872977456e+00 5.285933235608093472e-01
2.454195469757289860e+00 7.549280975294142548e-01
2.376457885086928012e+00 6.973368432413626916e-01
2.158840657787528095e+00 6.058067876774567706e-01
2.322594183700172010e+00 6.589432529133589789e-01
2.327336808241520671e+00 6.840610745517811120e-01
2.176851053521738244e+00 6.357218287260052447e-01
2.626196580897758981e+00 9.139533797167542772e-01
2.470972995124516736e+00 7.856048717767262213e-01
2.252302326065353189e+00 6.642595071580110755e-01
2.062946836445122223e+00 5.576219701629810954e-01
2.322194335209059268e+00 6.937076837215894187e-01
2.137862445279393064e+00 6.292438240293519724e-01
2.074810031629913620e+00 5.709262289984380345e-01
2.270818069525059268e+00 6.467621401580645468e-01
2.195723611917411944e+00 6.270629006731369692e-01
2.208894571846552690e+00 6.492085848545633420e-01
2.045487130046764079e+00 5.471519666671172955e-01
2.045572980821320996e+00 5.449265324680249156e-01
2.391230661716877481e+00 7.128207066766338862e-01
2.271666516508807465e+00 6.935324273792290439e-01
2.054398890090842311e+00 5.931971150631271117e-01
2.211691442477545788e+00 6.402194994661465355e-01
2.108286442262275795e+00 5.510884054550256872e-01
2.148465509052765565e+00 6.317511049627259068e-01
2.004248798934140208e+00 5.117207502706320188e-01
2.348736436911158965e+00 6.838698785273450431e-01
2.272287767202682662e+00 6.597520931326625870e-01
2.229937441805652565e+00 6.295256474068186003e-01
2.149129164363654088e+00 5.848156032896858481e-01
2.260567332047930034e+00 7.488002974888919860e-01
2.020486434080845495e+00 5.858239238289946194e-01
2.279982617770439202e+00 6.963392048844326832e-01
2.211608777130679382e+00 6.654018575601056140e-01
2.229743997393585531e+00 6.135450473717889430e-01
2.461213376937403385e+00 7.634493962078312546e-01
2.305542888483815389e+00 7.179257222858750342e-01
2.203580531935682263e+00 6.577965341873772687e-01
2.180766306189358072e+00 6.278420555632451272e-01
2.369215430445858139e+00 7.561070953491413338e-01
2.330156717416577816e+00 6.904968088357943401e-01
2.581451848891012535e+00 8.235689694586607601e-01
2.160595756216747265e+00 6.289145293748453769e-01
2.277313074391926317e+00 7.029646583956321582e-01
2.334106441606790039e+00 6.376686036406821190e-01
2.333788742453197784e+00 7.507425349279827076e-01
2.008592550443268898e+00 5.436034906573293801e-01
1.927834814012967746e+00 5.176407305740171605e-01
2.171399263206249763e+00 6.209554746065035769e-01
2.237281863162046136e+00 6.867893713774966269e-01
2.181813836544892471e+00 6.338015116556201534e-01
2.208594121638570495e+00 6.360625569532014634e-01
1.985238970301124395e+00 5.208239100738667471e-01
2.119601797407165478e+00 5.634346321143436365e-01
2.155471650760635516e+00 6.086846502626082067e-01
2.274418557900319993e+00 6.726210445267426508e-01
1.950910647113629270e+00 5.549364654987269940e-01
2.020785370599704311e+00 5.433261350912699239e-01
2.515686140859794584e+00 8.391156521546587754e-01
2.299618064722446231e+00 6.723962407716237433e-01
2.863024582354545711e+00 1.021283258513007164e+00
2.193730931983203014e+00 6.151463845227521654e-01
2.124730465308108052e+00 6.112374656482495450e-01
2.167182005449536319e+00 6.065473388443463065e-01
2.080346224075379613e+00 5.949072529136226750e-01
2.094867232766666643e+00 6.154853745367824258e-01
2.455872028945240704e+00 7.911398233832062088e-01
2.358712346257378911e+00 7.420251247124285410e-01
2.151524031247405766e+00 5.918039209032652792e-01
2.031508434926478035e+00 5.640722213795342777e-01
2.321715801766921494e+00 7.424837990991525194e-01
2.313500726754843750e+00 6.928280243111953896e-01
2.121145881409040701e+00 6.125073682016335397e-01
2.153791799004899588e+00 6.091652859051769342e-01
2.079594141530264118e+00 5.697996179967199648e-01
2.225360620410289147e+00 6.221592297886169298e-01
2.096698657481375516e+00 5.692650722764256432e-01
2.025971060758407827e+00 5.645137021766483132e-01
2.345429590501413308e+00 7.443538964030017580e-01
2.153121074155200265e+00 5.483158137975799873e-01
2.231009776582908000e+00 6.578495212351479493e-01
2.078777850783548153e+00 5.368457429759087018e-01
2.155520709190589912e+00 6.227586555778414912e-01
2.028635934309010569e+00 5.505661175936890084e-01
2.100282021906683561e+00 6.361244054090617883e-01
2.189284748355901034e+00 6.060272822123820013e-01
2.169936382731196822e+00 6.122899487157281717e-01
2.233778032837084204e+00 6.534279913860638889e-01
2.174019345830324745e+00 6.054474716276709856e-01
2.283701340922948742e+00 6.677158709973048945e-01
2.195416240279559617e+00 6.457034587252220570e-01
2.149121552186819439e+00 6.374312231770875581e-01
2.167514604286269186e+00 6.218748044477189207e-01
2.220664582934611442e+00 6.203811664736256226e-01
2.245368943264848482e+00 6.682632138070865313e-01
2.400381004018612874e+00 6.908064327284538786e-01
2.245629769333759906e+00 6.678561029091535373e-01
2.106211801474244805e+00 5.905609962240117028e-01
2.196162395451051630e+00 6.378465997169430191e-01
2.306982626737597020e+00 6.847813402834068697e-01
2.344790335122544978e+00 7.581954354897774140e-01
2.524261068857876822e+00 7.993198632185519736e-01
2.263264849885354479e+00 6.466839410279908718e-01
2.161871948807551291e+00 5.935382983742291119e-01
2.181671198236852849e+00 5.979097973331599647e-01
2.039836055556706995e+00 6.040210537920549516e-01
2.186431743380181203e+00 6.787471156381397197e-01
2.315904352448408421e+00 6.905550190558232826e-01
2.127603411325417859e+00 6.461096835051648446e-01
2.233856137066998482e+00 6.476975974396292912e-01
2.121044574317289655e+00 5.978521275594493867e-01
2.273336823410998964e+00 6.774656523268285380e-01
2.350394164776757666e+00 7.309396262479305184e-01
2.291886113808136116e+00 6.651649835274469069e-01
2.208135688859864665e+00 6.028121703541321486e-01
2.176285444897616106e+00 6.416531421717819317e-01
2.187139318587538739e+00 6.135513347821491825e-01
2.112452747859488777e+00 5.416121250604415405e-01
2.266015697034460263e+00 6.886793683678628097e-01
2.345093092905532917e+00 7.360493700773678150e-01
2.269705327911535786e+00 6.915300123894166928e-01
2.132285567038171958e+00 6.171679379871777282e-01
2.180904814577653283e+00 6.768470713442207298e-01
1.771651500305638782e+00 4.409502349634842888e-01
2.447187230225361443e+00 7.501014975847132282e-01
2.214042649363542115e+00 6.513516306892443986e-01
2.357840022935154156e+00 7.362064732550515078e-01
2.244526931355240507e+00 6.959963516462677191e-01
2.258535629861412986e+00 7.115652829270807667e-01
2.303564796446401886e+00 6.835224002177072711e-01
2.121510452732300323e+00 5.938552797729563792e-01
2.080845809251609779e+00 6.274165132666508216e-01
2.281573138751235685e+00 6.483391558567730417e-01
2.013956161769040243e+00 5.757390498224167485e-01
2.026131884464470900e+00 5.271120896908421116e-01
2.256799470745900926e+00 6.731818508710614157e-01
1.914256336806600789e+00 4.912006310609839943e-01
2.134849406103505487e+00 5.974932717728699272e-01
2.178228149515149870e+00 6.174150922764990446e-01
2.062354063545694061e+00 5.707321486621778073e-01
2.444658377966825391e+00 7.887903475751274485e-01
2.190064908096455820e+00 5.894669863057329096e-01
2.137402957623561583e+00 5.924382074063675452e-01
2.256387190267863829e+00 6.848419735331364722e-01
2.110666811083552030e+00 5.893007836249510856e-01
2.138708895182589220e+00 6.160230764974254924e-01
2.381260822274025468e+00 7.874807239514488577e-01
2.093540874193073886e+00 6.014852258230457549e-01
2.803584761389252389e+00 1.023889472119194011e+00
2.018023716267901779e+00 5.681562498215695367e-01
2.210240295247098530e+00 6.579202595659057184e-01
2.208063709897216231e+00 6.220112236824872909e-01
1.979965379832461014e+00 5.531673538661228129e-01
2.301878615355632540e+00 6.691000685718526686e-01
2.303848999984158930e+00 6.953968288116300078e-01
2.335258418995906027e+00 6.929694847219713960e-01
2.010235190209272993e+00 5.736354036380280075e-01
2.401008536742694321e+00 7.959600095516986551e-01
2.168176026516316135e+00 6.594231980767314427e-01
2.188239112136000308e+00 5.979522592961079575e-01
2.081598372219663151e+00 5.457189100594139752e-01
2.276927690943545635e+00 6.728956150882420273e-01
2.230028056241767587e+00 6.649146036745856581e-01
2.099532161844848588e+00 5.696111170310885763e-01
2.252379325638662166e+00 6.213728512845129170e-01
2.384601456891593418e+00 7.268501639913296231e-01
2.347144803380882827e+00 6.570407087392768908e-01
2.091765270319813297e+00 5.773506304111200027e-01
2.269919022957072929e+00 6.991330633470548284e-01
1.944624675035213857e+00 5.235262607770152510e-01
2.356118948885222775e+00 6.829157216234191807e-01
2.259360823496295190e+00 6.834390120442543903e-01
2.318484021006539386e+00 7.567858178922365342e-01
2.392346224077068761e+00 7.342229099401523795e-01
2.031687769020892986e+00 5.610218010963924362e-01
2.211883350194939091e+00 7.093995353058467623e-01
1.961197060968284722e+00 5.452225955802629809e-01
2.006631966515830978e+00 5.664965507334132067e-01
2.139466203936791100e+00 5.969772085352500479e-01
2.041723672504229370e+00 5.950390487658980820e-01
2.188070029858661503e+00 6.293929292630340289e-01
2.101120747509517273e+00 6.016880486459155186e-01
1.962340322519804614e+00 5.459546752526596158e-01
2.264275076234008033e+00 6.833602645546689169e-01
2.272317482197149019e+00 6.111791186194998060e-01
2.183125868105848522e+00 6.236249259311806847e-01
2.178275821731481710e+00 6.377614496210318729e-01
2.073986706645745581e+00 5.482437075834518669e-01
2.262615842980060243e+00 6.220486387666283035e-01
2.351608672514746701e+00 6.974899663003369943e-01
2.301442503458769107e+00 6.606540315962323717e-01
2.208668703947798573e+00 6.747643973352859259e-01
2.133704136314831690e+00 6.355952415560667257e-01
2.351421082428156950e+00 7.709446122651490985e-01
2.215586900337644938e+00 6.476592572025625660e-01
2.304384328661115866e+00 7.370403275930231812e-01
2.250176613316177576e+00 6.510956487314856211e-01
2.233356942538840428e+00 6.251257830586196551e-01
2.316755683414263967e+00 7.262423209750995534e-01
2.099489337848421400e+00 5.496113577347563339e-01
2.318035328040521925e+00 7.213951039443440294e-01
2.061387157110465829e+00 5.617807235362778373e-01
2.262179692252805019e+00 6.050087283127649762e-01
2.225552020808222675e+00 6.523571771528428043e-01
1.985735582721654069e+00 5.190340145951300999e-01
2.439539999468508302e+00 7.373082767351419875e-01
2.220403353279471137e+00 6.670633486522690170e-01
3.492994614006196930e+00 1.431595991552055303e+00
2.135841540542103623e+00 5.979530903197932679e-01
2.447313881559653126e+00 7.248682586429676666e-01
2.527723542529273004e+00 7.915086766437001708e-01
2.154946801773053089e+00 6.269144351545260507e-01
2.304911672752994356e+00 7.281142205804012058e-01
1.979283984397504081e+00 5.290516736555140875e-01
2.220153599425543245e+00 6.146740013286496884e-01
2.398586315523567158e+00 7.733536513687687686e-01
2.423416921483110276e+00 7.793525928352303955e-01
2.027280556070693684e+00 5.655178183273816828e-01
1.986960807441487731e+00 5.817972064943334187e-01
2.102545628513485809e+00 5.276072796196983328e-01
2.339794795646944703e+00 7.055782839862916322e-01
2.368746212927875128e+00 7.597869850717516860e-01
2.218858283385111818e+00 6.137900404527372178e-01
2.308053219575507242e+00 6.716374300389802432e-01
2.161929013467260852e+00 5.818934441746976827e-01
2.166572886969940992e+00 6.098473396844868999e-01
2.168465076657979385e+00 6.397181172111785497e-01
2.352097514030860204e+00 7.247893326686938309e-01
2.262693116990885045e+00 6.602909893017048226e-01
2.171897052239548653e+00 5.745263919391475627e-01
2.174578773582195979e+00 6.066316284107643453e-01
2.146734889436098914e+00 5.989708660614061486e-01
2.117361158690449940e+00 6.114613423172871043e-01
2.037387172272833169e+00 5.365244587734728787e-01
2.247498071366591521e+00 6.297406257942163021e-01
2.326790420408682891e+00 7.469367230166361615e-01
2.123717918857242370e+00 6.140311074028932392e-01
2.049955531611613146e+00 5.609433259199003707e-01
2.139531016364398130e+00 6.400777696304372766e-01
2.073721629689061707e+00 5.886729610689817038e-01
2.252642515509637899e+00 6.220628082521816316e-01
2.239372701870907978e+00 6.161742945164171426e-01
2.123583511436834659e+00 5.893834465346288187e-01
2.167083822604083831e+00 5.996213128467129394e-01
2.224740742546847283e+00 6.811870639164052665e-01
2.166403726656662254e+00 6.170067431724163276e-01
2.269841902017978530e+00 6.560268170397249854e-01
2.117466935492598346e+00 5.875970609111280663e-01
2.311125027013322342e+00 6.775952286560630311e-01
2.926040195335355865e+00 1.078604870540858185e+00
2.337966751420131217e+00 7.047186021623913499e-01
1.980812336180155286e+00 5.049792502284206064e-01
2.146327848851607989e+00 5.453449892985300362e-01
2.214129645110987976e+00 6.282063570420082232e-01
2.067502258230657919e+00 5.872506120064939772e-01
2.291246389170686015e+00 7.220965653474908930e-01
2.365002844352459555e+00 7.245490129311900063e-01
2.086593394562801240e+00 6.248943441817073063e-01
2.270684328351529668e+00 6.589780527132340637e-01
2.117963272557962018e+00 5.971112545465536714e-01
2.120340435674000545e+00 6.255578269321683260e-01
2.102512636374560540e+00 6.061364466498579961e-01
1.987267384103710732e+00 5.286992750456904755e-01
2.261309172960899172e+00 6.915526980286716974e-01
2.286178381875418886e+00 6.991336689777336577e-01
2.245633231685074893e+00 6.613868067176793542e-01
2.022640483242371889e+00 5.307448030727796029e-01
2.183121779826329156e+00 5.733843361345893896e-01
2.002452474031882979e+00 5.045534061643506263e-01
2.143660423801185377e+00 6.259791944617735249e-01
2.299907154410166576e+00 6.726986425624259525e-01
2.095682407103963474e+00 5.725436323645064496e-01
2.300114872930482335e+00 6.628098843574387056e-01
2.107840721884832291e+00 5.966360281355309603e-01
2.118920004078892472e+00 5.721413003085777937e-01
2.034781880569464629e+00 5.952391632159099721e-01
2.234000746857980779e+00 6.014586880074405117e-01
2.245817232738988256e+00 6.779727460562864350e-01
2.076493403737865506e+00 6.177269328205746701e-01
2.011915024160054966e+00 5.625624249663241372e-01
2.120118130787950417e+00 5.863609403961153044e-01
2.142102810724444861e+00 6.239365844778257397e-01
2.080851915201146873e+00 6.450206473867119428e-01
2.144372405888605115e+00 6.123632536129185455e-01
2.233904123014745391e+00 6.580597466746465063e-01
1.934353270017222792e+00 5.005138816944022517e-01
2.260407054449603770e+00 7.054663099111254665e-01
2.101821968065120227e+00 6.142097365678095278e-01
1.999891444552890807e+00 5.556993004552217563e-01
2.438485891868475086e+00 7.837024307146371882e-01
2.127297341814802678e+00 6.139636446919219948e-01
1.939033722282960115e+00 5.249466707265414422e-01
2.078538917671964636e+00 5.574848573794509710e-01
2.171154917647975413e+00 6.367193350732882617e-01
2.248749248575034443e+00 6.754775388875005060e-01
1.947014163911685358e+00 5.225510428481837666e-01
2.280287967566971385e+00 6.587362583231930468e-01
2.364323196739773980e+00 6.907185891466117722e-01
2.332154511650826212e+00 7.263454679987653151e-01
2.173201720011767701e+00 6.475356509157835783e-01
2.295781808656657930e+00 6.669498324124421007e-01
2.345785478395564727e+00 7.038485337324343893e-01
2.361972185467354546e+00 7.178442300518170782e-01
2.127132715127590945e+00 6.295716460879392518e-01
2.277919916313452475e+00 6.889602344996466066e-01
2.392527854426978351e+00 7.612918154382390945e-01
2.135625207787642754e+00 6.073355107409446063e-01
2.018609137026724287e+00 5.505244192494329614e-01
2.458873632533456810e+00 7.671956083086350908e-01
1.894687951156535988e+00 5.079758956622520971e-01
2.277958982943786737e+00 6.453607367288992647e-01
2.379449760771831013e+00 6.876689841415213333e-01
2.200546868028450564e+00 6.432629885060289210e-01
2.060317718876631510e+00 5.357122460655121543e-01
2.132887516152524032e+00 5.489466967645999507e-01
2.186635007048383539e+00 6.224491763021618995e-01
2.263258192135641611e+00 6.969516858637647694e-01
2.450704961957980821e+00 7.910429214405307885e-01
2.047619669623090832e+00 5.721109869758040922e-01
2.192727722516880196e+00 6.001651017848661507e-01
2.178763608694692433e+00 6.278860918790463153e-01
2.530682788646218651e+00 8.319446144796482923e-01
2.320758585598686530e+00 6.771050733625518792e-01
2.315913170372539298e+00 6.892263692717209844e-01
2.030141092808071424e+00 5.727540356727396365e-01
2.262372888261333870e+00 6.564681732775016210e-01
2.031269164595532750e+00 5.368759742244589850e-01
2.091464001583863919e+00 5.910256497475303572e-01
2.222720169288028735e+00 6.269017223876481859e-01
2.093449752733746561e+00 5.510167933598346668e-01
2.016172067963899917e+00 5.143748691488247982e-01
2.135195602505570278e+00 5.643707677514648857e-01
2.133423941817027103e+00 5.928696509578170737e-01
2.286231341712104737e+00 7.277582404708450303e-01
2.160467991478864480e+00 6.408131241031482794e-01
2.255146390034481918e+00 6.821880369506158059e-01
2.256036566828300671e+00 6.293448806967840703e-01
2.336956288091862177e+00 6.703104577074201487e-01
2.180736679145882206e+00 6.335862425380319740e-01
2.173811026998500040e+00 6.539265831595807432e-01
2.157348160409016113e+00 6.478743416773182773e-01
2.146706453115824420e+00 6.173207539911544917e-01
2.391239113153387219e+00 7.212478747853634520e-01
2.089941145028832548e+00 5.984280683673491863e-01
2.161163084663230816e+00 5.955161067009919762e-01
2.333886943732416785e+00 6.807581143730829787e-01
2.218116864101114416e+00 6.215595148222934352e-01
2.221884442966951312e+00 6.820203242855427117e-01
2.418099716990200321e+00 7.478071853159563576e-01
2.234525461772803645e+00 6.757393068370464162e-01
2.208378537883353143e+00 6.287682099242919431e-01
2.269295702958818328e+00 6.870952634633691325e-01
2.250969282114312353e+00 7.294317578491187337e-01
2.351023448108308767e+00 7.394716115487078856e-01
2.076930582917773105e+00 6.334118669669644985e-01
2.118901895092513143e+00 6.018603177761321366e-01
1.995007509459024053e+00 5.520368019516022073e-01
2.264445860967501556e+00 6.616611502435002512e-01
2.140578836601047641e+00 6.099904694430998697e-01
2.216226206922820019e+00 6.281641912524712490e-01
2.437042444812574260e+00 7.365435139697630307e-01
2.235444946484769879e+00 6.673004036671074113e-01
2.279440789657493749e+00 7.504782325290451084e-01
2.104013229046893141e+00 5.766254970685021908e-01
2.225909597360536285e+00 6.328440073785279729e-01
2.159803626815232747e+00 6.335009291049554792e-01
2.357131465498515599e+00 6.862595013238782515e-01
2.031797559220073435e+00 5.513389140178305281e-01
2.451852544158501956e+00 7.796953224169684837e-01
2.181580597708086877e+00 6.372304413135750911e-01
2.141786714240257794e+00 6.143367666685616291e-01
2.144061266750530326e+00 6.362897902517570259e-01
2.279966803491964455e+00 6.144935036297546338e-01
2.151588134830215715e+00 6.438495201787015620e-01
2.126515428001395147e+00 6.190555563467668998e-01
2.365984118318396057e+00 6.946308013747224397e-01
2.854055332214957552e+00 1.044643460663184920e+00
2.225579433937789897e+00 6.273156197753435581e-01
2.305153331623029267e+00 6.977282798783066564e-01
2.254617118870505088e+00 6.648246562191835185e-01
2.200704762196973974e+00 6.013253116437198287e-01
2.255951466520686566e+00 6.723407535779569733e-01
2.214499402748118406e+00 6.563045800501042804e-01
2.211634397409665276e+00 6.598382865607985703e-01
2.173854095567503197e+00 5.981922399118275724e-01
2.267831025858140670e+00 6.938375060549238915e-01
2.380107958646619171e+00 6.926873207051518211e-01
2.021685137850489422e+00 5.506138104617884776e-01
2.450327280150577103e+00 7.578030948973247805e-01
2.246629413790478313e+00 6.469149487760320616e-01
2.043628551250407543e+00 5.669032196238298349e-01
2.087986903387315074e+00 6.050168701914619973e-01
2.539330391181022328e+00 8.392534682841701343e-01
2.059722834951237758e+00 5.821897967003548668e-01
2.168034175556655896e+00 6.203781345637664479e-01
2.252207827168926979e+00 6.570796698466568886e-01
2.079170545647071489e+00 5.613759255339989540e-01
2.157419006788118931e+00 6.557187532432815491e-01
2.183296312270594175e+00 6.583306084455641249e-01
2.083177102006732007e+00 6.510713324951719061e-01
2.248384359003718025e+00 6.502418824739359948e-01
2.119765967916082072e+00 6.005307360698546315e-01
2.216581207177889201e+00 6.792964711255810029e-01
2.278659013061291816e+00 6.450438219315841604e-01
2.188968178265858988e+00 6.462113553469980287e-01
2.110735813710947983e+00 6.085948151552069696e-01
2.148658657202722644e+00 5.926484883109555124e-01
2.291185400692520524e+00 6.741053057784772706e-01
2.133496860671103779e+00 6.315633772300685012e-01
1.978268560014307731e+00 5.153968239690882580e-01
2.155717613681904510e+00 6.064049635215170708e-01
2.240459239572057726e+00 6.448628143526045076e-01
2.105754078609947566e+00 5.924536865857207291e-01
2.008757777388912480e+00 5.362854153595286721e-01
2.195236051650913289e+00 6.352967332045437177e-01
2.079576321211821455e+00 6.043503882041542097e-01
2.279831402397096696e+00 6.776504431904520898e-01
2.051835172317735267e+00 5.688032209995078636e-01
2.191362666895161571e+00 6.196293538566809422e-01
2.224433773156847760e+00 6.691280732081577032e-01
2.245517504960390820e+00 6.856146882165787826e-01
2.196458599308353410e+00 6.148685057623007877e-01
2.063625516191354148e+00 5.895894996924778697e-01
2.136039591160426188e+00 6.195212214305189091e-01
2.344493106490851186e+00 7.737351095769059439e-01
2.301413861786421489e+00 7.009888722774640923e-01
2.198467053850864605e+00 6.203288940691702447e-01
2.078138055565427411e+00 6.193855655645382763e-01
2.000869197235743968e+00 5.496563627033396182e-01
2.186835492940805814e+00 6.212531261566293095e-01
2.289056309638838549e+00 6.262396498730961047e-01
2.134156641481022909e+00 6.117965052855877106e-01
2.195239216785010772e+00 6.161033680926674139e-01
2.136325508031181375e+00 6.360284906861637388e-01
2.227717055131170021e+00 6.144440709487331009e-01
2.193355593516625124e+00 6.286412321776496670e-01
2.371501904045237197e+00 7.378961320690189396e-01
2.129507892897414933e+00 6.126996870301592013e-01
2.278971981227113197e+00 6.431550199664339829e-01
2.168750496103627246e+00 6.006823398302175709e-01
2.185550665008576310e+00 5.886867150740644483e-01
2.328000348693394894e+00 6.813902482539734295e-01
2.158628547107375617e+00 5.965815556935700759e-01
2.199035277066825333e+00 6.192746979174624800e-01
2.014577552427388341e+00 5.956456917475555501e-01
2.662441860656522330e+00 8.588747292933832655e-01
2.161597137272772251e+00 6.401462298516221727e-01
2.306738798794139012e+00 6.718292478580785154e-01
2.279501066053549518e+00 6.748423737949551526e-01
2.417256829353021885e+00 7.799850999833002341e-01
2.248233354430366759e+00 6.483375219547317103e-01
2.217299626660793610e+00 6.510897150242437315e-01
2.202125343187935513e+00 6.395279847553856367e-01
2.423375361332135380e+00 7.097463491257636203e-01
2.259518678012870652e+00 6.541120263348199071e-01
2.315767018587614690e+00 6.819482167658262872e-01
2.218854570622827094e+00 6.582304549252941950e-01
2.251411983637370273e+00 7.219046529515321664e-01
2.151426737419498636e+00 5.924464252567371858e-01
2.251423096425492432e+00 6.676169490471429713e-01
2.201117673621209470e+00 6.060740267943388604e-01
2.061758519712387550e+00 5.738896887567926930e-01
2.159504348916307492e+00 6.382703488454063434e-01
2.263679994944119311e+00 6.703180631501787223e-01
2.268584495497398379e+00 6.958414664540357730e-01
2.142899214611704295e+00 6.217384061714439358e-01
2.390308423437254248e+00 7.407592857936744490e-01
2.059558180645014058e+00 5.544179255196276523e-01
2.254742675117627826e+00 6.538086297546684689e-01
2.077560151155582346e+00 5.872160621515599699e-01
2.013710471372196498e+00 5.258293568296826814e-01
2.286453255201135626e+00 6.431608412366248695e-01
2.316796085363725943e+00 6.886146904730274798e-01
2.181290984339343542e+00 6.161368350499607516e-01
2.254453944109596542e+00 7.229496482607056240e-01
2.144138279933974989e+00 6.196809725318813689e-01
2.143835078261449478e+00 6.046154798000427100e-01
2.162801969493111542e+00 6.061838806716466355e-01
2.216627837504905774e+00 6.630141122312797064e-01
2.232808151020858389e+00 6.520226988491597542e-01
2.111924064527114009e+00 5.818979324748390081e-01
2.264757416983278038e+00 6.586755620193234240e-01
2.058502963053179258e+00 5.723889527172045799e-01
2.290209660870722086e+00 6.483097441243381720e-01
2.307697783669295344e+00 6.922807399244628179e-01
2.041229433287806483e+00 5.652361788584889801e-01
2.275643721232836203e+00 6.768907560660361034e-01
2.266542163747212069e+00 7.185525978563532812e-01
2.250040567584776774e+00 6.404596919478060535e-01
2.472337247190888210e+00 8.009875205229503026e-01
2.084599923098071184e+00 5.634525922702630085e-01
2.222525583171329533e+00 6.995941866705085443e-01
2.206435604999458011e+00 6.153602848806581926e-01
2.209096508687870219e+00 6.681017282815963076e-01
2.186863481714599100e+00 6.476783554198757287e-01
2.219873026444699526e+00 6.771658841432732778e-01
2.179078951028563083e+00 6.227987901057666642e-01
2.200639862388719781e+00 6.163824017541528200e-01
2.249723730617767981e+00 7.006635855101978061e-01
2.149469278115066384e+00 6.271874368757821561e-01
2.104280825317435433e+00 5.885025937175254462e-01
2.337458965323063964e+00 7.645645648985565090e-01
2.229097824579907794e+00 6.473840985736116771e-01
2.215637558895577452e+00 6.281772247084143057e-01
2.335986959658046036e+00 6.706717252777542049e-01
2.050421795051556195e+00 5.699082827800273643e-01
2.408336542836805982e+00 7.290828529961390636e-01
2.129010144298904450e+00 6.208289021244276507e-01
2.375687134576766724e+00 6.628818362754288485e-01
2.328944310674461615e+00 6.821501971603216585e-01
2.265861039285206324e+00 6.779843203354819492e-01
2.330459253375663398e+00 6.709682648665180604e-01
2.274159641536361853e+00 6.293965855980730995e-01
2.256508820150141315e+00 7.268968402877892254e-01
2.038363552917100474e+00 5.451591602944555470e-01
3.077981582088518131e+00 1.128713720790474717e+00
2.417825027258282411e+00 7.890173154297590585e-01
2.294233827887321109e+00 6.847282483300335398e-01
2.333629377053772380e+00 7.377131315985413496e-01
2.043676914728419280e+00 5.199500173232911582e-01
2.229171355903435181e+00 6.722371010233084698e-01
