1.939047718503581041e+00 6.385154374599704141e-01
2.013061495010965984e+00 6.515618195313769290e-01
2.024182245829280191e+00 6.933411499086484797e-01
1.969646211776923339e+00 6.163924757722843983e-01
1.921146055071148329e+00 6.114134492010755428e-01
2.055392592778833905e+00 7.409172158332621994e-01
1.978390217274943241e+00 6.606103836366618021e-01
1.978229467234682071e+00 6.464654112761294424e-01
2.048768230406535107e+00 6.563425218793106364e-01
1.965675420895329761e+00 6.132999971201762435e-01
2.025884296911551807e+00 6.766552212894381135e-01
2.299549739550487359e+00 8.263861348479722979e-01
1.970972404297096636e+00 6.575341913309823427e-01
2.144693191333328475e+00 7.031561912988355534e-01
2.054013894202076695e+00 6.946219764974832511e-01
1.914655000759631465e+00 6.341368484239811032e-01
2.073927565313409271e+00 6.966686519632973029e-01
1.908799201892569908e+00 6.228833109628790776e-01
1.916367600957870954e+00 6.280837501210816409e-01
2.140548107339953710e+00 7.513980761409765341e-01
2.074938073829136087e+00 6.786074341628448581e-01
2.041532546565756778e+00 6.641676289717695081e-01
2.073617819535687801e+00 6.763455663785153948e-01
1.910815253527870405e+00 6.333072546424944882e-01
1.932463414995805318e+00 6.479655480275645640e-01
1.969815140596917757e+00 7.253838759784509982e-01
1.785049983714123378e+00 5.895761825907773757e-01
1.912569218010256922e+00 6.196939053909337192e-01
2.084170934898313288e+00 6.790100670561647345e-01
1.909709446364609375e+00 6.386550119975951123e-01
2.102175571191576164e+00 7.053103651926307949e-01
1.872208408599679075e+00 6.092030627463368431e-01
2.008930245817982296e+00 6.239966002413406265e-01
1.876370133092754244e+00 6.203527712688745588e-01
2.186156031513556197e+00 7.072448470283045907e-01
1.915477643219612114e+00 5.998669423535682999e-01
1.972578152364550030e+00 6.801556478566516128e-01
1.982541150051325696e+00 6.709543084198764662e-01
2.037582624881665083e+00 6.409291300022352811e-01
2.029927434061904457e+00 6.816111182737514262e-01
1.849464095718008405e+00 5.872240224140516940e-01
1.938038899767732692e+00 6.286512499745841032e-01
2.081334184973212320e+00 7.102431510918698621e-01
1.982610606435022405e+00 6.518134138876021666e-01
2.085659684167099126e+00 7.266045230698986446e-01
1.956482831170067938e+00 6.295848975678844939e-01
2.045142108728909225e+00 6.662746159962343873e-01
1.943401805842303487e+00 6.581398859201291751e-01
2.015693599074185105e+00 6.636334975322303320e-01
1.932277746163329146e+00 6.371894553537477135e-01
1.982865435146508482e+00 6.433750593887432867e-01
2.141339433260554426e+00 7.092293703683714146e-01
2.032198534175600368e+00 6.945639126906427707e-01
1.870263528937480269e+00 6.525729632194718910e-01
2.724682038765942504e+00 1.124261821919804838e+00
2.030466400610450250e+00 6.679456253697380053e-01
1.940627092116697483e+00 6.208552781358072092e-01
1.992233875911198604e+00 6.454627489387911865e-01
2.014191574103447735e+00 6.967732839532854161e-01
1.903028720764834425e+00 6.018379739967293363e-01
2.059785464589174886e+00 7.166669758950514613e-01
1.988686127203092679e+00 6.715874839108266769e-01
2.057862121116279752e+00 6.617125150651731458e-01
2.078079948861685011e+00 6.958189555654493708e-01
1.977943341045250270e+00 6.408245847793364591e-01
1.914353727024976415e+00 6.060873476374272206e-01
2.182358169009071425e+00 7.805428121429884847e-01
2.070510054907560793e+00 6.679524819431015281e-01
2.093989491903655686e+00 7.252849996144079547e-01
1.907897009805445521e+00 6.321170115701006953e-01
2.127407545879486772e+00 6.989787762112006364e-01
2.044413169362703009e+00 6.696087860150305993e-01
2.071202871530542833e+00 6.819327782714511565e-01
2.037441688905213155e+00 7.021767489669382689e-01
1.843800644984915582e+00 5.975519791299545025e-01
1.875238142691129095e+00 5.966078225393449674e-01
1.952812302748860418e+00 6.467855497980040669e-01
1.917962516188197464e+00 5.959670149877619449e-01
2.054087701109245767e+00 6.685804081097564966e-01
2.058887896413200913e+00 6.800836869789068651e-01
1.895375859816960551e+00 6.214442926956899038e-01
1.987280246793652783e+00 6.185675074212155788e-01
2.133869029249126026e+00 7.053345395083363556e-01
1.955978386386107548e+00 6.442696474740784440e-01
2.063600609604664626e+00 6.628695142569223098e-01
2.036593584463642248e+00 7.130708534231315898e-01
1.997123250257671456e+00 6.603911175170623649e-01
1.908978939066362512e+00 6.308175370396077453e-01
2.104162857684222399e+00 7.012520055638165051e-01
1.924720670401250722e+00 6.186785044802941558e-01
1.985569552372145719e+00 6.525604204860571134e-01
2.085159890528470061e+00 7.207126921513119511e-01
1.976936539730649534e+00 6.214030452579276664e-01
2.021960964063767019e+00 6.762112279343535093e-01
1.956455048176901856e+00 6.220199973835235374e-01
1.889396399180810038e+00 5.713924130978905724e-01
1.916262389377926256e+00 6.236797846671954249e-01
1.921053146975485015e+00 6.038962023799074874e-01
2.090444440290372352e+00 6.887836702247995824e-01
1.914913529749880494e+00 6.110705343448938898e-01
1.808226917620191943e+00 5.659433554004148492e-01
1.758477111374066038e+00 5.597239115572363310e-01
1.997075055568122037e+00 6.649613550348854041e-01
2.150435361742295992e+00 7.348854832440062657e-01
1.959086283333255185e+00 6.767491484585872463e-01
1.880810851687900964e+00 6.309335840635346138e-01
2.221500476071514463e+00 7.532586451669101013e-01
1.982895113022654865e+00 6.658414312961760118e-01
1.973089426447898864e+00 6.331171848349499420e-01
1.852714395297589300e+00 5.939775641489143387e-01
1.900174389590143509e+00 5.767783074409091881e-01
2.148502511624668987e+00 7.027376443256206917e-01
2.119796216560709823e+00 7.535827727042146984e-01
2.105396505134410567e+00 7.439773750565029653e-01
1.848227338096620320e+00 5.790046747429832275e-01
2.077164371970362300e+00 6.790800875701752393e-01
2.092210972087842791e+00 7.293372683176368998e-01
2.005766894241778786e+00 6.304798773454073357e-01
1.824771228443609061e+00 6.078147578705794807e-01
1.934937756572654211e+00 6.674881991015457761e-01
1.892792894011008586e+00 5.921351949056172792e-01
1.901555435941991501e+00 5.854165642911501877e-01
1.863037613930813574e+00 6.125434494609761638e-01
2.193830508807284474e+00 7.204976087385870365e-01
1.862997965030589009e+00 6.045517766213812649e-01
1.980004313497193413e+00 6.452519128367726342e-01
1.886009233877587565e+00 5.867943565634677894e-01
2.027655564399195143e+00 6.595609166336597884e-01
1.950571350827583483e+00 6.040989530467221202e-01
2.222098417708819884e+00 8.084217491308949288e-01
1.958569823798947285e+00 6.335151947237964709e-01
1.908272685240855582e+00 6.130671503601693439e-01
2.072995068263306262e+00 7.231716809829282777e-01
1.975636548732293551e+00 6.489661018043976215e-01
2.017012441801077749e+00 6.354890294343056301e-01
1.844893447925221697e+00 5.883295498527125744e-01
1.985976278966928188e+00 6.309705903582996100e-01
2.137514930744663921e+00 6.711699564552093822e-01
1.893878581104332604e+00 5.981338207117897765e-01
2.068435824799908396e+00 6.919635883837538248e-01
1.983871609672566594e+00 6.429143672596601133e-01
1.943153584088372909e+00 6.484277677990484268e-01
2.183743676645440779e+00 6.961771260991601595e-01
1.954232355474364136e+00 6.691857457964794920e-01
1.917692569358857124e+00 5.996293110042532071e-01
1.984561168573537815e+00 6.569722083989065764e-01
1.938369736539343968e+00 6.467918857615044814e-01
1.989217924337985499e+00 6.212684217258690467e-01
1.890282468434574037e+00 6.048630710941763633e-01
1.933684926902959234e+00 6.058354623859198984e-01
2.004466816820247299e+00 6.616974280525022012e-01
2.003479876296659246e+00 6.840667018625277152e-01
2.149095358184793358e+00 7.152198238038243172e-01
2.022640596568125115e+00 6.550391630178523661e-01
2.011843373853527517e+00 6.708139495944513975e-01
1.969872571607155232e+00 6.309625964382349350e-01
2.073784137711723652e+00 6.792434916721709071e-01
2.037508124236486307e+00 6.688568251696531686e-01
2.021917370617389409e+00 6.585205491984980064e-01
2.040278433769985522e+00 6.466976282258884989e-01
2.018396680542984267e+00 6.495208887668967312e-01
2.054661736397931815e+00 6.984053735105956173e-01
2.015132969245881700e+00 6.340397631973665460e-01
1.820844746726245633e+00 5.870619876351086397e-01
2.044281077202764418e+00 6.517732752400099416e-01
1.868717660602576602e+00 6.142717915185927913e-01
2.095252456207776781e+00 7.142745443004856476e-01
1.879834153268059138e+00 5.976712779863753155e-01
1.747945880195167057e+00 5.553502806129115843e-01
1.812719399469790771e+00 5.551618967154157147e-01
2.072399307429551918e+00 6.743007588595180124e-01
1.834407665608227322e+00 5.926203123117931293e-01
2.004673587716875094e+00 6.750073318275111589e-01
1.890249957973705763e+00 5.699052671050164331e-01
2.179417291141985125e+00 7.166979680093634730e-01
1.929183444567874828e+00 6.258614933894880439e-01
2.152686194778916207e+00 7.344014784790219297e-01
1.939964354650450362e+00 6.491306564746441854e-01
2.145216742569863388e+00 7.494038477733397929e-01
2.163709461808227541e+00 6.859283274135572483e-01
2.023589441386961507e+00 6.749923503374227751e-01
2.049730708083217223e+00 6.600506091742797121e-01
1.913098522560316095e+00 6.393489416010463833e-01
2.116344622892838423e+00 7.134852912698577132e-01
2.126344719149137141e+00 7.124969419257642933e-01
1.880472783028573458e+00 5.757809291390072470e-01
2.066784056852482454e+00 7.168118769190398032e-01
2.057535180118542417e+00 6.943719169045163842e-01
1.985923956374760824e+00 6.522131855896521335e-01
1.912844929658368720e+00 5.928256221967607154e-01
2.137886340590706702e+00 7.039848893458440227e-01
1.930775520413134716e+00 6.572479714849520649e-01
2.062102586317838604e+00 7.115452846498407924e-01
2.116730685992490368e+00 6.662773346183894496e-01
2.099438908443011620e+00 7.244749073873604228e-01
1.951901352331009365e+00 6.063031640310113657e-01
2.018240625308283853e+00 6.361957078443424285e-01
1.885699407491614465e+00 5.953432395015394452e-01
2.038360095925306315e+00 7.248095366516636995e-01
2.029006123886251345e+00 6.698355162470988056e-01
2.121864626058691528e+00 7.092812090594990959e-01
1.693879172008965872e+00 5.336235922969575496e-01
1.809284808057170180e+00 5.646864743984911783e-01
2.061307968281589353e+00 6.972845540619512228e-01
1.999140201481323098e+00 6.625571916707667652e-01
1.970224209393060422e+00 6.872759982928169364e-01
2.011924657298501007e+00 6.384148145809044328e-01
2.003757978722656485e+00 6.408048952537368503e-01
2.005483015452915296e+00 6.534412870910245585e-01
1.934922642508713375e+00 6.716196511944537706e-01
2.111969144804609844e+00 7.386310209443293084e-01
2.015409816969274903e+00 6.642493582600568214e-01
2.198993313838039754e+00 7.816551236488517018e-01
2.045368474291240801e+00 6.979809269837788932e-01
2.113688027853280360e+00 6.765630927766389524e-01
1.915479936389713922e+00 6.440271623413430513e-01
2.062537041520846159e+00 6.866405423328035829e-01
1.908500996778986103e+00 6.242506694268391554e-01
1.939597997622285019e+00 6.561615855996651980e-01
2.065190469096997994e+00 7.246486078185490065e-01
1.843491777518373675e+00 6.053681686937293360e-01
1.964279357973412132e+00 6.466345880050962114e-01
2.042198206579616482e+00 6.955461417205267560e-01
1.886672138314342551e+00 6.108186311173433580e-01
2.033742378326163447e+00 6.826442344978217447e-01
2.081532676242573654e+00 6.961054070183965159e-01
2.083431431014549418e+00 7.140489988156105694e-01
1.915947963186308778e+00 6.345850720790945365e-01
2.096371927641413446e+00 7.244591770461722424e-01
2.081078758152154595e+00 6.910659527269970015e-01
1.981836890843252874e+00 6.391376020885788378e-01
1.762870592238810152e+00 5.760512266017542293e-01
2.058362937325983300e+00 6.979019152387597735e-01
1.881937475928427084e+00 5.788215873292279490e-01
1.898338696072845222e+00 6.489850382731513490e-01
2.004231625676159201e+00 6.473672519063909947e-01
2.347776891738890814e+00 9.099954377898272773e-01
2.035243771706890303e+00 6.977695817023251701e-01
1.926213987165677821e+00 6.493634838190665004e-01
1.868732965466844531e+00 6.356039098185369829e-01
2.015761567225587747e+00 6.595621337745525281e-01
1.959781185695097960e+00 6.026036587430911862e-01
1.959177196020913669e+00 6.718218454982066712e-01
2.062332621084265849e+00 7.086029535847271354e-01
2.008778664424921701e+00 6.291931817305764785e-01
1.969706569007239061e+00 6.292764842856429786e-01
1.820238932751514715e+00 5.604413024213363848e-01
1.924550095473573252e+00 6.041423302749753255e-01
2.035752677946361722e+00 6.612454492436106168e-01
1.902779467398767244e+00 6.153841809469781099e-01
1.978802299073509463e+00 6.744249067486196569e-01
2.123225180653007804e+00 7.137419884243465518e-01
1.926907656459896367e+00 6.156905694160024201e-01
2.007386316837787010e+00 6.621223507234239580e-01
1.814068762522344391e+00 5.625371600800260774e-01
2.150521877919812308e+00 6.996450881496896201e-01
1.943703826280096525e+00 6.408260559035510173e-01
1.841074512647370653e+00 6.066868825943235732e-01
1.968177540480050114e+00 6.372924761722049691e-01
2.188590500222598045e+00 7.047244873791009834e-01
1.918342469909137593e+00 6.106885729240179028e-01
1.890034487907856997e+00 6.025364337585805696e-01
1.947981269298535656e+00 6.376812324231401208e-01
1.941580356541978247e+00 6.163876286313560993e-01
1.948473165780945537e+00 6.509943754041471742e-01
1.965769257888737798e+00 6.413878542960553819e-01
2.033339909657761346e+00 6.764834120869267498e-01
1.833177958897895810e+00 5.882039716286600051e-01
1.821440037988938387e+00 5.680974377545006115e-01
1.997404477944234147e+00 7.016901500025964911e-01
1.996876197032639189e+00 6.780203125408430509e-01
1.887216755763041043e+00 5.999093027701997149e-01
1.959580087752704980e+00 6.482415615182494095e-01
1.995549068978810681e+00 6.680937697933839736e-01
1.896259046893855826e+00 5.990714005092043770e-01
1.992353012990699668e+00 6.351497654583275754e-01
2.032335208093929868e+00 6.589805591021885567e-01
2.002146587570083902e+00 6.999547928310834166e-01
1.938895472424122524e+00 5.987336883899433415e-01
2.016643110919344561e+00 6.569838275785392367e-01
1.906324925882352472e+00 6.480438984539259595e-01
2.019638122535684754e+00 6.980876804740627772e-01
1.945593538510331788e+00 5.975996652705297674e-01
2.006931329603634850e+00 6.347955909320179835e-01
1.972142063522764666e+00 6.619924476256524581e-01
1.937346830835090516e+00 6.735547986828860356e-01
1.839769398355300289e+00 6.120079644189783119e-01
2.043095831894426340e+00 6.806315504890150248e-01
1.986893106501398387e+00 6.606433092879213653e-01
1.978114814267998733e+00 6.678309782517936055e-01
1.880771850138932111e+00 6.247896114895071795e-01
1.917049420641528279e+00 6.450634662406168340e-01
1.914658117750597910e+00 6.670788909414590018e-01
1.974778999073778074e+00 6.318677283267151168e-01
2.153155918026115945e+00 7.213779548182789325e-01
2.102074379099199142e+00 6.920135202408940200e-01
1.893271376806803019e+00 6.106128723520631851e-01
1.963032728978906238e+00 6.561433225517167012e-01
1.942835325473194930e+00 6.509773361237799483e-01
1.971901437910040578e+00 6.599150976922549816e-01
2.189627431848764960e+00 7.863376544283612324e-01
2.041138909401516432e+00 7.009234857526478457e-01
1.985171340895961478e+00 6.227521828417497129e-01
1.927154915997849383e+00 6.258077476547843077e-01
1.843607086092678538e+00 5.441310916786350482e-01
1.909400339104193156e+00 6.102448234937302152e-01
1.979986287477830231e+00 6.115246195850543298e-01
2.058287729818065515e+00 6.838278339816259432e-01
2.158978528419170928e+00 7.580576282884006201e-01
1.834694221951956195e+00 5.871893563152666973e-01
1.989210268325084963e+00 6.358138163419467803e-01
1.879405307915715806e+00 6.362280892558274115e-01
2.057277830643767125e+00 6.933425914387830735e-01
2.002844713125600418e+00 6.447919785904615564e-01
1.888713530691987774e+00 6.007275656329732483e-01
2.140311941645094418e+00 6.766132584896351609e-01
1.985054992057307510e+00 6.607137621757415147e-01
1.971082504122456669e+00 6.252720220210964408e-01
2.077279075571794031e+00 6.970534095181760703e-01
2.083627212489565395e+00 7.060652656222111689e-01
2.173396019072976415e+00 7.732767892751762906e-01
2.075414095110455825e+00 6.830848407523382182e-01
1.966640618670515872e+00 6.037691001413805214e-01
1.922808525466622065e+00 6.213517802204724383e-01
1.965156150895204457e+00 6.383630634053980568e-01
1.897925870269407955e+00 6.008701414822590348e-01
1.771244388798967062e+00 5.737057212335514578e-01
2.251885724653469811e+00 7.642901942727083897e-01
2.005559836661392925e+00 6.533006268000954853e-01
1.926260716789887084e+00 6.533090195765447472e-01
1.944493893426125330e+00 6.122758753676437182e-01
2.093167210428716452e+00 7.098649401857217711e-01
1.947109426985515146e+00 6.074895323487624621e-01
2.178716538505705902e+00 7.592744461618636809e-01
1.913074637332528471e+00 6.101499649172402728e-01
2.096316120077217349e+00 6.828299712220587958e-01
1.960625753166366891e+00 6.110910695698014150e-01
1.973060266938134300e+00 6.662655323310004984e-01
1.936476161075501468e+00 6.616807435844920260e-01
1.838474504641234963e+00 5.970456164491267925e-01
2.152182512164120265e+00 7.619664553728756617e-01
2.061675985480694084e+00 7.150268486883472052e-01
2.061823135084131398e+00 6.774503756658628584e-01
1.894179127565128518e+00 6.306388301651107975e-01
2.423913780741545843e+00 8.587697145799024767e-01
2.051312547840692169e+00 6.925999455296091289e-01
2.066333407384427723e+00 6.694319891967045466e-01
1.954700205607458274e+00 6.630343461840825237e-01
2.114475890276226178e+00 7.206118619165816641e-01
1.949545645257466431e+00 6.460138387290802475e-01
1.982790400841626610e+00 6.435604292459957687e-01
2.222417691844345455e+00 7.797819339129470340e-01
2.082854980611243967e+00 7.329189070984435395e-01
2.004610449661422322e+00 6.789607698252049239e-01
2.030199829653792865e+00 6.667481481153314515e-01
1.948794210999686305e+00 6.156803984488798953e-01
1.866386387546161263e+00 5.855348710770585940e-01
1.884588560971935056e+00 6.031743685341909300e-01
1.992975442699725042e+00 6.271241225888988247e-01
1.883349003310957004e+00 6.010746930625249229e-01
2.072533036904705916e+00 6.648117627832166310e-01
2.029304686954673809e+00 6.648107192264656184e-01
2.068686702001797162e+00 6.640819379241960085e-01
2.258544097156697905e+00 7.700222156266549600e-01
1.941723480481384101e+00 6.143442352240676696e-01
1.948689022616958200e+00 5.935667023279971311e-01
1.824175036509470882e+00 5.896232016358617933e-01
1.935155675581809120e+00 6.238550519079841816e-01
1.829512921105031387e+00 5.862685055103344922e-01
2.100641382750337183e+00 7.237017059180411716e-01
1.971350364233108055e+00 6.710353250390499458e-01
2.108979782782534507e+00 7.413275012663638197e-01
1.903840335371254522e+00 6.114210865426568109e-01
2.056032512081129138e+00 7.010469532811631765e-01
1.956540282722591062e+00 6.455742024320206829e-01
1.909470235972755781e+00 6.269113670320094478e-01
1.972105378299131573e+00 6.472260517595492813e-01
2.107552081982078551e+00 7.185781824916102067e-01
2.075983345129723379e+00 7.053669992435580571e-01
2.000269771921215245e+00 6.567373447334597936e-01
2.091872846817387721e+00 6.576973978189301073e-01
1.925214379413139998e+00 6.270137206919733641e-01
1.978709114443077954e+00 6.367138232233813255e-01
2.008489974884799523e+00 6.649097855660078826e-01
2.175288971501039281e+00 7.108510296532598582e-01
2.369715013210213606e+00 8.381031956517496218e-01
1.798450098948670473e+00 5.613564191338634712e-01
2.080447372276602813e+00 7.161504337565836043e-01
2.171077152592889803e+00 7.420494829353447841e-01
1.901801876568521399e+00 5.976876028301991717e-01
2.162398075663674923e+00 7.449880713530210308e-01
2.055989959962715830e+00 6.831570170558907140e-01
1.986088957453804982e+00 7.156511025428032857e-01
2.029068377953297642e+00 6.706342858525659034e-01
2.303038331699294616e+00 8.633594127817273423e-01
1.881672244124992233e+00 5.916447491556724447e-01
1.923510873954074496e+00 6.072911416876202173e-01
1.968103996509519504e+00 6.347877362659226641e-01
2.224800588509288080e+00 7.932973819076598598e-01
1.905134710272493592e+00 6.261252763239960606e-01
2.062722552429245404e+00 6.735720507740844409e-01
1.945155774445041175e+00 6.429534757117547628e-01
1.889805811702554017e+00 6.203036730025678347e-01
2.039950957506500906e+00 6.472981960144483793e-01
1.898869929863221007e+00 6.172869546550358022e-01
2.122902093370051091e+00 7.142372619372054920e-01
1.924725370436968896e+00 6.491609780726499412e-01
2.004141796140511467e+00 6.898075155063633224e-01
1.895199884142313218e+00 6.402380946159034192e-01
2.016457627467227898e+00 6.689655433398261630e-01
2.082389918860842126e+00 6.800633061186974748e-01
2.262431789561121676e+00 7.910053957804722424e-01
2.207107783425152459e+00 7.634144411510166428e-01
2.047069362373448165e+00 7.074597035836091008e-01
2.049703398296310208e+00 6.628681076510462011e-01
1.835545852874509221e+00 5.912056838739726539e-01
1.822355189161237732e+00 6.160646952478016081e-01
1.976791969971059437e+00 6.747931987334244708e-01
2.080774817230378826e+00 6.977753216935150826e-01
1.800351899421308799e+00 5.526316590777180515e-01
1.886946131878731947e+00 5.920548481830462118e-01
1.868808268806327666e+00 5.928590431201022914e-01
1.905675632866595137e+00 6.118877817243461026e-01
2.011282566594458476e+00 6.540237003532134441e-01
1.959495064758151051e+00 6.311994009037237285e-01
1.978587746920379420e+00 6.136762338720681553e-01
2.041659606251967851e+00 6.794609005118570355e-01
2.123462593227673167e+00 7.609697196856523016e-01
2.017709535087361505e+00 6.676892635592973635e-01
2.016217823397210118e+00 6.999041940654449068e-01
1.928925536231723470e+00 6.271007030778877889e-01
1.926339794598991961e+00 6.275967252938956520e-01
2.547699304812559795e+00 9.385411221084479783e-01
1.875043111356433867e+00 5.744405234873317667e-01
1.987014206156027196e+00 6.582938054609168699e-01
1.958752655015839395e+00 6.475664034173009842e-01
2.025688669098645089e+00 6.513167951141933809e-01
1.977070355592319473e+00 6.456123911703783858e-01
2.008778268244147736e+00 6.794166703026129905e-01
2.075346478714953591e+00 6.926204740976256158e-01
1.937599845728431136e+00 5.979881737134787878e-01
2.063707041467893077e+00 7.122412511944261615e-01
1.952699461361965483e+00 6.350179267793092386e-01
2.031416160675098226e+00 6.405069358448327588e-01
2.545610653961640768e+00 9.418537283544899941e-01
1.829457106026933122e+00 5.745369286215731286e-01
1.960621495890248589e+00 6.238881944193530593e-01
2.159398760935462125e+00 7.407073515916778872e-01
1.831303317441639766e+00 6.000717604174571340e-01
2.061013415563007989e+00 7.241453563477108224e-01
1.990694568053786195e+00 6.451475531891783799e-01
1.927321991689010527e+00 6.424523816656264597e-01
1.932661295739215745e+00 6.186472676060866815e-01
2.148175426150182421e+00 7.278882927488243837e-01
1.861854994661563456e+00 6.037442991291879224e-01
1.985106898124503916e+00 6.654978645018756467e-01
2.103049873131731751e+00 6.999934104329665896e-01
2.006723472298583388e+00 6.205768096935615485e-01
2.134201097968430716e+00 7.607732533305173739e-01
2.032347846853414186e+00 6.696074923671346824e-01
1.777808752700149375e+00 5.490208554214680570e-01
1.921426404919896580e+00 6.291179694264906752e-01
1.931201638541752974e+00 6.168197239696399103e-01
2.161022466063589498e+00 7.335781711279094619e-01
2.079772927763702484e+00 7.305569455281888391e-01
1.999748468712729155e+00 6.372797281833434413e-01
2.108536552407358933e+00 7.306410364864456275e-01
2.064926200468859552e+00 6.723596703260975582e-01
2.039327805576436337e+00 6.633175394152986959e-01
1.627556887918465423e+00 4.736949125764995938e-01
2.090758600769095477e+00 6.893321042458248060e-01
1.868580222057677931e+00 5.791232572539923851e-01
2.122590344990778810e+00 6.745177450643333739e-01
1.987324856548169150e+00 6.533812313383878800e-01
1.930910263554355355e+00 6.468023020556518121e-01
2.021406986378006643e+00 6.397883756474863626e-01
1.924369043000013990e+00 6.271943308440124376e-01
1.983086460572428100e+00 6.401146739073060310e-01
2.059342407043275092e+00 7.037985172600934591e-01
2.030311981662268561e+00 6.872006071565015528e-01
2.248637226477994133e+00 7.509972246466274370e-01
1.986348001807078933e+00 6.608097089519354705e-01
2.021571309032027308e+00 6.714064181166368162e-01
2.049178086055541748e+00 6.700099006582522776e-01
2.083929654692588951e+00 6.962051088504569440e-01
2.098359784449497667e+00 6.827474611759439815e-01
2.086847398691364486e+00 6.976114202965865152e-01
1.976561724132545272e+00 6.737122371765689177e-01
2.123815994146974084e+00 7.121386983199429199e-01
1.919761758897218451e+00 6.292766097751452126e-01
1.904910628358640112e+00 6.361207667561560308e-01
1.825743422259274995e+00 6.023074739115107379e-01
1.949935104635204031e+00 6.440897072236927423e-01
1.987423475653202098e+00 6.267733596334158497e-01
1.899854378917855691e+00 6.160047732669876597e-01
1.965843511773625041e+00 6.518099400579533409e-01
1.965269170618257455e+00 6.394400937417814568e-01
1.897065448946894106e+00 6.326918215194382578e-01
1.855695110730134711e+00 5.901131354613882163e-01
2.060585739744979605e+00 7.103639092421333290e-01
2.136256938080204559e+00 7.471327154222255906e-01
1.836599839940875833e+00 6.148654974170448817e-01
1.949669986131092658e+00 6.425141555365301294e-01
1.915397450586537431e+00 6.210753559283943570e-01
1.969436773958428866e+00 6.421735588492246682e-01
1.740471211145613317e+00 5.445687429206073071e-01
2.100481996293172671e+00 6.591492676693423425e-01
2.021706092784488540e+00 7.057074266730966050e-01
2.078446819161299697e+00 6.729454028998991255e-01
1.935583938502501988e+00 6.143869514545421406e-01
2.074594576099513699e+00 7.250882248026696564e-01
1.924735349520176220e+00 5.941672131196087392e-01
2.090944271358624817e+00 7.014934911182636457e-01
1.922755752361369641e+00 6.222777440871464227e-01
2.096714668058510700e+00 7.138593024099075812e-01
2.176327350992203868e+00 7.743981026587664074e-01
1.938211611154952552e+00 6.601979459103902714e-01
2.073818175656122698e+00 6.947130576146788306e-01
1.964459517953607737e+00 6.658945934254402177e-01
1.939721581478099921e+00 6.291517273793035825e-01
1.844537444751978894e+00 6.063749710951902294e-01
1.987284634722657817e+00 6.771783965354072343e-01
2.058636874471955203e+00 6.956635312472764232e-01
2.103420645040050108e+00 6.950855035137453175e-01
2.141302386822709902e+00 7.379840864818438817e-01
2.049371737907812463e+00 6.844869943150858616e-01
1.893235445565135677e+00 6.053346089602782421e-01
2.358786916322561211e+00 8.378629198941658363e-01
1.933994066640965848e+00 6.231503886086934285e-01
1.927231723961799759e+00 6.207649428575754413e-01
1.994018370725042066e+00 6.770098592316566855e-01
1.905859350508869898e+00 6.225880957859202258e-01
1.900676986620007058e+00 6.004284303756314278e-01
1.760226637480011291e+00 5.451695796979306730e-01
1.991792383665311084e+00 6.809661010602657827e-01
2.077169090985401034e+00 6.868577629036832777e-01
1.995074214338884433e+00 6.748938917925769720e-01
2.242507543196855302e+00 7.636985970746069663e-01
1.980991333916144903e+00 6.476110731977923196e-01
2.008183933383726139e+00 6.733169119371967826e-01
1.978130573186181573e+00 6.573654874940443316e-01
1.954238616176822596e+00 6.575132852168424913e-01
1.957033415310650781e+00 6.609952737489624974e-01
2.020727049686798615e+00 6.514368411626989541e-01
1.958409524458356143e+00 6.360382975421614571e-01
1.923561989737071043e+00 6.225330571918377132e-01
1.935551442999868144e+00 6.254705802655176061e-01
1.863069588253870590e+00 5.894798950740447463e-01
2.026851273751311133e+00 6.515581305587107019e-01
2.006503071723739762e+00 6.473451200957679452e-01
2.112775746740643168e+00 6.925984554112375458e-01
2.003937635420975028e+00 6.286883375828198339e-01
1.886878285340142236e+00 5.968810333065122098e-01
2.022965152196567029e+00 7.228220542963665896e-01
1.943273803440613845e+00 6.361504123285897094e-01
2.083010908466710109e+00 6.967597273822714321e-01
2.165851562555611398e+00 7.647173729687618549e-01
1.987795382127797161e+00 6.343061666262941323e-01
1.963978576024158818e+00 6.282451872307501795e-01
2.077446311995197803e+00 6.842447061336273118e-01
1.839869375131300000e+00 5.929111870071864798e-01
2.120857815934211743e+00 7.134571012580808169e-01
1.971658590172287617e+00 6.115579012087908328e-01
1.985378559151250721e+00 6.418878900143257793e-01
1.979464446887202467e+00 6.568194879980497891e-01
1.784382053556498482e+00 5.488442104015686107e-01
1.735156707194489556e+00 5.508413081653759091e-01
2.063135310430509683e+00 6.865102336402958416e-01
1.865218385593985007e+00 5.722581855786650351e-01
1.967358626347564421e+00 6.200081040347190653e-01
1.883914691064023428e+00 6.110479832531586775e-01
2.123305416059003914e+00 7.257999613075946099e-01
1.897137777574785522e+00 6.177593812209269952e-01
2.041413066147224953e+00 7.294345936269381880e-01
2.086324647323055004e+00 7.052937913044422524e-01
2.023639096852063446e+00 6.381938485339027078e-01
1.921346472638925551e+00 6.100026469725192690e-01
1.927823935798589572e+00 5.944102231850453277e-01
1.993276175979051157e+00 6.484582821621399651e-01
2.059190074102582813e+00 6.896662296849667140e-01
2.698792215572104691e+00 1.044779495031049388e+00
1.923975696073030095e+00 6.423226841750938609e-01
2.152589385715636183e+00 7.427871789642840339e-01
2.205182280627213665e+00 7.476428095498527382e-01
2.035667961980522911e+00 6.305271728265864351e-01
1.961423256337394339e+00 6.583766402430093478e-01
1.794050101587014945e+00 5.785484397087604647e-01
1.979721210736563597e+00 6.077223115950943777e-01
2.044485275866287477e+00 7.253679338996888992e-01
1.886259004665573835e+00 6.066710158870617375e-01
2.003657723147265646e+00 7.003792773305596020e-01
1.934531649584641189e+00 6.364120585847623524e-01
2.073464689314920673e+00 7.154532932485320185e-01
1.946116412711283106e+00 6.403836393094126667e-01
1.991424255810632760e+00 6.887543221378338298e-01
2.049571766528138106e+00 7.058825466070727250e-01
1.970024385142286949e+00 5.996857587584821792e-01
1.979603127073773727e+00 6.626992698065238274e-01
2.037309355156757373e+00 6.535126769439700833e-01
1.925414172754156494e+00 6.580144766295157321e-01
1.925219311278205447e+00 5.869846988851726843e-01
1.940775594291921591e+00 6.431991303179727115e-01
2.150369929060262031e+00 7.013265211091648244e-01
2.005290001073541717e+00 6.391297217315193846e-01
1.954079478931826763e+00 6.278779220154067087e-01
1.976517621785813805e+00 6.311114315696101373e-01
1.968615430133586530e+00 6.547037795015301365e-01
2.054500760942671089e+00 7.006533417928221263e-01
1.982557970951503545e+00 7.029452161087512696e-01
2.001238756270100616e+00 6.394969473684285477e-01
1.937301135311152667e+00 6.264621265088022861e-01
2.015495212349450505e+00 6.710665071097337009e-01
2.007499523509221895e+00 6.506505511830770194e-01
1.995536014714952344e+00 6.633637312327942404e-01
1.954646368268607048e+00 6.345741899547648890e-01
2.047282717630085180e+00 6.587489728547067935e-01
2.096816624291311548e+00 6.778821685631591931e-01
2.054437156480142246e+00 6.846302498970107120e-01
2.002585286466452175e+00 6.340212421882384097e-01
2.558641000797679421e+00 9.357139596516069746e-01
2.161160090431753389e+00 7.325676984687898852e-01
1.957369869622926695e+00 6.429868334144996922e-01
1.889782172455392928e+00 6.140212991261031483e-01
2.123694081697832026e+00 7.272519128212406869e-01
2.021560017435970025e+00 6.801787138731535398e-01
2.209866875442223932e+00 7.324638871525646078e-01
2.196000965376106340e+00 8.106553422975513179e-01
1.904275318410649787e+00 6.041438497654958439e-01
2.578742840280376036e+00 9.505937681823769525e-01
2.121426063088460268e+00 7.515399496726220541e-01
2.033851621690022426e+00 6.980970450835550789e-01
1.844854826986202401e+00 5.578089769747014426e-01
2.256425095981389184e+00 7.839424536232960650e-01
2.024574774885860684e+00 6.798433964393796325e-01
2.020191295297035339e+00 6.551864834549279148e-01
1.947121002755693997e+00 6.240271286372812698e-01
2.089157924338303829e+00 6.684311754330508615e-01
2.032342066166345163e+00 6.383676537232745307e-01
2.142421028780696624e+00 7.400733053859616106e-01
2.002550177257443664e+00 6.334695307132927056e-01
2.075789246187941917e+00 6.909003276010003969e-01
1.922340670067177015e+00 6.703726159026255349e-01
2.077099107430097735e+00 6.861470424928665102e-01
1.897616460022579554e+00 6.614977183464455512e-01
2.083857271070500339e+00 7.422389248218902447e-01
2.152432816876726385e+00 7.687921078293451504e-01
2.016331774277834388e+00 6.659130138150514133e-01
1.913136614478135433e+00 6.393184924103144651e-01
1.963642983584990231e+00 6.381965399901566860e-01
2.055083434549723975e+00 6.432650696124401213e-01
2.043535571921013538e+00 6.533518837110493527e-01
1.997791780707887765e+00 6.817084313141626994e-01
1.911558230862296481e+00 6.042112873162052145e-01
2.001201280108436009e+00 6.477528541390884520e-01
1.803703666382505233e+00 5.618155369868733651e-01
2.110785863862912670e+00 6.988000686718783827e-01
2.003948708890278319e+00 6.475562970850216038e-01
2.104896076270389216e+00 7.302184204532476963e-01
1.842430684833747945e+00 6.160701329724718178e-01
1.974807629673526632e+00 6.833507797493926228e-01
1.973380597247718526e+00 6.213206962016689650e-01
1.988130357666922921e+00 6.152022264212757552e-01
1.884235495966461116e+00 5.854963738787536398e-01
1.922605609044404362e+00 6.307198049373539117e-01
2.013748093874474954e+00 6.267148245198006506e-01
2.081960539311932923e+00 6.943692605124690553e-01
1.969088031503096303e+00 6.239017447182646503e-01
2.010133246384036454e+00 6.496853059848892720e-01
1.896713009632285507e+00 6.097567148360162337e-01
2.090116849561959977e+00 6.936203581498279203e-01
1.962518223839315734e+00 6.418395941022241313e-01
1.844459145760752650e+00 5.885679142508014605e-01
2.111744895290703639e+00 7.256336860685580481e-01
2.003114435524705694e+00 6.193603134395392340e-01
2.043745912452945568e+00 6.653850797133301631e-01
2.165610345258204283e+00 7.475981594465609392e-01
1.932771043781730702e+00 6.048329665569406322e-01
1.890701059138058415e+00 6.158726931179289155e-01
2.090757767224105557e+00 7.496499865180717981e-01
2.002320906921347454e+00 6.566841491635236894e-01
2.069199693904999471e+00 7.224585941880781181e-01
2.001565020487130475e+00 6.755364546787809843e-01
1.929766017081304019e+00 6.338160610407661544e-01
1.841581588754172660e+00 5.882610070722603668e-01
2.101348040483236534e+00 6.731431743504219245e-01
1.900661272727372175e+00 6.228222112855220649e-01
1.945874845293704913e+00 6.591967396839414350e-01
1.970529217818132617e+00 6.323459693068221865e-01
2.157895527938162861e+00 7.141770716236773842e-01
1.907408582647368345e+00 6.456330694063745490e-01
1.908982522481391220e+00 6.034734757937089134e-01
2.024951030391215046e+00 6.765798062298067350e-01
1.943051496227724773e+00 6.664008901597630041e-01
1.905746157149327269e+00 6.165383368003833908e-01
1.959542474873664508e+00 6.310043267869206440e-01
1.829413367403558865e+00 5.897912958819339080e-01
3.186015637327309857e+00 1.425781064213689886e+00
2.084267225248860544e+00 6.996896341628605631e-01
1.877283036307805464e+00 5.828675332269395160e-01
2.069400022751942458e+00 7.107006195228482426e-01
1.850948368842404435e+00 6.085848446579477100e-01
2.099258450766715356e+00 6.868149966654713001e-01
2.025908770526372304e+00 6.738804897584799170e-01
2.051166423253131033e+00 6.966554223106405930e-01
1.976765741454399539e+00 6.655061823881407435e-01
2.071677827313384679e+00 7.348684888026233430e-01
2.020201034201432932e+00 6.452426157195417789e-01
2.098652965999744158e+00 7.209678045348948405e-01
2.017610736036195007e+00 6.619666939718317211e-01
2.141464463805276441e+00 7.235884724558476755e-01
1.947049183846945697e+00 6.651860074261116695e-01
1.973885053047422344e+00 6.423491086402656203e-01
1.852863806967850691e+00 5.863668196308203795e-01
2.030742071101040658e+00 6.683823985402387313e-01
2.005771870734719631e+00 6.472489746219751705e-01
2.025828569878068475e+00 6.783393974229319223e-01
1.991592660325253838e+00 6.105956967466458218e-01
1.869354140902759420e+00 5.997070521966247902e-01
1.941391580262803007e+00 6.232116392156955564e-01
2.064034111673261673e+00 7.005660645899695060e-01
1.843747501058298877e+00 5.786826526634174517e-01
1.975777534829885607e+00 6.815002405211866288e-01
1.927557469448347494e+00 6.159865762828805602e-01
1.831861985268726123e+00 5.506089145176685795e-01
1.963281378522371501e+00 6.186949274384461184e-01
2.301700131905235924e+00 8.283502268363361898e-01
2.057152059128932731e+00 6.737314867457856460e-01
2.115405824344446906e+00 7.135437029158943067e-01
2.040260899845443898e+00 6.916700711521694966e-01
1.905399067831251347e+00 5.758695066726583489e-01
1.927885343713678257e+00 5.971070869222789845e-01
1.978908599327965145e+00 6.203072390836252836e-01
1.962307810909663219e+00 6.598289295568046109e-01
2.023208715227588161e+00 6.557042491888400715e-01
1.891617293450511106e+00 6.098552722274568350e-01
2.287138508160208694e+00 8.161675006923829745e-01
1.911107168488900054e+00 5.818855667135200971e-01
1.939354786074232617e+00 6.119376028958692926e-01
1.966026965776006108e+00 6.177823680709982890e-01
2.033601412999876512e+00 6.738644488536565946e-01
1.999761822384936272e+00 6.788884916409326786e-01
2.001597190983541719e+00 6.378420076945304773e-01
1.975182521471279706e+00 6.858014141319774826e-01
2.043650221901752495e+00 6.770621648587392682e-01
2.177809227842159689e+00 7.113135558282785986e-01
1.937198910475161462e+00 6.408684294212110277e-01
1.978733212767286753e+00 6.618716381352153233e-01
1.868936288645629107e+00 5.988211362787174696e-01
2.004995937119347982e+00 6.922575200777023596e-01
1.911859976879194178e+00 6.089334672583620600e-01
2.098086120103029639e+00 6.732422786572083151e-01
1.979697287027265329e+00 6.780050820566436709e-01
1.990713153317790418e+00 6.902945626346708163e-01
1.867329436506083518e+00 6.088284010263814716e-01
2.000435897326689805e+00 6.602383013214659924e-01
2.822439561848047340e+00 1.131723849899079370e+00
1.960911546213374157e+00 6.516548822247998363e-01
1.828454277632993064e+00 5.864741741140632181e-01
1.942624261357555282e+00 6.345154776205171876e-01
2.035785430326357837e+00 6.906841099044868093e-01
1.988967014878303408e+00 6.795848451631363307e-01
1.948472034028955191e+00 6.256672104891661812e-01
1.942507448227286382e+00 6.438228465428599279e-01
2.158092756423619640e+00 7.736413445623249174e-01
1.861528633448952030e+00 6.200936250200764777e-01
2.037282578071075712e+00 6.694441195084702700e-01
1.964292196388114364e+00 6.592555752955620019e-01
2.002068751491254073e+00 6.483540965950176371e-01
2.112638011606100097e+00 7.365673969082541239e-01
1.861274555928416063e+00 6.047794529961475485e-01
2.037670682684407986e+00 6.726700690255048576e-01
1.918597716359493166e+00 5.645977796603982579e-01
2.209318591149996625e+00 7.613512492812560817e-01
1.858103377237953380e+00 5.939835409860245719e-01
1.943268256045016518e+00 6.188170731978763772e-01
2.165525953985257601e+00 7.480782495365756457e-01
2.039029229616512673e+00 6.494214753935045881e-01
2.142841607126306336e+00 6.966980076532580668e-01
2.139983934968464840e+00 7.295885668332041663e-01
1.901675263578117336e+00 5.911472874682974776e-01
2.103500511550527197e+00 7.343820707441214291e-01
1.959448015285281564e+00 6.883023424430423365e-01
2.033348297962307871e+00 6.648244446456429424e-01
2.023798184718432758e+00 6.381771047466913149e-01
1.802159761070862398e+00 5.548271459202139821e-01
1.989883297842289789e+00 6.214541765272958429e-01
1.935309529733801215e+00 6.283716357545363618e-01
2.065353676943820993e+00 6.797814999234212952e-01
1.699589655849006675e+00 5.054871662936419874e-01
2.001899538852780491e+00 6.485258543678733556e-01
1.932192796888275277e+00 6.164019228891483015e-01
1.872607717963745699e+00 5.849779037314514207e-01
2.040900492506616093e+00 7.075013790738706732e-01
1.899108081822052263e+00 6.378296085999527465e-01
1.942666146965506879e+00 6.224153439534645393e-01
2.099519244852369404e+00 7.127238966774271933e-01
2.024679971204835560e+00 6.264242920370547418e-01
1.865370910855718378e+00 5.919034448837462437e-01
1.726147959069349147e+00 5.530459088854029481e-01
1.925343172886773369e+00 6.395510192732515309e-01
2.034477464305173289e+00 6.474056812281026030e-01
2.076449554049327073e+00 6.834929825041637930e-01
1.939496693800986993e+00 6.048540838118285912e-01
1.949332193367485644e+00 6.255777194453777668e-01
1.998396143401010461e+00 6.925914218298351299e-01
1.976126046552978410e+00 6.406242506838416562e-01
1.975215362903326666e+00 6.197538721650536209e-01
2.064759086279399636e+00 6.897901942156388078e-01
1.957585760049374457e+00 6.246492437173576384e-01
1.714278094655957707e+00 5.605730850557364420e-01
2.057551462140415843e+00 7.219821373006668486e-01
2.140052768784423520e+00 7.160688908454637680e-01
1.890788914690365141e+00 5.768715481685079416e-01
1.990077665514598637e+00 6.387023048184805596e-01
1.915710555882941035e+00 6.184464225729031650e-01
1.804327883463619386e+00 5.674629479471647864e-01
1.948123668665572072e+00 6.449480412758538117e-01
2.135370984115932291e+00 7.115953714699030375e-01
2.021512292587732240e+00 7.311856307316599857e-01
2.037339847251360414e+00 6.881224130282136420e-01
2.100510563567586253e+00 7.277668062467089749e-01
1.942076424576556271e+00 6.260710587209347144e-01
1.867469027648685387e+00 6.315851920399169206e-01
2.053939515398687465e+00 6.472895715747520873e-01
1.820246312946902201e+00 5.683774339487395189e-01
1.995992116680509687e+00 6.260931594191144756e-01
2.036854449776810849e+00 6.447071996083485468e-01
2.077703294572709858e+00 6.930714827815098733e-01
2.026129306063660263e+00 6.907512552115190330e-01
2.079648792252757783e+00 6.929353835103425618e-01
2.054184958286368268e+00 6.590904366005498893e-01
1.770334725375115159e+00 5.435273125352758639e-01
1.931699934012697684e+00 6.579856470409272129e-01
2.014037502771089283e+00 6.501188717005408346e-01
2.038585813265950453e+00 6.778346874907974495e-01
2.085179916611175077e+00 7.467361590504932867e-01
2.111090664577270459e+00 7.050305087132985316e-01
2.010945217665891516e+00 6.973939665104570418e-01
2.028218316622849127e+00 6.264943294028190168e-01
1.903005517833000537e+00 6.084983994377127781e-01
2.003962541265081665e+00 6.623983640560550112e-01
1.985912973465834286e+00 6.300934343272509564e-01
1.976245722144525097e+00 6.877579265609060633e-01
2.007679141494831843e+00 6.761933091041300026e-01
1.957188204415167387e+00 6.151208657537285962e-01
2.158291297828138333e+00 7.723510072796890835e-01
2.113382448322099094e+00 6.983829273157615702e-01
1.864835251078156508e+00 5.938100687833105518e-01
2.135186234690241935e+00 7.098284603910316459e-01
2.034108108620680699e+00 6.635765991494005922e-01
1.803237332538499604e+00 5.941804592203951962e-01
1.906527620766794939e+00 6.362229702427473210e-01
1.923223649924842071e+00 6.332882456813897498e-01
1.945576180616782391e+00 6.682815729901695478e-01
2.123472971022628997e+00 7.238863485948884291e-01
1.955226421447785023e+00 6.128472110944644946e-01
1.905303254352514797e+00 6.031410382867229414e-01
2.148036913900378764e+00 7.222465414967430553e-01
1.860081080674548026e+00 5.537823393141170225e-01
1.969765375362017679e+00 6.297801876540097821e-01
1.956398917059191112e+00 6.434689774664076323e-01
2.048028034564287392e+00 6.741699192012231556e-01
1.938352471105788899e+00 6.065653491515509144e-01
2.011151261430397241e+00 6.957285628120473131e-01
1.999084177009228691e+00 6.483078944518856357e-01
1.878971933484251178e+00 5.600007680866785353e-01
1.980128134545715124e+00 6.474691117612556557e-01
1.892526358216505056e+00 6.111174587041772188e-01
2.072412165173607601e+00 7.472139015227170500e-01
2.052850748246671131e+00 6.532884323539552840e-01
2.126718283124195086e+00 6.970478778432894762e-01
2.035200157737391269e+00 6.449535917776706428e-01
2.069417620166468019e+00 7.123777087427763943e-01
1.905538220832906360e+00 6.288145982167545611e-01
1.956598870705548832e+00 6.269011871708664030e-01
1.998029288004006698e+00 6.599266646281612969e-01
2.027339455330188667e+00 6.427876866780692922e-01
2.030455927058416599e+00 6.665067240889537281e-01
1.968491039362678663e+00 6.048738059452698490e-01
1.944236359358086474e+00 5.834811633138224929e-01
1.890717507276002074e+00 6.100320372026066806e-01
1.899612555190789420e+00 6.206054018332162192e-01
1.982786925332365113e+00 6.769797405234428966e-01
2.080696971472155266e+00 6.814376615803712234e-01
2.000971879337795745e+00 6.135001600427169022e-01
2.055622456233189954e+00 6.678069756223811160e-01
2.021111386824733014e+00 6.586103577708052326e-01
1.995300844545217167e+00 6.504939778929683669e-01
2.140471144563562245e+00 7.400199080224529880e-01
2.025014911747666790e+00 6.662829219767070210e-01
1.985220196512614832e+00 6.430520092585427783e-01
2.441734988932195982e+00 8.663491947242356606e-01
1.806214197786362385e+00 5.754657795548352439e-01
2.037321066083533694e+00 7.458069726458828042e-01
1.981917229200385044e+00 6.143849490310024919e-01
2.153711203183360290e+00 7.156550063658485561e-01
1.851598950849726366e+00 5.703326373557534579e-01
1.848961259969149173e+00 6.052638845007162205e-01
2.020026415096724204e+00 6.650977221864997624e-01
2.676552066104187944e+00 1.037981920978129802e+00
1.951838571834421332e+00 6.180116659259804468e-01
2.018312584871635451e+00 6.487969022219219895e-01
1.840518020405646604e+00 5.665125463286982965e-01
2.091176134270753550e+00 7.363049138592774323e-01
2.030540937923407174e+00 6.720823772239538085e-01
1.917091916493547821e+00 6.099283876384382630e-01
2.149640113202345493e+00 7.225954808890503456e-01
1.927097065058313685e+00 6.287662371286130147e-01
1.916026058693324874e+00 6.284317475265494002e-01
1.964042611382421200e+00 6.205187921303680909e-01
2.024491685337898250e+00 6.723564464349628400e-01
2.057037823015832601e+00 6.641508558721359590e-01
2.129048438729787662e+00 7.255937622920241026e-01
1.905830444279838831e+00 6.361056764760570914e-01
1.957364735954385981e+00 6.723385086173292446e-01
1.946718181071677156e+00 6.454101285996992621e-01
2.079174059438737121e+00 6.965055566521654029e-01
1.936690003923815739e+00 6.151894764660280623e-01
1.948763279703445539e+00 6.256223084228045295e-01
1.943622561638599588e+00 6.530607247887237898e-01
2.011883325208257300e+00 6.571258093702214698e-01
1.930440234287786216e+00 6.287736491044507714e-01
2.158762287195635121e+00 7.610836122627006040e-01
1.878685127194680282e+00 6.167124364653510105e-01
1.978050137733669001e+00 6.446079932470971663e-01
2.000684618555319982e+00 6.637671459924222583e-01
2.186792446633890830e+00 7.859017974554308728e-01
1.921188507503776899e+00 6.033803127080960005e-01
2.036479627984226770e+00 6.617159433425611192e-01
1.901810552455432513e+00 6.146296409558514862e-01
2.074878257882537991e+00 6.876371775796117358e-01
2.040244076823641173e+00 6.685456588699787428e-01
1.911892956699866808e+00 6.615012087666141127e-01
2.107531938949287920e+00 6.841944421470116389e-01
1.923450896522718168e+00 5.807503233323743075e-01
2.005640211330256495e+00 7.177499208944619902e-01
2.056932401000718613e+00 6.689059128295171686e-01
1.909455877402183033e+00 6.340785993798411235e-01
2.035528569616749550e+00 6.971735210156045914e-01
2.000150940730461180e+00 6.502319039438428927e-01
1.861323825737249082e+00 6.127953040343471214e-01
1.959054335649446532e+00 6.443906293589255485e-01
1.854167365313419635e+00 5.768963173987081694e-01
2.039311647355686485e+00 6.935912438030581439e-01
1.957367784231882624e+00 6.227175354683033293e-01
2.026954459791320939e+00 6.455996880470413757e-01
1.921875154382995943e+00 6.134356491183933224e-01
1.982632311900434319e+00 5.983219634048450031e-01
1.801049351322678405e+00 5.445804656165158519e-01
1.879045398506684839e+00 5.919448509461064933e-01
1.829669303439211969e+00 5.708898565625529775e-01
2.063594562598784599e+00 6.653397674466011713e-01
2.051969414484737797e+00 6.930064646595163191e-01
2.184040347660292980e+00 7.643231787975423019e-01
2.131493032981179869e+00 7.407230087705705124e-01
1.943969223863812879e+00 6.445655302044844825e-01
1.975559779413199379e+00 5.844872669856630010e-01
2.633004591229344715e+00 1.048817387983403515e+00
2.021877281497768131e+00 6.592289697959752282e-01
1.812420403447344786e+00 5.777634067789659822e-01
2.143696306837072907e+00 7.276158301504261905e-01
1.893718875113735711e+00 6.041529172735879971e-01
1.991089129846644212e+00 6.511401808294022819e-01
2.092840970236464315e+00 6.925011371368801072e-01
1.932198837066255503e+00 6.209740745340890378e-01
2.665649515371773415e+00 1.032669229445572601e+00
2.011350937262350147e+00 6.654855028896989877e-01
1.901673959390975943e+00 6.078815706605276148e-01
2.065817159166072781e+00 7.037705215188856389e-01
2.092403097919451227e+00 7.172405803842911709e-01
2.064215142912478207e+00 6.841981828920172815e-01
2.030675377972141593e+00 6.822873948386052323e-01
2.060704845415179065e+00 6.653324706632245400e-01
2.147019605097279626e+00 7.200385746544567533e-01
2.133869045537702291e+00 6.939364060235251319e-01
1.929603749063576235e+00 6.368746983431777808e-01
2.000727507525442483e+00 6.531572497939370781e-01
1.975304472081709672e+00 6.436332848248227378e-01
2.042500244290759159e+00 6.897896510266041670e-01
2.040501037151066122e+00 6.843068454027283476e-01
2.089653164932538054e+00 7.018315453954566685e-01
2.077819658222540333e+00 6.627610014976309527e-01
2.056755793015760059e+00 6.457682609109501870e-01
1.959685300818828857e+00 6.404725425649406834e-01
1.990456403030249843e+00 6.416149200273609798e-01
1.958445345018326345e+00 6.770330214929344281e-01
2.107195196288911276e+00 6.648963358618802388e-01
1.913493227158362231e+00 5.946552567017028279e-01
1.980824956059626496e+00 6.650479200985983663e-01
1.981459052821048283e+00 6.044576211249255149e-01
2.001214932390334322e+00 6.574420434363307253e-01
1.897377805693399422e+00 6.084160390877261237e-01
1.994339781466322403e+00 6.320218340962171499e-01
2.101536210451904196e+00 7.007756868459795729e-01
1.965890299052598822e+00 6.556712436941466438e-01
2.007288653417009794e+00 6.531388029345457369e-01
1.998034027337076690e+00 6.631849975753154602e-01
2.093069412669028129e+00 6.797718161386822056e-01
1.916318347749445650e+00 6.128098787524490776e-01
2.086829274262739009e+00 6.970028186085592825e-01
