1.262338175663573647e+00
1.214186368533441085e+00
1.217954462551333217e+00
1.202249058320381758e+00
1.226564526543450162e+00
1.267775093579000867e+00
1.207878243297876519e+00
1.256371617615523073e+00
1.263649603471186156e+00
1.213007630250185098e+00
1.244365427754595022e+00
1.241059095721037453e+00
1.215769375329472046e+00
1.238974353014253627e+00
1.226494416223062656e+00
1.188539537240283828e+00
1.242635513359476418e+00
1.241796572685997635e+00
1.257068353807402117e+00
1.254263241059604184e+00
1.242289791086911510e+00
1.195090014121974908e+00
1.238789204671217004e+00
1.208983604318875971e+00
1.210975747045205386e+00
1.211261841465353983e+00
1.188752447382151800e+00
1.294812002392178085e+00
1.215695231176648239e+00
1.195315562288752576e+00
1.202533329021921116e+00
1.240682898885117957e+00
1.235640804118601999e+00
1.207465886116973586e+00
1.255648116870899944e+00
1.231553427125837707e+00
1.239683437762379103e+00
1.236932426444976807e+00
1.242245061074124024e+00
1.238333039540140845e+00
1.264875010852077430e+00
1.229362337857233811e+00
1.214962227008554274e+00
1.233914525783602611e+00
1.231137576015387092e+00
1.244513000088519172e+00
1.279486035590561510e+00
1.216922057188577933e+00
1.254931263612066195e+00
1.193543227158183839e+00
1.243682564417979863e+00
1.262734990285539372e+00
1.232118474423919530e+00
1.302612538880473680e+00
1.225429055275337298e+00
1.216700349903400813e+00
1.187202281853707353e+00
1.268950104655713007e+00
1.264723872824541129e+00
1.236413258553996197e+00
1.218462451477101860e+00
1.236112140676615789e+00
1.227194635851459159e+00
1.239498253349854640e+00
1.256519593821054714e+00
1.230887580405874981e+00
1.251292384435443994e+00
1.215191875229092222e+00
1.233999113591928154e+00
1.208441935927994537e+00
1.222772418785299742e+00
1.303372199363750150e+00
1.231045217522790169e+00
1.206678735354898002e+00
1.205476992308403439e+00
1.216149055914336197e+00
1.227216959318112810e+00
1.239026673344873153e+00
1.259409227638610851e+00
1.232880547656057590e+00
1.213359101562593301e+00
1.248576554444395192e+00
1.201611182843045578e+00
1.217491900752239342e+00
1.242090649616900411e+00
1.228720428579535007e+00
1.229546538140854128e+00
1.211250444892506772e+00
1.251876138232229430e+00
1.235286575225440497e+00
1.212609826333112206e+00
1.267742430181261648e+00
1.233210416522656283e+00
1.225954969317055276e+00
1.252868809853686649e+00
1.254835750182945464e+00
1.272210341937669797e+00
1.239130241880664451e+00
1.203769261945398794e+00
1.269593144657074069e+00
1.228303698131205657e+00
1.289905024803342126e+00
1.247235785883727965e+00
1.261494128578239726e+00
1.187449850793762529e+00
1.237624243915659727e+00
1.210558852176311762e+00
1.235315857935303185e+00
1.220319947285618323e+00
1.250409533056679123e+00
1.227326388375469035e+00
1.224063804494548879e+00
1.180837151195759382e+00
1.242828133321578044e+00
1.232633679474142152e+00
1.266342629609803039e+00
1.242254981880376530e+00
1.217440367688249925e+00
1.264359927386380367e+00
1.214387115953741825e+00
1.211328237851635015e+00
1.272648600313255107e+00
1.214479131677293156e+00
1.247773951937438897e+00
1.220456239940599374e+00
1.246414245576582314e+00
1.232626079376715866e+00
1.230939479576247608e+00
1.240378693342484295e+00
1.242477539347778048e+00
1.239334121564051427e+00
1.229579833747582285e+00
1.277820821656683092e+00
1.213713716339677395e+00
1.203390914424151470e+00
1.289776606467057496e+00
1.230288568957999207e+00
1.254421164762566487e+00
1.222353886548079860e+00
1.224443951200289593e+00
1.234328404180072614e+00
1.243580417872436783e+00
1.245817835805428375e+00
1.246102603446036516e+00
1.256662107372928494e+00
1.195025499232275967e+00
1.209403818824315913e+00
1.220520022931816495e+00
1.256200358005634676e+00
1.260332771149600628e+00
1.277941051969286868e+00
1.230145489251448288e+00
1.222070125571371291e+00
1.218666486386869030e+00
1.234831344307296241e+00
1.214774871682312130e+00
1.230496535160322535e+00
1.250967770488580655e+00
1.255470262108401514e+00
1.227696901001711360e+00
1.269730772896541238e+00
1.200955270899589200e+00
1.212714107203263891e+00
1.205964125012667587e+00
1.218536296846979505e+00
1.258673931881283181e+00
1.220089555989545937e+00
1.264018317915843292e+00
1.235800418662337474e+00
1.228047421343401835e+00
1.239245093067396608e+00
1.230783130298385375e+00
1.225355166989027911e+00
1.217652459814756893e+00
1.275731714073712553e+00
1.252939928876772635e+00
1.216463753048842023e+00
1.214362649815052375e+00
1.238443104336273803e+00
1.216406449973622239e+00
1.188524193199390844e+00
1.223976519351407832e+00
1.206500745646252204e+00
1.201080231851811453e+00
1.245189403427179098e+00
1.227623715602553345e+00
1.260167524454639532e+00
1.257094947404000740e+00
1.176435882957027168e+00
1.226792812231447538e+00
1.250041079738704264e+00
1.255882500150478975e+00
1.224834290534071446e+00
1.260215027334283588e+00
1.235649154914313597e+00
1.227610220156070797e+00
1.204688402171783190e+00
1.241278681492371305e+00
1.219251813866032874e+00
1.248431831831301686e+00
1.267478643791141169e+00
1.208225392500593243e+00
1.206005729979960028e+00
1.213285722186836280e+00
1.276182938302215408e+00
1.274169536450734830e+00
1.223586831721462431e+00
1.233378558555742410e+00
1.211970573244615768e+00
1.222305908309147426e+00
1.218268954732278253e+00
1.246006852168782153e+00
1.235885805165010565e+00
1.196938712484230782e+00
1.218198690293430975e+00
1.238143917757819956e+00
1.237227325187233884e+00
1.234355079392465360e+00
1.264289405125580634e+00
1.212218811091592130e+00
1.230293490363318698e+00
1.241874486776073372e+00
1.222652049049278711e+00
1.221470946499761290e+00
1.252074156854410925e+00
1.253254410954815601e+00
1.206430603382314892e+00
1.258400552096827552e+00
1.253962734427909398e+00
1.229811869224161081e+00
1.240471085246933614e+00
1.251387193108552509e+00
1.225977502858453416e+00
1.211291007298355371e+00
1.225146820472148290e+00
1.242750955348044695e+00
1.228876245764116248e+00
1.232769149480800408e+00
1.236100994535951569e+00
1.205919934793403092e+00
1.265630366441513610e+00
1.258443688204593292e+00
1.236332789648778796e+00
1.211546840783585877e+00
1.259358113848647154e+00
1.251242806905462635e+00
1.240221602568472026e+00
1.260338464232306777e+00
1.214355448123409342e+00
1.227836227225568733e+00
1.239244416777952829e+00
1.230432535452595122e+00
1.295180079907428228e+00
1.239886744813969210e+00
1.220472902529335935e+00
1.200906211261149714e+00
1.243741811877103087e+00
1.225891648613291363e+00
1.230333060676638945e+00
1.221680133686446457e+00
1.211086600235478317e+00
1.208270374865193730e+00
1.210788541093502868e+00
1.223760551747633540e+00
1.211955251336187978e+00
1.237976639851324778e+00
1.238953576287458835e+00
1.244985730318965977e+00
1.264258353373989063e+00
1.262200717744884182e+00
1.246476274431470355e+00
1.247447846884181200e+00
1.268351263072041712e+00
1.231674158801783214e+00
1.225676753652363615e+00
1.234387041660574003e+00
1.231426547385207071e+00
1.194744987481314746e+00
1.235554132370546787e+00
1.214553262282557888e+00
1.227759420621357567e+00
1.241435427175864747e+00
1.239026622303327718e+00
1.160469616184051755e+00
1.243252774949975992e+00
1.259844935510807007e+00
1.226417050333855174e+00
1.219281447671895169e+00
1.246684900652480943e+00
1.240106256172288646e+00
1.224655415888841858e+00
1.216758624794839649e+00
1.254297332488268912e+00
1.192896606199794984e+00
1.226438041370110144e+00
1.231271705750385470e+00
1.266994324566685926e+00
1.210531279973266372e+00
1.228972822420444588e+00
1.254353174727302234e+00
1.220357591494150462e+00
1.236990985629376372e+00
1.222738547228312767e+00
1.233073127733427921e+00
1.194358465948317072e+00
1.252487341688070410e+00
1.287920646728193175e+00
1.218436172403448925e+00
1.263188513235004251e+00
1.225502374216493218e+00
1.239285893092199720e+00
1.203238126721048795e+00
1.228295462472906996e+00
1.241242090221799543e+00
1.209546421841537267e+00
1.231313378157599336e+00
1.269829727061448477e+00
1.223095162788140566e+00
1.262618797853601427e+00
1.269358078047256200e+00
1.261818179982893362e+00
1.204595352744674663e+00
1.233608639125586270e+00
1.277773708073619785e+00
1.202159414403376703e+00
1.209442283859971434e+00
1.215985101289358994e+00
1.199475362636319042e+00
1.169833467859072718e+00
1.254645399978412623e+00
1.236205185442429411e+00
1.223418296697598606e+00
1.231517837971174867e+00
1.248545170678226457e+00
1.185355871035343567e+00
1.209892805710539365e+00
1.253980462332754175e+00
1.227280912473389440e+00
1.208590004350425184e+00
1.243494343140241876e+00
1.249614716481961318e+00
1.269789380840723680e+00
1.259112449329370831e+00
1.208904971398643058e+00
1.274335673901245025e+00
1.217448302370497837e+00
1.191362810677152995e+00
1.211568513279920767e+00
1.208591371243572299e+00
1.236581643328434676e+00
1.247055458032579001e+00
1.250932590562628510e+00
1.231304579838415680e+00
1.177983327667137869e+00
1.222882742505715159e+00
1.219131938262846049e+00
1.231368094465006724e+00
1.225481869453659556e+00
1.271777680456057436e+00
1.233149889683763600e+00
1.232294125680307051e+00
1.237466516539850403e+00
1.212004929946914444e+00
1.185992744772629504e+00
1.226975922462965940e+00
1.259941792926936976e+00
1.296647588074188118e+00
1.194693032139595434e+00
1.238201565216790367e+00
1.266295301005651908e+00
1.246379460786828819e+00
1.204472512350247548e+00
1.208785419509338377e+00
1.221328098847583199e+00
1.229729478314360414e+00
1.235477318649620626e+00
1.231357194058927629e+00
1.225763203957432657e+00
1.238904984242714002e+00
1.293435043407999308e+00
1.257882423600489075e+00
1.225752433252220275e+00
1.227158734591570433e+00
1.201302892747724060e+00
1.252088632268005597e+00
1.191197131874872639e+00
1.246699948741309294e+00
1.229660827171496162e+00
1.280339057190878815e+00
1.249345217180832357e+00
1.242384955540301039e+00
1.235994448747978369e+00
1.259550281369287372e+00
1.299475399534439246e+00
1.235357144177105626e+00
1.217028097811611032e+00
1.229876668905700132e+00
1.249141669017071576e+00
1.212452285764803683e+00
1.220184809810899829e+00
1.223382354221780988e+00
1.250666646209132260e+00
1.217846974846565011e+00
1.209402916526738592e+00
1.255931166000201493e+00
1.244297293004930527e+00
1.246064077509996038e+00
1.222702608718103434e+00
1.244907734955939649e+00
1.231725398160138374e+00
1.255286296398112178e+00
1.214773196357299634e+00
1.230597313540279014e+00
1.205417164599819957e+00
1.259871401652014944e+00
1.230943449555396585e+00
1.261931219299833984e+00
1.217707280958469251e+00
1.206108268996151311e+00
1.231584006337832049e+00
1.231728287747694495e+00
1.241374062207795337e+00
1.219028491867379049e+00
1.236438776932442307e+00
1.233351810782954416e+00
1.244366456540742405e+00
1.213572826255502779e+00
1.201885226639406667e+00
1.197968649632320304e+00
1.222410269698001706e+00
1.255642968945664073e+00
1.242231569300241478e+00
1.272319097547646161e+00
1.239217715411906617e+00
1.261025295315506112e+00
1.221548877446982928e+00
1.253117459174499793e+00
1.224663161698945846e+00
1.262230484429977651e+00
1.211311632305989150e+00
1.240678937089235712e+00
1.227155577846691381e+00
1.254677955940304290e+00
1.229675134313640505e+00
1.213722995889696898e+00
1.233813342602283702e+00
1.268133301922706790e+00
1.237151654408476853e+00
1.188572231958836545e+00
1.236753978866861559e+00
1.227576897162579561e+00
1.271742076890448825e+00
1.221824791593891346e+00
1.225013536323702912e+00
1.200472032629641195e+00
1.308780313255514249e+00
1.246768396315752980e+00
1.271620280382062651e+00
1.244100547999517303e+00
1.270195066636354619e+00
1.241834869019009746e+00
1.210216188832535789e+00
1.228032295776954053e+00
1.281364408072706240e+00
1.244489916815808117e+00
1.268409452296086259e+00
1.255904243297205403e+00
1.195310778691401898e+00
1.237480519697131909e+00
1.275334881512090845e+00
1.256227910939335279e+00
1.205267852142024587e+00
1.284148013517213638e+00
1.230261828797520440e+00
1.258484645091620724e+00
1.260363766138064223e+00
1.226639629311057522e+00
1.239937040278301206e+00
1.236509266398425178e+00
1.200153826855162142e+00
1.227785897919932534e+00
1.202600281986196507e+00
1.222156786626574343e+00
1.254730411504294763e+00
1.243244706878077865e+00
1.259049156530498426e+00
1.212296147153037573e+00
1.220699259324204533e+00
1.264129008540634702e+00
1.219667186520835944e+00
1.263794979777841609e+00
1.211618612274784734e+00
1.259396958153538915e+00
1.251364042952922029e+00
1.203472042684977428e+00
1.241515926844770634e+00
1.236176570368513916e+00
1.192049925553886336e+00
1.225096407108657859e+00
1.206729035644477088e+00
1.223420455499209192e+00
1.221699462102229683e+00
1.254101281557567615e+00
1.253358624345782824e+00
1.221541321755365894e+00
1.182838649686855703e+00
1.279616668820031888e+00
1.249627312454678840e+00
1.258785299704441529e+00
1.247758446703745250e+00
1.205853404279023433e+00
1.267621518669743486e+00
1.267763724582406937e+00
1.245781978053289496e+00
1.243187447983530980e+00
1.246605375690770012e+00
1.255658518909360977e+00
1.213638280996800045e+00
1.247192970476973750e+00
1.256769238313111270e+00
1.207169987549312706e+00
1.232728723025042994e+00
1.244636248261286715e+00
1.219713275797791319e+00
1.245259004353591159e+00
1.215568101493029074e+00
1.248444035434801647e+00
1.194169311975955328e+00
1.236433556933312916e+00
1.226766908640746445e+00
1.234977202824360631e+00
1.230198712314148013e+00
1.271746515268869837e+00
1.218721625438869305e+00
1.251917225505653875e+00
1.211015665549673770e+00
1.183764996911151446e+00
1.222216885336471659e+00
1.249641509362699798e+00
1.224882372447960055e+00
1.262150355558359971e+00
1.265204093811495012e+00
1.252217468833856984e+00
1.179569356790206358e+00
1.229856120622572435e+00
1.256241211701572880e+00
1.250627172547073451e+00
1.225803398322426574e+00
1.212993256159873967e+00
1.220202323623022833e+00
1.221673557965889723e+00
1.223543629205498195e+00
1.241988715895341100e+00
1.255536248098600760e+00
1.257907353989123456e+00
1.224896101987753561e+00
1.246271316330407553e+00
1.225001087760183127e+00
1.260509430833279154e+00
1.208010541881292088e+00
1.258071341380853747e+00
1.328982804464740264e+00
1.250960522284139342e+00
1.207312398738987769e+00
1.253663960231143237e+00
1.175741113909864355e+00
1.236776966082652196e+00
1.241059102583013107e+00
1.231433687812020006e+00
1.214327933235189949e+00
1.241052311916015061e+00
1.257760295814484230e+00
1.222460403329805434e+00
1.236040918695089585e+00
1.219210777368721743e+00
1.241389604891598220e+00
1.240594726154000904e+00
1.226815686108827519e+00
1.233239651011210913e+00
1.169665727611933104e+00
1.244822224730495197e+00
1.194842092173179937e+00
1.261270900923772809e+00
1.220170579959855672e+00
1.211333935797715311e+00
1.242776822947565307e+00
1.252191550253886954e+00
1.294148662265568683e+00
1.201119857391553136e+00
1.209398491472796211e+00
1.318654762074604081e+00
1.220738510215106709e+00
1.203733751470993152e+00
1.209189275115584605e+00
1.251246910871486762e+00
1.251279440001784815e+00
1.197145082687802509e+00
1.198675952517494592e+00
1.221833789809502413e+00
1.223081003455190885e+00
1.195298474821660850e+00
1.277062611457549179e+00
1.249278598463821277e+00
1.258708035282856130e+00
1.248164892049892893e+00
1.238051320097824481e+00
1.239681600903483671e+00
1.224620832166138040e+00
1.234079994980476158e+00
1.229607634952608830e+00
1.238452599829201084e+00
1.258120494583691684e+00
1.224622939571085478e+00
1.255237168858571950e+00
1.247664077492969481e+00
1.222127095143117792e+00
1.217871369816923677e+00
1.221545848617309193e+00
1.247823403918276508e+00
1.190057504159753865e+00
1.181190966032758638e+00
1.226578643836768290e+00
1.275403930576618494e+00
1.214633011433636778e+00
1.259824979173423509e+00
1.236755538842714053e+00
1.194728200307203503e+00
1.232948402963142120e+00
1.219281591911948404e+00
1.278320230748130504e+00
1.229763636378180092e+00
1.221978171806480162e+00
1.190165758787530725e+00
1.232162845049844080e+00
1.222417370415405102e+00
1.252043487010263245e+00
1.250725157626115136e+00
1.254157737604169709e+00
1.240565017201467723e+00
1.235155120135613904e+00
1.195428104361997423e+00
1.268023115523099431e+00
1.239148213178157709e+00
1.251986773161800404e+00
1.199649031617498363e+00
1.234639087494689980e+00
1.234817729014108911e+00
1.212645348240319665e+00
1.265768397206911366e+00
1.214728409816509869e+00
1.250696567888953892e+00
1.221983783381687116e+00
1.228328389727286085e+00
1.244870625363675654e+00
1.275803915693900725e+00
1.225934987535212128e+00
1.245714958098863789e+00
1.218142968546893634e+00
1.251864691393340889e+00
1.225384895864371160e+00
1.241005815509062638e+00
1.241981597354458344e+00
1.246118808135698197e+00
1.245270723326933560e+00
1.265362459962227515e+00
1.227322236007001077e+00
1.284093433283424179e+00
1.252498061669853779e+00
1.249107287835207636e+00
1.241061640048772841e+00
1.220702480670530443e+00
1.204116419641512836e+00
1.226395768850999213e+00
1.241980963173049846e+00
1.232984310335480949e+00
1.213544527020545383e+00
1.260395943311301892e+00
1.240075263277030215e+00
1.233167411452630535e+00
1.212691629428345186e+00
1.206070885935808468e+00
1.234457914202846007e+00
1.257914165753519997e+00
1.214740770813482085e+00
1.238890634894222353e+00
1.252850403200988838e+00
1.220815994089235135e+00
1.226925017354799641e+00
1.247884307220957778e+00
1.222469650675192643e+00
1.218186016267138516e+00
1.228952178303533538e+00
1.255187462094525142e+00
1.248112860787852219e+00
1.174086319544968227e+00
1.232684183827799762e+00
1.211884305985415189e+00
1.250551956141147114e+00
1.249097536268826358e+00
1.227274891937195411e+00
1.251054975253063528e+00
1.225248153861517642e+00
1.231608850110506248e+00
1.249269110652375669e+00
1.231314566398070909e+00
1.241510039088355777e+00
1.246892130014915390e+00
1.243341234148235941e+00
1.245481446957208194e+00
1.235000559852283519e+00
1.233884525290667833e+00
1.238076140437371242e+00
1.195887847193090714e+00
1.246930131698830158e+00
1.239020583536832643e+00
1.255352074372925841e+00
1.226461559489179010e+00
1.247869605885741917e+00
1.225138915396158934e+00
1.254115859143471789e+00
1.284280731487436933e+00
1.233448940088383017e+00
1.237611746268894475e+00
1.266926993039469984e+00
1.266318785159974647e+00
1.232851376704558133e+00
1.217501213610375776e+00
1.256411546625333164e+00
1.198514606820749506e+00
1.192666673001141264e+00
1.174145453550362150e+00
1.244291331549466362e+00
1.254316167525316050e+00
1.231314586078173123e+00
1.233220488891530131e+00
1.254413788986065370e+00
1.219078704021173909e+00
1.207525333494765540e+00
1.252763527725945902e+00
1.241976887634668847e+00
1.245050309807737676e+00
1.225361269468055792e+00
1.216761886467792042e+00
1.239595146988795582e+00
1.243022787888650393e+00
1.234996528677409611e+00
1.167208860721046459e+00
1.200611104355642222e+00
1.206161674090541869e+00
1.232564607289296621e+00
1.176883657185422205e+00
1.210057903143490377e+00
1.194783751314021369e+00
1.234650945663922528e+00
1.230872957548047708e+00
1.208266120283119749e+00
1.236334207352121517e+00
1.260604268699716091e+00
1.216084556673286299e+00
1.237812540065512668e+00
1.284657889894596616e+00
1.246695191291638638e+00
1.227638527442306060e+00
1.271664010892227026e+00
1.270722391312581578e+00
1.271080720055568269e+00
1.246183270259223930e+00
1.214965713388254986e+00
1.204039162003853081e+00
1.221016966341839316e+00
1.223587517388630364e+00
1.271023709147751868e+00
1.215683456499777826e+00
1.176527200846691601e+00
1.239815486085573459e+00
1.280578874144717272e+00
1.260172754009635465e+00
1.211286807577450997e+00
1.255158641614816828e+00
1.239920927514533755e+00
1.218492511994747840e+00
1.207265215954705262e+00
1.207508637137887808e+00
1.230655991049529163e+00
1.224271377780385528e+00
1.229907890622462752e+00
1.223062905797601907e+00
1.233723368726056702e+00
1.211931744477906747e+00
1.210585210598496664e+00
1.211759262196542730e+00
1.234057445245114293e+00
1.250163866444435001e+00
1.202436519628530709e+00
1.223555772449312240e+00
1.253361360425839788e+00
1.290043363396991882e+00
1.254588855861586749e+00
1.230265137508525175e+00
1.227413522200529572e+00
1.240319673091969888e+00
1.231258525593494690e+00
1.262560518224559836e+00
1.242305484294937701e+00
1.266260424251134609e+00
1.258530247500059041e+00
1.251917338397321444e+00
1.223543429207043509e+00
1.251043013802249915e+00
1.208263332458385575e+00
1.229669389858414119e+00
1.237331108740592045e+00
1.215089412378770772e+00
1.218671846234385070e+00
1.238856763691009055e+00
1.277473976241992881e+00
1.232600627086200440e+00
1.250517991121921080e+00
1.298821818194213051e+00
1.207653616591057633e+00
1.272813636232200896e+00
1.236483870512273819e+00
1.222690848629343963e+00
1.258882269808259347e+00
1.258381743627742244e+00
1.205369950031901505e+00
1.209738506150338733e+00
1.226922727344900821e+00
1.229776591148277420e+00
1.245607527705667739e+00
1.242568451896272297e+00
1.239574147349676414e+00
1.264372716350705694e+00
1.221652995446739443e+00
1.273620417170254981e+00
1.251625412888669464e+00
1.216783583617000453e+00
1.173612105505069225e+00
1.239449681950970383e+00
1.256765879290123067e+00
1.259265793826002344e+00
1.243449464203723487e+00
1.225683531134924120e+00
1.238191217321972903e+00
1.235456555001277934e+00
1.246032330297836221e+00
1.228013993472762744e+00
1.208252456160084032e+00
1.284942482345690529e+00
1.245622987772305956e+00
1.283252148543229554e+00
1.206003691187111260e+00
1.256604488792769869e+00
1.206972884673884749e+00
1.268797605494188963e+00
1.250059412934769298e+00
1.213207882861201403e+00
1.225369992899769667e+00
1.228146456566773681e+00
1.251435762208769509e+00
1.213726840641873084e+00
1.185982763772254867e+00
1.252940360067333447e+00
1.237298124021632750e+00
1.268199921748943249e+00
1.213497350923218310e+00
1.273613493234867056e+00
1.254940147515657189e+00
1.229279694305613235e+00
1.282459346146430645e+00
1.213695727476288511e+00
1.226378211367750604e+00
1.267887288689207859e+00
1.202750258040512721e+00
1.244606759224736514e+00
1.195353545567050979e+00
1.194379456981250920e+00
1.199010661835146374e+00
1.226153569742536087e+00
1.246417842252790065e+00
1.258022534741262799e+00
1.254361120331288326e+00
1.228415257227993829e+00
1.218713910129125333e+00
1.229071553063661781e+00
1.242184909230950041e+00
1.207598481177445837e+00
1.252430452565742591e+00
1.239496276120426232e+00
1.214309510244039991e+00
1.257692517118309539e+00
1.198395141999698765e+00
1.205152960281757890e+00
1.235005807387445698e+00
1.243285160648168741e+00
1.229880235319257276e+00
1.238084065325377958e+00
1.234820533680360599e+00
1.227827236488240770e+00
1.218567281968295113e+00
1.247037368054948914e+00
1.271907796236561694e+00
1.240779882416070290e+00
1.252523394365153253e+00
1.246834267298559507e+00
1.239390825626283776e+00
1.255545934655476481e+00
1.239577813871609591e+00
1.230233529745183851e+00
1.231556341901068219e+00
1.214788350665314320e+00
1.257541638457350119e+00
1.259529869680843017e+00
1.227450433941107200e+00
1.233076258310761508e+00
1.251339317104846804e+00
1.231636038143354872e+00
1.253575713161979799e+00
1.177748945418012338e+00
1.237720529615931708e+00
1.217214962418800894e+00
1.208123533013176099e+00
1.193179652161138860e+00
1.201115309017076083e+00
1.269125183393106759e+00
1.214675039558676728e+00
1.237377207171477922e+00
1.220096362184209582e+00
1.262938984641054807e+00
1.272060050514496998e+00
1.246001903339786443e+00
1.233622596267481830e+00
1.203695977697177177e+00
1.227887346856999295e+00
1.283083245900095815e+00
1.248717855560283585e+00
1.242480564876906168e+00
1.255108176765705075e+00
1.233868289599851620e+00
1.218518298518680876e+00
1.239527818368058920e+00
1.260684012893979133e+00
1.222304848799437016e+00
1.263011915566845778e+00
1.215288632887180587e+00
1.287009693898535811e+00
1.221576267645259062e+00
1.203417985863932005e+00
1.236953385688521090e+00
1.256725791289188487e+00
1.234822064479081494e+00
1.255887201495601957e+00
1.270555523852753277e+00
1.263199111214708958e+00
1.250581030051976628e+00
1.234466895681189502e+00
1.254983745413784435e+00
1.261801184724321123e+00
1.240853595190146264e+00
1.257297336760890394e+00
1.209422351288081288e+00
1.193797753513911708e+00
1.194539360411517537e+00
1.190344504694865968e+00
1.257173779167792604e+00
1.253004912057676279e+00
1.269268991021970550e+00
1.282649497768306723e+00
1.250604104912061532e+00
1.203403225596870962e+00
1.251707193479872249e+00
1.220761848117565274e+00
1.247926453946482050e+00
1.239133270580189183e+00
1.259544642303457085e+00
1.204651530124291270e+00
1.201451445459779999e+00
1.189668375199383954e+00
1.283981653989279659e+00
1.223963403846642262e+00
1.216150174606267509e+00
1.284190012903194900e+00
1.249865707922016123e+00
1.222131679567893148e+00
1.221548901049873681e+00
1.210001757945798229e+00
1.227309754329884539e+00
1.261078559692944800e+00
1.208092381491404632e+00
1.282098212545411009e+00
1.226104419707261028e+00
1.246261902063868998e+00
1.238179043378614397e+00
1.235167233491828886e+00
1.239423563567049857e+00
1.212475165647174391e+00
1.256580313326278953e+00
1.208049962368763275e+00
1.236364712221548867e+00
1.244124861223618206e+00
