1.309079592741559050e+00
6.698326959156982063e+00
4.889037260566976961e+00
3.533736264289764506e+00
2.314629044392648716e+00
2.550839447401826554e+00
5.848140199985695453e+00
2.720730333467714868e+00
6.097594824294692906e+00
1.292102458821921207e+00
2.714064425065125796e+00
1.897383657982377736e-01
1.940635991889013479e+00
3.234541871826177584e+00
3.881603517662806979e+00
1.806945186510555246e+00
4.480125552258276578e+00
1.929556472569815551e+00
2.898091174545127657e+00
2.200219233987968703e+00
4.642769043723427913e+00
3.042267644332675935e+00
6.908605944760499717e+00
2.964946552666074986e+00
4.086490800586027206e+00
6.757017040015985465e+00
2.885738500010273100e+00
4.702715875175139004e+00
2.067977483726290977e+00
2.356463275315854755e+00
4.445941183474539926e+00
6.502867552452817890e+00
4.426758042256212500e-01
2.021861608309273528e+00
2.076263684724616088e+00
4.230356724314075834e+00
2.723230887045487769e+00
3.609154383902947849e+00
4.064417751747418706e+00
5.873451062550604007e+00
7.998177079018435887e-01
6.424724655598846645e+00
2.164897260513626964e+00
2.657002954611740630e+00
1.583861467156472358e+00
1.460968207484040216e+00
4.333763244489672317e+00
2.234362207611404472e+00
4.060140584248309814e+00
1.302205186707687368e+00
4.213914666218772531e+00
2.205368143078184850e+00
5.078755604842262628e+00
2.216492024305105168e+00
1.902701271587299958e+00
2.070545421428147126e+00
3.315500130338000950e+00
2.013046491852581443e+00
6.182958773085434956e+00
1.496525317823782952e+00
4.094401118746448631e+00
8.142279402826162471e-01
4.976195358966553073e+00
1.869413191461131829e+00
4.015752081469921464e+00
5.317893805990424383e+00
2.997100321290624869e+00
3.329136053963461794e+00
2.242723566144115832e+00
6.045688448630623490e+00
1.880985547355778831e+00
4.729355503720676701e+00
4.217659769237239509e+00
2.710642396905099893e+00
3.912170539156394788e+00
3.453068543371121901e+00
3.174202749078413710e+00
1.472026018913271894e+00
5.336670480700060892e+00
6.182862518515198857e+00
2.569744020845852628e+00
4.589327047767362444e+00
5.047536325123184398e+00
1.184578167681611838e+00
3.736091757556143200e+00
5.605122984856850898e+00
4.445646628447200044e+00
2.556789016005615256e+00
2.196689198009792676e+00
1.629772842249598508e+00
4.627687954214410482e+00
1.708068364357192337e+00
5.931697240828585294e+00
6.048137133601587223e+00
4.334261884233593598e+00
3.192588945442679460e+00
5.562672078303664946e+00
5.848868146058674000e+00
3.262275323022582718e+00
2.873303886355217163e+00
2.233574624826398125e+00
4.070011520255126136e+00
2.370468576512096970e+00
2.808648697071591371e+00
3.335646026817499887e+00
2.030219710273734712e+00
2.472749888059125212e+00
3.698602930813846168e+00
4.703365915632653937e+00
2.022823693973758719e+00
3.194820402884380073e+00
6.700854221614678252e-01
4.721404677381507931e+00
4.671947189401000067e+00
4.992213186264722324e+00
2.865522511551430895e+00
4.960862834847001857e+00
4.796073300019524588e+00
3.064735131400335710e+00
4.093757891218698042e+00
2.836684034114756336e+00
3.384626306932207562e+00
3.336203523056604947e+00
2.607684023936108986e+00
3.151928912425894680e+00
2.590620376216771881e+00
4.688318485943464786e+00
1.994713682065633931e+00
2.521191420432894681e+00
2.384681907757476349e+00
2.080244007380150695e+00
5.357998968287949637e+00
3.067838223668758246e+00
4.549579938728001594e+00
4.520928675824434251e+00
1.703238342404979289e+00
1.362178750201587407e+00
7.603490548840473373e+00
2.734432043875671958e+00
1.989431259108217276e+00
2.494363612120829909e+00
1.072777312848174347e+00
4.169589380182260996e+00
8.744030701098439717e-01
1.317819385043140334e+00
3.112975334131625971e+00
3.229519250978138523e+00
2.244570718889988825e+00
1.341666416076029433e+00
4.294934131695630208e-01
3.417901988101468280e+00
3.809544628104151176e+00
2.535049669607094991e+00
1.180430721507872427e+00
3.375100032790276039e+00
6.452125389103285258e+00
5.473412110041160794e+00
4.579301600473917766e+00
2.326762322379282821e+00
1.841939271970192138e+00
5.153273250495709945e+00
4.096114103922767313e+00
3.537894898020163659e+00
4.475768914435621859e+00
1.112785965184122983e+00
4.442519312590922809e+00
4.438559872453588184e+00
4.396279712698464515e+00
2.616377585455938792e+00
1.379918251648578176e+00
4.317575522919502085e+00
3.116905643990027119e+00
2.869956142971964219e+00
1.108530338842698360e+00
4.950043105171089586e+00
3.506460862278678370e+00
1.691861957526031635e+00
4.169442186291072439e+00
3.293764935735533417e+00
5.195191314953634176e+00
2.735795161102259065e+00
3.395056096112405442e+00
1.504048100524538523e+00
4.311020169601126995e+00
4.037617352028135542e+00
4.541260513806298249e+00
1.288611354654467744e+00
4.020596184248781846e+00
1.844313801138342868e+00
3.264694483671576108e+00
4.054921729939055197e+00
4.841737840998843190e+00
1.308990581257623020e+00
2.501430332700155024e+00
1.329521949824806537e+00
3.013007807780672120e+00
3.967710512599345485e+00
1.644910987321243523e+00
2.074794509420577526e+00
5.006046125179196338e+00
2.977437440482014530e+00
2.235806593560003996e+00
1.556389359225120561e+00
1.873779772300119717e+00
1.613325195805943579e+00
1.316846215365144790e+00
1.163615154167431776e+00
1.640745189156127992e+00
1.967375120051485737e+00
3.524605716706152414e+00
2.317035526729507744e+00
3.581881173177465794e+00
3.198505241655098530e+00
1.544893763729154212e+00
2.448299604226503945e+00
4.555703851156236439e+00
8.796140646398772356e-01
1.183385836807478109e+00
2.855236544350890693e+00
3.798436144898171385e+00
3.417547032187636002e+00
4.980901185137155629e+00
4.538312637612522238e+00
5.079255386553226614e+00
2.437584363873278814e+00
1.172836983366283725e+00
3.772085936026765118e+00
4.482518057700104031e+00
2.728465574496396151e+00
3.475552239144423794e+00
1.822211206218846469e+00
6.677445347154123745e+00
3.841867635636801559e+00
2.879992297857293160e+00
1.133938601481865760e+00
4.423314274277107216e+00
5.669721415565048162e+00
6.198922132397439277e+00
3.814051368228279504e+00
5.306190918905110188e+00
1.510443533650586589e+00
1.429064054146707452e+00
2.810441244749355860e+00
2.472050150832279858e+00
4.952436897753461409e+00
2.675975713973976156e+00
1.106065133175515802e+00
3.455339852613015239e-01
2.842115501170007441e+00
2.565405055453111594e+00
2.985445454922816655e+00
4.048837398279561128e+00
2.668342157009260251e+00
4.097746047331392916e+00
5.074432926352103301e+00
6.366293219580396290e+00
2.431520113060559041e+00
4.874080997551386574e+00
3.822025346870289386e+00
7.149374594475180977e+00
2.567455931040923733e+00
4.297468036820947468e+00
5.554278240558406132e+00
9.276866772410560458e+00
4.398165613192110968e+00
3.666635347792206456e+00
1.611352245491360691e+00
6.065023521170345155e+00
4.425362496094365383e+00
2.408972358203451680e+00
2.813317916244512773e+00
4.683233198561918442e+00
1.687479265008615670e+00
2.392883221200289956e+00
5.206855630706890281e+00
1.893638144774966836e+00
4.956555697612493816e+00
1.473808961747794299e+00
3.108900355317955722e+00
3.045659916450287774e+00
2.625951767954096017e+00
1.232298332449252465e+00
2.272749019888615329e+00
3.771831418140312309e+00
2.828935663256235689e+00
3.849007460631818311e+00
4.676828171624142882e+00
9.369276246153521726e+00
2.843844316250302207e+00
7.440182239049845103e-01
7.606681660719029070e-01
3.526149331789959263e+00
4.423109018559661543e+00
5.021512553363139730e+00
2.583630039702867975e+00
3.260667993860765446e+00
3.268249467400626607e+00
1.665005735906057494e+00
3.696830789420802343e+00
1.996693709497633140e+00
2.785601802796203952e+00
1.630985206292785206e+00
3.334723353692639058e+00
2.078351532330647622e+00
1.553682583588270827e+00
1.987246633539723417e+00
3.001918184753329388e+00
8.392827169028425516e+00
4.059049679865601945e+00
4.879213680233097428e+00
5.799618182210892314e+00
5.605786796045247655e+00
4.275958049803640471e+00
2.163163516025425004e+00
4.035739424251056029e+00
5.550705295502033065e-01
9.792491727972493232e-01
1.548637340215148983e+00
2.381377339080141819e+00
6.301980192659483393e+00
3.581269605045673821e+00
3.582995792671343160e+00
6.500036081598492110e+00
2.038419666846325029e+00
2.992436559900130355e+00
4.871833706499481664e+00
3.127301018066523053e+00
5.733061604036132408e+00
4.494618439092997519e+00
5.099351834315251963e+00
3.971141861242315940e+00
2.686585448459930525e+00
4.552156317800191587e+00
4.312833031704316866e+00
2.194277743444559725e+00
3.588159100595540885e+00
2.027976936765315763e+00
1.518683810646032084e+00
3.592885098763849872e+00
2.609802199646124699e+00
2.460979124796415896e+00
1.912996440939465970e+00
2.061371451667429078e+00
8.270778113014853883e-01
1.363255750262821975e+00
3.149914247121553323e+00
3.713485854427638344e+00
3.045909269960367372e+00
1.933340826772554089e-01
2.651955055580482501e+00
2.199337558257393077e+00
3.646905191750347885e+00
1.863699578596796469e+00
5.945755812875308521e+00
1.651693658082573180e+00
5.694251731507909753e+00
2.345636523894284231e+00
3.665753747465417600e+00
3.404867309581621093e+00
1.068870540686958526e+00
4.573053200213989200e+00
3.593569990826341432e+00
3.406769492929671461e+00
1.697686891702856915e+00
1.583825007445341715e+00
3.602639120738237555e+00
3.837663498059404876e+00
3.450278872545592179e+00
2.536013990739513169e+00
2.319742558584958037e+00
3.487637196953526253e+00
2.950676187149562146e+00
4.856586029780290970e-01
3.364315571421328421e+00
1.242299350320311024e+00
3.980392037017269846e+00
1.735769732913974295e+00
3.671118211565332246e+00
3.191790865073555583e+00
2.439583367196371810e+00
2.820247539823133476e+00
5.098932712892504604e+00
4.629800261510036208e+00
2.571595037759291102e+00
2.382764579182420128e+00
2.286523929597875426e+00
3.725423593959841462e+00
2.376958171881186743e+00
1.768901778588790608e+00
2.786007426360998185e+00
2.107356809971831169e+00
6.024793462417305179e+00
5.532854485617679785e+00
3.870690500596126959e+00
3.163679290709112468e+00
4.931252039929051811e+00
3.146125465486545814e+00
4.251578099413685585e+00
3.478302303144600760e+00
2.231241005005885736e+00
3.676883233006281948e+00
2.493952895606772913e+00
4.370643501038533607e+00
3.307481447234313698e+00
2.653563356947750584e+00
4.056167865831667996e+00
3.231271517342180211e+00
5.104780725158486021e+00
2.971792385081449162e+00
4.428218336810742173e+00
2.037931968178907649e+00
2.104415342871342354e+00
2.436702138343457502e+00
3.334212404491464277e+00
4.271759469153768585e+00
2.762103364047225007e+00
4.039052228809887346e+00
3.285833919648196488e+00
3.298645377204562745e+00
5.466678115975034391e-01
3.674997135407272797e+00
5.103043885132500179e+00
2.369748239214222174e+00
4.681764445583766587e+00
2.709847421601118356e+00
2.142056286884740590e+00
3.035425019506457822e+00
1.948936697697644771e+00
1.841457338918533804e+00
4.087058626536153483e+00
2.735287706343146219e+00
4.105946947599306895e+00
2.376845471132338794e+00
2.630385186881640802e+00
2.964479123410025618e+00
3.280320595151088980e+00
2.570795223079088032e+00
2.374651244541420958e+00
2.942056446377387502e+00
6.222935560715557202e+00
2.403395643353109623e+00
8.492484837090923389e-01
2.511751072751862601e+00
7.152759121311532908e+00
3.564139617993674847e+00
3.018817343594033087e+00
4.409736185584130830e+00
4.952582633607830687e+00
2.984043896220038405e+00
2.392508658147646461e+00
3.381724752202295292e+00
5.400873894485099136e+00
4.109591724484191744e+00
3.762210636893520643e+00
3.745097009791283682e+00
2.370348304006812068e+00
3.901571559657573296e+00
2.900260273649860387e+00
6.806921743129029423e+00
3.291214336785316164e+00
4.334993243946312802e+00
1.210427545611907130e+00
2.678162626323488116e+00
3.610874785750864735e+00
4.430750798052680572e+00
1.755941378068917702e+00
2.741118632415406431e+00
3.970321954503897466e+00
1.796511034074828927e+00
1.348563496768880654e+00
2.179971149263811636e+00
4.463664062554570044e+00
3.706534563279166861e+00
5.932135329573232418e+00
4.161824395048986602e+00
3.869617923697927786e+00
2.510333690083659697e+00
1.133012438328699023e+00
6.251439629007788490e+00
9.669724418355712947e-01
1.500165210867459242e+00
3.525533804203899280e+00
5.650322332241370926e-01
3.689012457147458512e+00
4.322355274246353574e+00
5.661611643853539100e+00
9.039653619749575597e+00
4.004712631191542194e+00
2.525101901306358254e+00
2.177568403767663252e+00
3.418461317392885945e+00
3.174734140336122223e+00
1.710070728643847460e+00
1.211421765801888650e+00
1.628092693877943642e+00
2.297804954725050308e+00
3.484252504419639074e+00
9.763911530313975629e-01
1.167956675035405123e+00
1.808009043462211141e+00
