4.092956147999128547e+00
3.526689488603222067e+00
2.828393450433623890e+00
5.292450569790849713e+00
6.684550774276860174e+00
5.453840006236684523e+00
4.218301275455866417e+00
2.726577467636682517e+00
5.056992044224579708e+00
3.454031744322960229e+00
2.996337895633366166e+00
2.978324171812713139e+00
5.909106418425735363e+00
2.827527572930896849e+00
2.745904188969126913e+00
2.305945704876783076e+00
2.560859902762222529e+00
1.197497519201590421e+00
3.856597322251474225e+00
2.563575951803014785e+00
6.703248498381623399e+00
4.558027774051718772e+00
4.562925579436499568e+00
3.036540249783224787e+00
1.628675284350528996e+00
7.434104830410649178e+00
1.446930586950978981e+00
2.134535296279641781e+00
2.471714236061873571e+00
1.698262180491064921e+00
3.463483449886522347e+00
2.898052532192040065e+00
1.662823878475517159e+00
4.093581265078538145e+00
6.169142833767724099e+00
1.939557833973459822e+00
4.852314153307821343e+00
1.963733740425132268e+00
4.043916604846322649e+00
6.827067597156575296e+00
2.678371771520372313e+00
3.519695168468010671e+00
1.962172098899414907e+00
3.386124031893711361e+00
6.669513880088018709e+00
9.685475483281524856e-01
3.178355567757324418e-01
1.754822074565032919e+00
2.047855545586342085e+00
4.388726187941747625e+00
3.049190983266583554e+00
2.286204076419688036e+00
1.135455016690613661e+00
3.317319909847566972e+00
5.215807826367682587e+00
7.076277665910984283e+00
1.808222168634801674e+00
1.108095895334191727e+00
3.763257189645403678e+00
2.415572809853700598e+00
1.537132233979724871e+00
1.762412315208205182e+00
2.911329940300647401e+00
3.820883347221242676e+00
1.427846497445120377e+00
5.623629966119238155e+00
3.048830306432103843e+00
5.605589150281092614e+00
7.209499854283921927e+00
5.356751188458188651e-01
3.404889622901877466e+00
3.932923774955807694e+00
1.927424614367676314e+00
6.632930965372511700e+00
2.008362934650105736e+00
4.492391915793390034e+00
4.032157270879503486e+00
3.781903885621153538e+00
1.785579529702469248e+00
3.322815951708766313e+00
2.649252920484200580e+00
5.062821770206157979e+00
4.221963378236592845e+00
1.938912609794385178e+00
2.451022085383238736e+00
1.435306619900913905e+00
3.458502729528826425e+00
2.257115342847757056e+00
7.115735409489502672e+00
2.574641119389203148e+00
3.408330114506072928e+00
3.160964159535780915e+00
2.461270700428601188e+00
1.258396915425584517e+00
2.230567369051877691e+00
3.829580057468428667e+00
2.458839005123489851e+00
2.414806985570671749e+00
4.264638297794340005e+00
6.355451587762561694e+00
1.059945483137915812e+00
3.062492691300037428e+00
2.006717518988273830e-01
4.629729348695216018e+00
1.668165388669463400e+00
1.941282846317079036e+00
2.768792274436958856e+00
2.497983052157686679e+00
4.388597547782454811e+00
5.708067787612686850e+00
2.178665769287512433e+00
4.125104204200836122e+00
3.233885371605831782e+00
3.931405843255307619e+00
3.133529741693243942e+00
4.030917005989574697e+00
2.682332640809967472e+00
5.676397449590848687e+00
2.756076197465191946e+00
3.510487642529621866e+00
2.007535729000386571e+00
2.235266790878791987e+00
7.481142445037505251e-01
3.131557965421810419e+00
7.823288365664770039e-01
4.800981999250779064e-01
3.512382477417711701e+00
1.843796213883160506e+00
8.613695824481393259e+00
3.306787858478597464e+00
3.825128520197380144e+00
3.682321727616948870e+00
2.078686692029317662e+00
3.364091121285360142e+00
2.103558677924488141e+00
4.436978305487743413e+00
3.405091592195682582e-01
4.073197362116907527e+00
1.529112321892678095e+00
2.391603396016301453e+00
4.584072460859959897e+00
3.994599188801602363e+00
1.409659598794121393e+00
6.016359157606877339e+00
1.690499284060811958e+00
4.135694859424925873e+00
4.034530593488452332e+00
1.024595609252146877e+00
2.129026776168071677e+00
2.713852293718086894e+00
5.121753770995330912e-01
4.556890696430551557e+00
2.579904924211333217e+00
5.949161579100592512e+00
3.653136571318326808e+00
4.056298463037523838e+00
5.309740352074663328e-01
6.917251806932791958e+00
4.666477749661640750e+00
7.026439751935875222e+00
5.163703157710320291e+00
2.412542384995111977e+00
5.323851159402988920e+00
4.212564815700738485e+00
3.592628345202771634e+00
3.251308483045454611e+00
4.008401049670047733e+00
2.955231575116612497e+00
1.217455172511719752e+00
7.139135837057853928e-01
1.737802840503318125e+00
2.294271496689862744e+00
3.498346440828320247e+00
5.202266938832701193e+00
2.600552009676118992e+00
3.777905465862465118e+00
1.892862473176280647e+00
4.862462189128484158e-01
5.580655504542589185e+00
3.709307218480938584e+00
4.331497826454363320e+00
1.484171268146069256e+00
2.235521869995535038e+00
5.593011804747651361e+00
3.632308047369619430e+00
3.117773909462316695e+00
4.223692829555471207e+00
3.883481683753594815e+00
1.845564145477502027e+00
4.606061245733958920e+00
2.231191737174957446e+00
1.525776431913600018e+00
5.199167385327145396e+00
4.844514293512993675e+00
1.396436470217549131e+00
2.270079343284277407e+00
5.230951236421030437e+00
3.093778589201938711e+00
6.866373146452476206e+00
3.606922540800650889e+00
4.302476317142648554e+00
5.831457176502232720e+00
3.808195698264402296e+00
3.497452328029681645e+00
1.749340840002427955e+00
3.669086520205598223e+00
3.235903254126751616e+00
6.202078888116773214e+00
7.785471095084092852e+00
2.230170114285493721e+00
3.861063439401545061e+00
1.438682616522134694e+00
1.297309616625204498e+00
1.461682817015240721e+00
1.110902947328107082e+01
1.197672596617735952e+00
4.764296826009029928e+00
4.582177335658281336e+00
1.131858391897000882e+00
3.199887696533376236e+00
2.365222238841668378e+00
7.650111083772578979e+00
2.660380360653197052e+00
5.372135521704883843e+00
2.881027959888950107e+00
3.048544542693313097e+00
3.446865332480575805e+00
3.294709661073761620e+00
4.590689617101128661e+00
2.058533993380770699e+00
5.444072373902448803e+00
5.532320886838830276e+00
2.399113683810228270e+00
1.938499401004070366e+00
2.036886121853674236e+00
2.624520195538708300e+00
6.156481730758003312e-01
5.899263056265053873e-01
3.262383186994161743e+00
3.509377042041487815e+00
8.061108498123637389e+00
3.744413754669528860e+00
2.495264588210254875e+00
3.197124093408905576e+00
3.075175278637161558e+00
3.218238518731488362e+00
7.329646688933014964e+00
4.503621630721372782e+00
1.524033691253856571e+00
3.343479931689187445e+00
1.348996835087515223e+00
9.191764409354943322e-01
1.238707914729500370e+00
4.183371413019758123e+00
4.004947855227054099e+00
4.450400887886471146e+00
3.753375125728457995e+00
3.628234222141614396e+00
5.938187043986521196e+00
2.386846851426759564e+00
3.318560056194314045e-01
9.275691117320237211e-01
1.507657866452217332e+00
2.966245983540006570e+00
2.383233821837429822e+00
2.305990109329993487e+00
2.770663765311841775e+00
3.230568480129785591e+00
1.804508357882047109e+00
3.697642426842791874e+00
2.976887222358342022e+00
2.615306635796711188e+00
4.211663326392434570e+00
2.266426660660007197e+00
2.938566297059374222e+00
3.330545123055456802e+00
6.068443813138918230e+00
3.636987111665022976e+00
1.843183817826760107e+00
2.938270052625793660e+00
1.953938904112781483e+00
5.395964523799321455e+00
4.191235114751172830e+00
4.607355659609948084e+00
2.982085372374244869e+00
5.933311266840500586e+00
3.279694225836123245e+00
1.624970212300360206e+00
3.169100779280884517e+00
2.411666680118276229e+00
1.913996486345050041e+00
2.385659936746500787e+00
1.113089408817948600e+00
5.112588157015180101e+00
1.582286945342990414e+00
1.381997671822049689e+00
2.021843828585942138e+00
2.888505288853671971e+00
4.357478707667472584e+00
1.783060882333814545e+00
3.481898065227141403e-01
1.765294386898253354e+00
4.369112399489821996e+00
1.609985639953579906e+00
4.092633513477073492e+00
2.246941575354489906e+00
7.784240356585386822e-01
4.737543008577169701e+00
4.415542728437753972e+00
3.614569351013081189e+00
2.125030174406843830e+00
1.848225926124473117e+00
4.763118177297125833e+00
3.873711844509545532e+00
1.886360984110651229e+00
1.475677012904635266e+00
2.407401054665336826e+00
1.175595841782265838e+00
1.861219470471922266e+00
2.112149599999429750e+00
3.532859588219996461e-01
7.057830622580986146e-01
3.376894090856553898e+00
2.173069477616657696e+00
2.408387237565488448e+00
2.400217835148252377e+00
2.412362524040566836e+00
1.076514322263038892e+00
1.226066721534792459e+00
1.891685787704547650e+00
3.804632553606816625e+00
3.613010479824287025e+00
3.299680715245659757e-01
7.293610885635302132e-01
2.212799783989031432e+00
2.444210796626491877e+00
2.185069498869082416e+00
4.766517189900755014e+00
5.096228557454736574e+00
3.909753717469491185e+00
1.812188343805049673e+00
3.407848706642067071e+00
4.791543744125448256e+00
1.035796121829941852e+00
2.859551256202452318e+00
4.157677602611084211e+00
3.007367211357503400e+00
6.964518926110346619e+00
8.183701424961929982e-01
4.998893702689985119e+00
2.739167615178199178e+00
1.925149959383970710e+00
1.599284977855125689e+00
2.510691129770416197e+00
2.743064125838603928e+00
2.465271994368072761e+00
5.284316310073514877e+00
3.768552897417021708e+00
4.851083014317472575e+00
1.577913189195227606e+00
1.910017019339435906e+00
2.069305833259595495e+00
6.876678832252610896e+00
2.389570582880947480e+00
5.256255967067030355e+00
3.310924161028255153e+00
3.984117193236301979e+00
1.337695887604211098e+00
5.369942029144271878e+00
3.321457071743440626e+00
2.200240756720314828e+00
1.718602482799425957e+00
1.757029551779615062e+00
4.805378025528514563e+00
4.507991132674460388e+00
4.360731726021414900e+00
6.783923436409376784e+00
2.976191445481329190e+00
2.589173889688927588e+00
2.839889561858384148e+00
1.449594803995636561e+00
2.358726949827857133e+00
3.848494705984798259e+00
7.265032103923710238e+00
3.304354014820981345e+00
1.959768607765613790e+00
1.519936252999415149e+00
2.961080126866158402e+00
4.275489530609990041e+00
5.574101197966204069e+00
9.789682837002319005e+00
5.231903178285143952e+00
3.462102707084673714e+00
2.217565043526422031e+00
9.369717839693091355e-01
4.187111848061272568e+00
3.770620791994853338e+00
1.690298583918392605e+00
1.085510363491515751e+00
3.131967420819510295e+00
2.873845363094496452e+00
2.481966651056921602e+00
2.385209069860460662e+00
1.337800287983388348e+00
2.956256638429961559e+00
5.597166068239434189e+00
1.748263808165447797e+00
2.624928191198266259e+00
9.924266447197463981e-01
2.502482125623416209e+00
4.383484473969089912e+00
1.861982259109753457e+00
1.146443584740137522e+00
4.338108722386031957e+00
8.364201380198638347e+00
8.909074198466122585e-01
2.375064822098694073e+00
6.401374638636895043e+00
2.094784189990513301e+00
4.015389752983236527e+00
3.274192120808058437e+00
1.586611125327854976e+00
3.135586058273997168e+00
1.896929845946128568e+00
5.330461908902608847e+00
1.861245953265654007e+00
4.358468155917620379e+00
4.195002377828334517e+00
2.297036185919874463e+00
3.423058619059794694e+00
2.538376796837148675e+00
5.947580929754197054e-01
2.448382320289979930e+00
3.696128673095365080e+00
2.695353706738132793e+00
4.009354334979233769e+00
3.472329616763472959e+00
5.795971235849346037e+00
2.893667671569695621e+00
3.094757596397466504e+00
3.910320448827858453e+00
4.355176168298536155e+00
2.533629958609828314e+00
2.572007246483162479e+00
4.064059862077334273e+00
3.032026367280503898e+00
1.156719573215092778e+00
3.555713552171949399e+00
5.373838184192377021e+00
2.435465596145538480e+00
2.738271848708811795e+00
4.158615054086475915e+00
1.636730854685019665e+00
5.249974793493460190e+00
7.605844906829358543e+00
2.762298192654600193e+00
3.413151570054741679e+00
2.012424965164824275e+00
4.084915108909850545e+00
8.786501414498754770e+00
2.495588722068225351e+00
1.079389630811093737e+00
2.493126143035452547e+00
2.434842249785780233e+00
3.630735163457354364e+00
2.479841305947145802e+00
3.382961637347071449e+00
4.106525227345674267e+00
5.053053260441604522e+00
2.039023635227031228e+00
2.154284199937243294e+00
3.012341123546982580e+00
1.135894295319972658e+00
2.783606122826356888e+00
2.658822868324066668e+00
7.576658207669072276e+00
2.865241934060051676e+00
3.626658761384588647e+00
2.764723158650570944e+00
3.744560696797287758e+00
4.633530475719697783e+00
2.011402648324509990e+00
3.546839968246660924e+00
5.291076791691988745e+00
4.881020904700912766e+00
4.210465731354784857e+00
3.175547867422858328e+00
4.108703625831127582e+00
3.349194628729935008e+00
1.396407052306562813e+00
1.040532562100852099e+00
3.642679129900026958e+00
1.642191519419253565e+00
2.952024630039915998e+00
2.126747654697012102e+00
3.219980209706081453e-01
4.090758135891848113e+00
3.040871144105089297e+00
4.208352411354699396e-01
2.200104863785013798e+00
