1.772071206454217283e-03
1.237109442895545711e-02
3.489914311818727993e-02
1.123624394139316057e-01
1.768872923938348898e-02
1.939096403446498654e-02
6.650122954242512763e-02
3.181129507863283967e-02
3.242249426965345023e-03
3.391178233891374051e-03
6.328817635473335534e-02
4.694293016507448610e-03
1.818484585602343773e-02
9.064215221613328155e-02
8.099522216053756107e-02
1.795458514177042386e-02
8.176029454374185435e-03
2.029212601458191961e-02
9.457690635646599092e-03
2.938142773889616463e-02
2.736007297556185963e-02
2.749091374912919841e-02
3.301059113895964819e-02
1.174415433357601027e-02
4.311100025080057130e-02
7.292218764641417725e-04
7.334352459211675342e-03
1.585643323415244707e-02
1.577283677904492420e-02
3.306416386719904926e-02
1.561900350928724715e-02
2.420510233606622957e-02
8.450207458984404491e-06
5.350074338166664611e-03
3.273571476386875206e-02
5.041182011122981831e-03
1.528640097065733262e-02
2.014970649549418201e-03
1.775710734343415251e-05
8.021722682426400339e-03
4.868854826968845549e-03
1.194173958248153852e-02
2.505823511288275338e-02
4.789511170310756238e-02
2.365808499856161817e-02
9.961973721875367748e-05
4.680599876386565663e-04
1.772340976264357576e-02
2.433664979967530700e-02
9.025938351478794697e-03
5.552268533897859737e-02
1.084591733570689984e-02
1.225557776797182169e-02
7.271847459070701278e-03
0.000000000000000000e+00
3.946465166991881129e-02
7.607369094488203309e-02
3.125289192751928152e-02
1.810699970210440102e-02
1.092444485595060397e-02
4.406860939292814999e-02
5.589961894227415701e-05
8.128066966761340884e-03
3.544784754289531659e-02
7.758401805212046184e-05
1.140371266001867917e-01
9.043189563626539973e-02
1.903124704242138959e-03
7.783921467175958578e-03
7.482245457310765860e-03
1.605634364432420927e-02
2.854508848370242505e-03
6.218212896551743524e-04
1.105410975223204521e-02
2.695000582381444285e-02
2.043690046325236792e-02
1.045022121776230731e-02
3.490996776805284363e-02
4.102216654102355115e-02
6.163443375727406873e-03
4.361558779954639170e-02
8.285865082293220746e-03
3.169432509271245639e-03
8.346892681334042857e-03
3.555956504785027367e-02
1.485063430079506253e-01
4.040830823990708594e-03
9.785169094144017046e-03
2.315819429573522104e-02
1.280381286771411662e-03
9.428745975620711484e-02
4.633639590773176720e-02
4.701978634695255441e-03
5.286920789675220167e-02
1.272347274201995893e-02
3.691111079134015704e-02
4.133398522334860194e-03
1.035275737504626203e-02
1.055613867915394521e-01
3.187145492432873206e-02
2.114319431591367981e-01
2.866927035403018381e-02
1.229403129824253697e-02
3.430339004275413661e-02
3.638656139069679912e-03
2.763525214203178381e-03
3.072809191073514606e-02
1.118768155222470140e-01
2.449276823713522622e-02
1.312902786711900825e-02
9.590391621557099733e-02
5.939639852715684551e-03
2.364042875571728888e-02
2.514426336255130151e-02
3.000791592264818661e-02
1.005996679389915133e-02
9.228246082413991275e-04
3.189198493247678845e-02
3.340856337226417701e-04
2.271642241755603489e-02
5.847402084878144035e-04
2.565352590481200651e-02
2.232369486072957945e-02
5.352043219196307711e-02
1.745277820223346127e-02
3.965895470122163258e-02
2.234424814905237172e-02
1.357979333268406232e-02
4.751573081678811647e-04
3.983576783422915907e-02
7.543821002631384727e-03
1.864235242247056293e-02
2.625766157784143948e-02
1.138110149116399253e-03
3.334674282200456724e-02
1.204448148725754120e-01
4.037223168697416653e-02
1.004911277131857739e-02
0.000000000000000000e+00
2.398995569901950578e-02
7.274711208243894896e-03
5.256991065822590181e-02
1.570966673789106829e-02
3.024316785580816094e-03
1.401562423873126649e-02
5.526442278258310303e-02
3.034560941421467900e-02
2.867320116987640520e-03
1.761601323418129222e-02
4.708959292691165810e-02
5.180230257081669398e-03
9.270715795388886904e-02
2.313761249429675121e-02
9.388144632444639370e-02
8.433734319132928092e-02
1.613946274681575532e-02
1.300315887332856857e-01
3.587518260725251762e-02
1.567539427991194653e-02
2.281236106560271745e-03
2.283194022220407654e-02
6.613482654728788934e-03
5.567812482422268908e-03
3.260972902323710978e-03
7.607264156669089894e-03
1.190421411543145583e-02
6.297147933972589706e-03
1.990571696090552394e-03
2.203915794149858415e-02
1.860198065408962941e-03
1.011455754820203209e-02
3.539304130811491474e-03
3.883437440035978575e-03
5.832435103221168121e-04
1.963811311023149972e-02
1.032667524400524839e-01
2.136041004601340124e-03
7.755744596449365771e-03
1.347752360802064939e-02
1.811074875633398445e-02
8.311444237515959454e-02
1.194603374469628727e-02
0.000000000000000000e+00
5.276401275598230009e-03
7.026799263636192283e-02
1.839401677603645559e-03
6.280331635339084229e-02
2.047595562459443921e-02
2.298865938932334596e-02
1.274670479077925044e-02
5.368075544879312433e-02
9.909647813809974864e-03
5.816488001997517643e-02
7.302482389005629515e-02
3.009397724901152066e-02
2.505600912689478349e-02
4.433580938721334505e-03
3.004880621822650366e-02
3.856607105531644798e-03
9.211802306518006994e-03
9.833852577854119287e-03
2.880102891147258079e-02
3.370606798001725413e-02
3.421580161177392634e-03
4.943504764239109450e-02
6.011731024519041677e-02
3.553321186035959117e-02
5.845344803798722955e-02
5.079793697106367578e-02
2.058577872454697005e-02
2.353700050574207212e-02
1.202899881344675305e-03
1.194895351837764940e-03
4.948585302649068790e-02
4.391130427659703517e-02
1.585244589305868576e-02
9.251553898889474173e-03
1.292294480927933496e-02
1.694247612126419111e-02
4.015694921773939330e-02
7.873408807335571802e-03
8.843349497865872358e-04
8.040092439669471389e-03
5.028254624072917706e-02
1.749114721833692349e-02
2.305200852844623005e-02
2.658012480133090799e-02
8.578908562531861043e-03
1.581111832174004195e-01
3.916130548293282609e-02
8.035236840472170881e-04
1.737538744561036019e-02
6.886081636885540980e-02
3.217073845588646393e-03
1.743914146333348791e-02
5.709617421483500176e-03
3.043963000799041613e-02
3.997827067314754096e-02
8.367794264091007322e-03
1.389820871757607235e-03
2.522856843161160392e-02
3.559834176944246670e-02
8.671502285685129402e-03
9.746248804361017787e-03
3.940830357399603689e-02
1.428176985956769104e-02
4.317747896861502850e-03
2.540926380734237489e-02
5.718798509274412856e-02
2.515743761084134403e-02
8.368952828321975929e-03
3.062803102067659239e-02
4.734899915858235483e-03
2.534862190746002206e-02
4.125799058125837609e-02
6.346228080614578146e-03
1.878214747065769588e-02
2.991283636040208485e-02
4.977641361922228308e-02
4.101498751013627452e-04
9.761930055448472809e-02
1.950260446336798958e-02
2.668908930273725805e-02
3.283285514546591122e-02
5.446298086629729196e-02
9.215456521591320824e-03
1.083952440734512910e-03
4.606471792495467690e-03
1.656828870603251763e-02
3.304691823150232664e-03
9.391658211057968622e-03
5.926229388505138522e-03
1.374263081613414164e-02
3.354492665775998805e-02
1.400580229464315485e-02
8.468974786438423705e-03
8.390154765628404787e-03
2.607207862470486970e-02
2.560153212966734260e-02
2.327233246540463991e-03
1.271565249221721580e-02
8.429881775440550493e-03
6.318528687877489336e-02
1.817715856486249587e-02
1.034136050154755432e-02
3.932487332090298798e-02
4.211314904312714325e-02
1.192905785870486705e-03
2.181779335571324210e-03
3.755452423417712619e-03
3.520884059669723454e-06
2.318571442954752565e-02
1.289258728738277605e-02
1.333167026818520874e-02
3.166558381552336127e-02
1.294780208227709964e-02
8.673985111737604614e-02
3.710967731915764452e-03
2.885824484057220030e-02
4.577477635251794678e-03
4.400243963807889264e-02
1.094181678774123513e-02
2.146992324138534761e-02
3.587673029797936591e-02
1.083825662260185993e-03
1.277632195944650995e-01
4.584589429809994565e-02
4.171635321708472288e-02
6.030897244428184631e-03
8.059644992213472331e-03
2.026076294793194288e-02
4.527570511916671758e-02
9.855116690290563475e-02
1.050817007472612183e-02
1.774061344581369729e-02
8.316279564724815554e-02
5.029285973052375312e-04
7.281435149917087264e-05
5.959262338598806871e-03
1.481844635195985437e-02
1.253167403234950808e-02
1.647669941572588604e-03
6.164207192642043483e-03
3.008326158479811274e-03
6.067859504483891220e-02
2.204802939750481923e-03
5.930499278809168127e-03
1.793671393985076662e-02
1.014046666134440500e-01
5.614212857793630246e-02
1.974219491144161946e-03
2.536583406395635440e-02
6.202326553275133367e-03
6.490002339691158806e-03
4.825144017971944206e-03
7.365457611351838678e-03
1.021529396987013449e-01
2.967819649510618565e-02
7.389530420657930421e-03
1.550717690564525630e-01
1.237586050573108963e-02
6.659111463393641017e-02
1.950855832392212399e-02
1.485226410639817717e-02
1.940807700865950034e-03
5.344322426588786479e-02
1.148331273636962920e-02
1.649505324386305039e-02
5.283644304354025850e-02
3.016302791236830094e-02
1.397459357209296718e-02
2.214761219658496760e-02
4.742326680243214021e-02
6.238061171757167123e-03
1.618312607407352069e-02
1.392587814963637018e-02
5.751480255924493190e-03
2.048894998825760271e-03
1.720611502599370818e-02
8.559269905087844941e-04
1.357798197102405013e-01
1.520531579048659508e-02
5.214973549417266374e-03
4.979335186624154336e-02
1.619436270324182275e-02
1.671097144432420051e-02
1.209360656273444261e-03
3.974658490190081245e-02
3.629997601700261001e-05
1.678036140646235698e-03
9.285330733573721185e-02
2.353964929139742979e-02
7.516099492270807148e-02
2.530702589526472729e-02
9.543545179973611167e-03
1.757102533827529373e-02
4.378546354886180859e-03
6.232075346302890992e-03
9.069968982047354328e-03
2.999570894380636926e-02
1.138493843184823582e-03
1.274230523174873023e-02
2.192406674437240993e-02
1.986853716752442697e-02
8.001276114931850370e-03
2.972705489289173553e-02
4.087649630722831745e-02
2.447759894368480016e-02
7.374400834795258666e-03
1.361185379436401222e-02
3.737374025834763747e-02
1.034330558297413133e-01
1.223389622444836025e-02
6.682773250070715362e-03
1.498901128471163691e-01
4.704966340420307924e-03
2.324948715580016367e-02
6.870489049876886412e-02
3.135541649446053902e-02
3.320801242204027195e-03
6.664989820631776578e-03
1.230646381361346353e-01
4.622246588653117216e-02
8.851329949485870147e-04
4.001388292803392810e-02
4.892846130896058923e-03
4.721280912576133332e-02
2.248430789419720178e-03
5.039181983424043804e-02
6.940630838627406818e-02
5.618186452029003478e-03
5.178906568035285089e-03
1.357441466207971736e-02
3.843152715310094647e-04
8.736584440426989340e-02
5.368024496579367789e-03
3.192529740964547471e-03
1.158172562854682501e-02
2.462025621254588376e-02
2.591814322011500721e-02
2.986166745242281248e-02
4.455836363720912593e-05
1.643818705182042289e-02
7.932541127622659560e-02
5.615212425771837559e-03
5.511966751903478803e-03
2.122664073721751074e-02
6.455916663953850665e-02
6.716324986061125712e-02
6.817741458385095932e-03
2.398921536147834155e-02
2.556241609201406056e-02
8.418483323141506824e-02
2.246953995073361701e-03
1.754230515330328175e-03
7.938749391946135422e-03
4.748950594192221731e-04
1.354485234570888472e-02
1.041430477269794652e-02
1.912454609016970425e-02
1.056396029767814847e-02
9.002670410126520362e-02
9.129118582783628949e-03
2.165513888591632380e-02
2.868425459100718694e-02
8.765440292912934570e-03
4.392903021342324521e-02
2.660654958460880251e-03
4.106975049517799792e-02
1.731679275376693528e-02
3.929312522454225798e-02
2.370516579352440102e-05
6.097923880011410849e-03
1.597838921356618813e-02
6.572282770841628152e-02
2.020748363501971845e-01
2.360352022038572917e-01
2.943300546969039935e-02
4.709231828541189137e-03
4.924267406682695386e-02
4.682271375492819132e-02
1.952566870475313382e-02
4.962508463179835655e-02
2.325731758657738069e-01
4.359639921104836507e-04
2.017991623689908108e-03
3.915735955240325257e-03
1.260922794215200982e-02
5.294206541589656020e-03
1.349277725452919206e-02
1.978949767259414669e-02
2.813222895143281752e-03
2.558956941811226047e-03
4.264716574949566075e-02
3.617751123310472723e-03
4.865237525596171481e-02
4.779859189468729135e-04
2.048485003240238522e-02
5.683734105000112086e-03
1.782285806331711676e-03
3.026942719703653098e-02
1.055522579093382506e-02
6.070453536815597143e-03
1.033777824628194369e-01
8.825942795352757428e-03
1.498927995570506141e-02
8.833171441022014819e-03
1.185089199733886309e-02
7.210315057361918467e-02
4.010554352938599729e-03
5.921759101956325724e-03
5.740813902255340745e-02
3.160954269572066383e-04
1.183545420956622247e-03
1.326694027037482806e-02
1.219541577152429132e-03
5.381627455362186785e-02
2.193695711566696557e-02
3.034631482964900845e-02
2.117941572405644332e-02
