1.715642455668578426e-02
1.921208116532690385e-02
7.757828921412229968e-03
1.912773348367986098e-02
5.275042946132670746e-02
2.085292750029602016e-02
1.141593020716975306e-02
1.690050916870427383e-02
5.416775396590982339e-02
1.234209615858134976e-02
6.621420222769759494e-03
7.147875741476047810e-03
6.888055431119018222e-04
6.624921025404850727e-03
5.905149347361642043e-02
0.000000000000000000e+00
1.956624996512489750e-02
1.154421617988372895e-02
8.811607592472830291e-03
2.501996102710450365e-01
5.550355800442283855e-02
6.929784711506234169e-04
2.681449015104137024e-02
9.875919236563460157e-03
3.920331971456193255e-03
3.184921733620238449e-02
6.367989105421778193e-03
7.993180225209398776e-03
1.436814566509185542e-02
4.228919622965511896e-03
7.983358745478518620e-03
1.537015397083959026e-02
2.234624708247816890e-03
3.557976973285275485e-02
1.669064790071649387e-02
8.331666125741432616e-03
1.089279267708420131e-02
5.111949856396330767e-03
3.199135170064845018e-02
1.141523050797736555e-01
1.936783699082708643e-02
3.474756250210515596e-01
2.504095809856233396e-02
4.403871694672916506e-05
1.926087043593076309e-02
5.602063496091922758e-03
6.981976216626902161e-03
7.294574669879523229e-03
5.036049100483947459e-03
2.821368742880635619e-02
9.227432471402077785e-03
3.514088341019051820e-03
6.616704152727382118e-03
2.881925848851012509e-03
5.688213741741035036e-03
9.438092101124286384e-03
4.549559105998605968e-02
1.709262030080790310e-03
6.887309851675645078e-02
1.295923629865310123e-02
2.376195319836812286e-02
1.880658038753477146e-02
6.829771405459790501e-02
4.798156700036606409e-02
5.544210847022157645e-04
8.953629915646289100e-03
1.413515995286593330e-01
2.165388231696833629e-02
1.298442012136350188e-01
1.145753420224799105e-02
2.527462660082543163e-03
8.703959065281796637e-02
5.703768759683666353e-03
3.017889457411283057e-03
5.962909358219102562e-03
1.697740795995231894e-02
1.674439688366603438e-02
2.752231938860560945e-02
1.099239244796355874e-01
1.064605197380453063e-03
1.233061279093475848e-01
1.692755547650849970e-02
2.153801990366067953e-01
5.558679196259477123e-02
1.194254549966871325e-02
2.248363174276554050e-02
1.033634628817546239e-02
1.565933050946110433e-03
5.288949764580515300e-02
1.686238485421049163e-02
3.644616708239731967e-02
1.505851631856217412e-02
2.197957396243396810e-02
4.473149412633230584e-03
7.971826524223175447e-05
2.117785135142079018e-03
1.330750256982112835e-02
7.634940935722017881e-03
4.247147365991813667e-02
2.341972309300447558e-03
9.669297944694427160e-03
3.971379751639804445e-02
1.110542919866808545e-03
3.317632873589146381e-03
3.655203189094660601e-03
2.020538494227528889e-02
6.739531391112866913e-03
1.191302219156178607e-02
3.355770446185414591e-02
8.581863319656038436e-02
4.290440611008271288e-03
3.915934542611302499e-02
6.644699858280429805e-02
3.376166819089277630e-03
1.073981128005095133e-02
7.437324302636691420e-02
5.390973955309631173e-03
6.486791124100008479e-03
8.415217672210248412e-03
9.972113121050184964e-03
2.212542264190280328e-01
2.576603457743177963e-02
7.931613442278544202e-02
2.446454714677519238e-02
2.249886939063028973e-02
1.096698645274831255e-02
2.256187563920467390e-02
4.399740524292206946e-03
2.573521771090208493e-02
1.002539363716018067e-01
6.866136464819014296e-02
2.336957193449290537e-02
6.244459834042589280e-02
1.301334066102330898e-02
8.245229435761697312e-03
2.971277575584556699e-02
2.340506113061438694e-03
5.896342347049856464e-03
2.898276278084726230e-03
7.382127965151560889e-02
1.643524023996092293e-02
1.951089247889890160e-02
1.350257681988279758e-02
6.000537644566122063e-03
1.292591550074865224e-02
1.044788417106824220e-02
2.021751848258520057e-01
6.473417295088867984e-02
6.612369052203065541e-03
3.016915246832888031e-02
6.003325080084611146e-04
5.557375155751664852e-02
2.991169888839748103e-02
1.427084627204321110e-02
6.582819512084378544e-03
2.009424628676894503e-03
1.950189197188226600e-02
2.923271345645273109e-03
2.641140934335664547e-02
5.305720864250752442e-03
2.964869683476560949e-02
5.141511050958447182e-02
3.058660440960244385e-03
4.165502575796961940e-03
2.896758997856208745e-02
7.630725813886851672e-03
1.559338561499934959e-02
2.596273719529407047e-03
3.400619005248311458e-03
2.594891099226519920e-02
5.626519740603736289e-03
6.422838369725316493e-05
6.100799870955215566e-03
1.104581182505244043e-02
1.414322054665074699e-02
3.416493699768998436e-03
4.915699833594793650e-02
3.928138859197590621e-02
5.930684917254798461e-02
2.092602398885843457e-03
9.755452976617742800e-02
2.003083045564114234e-03
4.849576469547172558e-02
2.840679186000845749e-02
3.059462516037712160e-02
4.811627190672311885e-03
1.478521048100162364e-04
3.770379677960027364e-05
3.788545356535151509e-02
6.938483378419844569e-03
6.353243195494657092e-04
9.324111139955194860e-02
4.968792558617979868e-04
1.819211713775262685e-03
1.560671120024289572e-02
2.565032774304756846e-02
2.312829658398048074e-03
1.533825732569214784e-02
8.735145211296150430e-03
3.030898607369882786e-02
1.573456521564481347e-02
2.100440828383867697e-02
8.371292639677299641e-03
2.588972507822027633e-02
1.723307551780699567e-02
7.088481185764617873e-04
1.556754978504954444e-02
4.022463633391743135e-07
5.462334844444692236e-03
5.021658929177183137e-03
1.436152605612391921e-02
3.490154123963774835e-02
4.579492424776979327e-03
2.016540516579865688e-02
2.916064547546362573e-02
1.445516799036215480e-02
4.588183592361096130e-02
2.294038129648161978e-02
4.566460431239317309e-03
2.193524089261863694e-02
1.135016145027997747e-02
2.278558998564600077e-02
4.868282849321219075e-02
7.954715387557839343e-03
1.379284580570911689e-01
3.515734472827318491e-03
5.914878675697111954e-02
4.324562865801272367e-03
2.996201126872471976e-02
6.485654939918882294e-04
7.196396140813046856e-03
8.186938964575054753e-03
6.520489589555132637e-02
4.435121453241450129e-02
1.655539055116307667e-02
1.744107066480925314e-03
5.068213991992966821e-02
1.088518179948674489e-02
4.771303160186930736e-02
1.268501487093730805e-02
1.739547544754117825e-02
1.430504330281273662e-02
5.433667076047395475e-03
1.447539719481957289e-02
5.548554751096100926e-03
8.335590918820202574e-03
1.518921373506829445e-02
3.176349129278863842e-03
0.000000000000000000e+00
0.000000000000000000e+00
4.071905693210116362e-02
3.533043399633220647e-03
7.201249278211806215e-02
6.642870907742376430e-03
2.064097192146696069e-01
9.967039515493447861e-04
2.077208392754089326e-03
3.620787833464217224e-03
2.688451749324111822e-02
6.328875022615161779e-03
4.486645840049018237e-03
1.281312936465379970e-02
4.344845732788203338e-03
4.891254747472878125e-03
6.069839052647156216e-03
1.067391086594365358e-02
1.022862491403490025e-02
0.000000000000000000e+00
2.990395051388601219e-02
7.236638994815805352e-03
5.062173544911611339e-02
7.507156068436922651e-04
4.184742750406687806e-02
1.170004626437418614e-02
8.866261476710186884e-02
6.252956913756199664e-02
4.590622789461959279e-03
3.227108522230729554e-02
1.158515081184263371e-02
1.258184435435252303e-02
2.044593368774264008e-02
9.248027178080410471e-03
1.133509071236267745e-03
0.000000000000000000e+00
7.566182587068709040e-03
6.119866919069396824e-03
3.991958737860095557e-02
1.910271068843181000e-03
6.359838770483978998e-02
2.936446463684204769e-02
4.976683065513438226e-02
9.053280869113193444e-04
2.107475927774846245e-03
1.761501710415595487e-02
2.906110855348663022e-02
2.460420970237939958e-03
3.441347107636472807e-02
1.665426141580073766e-02
1.428185694995053566e-02
3.338873593489473509e-04
4.187936702017808210e-02
1.216810987864521965e-01
1.708673364641212587e-03
1.972512525968504737e-02
1.439490396167267912e-03
2.080237518549008305e-02
4.205858031894175314e-02
1.594089796535800348e-03
4.273862704202177165e-04
2.636799547263298654e-02
4.304205559487046806e-02
5.362120163331643083e-03
5.333284758047786289e-02
2.645482168940450820e-03
1.634498749595148306e-02
6.567242484347714238e-02
3.819639521190099866e-03
2.082040964667403182e-02
8.568106092637079244e-03
0.000000000000000000e+00
6.822178680030270559e-02
9.910707763505059026e-03
6.183712058027781427e-03
1.091127119912667148e-03
2.399211907004561439e-02
1.126392506825871784e-03
1.463492321603694288e-02
3.272447643176690235e-04
1.504162824053295947e-02
9.082348224686197236e-03
1.469780675142603500e-02
8.405754113981533937e-03
5.338070883093025409e-02
7.771512000982501445e-02
4.249147071402449571e-02
2.047622865710590004e-02
4.472201827410698938e-02
1.207070212382262558e-01
2.069909688727478159e-02
6.718408790328363189e-02
3.341231541095047997e-02
6.305032522721397761e-03
1.817941936875378060e-03
1.583142901280289866e-02
9.143715778617771128e-03
3.031104090979491739e-02
1.954997530711747537e-03
1.469163636613367296e-01
3.294660516959738075e-03
3.630142031781115330e-03
5.655520293936159432e-02
1.154798537564555999e-01
2.126379965130637539e-01
4.521041531420229298e-02
5.902441770143460747e-03
7.715047640450078958e-02
9.659003986520406371e-02
4.154399014582368932e-02
6.032773892266762167e-04
4.386440370946288053e-02
2.048704841365296160e-03
1.821948828900597783e-03
8.655882675113926294e-04
4.724471095052575065e-02
8.465925959643013504e-03
1.384756513889385046e-02
1.045144180696840107e-03
4.515994875524959040e-02
6.223756683395627320e-02
1.561211366308821015e-03
0.000000000000000000e+00
7.925252910421700520e-03
9.795875368207624008e-04
7.385826443667574751e-03
1.905521322254207298e-02
5.668979081166923215e-03
1.226167583360312716e-02
3.502309812869840340e-03
7.879416835793785073e-03
9.013406873700443439e-03
5.662798993091089361e-02
7.718341367603722292e-04
2.576945708003621285e-02
3.685957246250932268e-02
1.015990815181982976e-01
8.555003696145339551e-03
1.845852196804037559e-02
2.347327607122738288e-02
9.539952445734958472e-03
5.703206859626761861e-03
7.019830663674187128e-03
9.053410009909857240e-03
2.552516978068967643e-02
1.533248964203671669e-02
7.340062898125367108e-03
8.706040673933454488e-02
1.936369956846108924e-03
2.903991389620869112e-02
2.302752485548220651e-02
1.238188177091911432e-04
8.770045802038845678e-03
1.982542510455382356e-05
2.291613326553617463e-02
1.245906514352048723e-02
5.445907402508254856e-03
0.000000000000000000e+00
6.035322220658256506e-03
6.323586093829813674e-03
1.395680137487185536e-02
9.176593923961582841e-03
8.108314480678762565e-03
1.793107293237476696e-02
3.344386586268337236e-03
1.309351835170154653e-02
7.493543970244220982e-03
3.146126169763734104e-02
7.988853018522255531e-03
2.882563840279034340e-02
6.307826531246954471e-02
9.397826062801588332e-03
3.816055637242413145e-02
3.486854583894456044e-02
1.274286250592820448e-02
4.750520240801497929e-02
1.018507850212083121e-03
2.195306205203572184e-02
5.303701788629849867e-03
3.612322920183814404e-03
9.174570275458093782e-03
1.924415773298324139e-02
7.835527828885906210e-03
1.911049243712280993e-02
2.014002052117505603e-01
1.291538227353013560e-02
1.365420778431935822e-01
6.723507752647650548e-02
1.181876486805743393e-02
7.856869921612961993e-03
5.475529494148073661e-02
1.648334953171994716e-02
3.794380088904292930e-02
1.084552198380580972e-02
1.132258692955342635e-02
3.215889218708164413e-03
1.062166344810384216e-02
7.033826589230332549e-02
2.857726054970088914e-02
3.453320670342222877e-03
4.011102123685827969e-03
7.026340206371016472e-03
1.107552656636517918e-02
9.227078017431902812e-02
1.257763965036259347e-02
1.870242188569862934e-02
1.739017600060847879e-02
2.706807451004894505e-02
4.352172532043185459e-05
1.173625328392281439e-03
1.493114405511244622e-02
1.254452751085570993e-02
7.967719093741104999e-03
2.211420505084808145e-03
8.421586827469264985e-03
1.048498914044063424e-01
1.567684595719854787e-02
4.954743233299180490e-03
1.059815993169056954e-02
4.512875819024261825e-02
8.458078964945381362e-03
1.157285410316712289e-02
8.956617043790101804e-03
1.050238575807416024e-02
8.699391812401425974e-05
3.830938910919422929e-02
2.664029045909051957e-02
6.749862810215337405e-02
2.581693925956157765e-02
8.695582522059545211e-03
1.187155514315776234e-02
3.152233439271476256e-02
6.866296450344059120e-06
0.000000000000000000e+00
2.341866577945829128e-02
2.513244865316387536e-02
5.300704941989623289e-03
1.549199151300966436e-02
1.699366406646421078e-03
1.698397283552665130e-02
7.589253135719229056e-03
1.652015319037654639e-01
2.986509435572796273e-02
6.019832915685680626e-04
1.603241976273902733e-02
7.970973592251594242e-02
7.080986029880315287e-03
2.338176780785167566e-02
3.059643655099132838e-03
6.460709400447380360e-03
2.513961977779510110e-02
2.629496963884927867e-03
