6.852678857254154883e-03
1.277396363321948135e-02
2.695469636342500558e-02
1.610067242219115390e-03
8.705192562557273819e-03
2.495214483748437514e-03
1.862030425839048334e-02
2.316164594815060818e-03
2.488772073340487362e-02
5.698295306468033339e-02
3.823205520447164885e-02
5.562709911686640474e-02
5.841017380488141425e-02
3.674138692606155991e-03
3.544704860928928926e-03
4.362547330655186864e-03
7.301563906073027868e-03
3.991745696811085931e-03
3.415219749730262402e-03
4.049859604962643272e-02
6.990517486633321398e-02
1.243618567250403747e-02
3.676866287164609788e-03
4.416623446613633826e-03
1.594062180347467772e-02
8.698107430226347664e-03
2.993765800259200888e-02
2.699524644040324911e-02
0.000000000000000000e+00
5.480722362037994400e-02
8.981295877134792133e-03
5.738784015317857472e-03
1.951063462786008923e-02
3.129271127933526409e-02
8.071582062208646977e-04
1.891909462126457539e-02
1.687779043309315643e-04
7.314325908430096765e-03
5.116869396074210513e-02
8.956619940320367443e-03
8.504200126197292153e-04
6.161208895885727848e-04
1.353003227717353152e-02
2.500878862892322481e-03
5.973963412781282262e-02
1.797402264436844628e-03
5.227408615764045884e-03
6.913555913012799092e-03
1.435716043765718772e-03
2.739706939012494236e-03
1.533004786419759746e-03
3.062208119454664160e-02
1.859386339732264221e-02
1.395155209338269989e-02
2.090041195468643129e-02
3.398441463575486987e-02
1.925644500317014868e-02
0.000000000000000000e+00
3.101662985211370294e-02
1.162504655957485519e-02
8.106068195654712177e-03
4.949583389981065257e-03
1.163360011972560878e-02
1.693155298314063129e-03
1.982540525298272412e-03
1.170550234777891982e-02
2.543867518161289226e-02
1.473594325718124987e-02
2.589460042817053748e-02
3.111286901331248786e-02
5.639415851889256759e-02
4.177132491204765818e-02
7.784549506862349817e-03
4.064225490101304461e-02
1.022218141051846052e-01
5.846682261756525056e-03
2.901608904326264879e-02
4.729673806395528687e-03
3.745535812212267418e-02
1.658393469314768665e-02
1.883260328331588660e-05
3.975208274039184614e-03
2.624911681853796686e-03
7.882631047088207998e-02
4.404241886238119928e-03
3.287601800273468045e-02
1.516151585728799621e-02
2.358345238544066851e-03
3.157686030611853850e-02
5.772199108628701947e-02
1.424246686989427343e-02
2.319613715499863754e-02
2.111731175578455688e-01
4.187998743759461205e-03
3.239387824271315608e-02
8.888381642097098467e-03
4.276544063438608712e-04
1.258898582386234772e-03
6.538792989492385466e-02
4.651139871775242934e-02
3.430982852519106480e-02
2.886851720925499507e-02
1.407850798382152043e-03
1.530469760758349992e-02
1.011768426175939026e-02
5.370605258558232287e-02
1.665926886590544248e-02
2.505939242190683737e-03
1.595066335288554751e-04
2.179897741225370663e-03
1.571876218525740040e-02
1.518636366282735406e-01
2.365414078060299602e-02
1.111886751269092546e-02
1.675505110582369700e-02
5.879212851769256842e-02
3.341938015492475211e-02
2.605937641934411714e-02
5.914391382997037649e-02
4.038811882938682027e-03
1.574557283930715784e-02
9.701230878640108857e-02
3.271325329779864281e-03
1.316786138024773033e-02
1.590010727604850363e-02
4.116782264742703534e-02
2.835045859453273406e-02
1.280087981521676500e-02
1.152395307845958863e-03
3.993293614734823999e-02
9.546316616778282096e-03
9.465592917928503103e-02
1.128373565254395423e-02
1.413091139672251629e-03
6.844304524792724220e-02
1.013667552822434745e-03
2.211164525883095155e-03
3.780132372602459934e-02
6.265666304661732071e-03
2.625142387626049414e-02
6.497066338125282239e-03
1.055409113502781861e-02
3.073418339297970259e-02
1.625194695131423200e-02
8.668605696515928327e-02
5.564654429353058573e-04
2.171534877308973349e-02
6.407380779001589644e-03
1.245058142488405899e-02
1.170587612937393565e-02
4.850578009958293984e-04
3.342260397011069528e-02
1.358805477961459382e-02
6.816419704753754263e-03
2.581443126771623686e-02
1.293734579491082060e-02
9.601241825603873403e-03
7.966128587365388369e-03
2.640438956061138404e-02
6.951272390749692678e-03
5.150441337117039886e-02
9.616753241350556314e-03
8.306872951993517218e-02
1.083085891431194714e-01
1.258993972870953160e-02
4.966497501679588422e-02
3.219982415589094787e-02
7.560330281575736340e-03
7.185383722619734237e-02
1.188769046145024023e-02
1.826790726259256425e-01
9.434024598255015461e-04
1.241355633543160617e-03
1.139980686562090326e-02
3.046358078279867015e-02
4.026629146261968828e-02
2.684457064092266726e-02
8.023568842024404735e-02
4.674165919729558055e-02
2.317706407944143676e-02
1.386525394767240960e-01
4.654237796781074583e-03
5.804613227370098577e-03
2.307636609521734883e-02
4.054558640965435015e-03
2.582890959520068447e-02
6.060845479386785251e-02
3.805145862685563405e-03
1.192690068688760131e-02
7.902134964710801068e-02
1.031134424586403406e-02
1.291495949578438940e-02
9.483275969525311808e-03
2.925487832546791976e-03
1.542177230950494721e-04
8.027953547332562084e-03
0.000000000000000000e+00
3.311929060344580809e-03
1.167805510514595066e-02
5.894026282008537308e-03
3.292516315868965898e-02
2.118987711257641626e-02
0.000000000000000000e+00
1.127972885695945580e-02
1.066441520958053349e-02
4.375722742018418876e-02
2.095052324315995612e-02
9.373590325267737227e-04
6.894218410941178876e-02
2.076242201914523314e-02
3.928670038625058786e-02
9.210418692414402129e-05
7.380734103082103523e-03
7.922540264612729782e-03
1.800906444071950427e-02
1.771566443185091516e-02
1.890581540912826194e-02
1.978618591673093202e-02
1.697349555693221934e-01
2.091650247871998554e-03
1.468158142926409039e-02
3.212034423334116096e-02
2.166901372762221681e-02
5.039539152167636128e-03
1.653153653632202444e-02
1.128468740261432193e-02
2.520260882945728545e-02
1.087086012640416783e-04
6.122448004775301635e-03
3.830606132296327827e-03
2.727364791342216238e-02
6.969074925536894449e-02
8.727048075620250783e-03
1.162701309057197763e-01
5.636512926503097105e-03
1.639951696486850047e-02
2.054291877260343638e-02
2.496544800615947517e-03
1.134916064277744496e-01
1.190840129917650723e-02
2.814541098474606512e-02
1.091632460560324758e-01
2.461439146154457188e-03
7.453240801822367916e-03
1.544984814582936808e-02
3.600137239731775879e-03
1.522886879421329583e-03
4.187943063650616249e-02
8.291862088003929335e-03
5.066419941911642910e-02
9.644015809895281188e-04
4.346952966249933645e-03
7.916181242639375171e-03
1.538603600605724896e-02
4.793350565274158252e-03
3.806445501474586997e-03
3.397626176254073954e-02
1.114984016221264420e-03
5.429236985312739863e-03
8.004352262252285161e-03
1.647706442377940700e-02
1.119237089603372509e-01
4.249474823985582156e-02
1.860835380475924297e-02
2.086250200559085569e-02
4.645765058091713695e-02
2.588394648178991495e-02
9.249524035337585576e-03
3.798997106053257460e-03
1.366602486413234438e-02
2.958842406058254798e-02
5.653145558508878947e-03
9.211945886315571486e-02
2.197791381326450605e-02
1.862229492926138069e-02
2.540500947589809447e-02
7.119423321312642883e-02
7.708213066157265647e-03
1.485990276374482555e-02
2.905721136874609908e-02
6.989852288558201163e-03
1.605465454301804764e-04
4.505487084969121009e-02
2.795327838447980717e-02
1.947950077549261486e-02
1.387985856035052739e-03
5.321771304062576646e-02
8.081608067839907844e-03
2.367723399910893751e-04
1.901393784117831999e-03
7.934603887931802879e-03
2.141911384846538133e-02
4.217987628502104826e-03
5.785736818583362556e-02
2.259333370385474896e-02
4.397088083918325452e-02
4.908071495842206665e-03
4.495486739515795749e-04
4.015371629660027114e-02
5.150545739393075709e-03
1.115591653429551071e-02
1.598767219482167753e-02
7.512757032141368025e-04
6.884447798439739807e-02
1.967134174857401371e-02
3.782833509287077123e-02
1.897017032699178929e-02
6.304789506439828495e-02
2.708043471803005600e-02
1.979220050967410265e-03
7.245642869682686164e-03
6.313800577289867266e-02
1.356606545631986946e-02
1.575547971609531778e-02
1.389064643666268126e-02
1.547066620664368577e-02
2.796249249935152045e-02
3.258603746834157211e-02
2.056403848686371230e-02
2.814702694560700796e-02
8.775345925220532500e-03
9.306893323031254633e-03
4.137625636956837605e-02
4.803589304635061570e-03
3.924467433408862505e-02
4.987875193525274226e-02
4.337929960000984006e-03
3.839813084181648017e-02
3.925989043678833508e-03
9.925281220291987117e-03
3.335073431065397383e-03
6.789025627449939149e-02
8.453599186659260106e-03
2.174133765114839942e-03
7.167885291699658927e-03
1.882698022021956838e-02
4.579647852363206983e-02
1.412125922716147251e-02
3.620481643400097482e-02
1.169123606623016543e-04
4.257338600106843479e-02
1.965771283366102296e-02
6.550069862754442918e-02
4.657822568724242357e-02
7.402505328505989968e-02
8.639987962800028953e-03
2.579646239110982425e-03
5.066022102393208382e-02
7.496970832682761654e-03
3.660395175050022015e-02
2.814915163368025830e-02
1.740546213081251709e-02
7.372607999572458430e-03
7.569141173124546706e-02
4.528526532457262388e-02
2.386768407060112923e-02
9.369904403761947567e-03
2.867417872291267572e-02
2.157185184380422047e-02
1.335763732186987050e-03
1.804115137000658229e-03
1.936482065694302215e-02
3.644846239277772793e-02
8.434273629275139753e-03
1.094919458434310405e-02
1.024048766630540792e-02
3.540451851616442658e-02
2.622057176641903742e-02
8.991437007327549719e-03
1.743652987952123371e-03
1.706840905856783080e-02
1.275379250674935593e-02
6.226548997594984203e-02
5.716755282888225098e-02
3.756514705039663143e-02
2.365483847106250365e-04
2.906333867918070579e-02
1.321025568211639002e-02
2.341400736608793137e-02
2.592653486491260789e-02
1.419975839036177225e-02
1.599607470385589218e-04
3.815592213346778727e-02
4.470380976907685315e-03
3.353848366745208840e-03
2.575280459241805278e-03
0.000000000000000000e+00
2.752774269812072877e-02
5.311212321121565327e-02
2.584221814894081121e-02
5.099931406596647232e-03
5.865146197323923595e-03
0.000000000000000000e+00
2.132530144572843884e-05
5.322779492527105610e-02
9.087363697147084196e-02
1.031741854239649203e-01
1.367286168081058295e-02
8.035708599101201721e-03
1.853674209568278303e-02
7.224486072138329440e-02
1.234232083773743882e-02
2.149217157029210956e-03
5.497344623193894941e-02
1.315272483832237872e-03
8.360956739587905792e-03
1.759758442003075615e-02
1.693424534101040449e-02
3.627441484717066483e-02
2.932639443931888204e-02
1.297872195422339614e-01
4.360530562338919944e-04
6.057507269492605484e-02
3.730057519600572802e-02
4.520047726101596511e-03
5.978488126824352787e-03
1.148521112942569450e-01
2.036348665678967482e-02
1.920077247026307291e-02
6.839844509175872778e-03
2.027743332624657585e-02
6.275705598473813041e-02
2.490298578924441536e-04
4.179461374491472148e-02
9.165551586628825631e-02
1.473662738742070877e-02
1.540574809574914161e-01
2.722183641284304720e-02
1.969301350690295591e-02
7.774985340493418065e-03
1.309186051228825552e-02
1.782399912080497376e-02
4.214980436215398987e-03
2.070633827132131038e-02
1.499917964640559709e-02
3.556267770541190858e-03
2.610831028809484228e-02
7.460518558006661027e-02
8.854930535394080421e-05
7.884536040521868128e-02
1.233644565961051175e-02
1.524269320390568214e-02
4.119757948781092687e-03
3.186990389667945789e-02
3.736710218107808235e-02
1.373847712111460617e-01
3.530774306057123113e-02
4.426619355605942302e-02
4.737852945621608136e-02
5.651793288689110906e-02
4.222264277710963826e-02
1.203975494163775015e-02
3.629558044404506550e-02
3.769406082682703191e-02
8.259618348109815100e-03
2.152761418658114337e-02
9.154438697829322957e-03
3.399564126749317350e-02
1.704508884605427516e-02
5.570156842155121399e-03
2.773876221519199891e-03
2.089064809002146722e-02
2.648425979734507843e-02
2.376917954056705085e-02
1.679991337378166456e-03
3.433368029831754265e-02
2.657727277672650851e-02
3.434640100130051583e-04
2.599800933080555557e-02
4.413179656971134325e-03
1.662205226804908554e-03
3.059557354156305226e-02
4.468127955916931932e-02
3.011605078178448622e-03
5.430294829497517121e-03
2.591002565478717906e-02
3.100183586547808345e-02
4.294853713668510958e-03
5.083786071055333006e-02
4.619513460451736553e-02
1.074895343288632954e-02
2.065548301751732492e-03
9.327644067462404973e-03
1.547497306806921991e-02
5.255045649886715825e-02
7.371265308394464588e-03
4.373323311146320308e-02
1.664737349221024395e-04
2.904573219137738388e-02
2.838883869217925012e-03
6.726478558569273444e-03
1.945710557772503679e-02
4.420451896085027949e-03
1.344031283645002431e-04
3.133542583299550599e-03
2.715233403835106470e-03
1.001273662704947193e-01
4.409244538114923812e-03
5.270828743086534290e-02
1.377812954612890953e-02
