1.129490729870370247e+00
1.193600596027737826e+00
1.224398060015528866e+00
1.192117319812813214e+00
1.195394963086402695e+00
1.177509557534282214e+00
1.117718565324432811e+00
1.180160213572664762e+00
1.216638018565207924e+00
1.190051289590679628e+00
1.177425899033871515e+00
1.184417229950616157e+00
1.189351622025316635e+00
1.163714543090435205e+00
1.190948526289507425e+00
1.207317707768729598e+00
1.192403573838222597e+00
1.203010536054807789e+00
1.183866888936439432e+00
1.179553439962435224e+00
1.205061697566641055e+00
1.217670261880723803e+00
1.192713838504547930e+00
1.168465277116118584e+00
1.161295161882247351e+00
1.166058229314373751e+00
1.204872163467557877e+00
1.241757733527100838e+00
1.177548721685333977e+00
1.181489561572376834e+00
1.191009741590249638e+00
1.175356873366437460e+00
1.177034929146757447e+00
1.202789513752944517e+00
1.198921080570781061e+00
1.186180087032041808e+00
1.198751209161011078e+00
1.235859494888559951e+00
1.239631094611214124e+00
1.175910718365508645e+00
1.174807190547877633e+00
1.171990247791716566e+00
1.182368661964778633e+00
1.196394684046893975e+00
1.184196864008974615e+00
1.182125130646941802e+00
1.175080600952333354e+00
1.191664045675026484e+00
1.198105861006711459e+00
1.214853548369481562e+00
1.187560089746565017e+00
1.170801911820349650e+00
1.198087838347977163e+00
1.190007572270054714e+00
1.211234413112927122e+00
1.153294870225804791e+00
1.192230473029536331e+00
1.206741330259680556e+00
1.220234337949820613e+00
1.203037879578104485e+00
1.165183971717599132e+00
1.214165000092050528e+00
1.178360010019244619e+00
1.224352018089416072e+00
1.219320922103113158e+00
1.159751746317590593e+00
1.193547239934918514e+00
1.229590892622384191e+00
1.171048587631137616e+00
1.213184460069327786e+00
1.245021971290180662e+00
1.167573579146975238e+00
1.114734632808230375e+00
1.217152794488539413e+00
1.151279116037281947e+00
1.190636063256434785e+00
1.157850579442145866e+00
1.156198972552932025e+00
1.195868558247371816e+00
1.194245518900940217e+00
1.240555797113254366e+00
1.189124538357995142e+00
1.169477952880048743e+00
1.169010465727408743e+00
1.204859393909435639e+00
1.183746381078558452e+00
1.222808194669761761e+00
1.182894073316069328e+00
1.167672998196384482e+00
1.165979843516554260e+00
1.195563062988707959e+00
1.178626135344211789e+00
1.179472598756035939e+00
1.201235612707594047e+00
1.173760625950257541e+00
1.217521281237585073e+00
1.189303327813108879e+00
1.209464594690163874e+00
1.227378087947536667e+00
1.190762099856752299e+00
1.187210536155598906e+00
1.215696093666364552e+00
1.192350578497089586e+00
1.205452725706834816e+00
1.164631509996495007e+00
1.211081442183014945e+00
1.208381692912756211e+00
1.161814940792897932e+00
1.166538076861346918e+00
1.168601786931334541e+00
1.157039793548937379e+00
1.169123946392958358e+00
1.198737499384897376e+00
1.178993485383305950e+00
1.171241979161494751e+00
1.188205409929448120e+00
1.144115766667848977e+00
1.172541878340717103e+00
1.195227763179462555e+00
1.213518466610681745e+00
1.199424121651011310e+00
1.164465133670991470e+00
1.193905865540463740e+00
1.195381606554165144e+00
1.176486425394059232e+00
1.186162724131054169e+00
1.167906707263293153e+00
1.190500581402973657e+00
1.164812060853529285e+00
1.165372978304314300e+00
1.162697988336721666e+00
1.177592702879302733e+00
1.164328677679247193e+00
1.172029522217865605e+00
1.202219815038555906e+00
1.221765772685498241e+00
1.141661028750649898e+00
1.207840269376004638e+00
1.185838475991125796e+00
1.187430267353038138e+00
1.202050994175460241e+00
1.162179068760071488e+00
1.148426714482842836e+00
1.147021093977499406e+00
1.201030959602098491e+00
1.200109586164980424e+00
1.217686146916266088e+00
1.161932611557475958e+00
1.189974189596584742e+00
1.194835840939191929e+00
1.200527835387495301e+00
1.237901565434106121e+00
1.186866806552526077e+00
1.197698688832904423e+00
1.178265633950052571e+00
1.195138596414324628e+00
1.180501609142466046e+00
1.169208483089198225e+00
1.199137984127758294e+00
1.197124134427743902e+00
1.206167512843811407e+00
1.160610756134708987e+00
1.198355353875694806e+00
1.201260336450590049e+00
1.176826689310901397e+00
1.182487872687807640e+00
1.197681008494881683e+00
1.159313529504780726e+00
1.206281104373194912e+00
1.211647459167185747e+00
1.188667265409214968e+00
1.185738347562679706e+00
1.172317841707446018e+00
1.186806433353493562e+00
1.217215254617055598e+00
1.189269726204356559e+00
1.232626673114616045e+00
1.184017738053550373e+00
1.132054304239995091e+00
1.163965433605461008e+00
1.206699762163491396e+00
1.241184767723202631e+00
1.179084937123029198e+00
1.204411959545108601e+00
1.178542694397197721e+00
1.225117210417544289e+00
1.170058254978499468e+00
1.171700935670523469e+00
1.235834801016451712e+00
1.249531632919893109e+00
1.190153582330358173e+00
1.195325440884620116e+00
1.180895683117743955e+00
1.165699518529520029e+00
1.208166185442552498e+00
1.220888155836947320e+00
1.172701605323843266e+00
1.204010762195705464e+00
1.169257605734543626e+00
1.217244788093869046e+00
1.228953828686447647e+00
1.180044431299803520e+00
1.207152603694187754e+00
1.197097705247246680e+00
1.223197969361240034e+00
1.209054747724662482e+00
1.168207867680326695e+00
1.171288812523686218e+00
1.217986415508431008e+00
1.195870774434899531e+00
1.160041311717308732e+00
1.205220997238069414e+00
1.134368266643272172e+00
1.189419845951469323e+00
1.195351628842351133e+00
1.187213064319430078e+00
1.154952771763392061e+00
1.172151748418386541e+00
1.181293413719914254e+00
1.170333689090879536e+00
1.194381769071555910e+00
1.181145984881878386e+00
1.212609730006560138e+00
1.180133230612802508e+00
1.219143875926803178e+00
1.192497310603293448e+00
1.151711868455149945e+00
1.149578316465018624e+00
1.184436857926227882e+00
1.169497547541726190e+00
1.175055042548831974e+00
1.156652491108365988e+00
1.187887837199323338e+00
1.148213643698142272e+00
1.217209494435183892e+00
1.188172119110934233e+00
1.172347009951547836e+00
1.185949303710005953e+00
1.191956180616576599e+00
1.163334392533083461e+00
1.208782101143357934e+00
1.209153445104579783e+00
1.210471304301775408e+00
1.188228671987352492e+00
1.166253831450793532e+00
1.231306033245709308e+00
1.141925861493864325e+00
1.178895216216312436e+00
1.168409235615278874e+00
1.189191575918975508e+00
1.194457049209878718e+00
1.192026617964001778e+00
1.191153202086008944e+00
1.191904141905149705e+00
1.217656565002130042e+00
1.175658691711042980e+00
1.208744440920174856e+00
1.216973834033131530e+00
1.177585522011897368e+00
1.203117122389534499e+00
1.148432801325046659e+00
1.188986229880894863e+00
1.169630501022888236e+00
1.189830768194328758e+00
1.194598585090394405e+00
1.208660216026755663e+00
1.204905487745647319e+00
1.195330544856761046e+00
1.171102215443662775e+00
1.208779037879358809e+00
1.184429482475500173e+00
1.194401725130033398e+00
1.242793629312968884e+00
1.184519260527421514e+00
1.194431241834996271e+00
1.184480526457354799e+00
1.200382342105132505e+00
1.161631585265165745e+00
1.196281519118838732e+00
1.208832478426687951e+00
1.245729343972670877e+00
1.157042160262180763e+00
1.184754114152006821e+00
1.170761250540820031e+00
1.197703212584597887e+00
1.187346466340277296e+00
1.220685888968804367e+00
1.216820794318712373e+00
1.185793069574395897e+00
1.198871028559693519e+00
1.201810619549965375e+00
1.192973730691733181e+00
1.200924542000950224e+00
1.195953242878135425e+00
1.134158893135708723e+00
1.198429242282754936e+00
1.191848835012169650e+00
1.182893638799235703e+00
1.199408309116141380e+00
1.200228670244071649e+00
1.216101946915368437e+00
1.148127130381605188e+00
1.162844473467981476e+00
1.184642749725222099e+00
1.216463771310223096e+00
1.148494242524184417e+00
1.171511425399593520e+00
1.179568106862950883e+00
1.154575232907495197e+00
1.147585588399739231e+00
1.175124670410156336e+00
1.192783931123049923e+00
1.224460796523821005e+00
1.159608984628292649e+00
1.187924536480390536e+00
1.184678204062047158e+00
1.192660202115320978e+00
1.213361042586896144e+00
1.192638389053626291e+00
1.199670664937857900e+00
1.155638503031870767e+00
1.158118436833581066e+00
1.171252487705988221e+00
1.229140364677294039e+00
1.165805864338026021e+00
1.219856161022782937e+00
1.216184176684944607e+00
1.197995796994116846e+00
1.195099129638112379e+00
1.227832621709030958e+00
1.188981673912120396e+00
1.190749939255859591e+00
1.185952207960415450e+00
1.174811158898567465e+00
1.179668193241752316e+00
1.205124851664435948e+00
1.207452976180462212e+00
1.178964677207217537e+00
1.194935092793888431e+00
1.179833644931125303e+00
1.154559006313352398e+00
1.185689388672132027e+00
1.175941755290133894e+00
1.207584162944218553e+00
1.210236455068673944e+00
1.201414259258809070e+00
1.194791113031732355e+00
1.172766374977149972e+00
1.200195921286757006e+00
1.180634350180452374e+00
1.153998990742434838e+00
1.169697044850503298e+00
1.194101830985767831e+00
1.164407696506986722e+00
1.176644796517177127e+00
1.186819619725842045e+00
1.160362214663272606e+00
1.172759648031564295e+00
1.229705819478493112e+00
1.171367051087494726e+00
1.215661292953718053e+00
1.168783858915720009e+00
1.205777570648580044e+00
1.168885913785529196e+00
1.173616193485990111e+00
1.168022072318048776e+00
1.186969026702175523e+00
1.165926563763442392e+00
1.142030878429949992e+00
1.183190225237714444e+00
1.195880940455951613e+00
1.198337471510612540e+00
1.183118897111269607e+00
1.187865855170689544e+00
1.188374582417233594e+00
1.182566071548277087e+00
1.179458354862024549e+00
1.226082684521037525e+00
1.162424225960813740e+00
1.191518941101448403e+00
1.178062748510700031e+00
1.181930480400204209e+00
1.174823532229264167e+00
1.188502628748005607e+00
1.176818687530329033e+00
1.187262710109858954e+00
1.164198058563635119e+00
1.190407145846172243e+00
1.190613877413649657e+00
1.187089718019743501e+00
1.174319086101744958e+00
1.204682602576807593e+00
1.144469376916584791e+00
1.194598548833837759e+00
1.163615486992625181e+00
1.181643935205153984e+00
1.200864776905980591e+00
1.172793241431520972e+00
1.186056012085390909e+00
1.232821241090708009e+00
1.143913820838669881e+00
1.201709346573108572e+00
1.166582126684545750e+00
1.198323376553159347e+00
1.204635184406611437e+00
1.204025080436609052e+00
1.187273989890935244e+00
1.227944803618692182e+00
1.201125288472727259e+00
1.151359698423321198e+00
1.226152559401123110e+00
1.196343985653293585e+00
1.191854422361608767e+00
1.182166825117348274e+00
1.212845687935367289e+00
1.202967320560468067e+00
1.225504697725006809e+00
1.180065219214551098e+00
1.195311890722310810e+00
1.155916228485213360e+00
1.199718697576361182e+00
1.059292258161820044e+00
1.179933801091627599e+00
1.208774669825288806e+00
1.160066908838254029e+00
1.207504244579886032e+00
1.192983337880153760e+00
1.188827766708561606e+00
1.194358659291166802e+00
1.196588704582961071e+00
1.215903235000517446e+00
1.171889805295169840e+00
1.153050729616072578e+00
1.239495063907039674e+00
1.155188756577715692e+00
1.181470659510541310e+00
1.164410740236652808e+00
1.183331411321151050e+00
1.197032225422570928e+00
1.147940883443025806e+00
1.172495534977050058e+00
1.219899760572678238e+00
1.200441014936607376e+00
1.179541175704905909e+00
1.226365379786562571e+00
1.173440104798709749e+00
1.175078041820378338e+00
1.272294018460752962e+00
1.182976544972879296e+00
1.210779382811480565e+00
1.169299315159830321e+00
1.170778078834875835e+00
1.179785629799179114e+00
1.205535511615124289e+00
1.195375942941457659e+00
1.211740271046168660e+00
1.162373156248979855e+00
1.172567975137335239e+00
1.186499331602437923e+00
1.152811013583488586e+00
1.193823445359308622e+00
1.201836517489550893e+00
1.139007615216235170e+00
1.179828659487207831e+00
1.189863098797702801e+00
1.204619672797858865e+00
1.217928171579830465e+00
1.167482518793547586e+00
1.248055745579196740e+00
1.226709875677892692e+00
1.202569964066697139e+00
1.180315121790254995e+00
1.169475167321968989e+00
1.212193432209357491e+00
1.202089054533404644e+00
1.196029823277504622e+00
1.163851059804572374e+00
1.180101401197759303e+00
1.192281555713682994e+00
1.195807621960812250e+00
1.180170376502433172e+00
1.159173010002210180e+00
1.193198993566190413e+00
1.204776384884762352e+00
1.194344963382670599e+00
1.183301854243137052e+00
1.180604853083961014e+00
1.202450980548123383e+00
1.250618896936507074e+00
1.180894948016196100e+00
1.193373515388226558e+00
1.162791804187273126e+00
1.185822383002226088e+00
1.190221304931318391e+00
1.169291268983127408e+00
1.171668829001525136e+00
1.208495806072311662e+00
1.228334863049066916e+00
1.163311346348941733e+00
1.201700759326225665e+00
1.158195890085914836e+00
1.206136079525536697e+00
1.195039061175080963e+00
1.185942802449914346e+00
1.226646096051021928e+00
1.168344909742793369e+00
1.176732828843125578e+00
1.195112176894693290e+00
1.186584337233903552e+00
1.144301135334294894e+00
1.164797853168710873e+00
1.209791876940864430e+00
1.194819127088529331e+00
1.155552369883755315e+00
1.226362468896058155e+00
1.185526042109828815e+00
1.204688858480383429e+00
1.209688535264675568e+00
1.157135813219217324e+00
1.161289160094180373e+00
1.167770265449149525e+00
1.187190574489683126e+00
1.176638598321579687e+00
1.178696510894992500e+00
1.169691766641766995e+00
1.171686264268855471e+00
1.188709463875296635e+00
1.143480120559210444e+00
1.211244453757923223e+00
1.183246778439542624e+00
1.165008478093439548e+00
1.210269124370109584e+00
1.163473365483605138e+00
1.239068086987457740e+00
1.178038837293511332e+00
1.229103174742845361e+00
1.221017819876065946e+00
1.179655469265366241e+00
1.204950347313473724e+00
1.136979916154855275e+00
1.182638126305481263e+00
1.178782028347330701e+00
1.207984583264174017e+00
1.222822458945360902e+00
1.181797038953716461e+00
1.249148094935547126e+00
1.188718544900526641e+00
1.195761758539784614e+00
1.182915203954360894e+00
1.191410045654992533e+00
1.189362466192677159e+00
1.181768116668527879e+00
1.218119160955735358e+00
1.178569071711880856e+00
1.214229123774019259e+00
1.176979035368933335e+00
1.182488726751909303e+00
1.205166318711495599e+00
1.199359659994807314e+00
1.157365531792173607e+00
1.148636686675795326e+00
1.184633105344375048e+00
1.205232489061796253e+00
1.225227815773494155e+00
1.198469094469150509e+00
1.180015601407520043e+00
1.203027717241206496e+00
1.141020754247779267e+00
1.226595391810902935e+00
1.151861757808584352e+00
1.186638680884061881e+00
1.160073518491198552e+00
1.155874213598021116e+00
1.168340107926397087e+00
1.161306936185253935e+00
1.218626614435373900e+00
1.191073903469611839e+00
1.197074461502682707e+00
1.178899229376563662e+00
1.161027433619757021e+00
1.184286778126909967e+00
1.166438448351314827e+00
1.216583749753575416e+00
1.197075755827925470e+00
1.190259648941426773e+00
1.176269545908508407e+00
1.165394211944285052e+00
1.197803653157196058e+00
1.176812326804132169e+00
1.197893770014483605e+00
1.190106676224537585e+00
1.196702352795674829e+00
1.175751471433722273e+00
1.223077126771782153e+00
1.222723555258279804e+00
1.155171946475892719e+00
1.142541044218974511e+00
1.228676938786439132e+00
1.172400321929611522e+00
1.172090068330959856e+00
1.204183159158800143e+00
1.202541940750269767e+00
1.193283154043732086e+00
1.160324433327355242e+00
1.171865842607774155e+00
1.208128440089875300e+00
1.179453586647363439e+00
1.168157234620134322e+00
1.206730391417645043e+00
1.171904699161808283e+00
1.175630573319464967e+00
1.187182106323333874e+00
1.188854316437894409e+00
1.217481321136495875e+00
1.167959462738873189e+00
1.166818566182352912e+00
1.204445860348355435e+00
1.164263378255203651e+00
1.174373029355748388e+00
1.198724315097401183e+00
1.142486565396227727e+00
1.177853803601832672e+00
1.197702344315465961e+00
1.151173001487665326e+00
1.171447530992187680e+00
1.152243248570976819e+00
1.183024974478541047e+00
1.183565004365563667e+00
1.191325551304489805e+00
1.200700308070061784e+00
1.232341797060725996e+00
1.155778864679893436e+00
1.179740643820591739e+00
1.230465993411464787e+00
1.209399307008871105e+00
1.182730911483388381e+00
1.180159757228694373e+00
1.144650267148698664e+00
1.191657586730148433e+00
1.215321067330395355e+00
1.195177315812816943e+00
1.164525055110553486e+00
1.171571248391103826e+00
1.207921429268991043e+00
1.180510013534038505e+00
1.149793601677107091e+00
1.167224698309012654e+00
1.165479830543931117e+00
1.200985990287774641e+00
1.146663893777966292e+00
1.147693915359991434e+00
1.174057939409785423e+00
1.121561480209653405e+00
1.200371535404955781e+00
1.203877083591277319e+00
1.177610897236374576e+00
1.186160308765754179e+00
1.206321695677205597e+00
1.152110787249493562e+00
1.219984281824317618e+00
1.191064438375815326e+00
1.181033406525301865e+00
1.181832225381439505e+00
1.206957752579965515e+00
1.162151528878806683e+00
1.190196433908878859e+00
1.166674519024333501e+00
1.201755026848084773e+00
1.195710238568335360e+00
1.164612647956475566e+00
1.206525076430674526e+00
1.169641737906420564e+00
1.167835690813025851e+00
1.201274440734656945e+00
1.202205902804933446e+00
1.151151600809234843e+00
1.173689700532203117e+00
1.180679122610295506e+00
1.166490705376946213e+00
1.173127941472324576e+00
1.164076140545039939e+00
1.180676933925343342e+00
1.177933655492413134e+00
1.185554026556384422e+00
1.169277173785802759e+00
1.179997960689382674e+00
1.199065613713177658e+00
1.176221334238442662e+00
1.184855466555897463e+00
1.181904966715753735e+00
1.169144238091735177e+00
1.175291096086119147e+00
1.209968301332317919e+00
1.201010742363212591e+00
1.223671208222165241e+00
1.201695096007806329e+00
1.189341551431272848e+00
1.127562251633347223e+00
1.207570072298395525e+00
1.168767842586542205e+00
1.215551930881602738e+00
1.160652442842745824e+00
1.157142569758655926e+00
1.165051472539847977e+00
1.184397681283108517e+00
1.158986652635706216e+00
1.179203438820396910e+00
1.193913950205312879e+00
1.217870114513311730e+00
1.197509131334963728e+00
1.160350246592813939e+00
1.148596729878594624e+00
1.184580113707740523e+00
1.177497322724344153e+00
1.189811443331326712e+00
1.175845661719264079e+00
1.182218469523795834e+00
1.196384420762895529e+00
1.197752117695741969e+00
1.132644823650333699e+00
1.172746004180903023e+00
1.168098381696750288e+00
1.192403522453142850e+00
1.212273709676245925e+00
1.177539938669023289e+00
1.198597168549909497e+00
1.223365119667794376e+00
1.214792019812885426e+00
1.184810927045422124e+00
1.196241490703295662e+00
1.190212245001002200e+00
1.214227987713870860e+00
1.162514845587594658e+00
1.185304336706017647e+00
1.191129462873016909e+00
1.160010542524187560e+00
1.163861970099038468e+00
1.176047325784674635e+00
1.198374037948375603e+00
1.172165134515482210e+00
1.210222356699394819e+00
1.200726909298867273e+00
1.182681457077638054e+00
1.188559841439865927e+00
1.197523508634637190e+00
1.172119642862522015e+00
1.150375025638694648e+00
1.173865641189647535e+00
1.191016079269711980e+00
1.154912546012811791e+00
1.172693291489015355e+00
1.179729625903925161e+00
1.180948486753496507e+00
1.198370641011056614e+00
1.190181334898730681e+00
1.210012339997595499e+00
1.244320373009455638e+00
1.193251732446293456e+00
1.184658195256075741e+00
1.198974883201062491e+00
1.180137092623214201e+00
1.190656349997113228e+00
1.190174216238279348e+00
1.183784517405775727e+00
1.052648542529945885e+00
1.203359994413180312e+00
1.211975085049823431e+00
1.214332920352720890e+00
1.176617038643200441e+00
1.223371941796365325e+00
1.200252380139207542e+00
1.201935321888512043e+00
1.134032322583250485e+00
1.183685718092062800e+00
1.195422367833404831e+00
1.179480319919706366e+00
1.178943772569264636e+00
1.177647920290442851e+00
1.166437976758013306e+00
1.225939801912419691e+00
1.196402917146416778e+00
1.200559986496524845e+00
1.151762986995686022e+00
1.216095408355765572e+00
1.150135699504193809e+00
1.228344067766042880e+00
1.195016852239030314e+00
1.159780859542555831e+00
1.227952503412394369e+00
1.174336439401032939e+00
1.204553989996562047e+00
1.159839684282146122e+00
1.164352708151847660e+00
1.209810979825235000e+00
1.169900795701759533e+00
1.163641704684772016e+00
1.164205784520100817e+00
1.204483445736255431e+00
1.238780366890358531e+00
1.162726791982556573e+00
1.184453901261231179e+00
1.163999154033830141e+00
1.176144268795159098e+00
1.177866658926695953e+00
1.176389376347729110e+00
1.157034949993090978e+00
1.224558755530668286e+00
1.216815659503185820e+00
1.242086619535951897e+00
1.207250434734403965e+00
1.189629218362450169e+00
1.153883189566352163e+00
1.207156119708661324e+00
1.194091644800123309e+00
1.213818897207361802e+00
1.187671932335466307e+00
1.159892474279962116e+00
1.172088015571595143e+00
1.154988040870238430e+00
1.203465461007572790e+00
1.178495309853039075e+00
1.180956439706033478e+00
1.221742902212293425e+00
1.181066968156188945e+00
1.161813714137617026e+00
1.177623254801321462e+00
1.160454755433286245e+00
1.183202570107496188e+00
1.164826143584164919e+00
1.188443777650374011e+00
1.152348718748555934e+00
1.175034154687728538e+00
1.159349441712226536e+00
1.197189431782057056e+00
1.187102135942193826e+00
1.151887155592917766e+00
1.191006274214905902e+00
1.166947110010022381e+00
1.188138921680578441e+00
1.214452319451459594e+00
1.222958414297270258e+00
1.196162932027285075e+00
1.148153627320762205e+00
1.170648908804598598e+00
1.194850929718751509e+00
1.156927223340072919e+00
1.153051465133452247e+00
1.141269388381475292e+00
1.195461297260272060e+00
1.201449560282710438e+00
1.192923000673805189e+00
1.188165535749450052e+00
1.194533148678984746e+00
1.213083699244857261e+00
1.199816279922219175e+00
1.246730283844430298e+00
1.205184064992800730e+00
1.178619466784866399e+00
1.169276196820593139e+00
1.177957428695511233e+00
1.183901141673098234e+00
1.158296933593108369e+00
1.146039469038594438e+00
1.171797980039998244e+00
1.173535692079950010e+00
1.156046855531556172e+00
1.166223033738189585e+00
1.217390297373996288e+00
1.153060287084211710e+00
1.215073485571296796e+00
1.169793185819428816e+00
1.204658352023451728e+00
1.177033675571885984e+00
1.181388965580856265e+00
1.200972308292734603e+00
1.148863802883936192e+00
1.177891079994422885e+00
1.158183689976375774e+00
1.165772578019448114e+00
1.210195073734061877e+00
1.155083315923370879e+00
1.208299283543017300e+00
1.202169847161673077e+00
1.169537904333303846e+00
1.196236680055082768e+00
1.116430239983341011e+00
1.187726507255416619e+00
1.194203789569270757e+00
1.191739617331629475e+00
1.159539885906207601e+00
1.187367573621031180e+00
1.175174618122269532e+00
1.200037516699373086e+00
1.177982618936159076e+00
1.213616793315163811e+00
1.156089008764407122e+00
1.200024129616603430e+00
1.180639650044821742e+00
1.197397365434656802e+00
1.188320938904591229e+00
1.149236381340339452e+00
1.180613588785687229e+00
1.253218101404848017e+00
1.214885940204572634e+00
1.192709896852615747e+00
1.171030238676083579e+00
1.215084398194066218e+00
1.189023918359689569e+00
1.174798833375990226e+00
1.234261016097208064e+00
1.183562692273092187e+00
1.177230070967043796e+00
1.179827397868906891e+00
1.202529630563469176e+00
1.177412511806736450e+00
1.181562268501476387e+00
1.205755919986300162e+00
1.172176845383209320e+00
1.217396111904372358e+00
1.174162129838872914e+00
1.207571208863003287e+00
1.184732647860244459e+00
1.159920327598870537e+00
1.186178755948136709e+00
1.245951176116992576e+00
1.197663306248683446e+00
1.208639732627636354e+00
1.211129322264715702e+00
1.185615835531304008e+00
1.235042795763442003e+00
1.165879662547154583e+00
1.172835926301624809e+00
1.188955387962602916e+00
1.192497202272473800e+00
1.196941911887628995e+00
1.163342618013736507e+00
1.144875572511346196e+00
1.213160367524990901e+00
1.164760200633622844e+00
1.171703463231221987e+00
1.155417644582624748e+00
1.230489263329610727e+00
1.216681553684603845e+00
1.188286120526297118e+00
1.186848085795801699e+00
1.197602890966217970e+00
1.236316313477145323e+00
1.205452101589856717e+00
1.219549125961213454e+00
1.210870232387114998e+00
1.195566791283424024e+00
1.181794059239668959e+00
1.151570364369196353e+00
1.201291973063446150e+00
1.162197697953776698e+00
1.178615080941540993e+00
1.203825681694954186e+00
1.149166191384576763e+00
1.233210363572384338e+00
1.194903209050493409e+00
1.136906604725393288e+00
1.155211329187488367e+00
1.219505489880679638e+00
1.202584983132950036e+00
1.229975797859373499e+00
1.225622537241866761e+00
1.193535532528627430e+00
1.210273988681191737e+00
1.211456060750571551e+00
1.196666081670829440e+00
1.207875208396980371e+00
1.204330544113703327e+00
1.168476988697462193e+00
1.151235103145005212e+00
1.203325778198447216e+00
1.201755219176064760e+00
1.227862785605914109e+00
1.179559187748313587e+00
1.198021933614255241e+00
1.178963912223025323e+00
1.191587992502762150e+00
1.152077205380413583e+00
1.196433970706777483e+00
1.156665283622625884e+00
1.198152871597585989e+00
1.185806474410552536e+00
1.156266283649701521e+00
1.186827160973706663e+00
1.166460145361468248e+00
1.170677969941960717e+00
1.175180179640070266e+00
1.176178219102791633e+00
1.172751305005463207e+00
1.207207444915733285e+00
1.197176008026192617e+00
1.185660773326158157e+00
1.201106730119953392e+00
1.193932721836682642e+00
1.167913618502337103e+00
1.165435449842701532e+00
