1.222227251415150429e+00
1.245220443497501162e+00
1.266824734920468654e+00
1.316734387188330579e+00
1.199494492517398925e+00
1.234616730424501929e+00
1.276644989207160963e+00
1.250088881799684248e+00
1.254741020347051927e+00
1.250197506532263025e+00
1.222306852187908133e+00
1.230330888494518993e+00
1.263620028956263797e+00
1.263329695245959172e+00
1.295420903863517381e+00
1.326799533257306818e+00
1.283533469378882907e+00
1.266627868278170421e+00
1.268793130268369485e+00
1.267227841545496503e+00
1.302314069450701162e+00
1.262762080898481187e+00
1.248490982247767001e+00
1.235718797934610924e+00
1.262572250098741078e+00
1.273164615370634190e+00
1.238694122355140870e+00
1.260915824068276514e+00
1.252472978471741882e+00
1.217547000901450183e+00
1.268807467207067274e+00
1.247399349063905705e+00
1.231367491532697978e+00
1.212429493104912215e+00
1.280507344571659267e+00
1.265641703254908101e+00
1.255223693702118171e+00
1.268641489098595532e+00
1.247850315247825304e+00
1.278277428414795969e+00
1.277412734674004513e+00
1.242848424078345282e+00
1.284326252283737979e+00
1.239432612481590867e+00
1.210609376280493255e+00
1.261571083576828123e+00
1.251220404755098103e+00
1.218063751155094021e+00
1.247048220792891904e+00
1.282774073262106240e+00
1.284501263073894339e+00
1.282254726500017483e+00
1.268979550437486781e+00
1.249351433059265659e+00
1.272406116186137748e+00
1.249040950998519861e+00
1.258651888817751807e+00
1.236497444954497205e+00
1.226502608383241322e+00
1.306375972432082255e+00
1.246981779440524019e+00
1.274921824385321534e+00
1.291661317588053803e+00
1.238375829294858343e+00
1.292906804560451040e+00
1.219403024469251751e+00
1.281230084405385439e+00
1.232279891385870796e+00
1.252950938592329644e+00
1.226981449319338058e+00
1.263989583505046976e+00
1.282094759317788268e+00
1.246853258895769923e+00
1.294811392019263652e+00
1.285355883212134565e+00
1.271228780809203984e+00
1.242098953449260579e+00
1.243965757301385811e+00
1.201597266164887046e+00
1.236284917526194072e+00
1.255796059264968401e+00
1.265050866054709511e+00
1.265434575154359198e+00
1.249452919493791558e+00
1.292719168518452699e+00
1.259815779664911206e+00
1.224710166247799270e+00
1.248488102552294920e+00
1.269461453455216660e+00
1.329644604332509861e+00
1.262034937431867787e+00
1.260637032799896806e+00
1.264589984176243576e+00
1.285999654866023523e+00
1.273205352807317503e+00
1.245903427004441566e+00
1.232336560928828595e+00
1.216489395603683521e+00
1.274626534429670111e+00
1.208439242950513526e+00
1.211263343097038536e+00
1.286641721820390050e+00
1.290841005785545947e+00
1.261077692930265393e+00
1.234358335779947913e+00
1.265223510962188103e+00
1.251523730280850177e+00
1.252737873897169507e+00
1.254364847614440226e+00
1.280258989705431949e+00
1.223286716300359345e+00
1.182254802315260589e+00
1.251123223814508245e+00
1.251658346507837694e+00
1.223871298084435288e+00
1.271596174172126670e+00
1.252938283720693269e+00
1.290442907817009877e+00
1.230744965434681371e+00
1.294003304435392465e+00
1.269042133049940402e+00
1.221011611298618682e+00
1.274233566408874863e+00
1.223383222008777693e+00
1.236607998894404981e+00
1.229204430126570324e+00
1.249344905652156834e+00
1.274995086918580656e+00
1.273008746377725764e+00
1.251210931485029487e+00
1.249122155032052151e+00
1.240477209637926403e+00
1.249718965885617594e+00
1.242195293404170897e+00
1.269304175925085154e+00
1.244272349397893107e+00
1.245481868433885086e+00
1.259266548359932791e+00
1.282591920423145959e+00
1.268675423374313382e+00
1.208890142125970568e+00
1.268576111711435139e+00
1.287238221021567153e+00
1.265107124283301854e+00
1.275983378664031331e+00
1.282375676762157690e+00
1.284333673976707724e+00
1.278149253362159676e+00
1.254714705386315021e+00
1.266680775048633967e+00
1.253523412538205317e+00
1.252689301417572176e+00
1.244884037645759278e+00
1.292393691311383597e+00
1.253526031343382696e+00
1.282319062205910409e+00
1.251883757686708565e+00
1.255996855978599003e+00
1.230294030469318178e+00
1.275653710269621932e+00
1.250295486158839564e+00
1.257232069634369953e+00
1.226462696715033163e+00
1.245827322953339644e+00
1.240827950461948603e+00
1.242665805884280550e+00
1.292486898765785597e+00
1.263356219828921212e+00
1.243926951344624721e+00
1.214980429495880587e+00
1.211358903110435925e+00
1.275676892620627889e+00
1.248662467661929121e+00
1.293322114117407606e+00
1.262943443213369710e+00
1.287036581296293170e+00
1.281689552884536676e+00
1.268817894372576527e+00
1.265516398972039713e+00
1.266522855677414849e+00
1.274552581779635485e+00
1.305759548244145529e+00
1.254711656684311283e+00
1.277826580550623481e+00
1.232420461375153486e+00
1.252280764515961708e+00
1.250385620271576625e+00
1.277862940063074548e+00
1.277928954382546278e+00
1.262866196699956811e+00
1.264532790093509718e+00
1.275871792699895702e+00
1.237413266322798577e+00
1.289603645643697005e+00
1.271273459091838420e+00
1.267457132152520538e+00
1.229204069760642781e+00
1.234822765557661572e+00
1.267460065324173213e+00
1.280464424839668158e+00
1.259818809680787410e+00
1.281617311955917327e+00
1.256679891590651410e+00
1.275003561251200956e+00
1.236825615762954911e+00
1.243929092660363445e+00
1.253255133087554762e+00
1.241883334342418710e+00
1.269592501411495045e+00
1.292782368672578786e+00
1.249188549722718866e+00
1.225422212357131224e+00
1.276353940543890397e+00
1.285269424558435958e+00
1.288620511615542030e+00
1.232214962045369733e+00
1.235012680835717358e+00
1.257612478659222210e+00
1.299650164400427688e+00
1.251866403770908853e+00
1.263261583094729579e+00
1.261282131746812141e+00
1.204634288932952657e+00
1.233524837080185899e+00
1.281541751234643645e+00
1.228936513810569675e+00
1.264124032933825026e+00
1.243559300097071940e+00
1.246241400260197585e+00
1.212650535564827381e+00
1.273744276713792978e+00
1.242801402444297043e+00
1.229295485707900148e+00
1.248660729834147443e+00
1.252839391802291535e+00
1.289362859338919254e+00
1.250909813891918354e+00
1.274591812614544795e+00
1.251944125568673849e+00
1.241336431288355691e+00
1.265766153744864564e+00
1.250545567625179988e+00
1.245860511246509983e+00
1.276631917897737001e+00
1.310962932197566655e+00
1.238715556597342227e+00
1.247602874551753560e+00
1.257819669223317671e+00
1.239574123103882375e+00
1.247002789184433524e+00
1.194556652911212158e+00
1.298852908737932577e+00
1.216335543251238605e+00
1.228470607978723761e+00
1.203968300312707740e+00
1.278437038596615283e+00
1.251798341204563902e+00
1.271282745838766992e+00
1.273352149185519311e+00
1.289117876908087323e+00
1.277438682826637972e+00
1.275815655141210758e+00
1.260978985455163404e+00
1.268938219724871086e+00
1.248561068671565577e+00
1.241451376251688554e+00
1.224192151440457232e+00
1.258612430259306469e+00
1.292375845422465419e+00
1.260318565169679550e+00
1.247739786640799986e+00
1.228281443839074338e+00
1.221166381374754639e+00
1.226559175255556022e+00
1.248843986887208546e+00
1.226397379744791793e+00
1.289971528298518688e+00
1.288033885823996805e+00
1.269290904072289283e+00
1.190276126110880961e+00
1.270911530385532506e+00
1.295627768996174822e+00
1.264646011542480242e+00
1.286117721338147835e+00
1.191766094991889124e+00
1.255940233672433015e+00
1.281118595490622569e+00
1.271082712487738187e+00
1.292869469033602003e+00
1.245032494611557627e+00
1.279100244807013897e+00
1.211731773105905408e+00
1.244189407655368562e+00
1.282948009191276384e+00
1.268944817415604387e+00
1.244226080829203163e+00
1.257380409098226126e+00
1.254863662540549596e+00
1.224543376738641332e+00
1.274064492350419631e+00
1.254381432531821439e+00
1.272437663720441758e+00
1.276577029296184884e+00
1.251538639566726951e+00
1.242187874111509993e+00
1.216279158820474438e+00
1.275632236381669671e+00
1.245077659539411963e+00
1.217228808047263966e+00
1.259783255643006861e+00
1.286365832685934185e+00
1.253560842425184285e+00
1.249936693428344681e+00
1.255843054526836200e+00
1.262799047811991704e+00
1.249041917829918136e+00
1.248772474113154729e+00
1.280660917896085493e+00
1.229117546393071247e+00
1.287240741616990869e+00
1.266709711185388221e+00
1.243209262889952926e+00
1.256574898277162289e+00
1.274309662055233439e+00
1.252845374570322745e+00
1.208008106841590878e+00
1.210100180587188490e+00
1.308573170196658308e+00
1.243448357785789549e+00
1.275206260129935876e+00
1.275928036245379538e+00
1.240200312538608296e+00
1.247416108009816282e+00
1.281701614232108932e+00
1.231376475425731476e+00
1.259425643552751106e+00
1.264040348414335879e+00
1.313353444179676366e+00
1.254759651009899946e+00
1.259946401532053839e+00
1.306821600591989929e+00
1.213185659338983147e+00
1.221456293260422932e+00
1.247562762331039687e+00
1.243971826030612515e+00
1.270063916607362842e+00
1.275058751002788426e+00
1.254633796662311340e+00
1.259194076693139985e+00
1.344517107577870130e+00
1.246358741116034619e+00
1.288535759282994020e+00
1.238701107904927268e+00
1.211379499929150061e+00
1.246310209883224385e+00
1.283326827788748847e+00
1.262303319262706891e+00
1.230618669499895956e+00
1.249390031687217073e+00
1.270528721237283776e+00
1.294035549879983149e+00
1.266965832665109870e+00
1.258299988683908799e+00
1.257202420094973627e+00
1.235183796617222995e+00
1.270289962470687373e+00
1.233402099669484109e+00
1.255507120101124974e+00
1.279832790729917402e+00
1.259651609466073685e+00
1.284029113052270077e+00
1.245834512432888896e+00
1.245753145746959278e+00
1.252561912812544920e+00
1.272225763479303495e+00
1.279778268596052149e+00
1.287436057338010365e+00
1.242970933307402603e+00
1.242909191606850428e+00
1.250239418541537750e+00
1.285644413332325930e+00
1.256710977429896126e+00
1.270779947928712961e+00
1.259879518956645850e+00
1.202843075932579664e+00
1.255447562640527481e+00
1.295539807479925143e+00
1.240522150744664653e+00
1.303355050842137430e+00
1.298012971692570572e+00
1.225620741215200926e+00
1.257256491186224734e+00
1.270493241760491276e+00
1.245658835079281879e+00
1.261844953282081461e+00
1.228542742825582845e+00
1.201048079698256776e+00
1.268814110404662188e+00
1.250446671268487853e+00
1.288229688022282993e+00
1.249050533122750606e+00
1.295524776348032203e+00
1.268959866173217099e+00
1.197575987036789247e+00
1.276312419686504107e+00
1.278376273545458242e+00
1.207803946178443111e+00
1.247904973487849567e+00
1.232425852758200380e+00
1.245299360899523089e+00
1.241081171640808334e+00
1.261810101382511373e+00
1.286983622685237361e+00
1.228219917000795025e+00
1.252805007329365505e+00
1.245741692339494389e+00
1.272781482491375238e+00
1.232187051350290385e+00
1.262005779611385492e+00
1.268991152820290180e+00
1.258600026144687245e+00
1.253550894833675100e+00
1.251044964450116703e+00
1.241698051886490628e+00
1.204611246875028741e+00
1.240472687265843144e+00
1.197718272552013463e+00
1.268055612908919771e+00
1.252910872696305855e+00
1.212509824908183154e+00
1.304888902488194447e+00
1.248356798705826831e+00
1.274686654021171650e+00
1.321927256295044151e+00
1.246701369059965980e+00
1.242498257814257601e+00
1.226326062990127808e+00
1.232372852700003518e+00
1.264800278638111841e+00
1.243894544935690405e+00
1.320959621543479345e+00
1.320385934265775107e+00
1.262866652109692511e+00
1.296206425067263579e+00
1.257696569460535096e+00
1.249031879018595026e+00
1.216331959141481400e+00
1.218902780766532468e+00
1.231436146191442038e+00
1.229363035474029031e+00
1.246469627852301976e+00
1.251960021746710616e+00
1.244605996732140119e+00
1.266452519177109215e+00
1.265801505130903948e+00
1.309394686576376809e+00
1.251740539783217754e+00
1.271136445631474654e+00
1.213106087819793011e+00
1.243679005432072548e+00
1.297232841896486022e+00
1.270300493817817511e+00
1.257265646896854827e+00
1.270391536499181129e+00
1.260495623600372816e+00
1.265040506134579079e+00
1.241204038280734334e+00
1.261508125080477827e+00
1.263360483198522122e+00
1.267982637818564573e+00
1.244219992306625056e+00
1.261561021566650398e+00
1.263095734132261949e+00
1.241787512669643379e+00
1.250520949917786284e+00
1.232318092728596159e+00
1.243540771369932019e+00
1.243903059338296702e+00
1.260814662724625723e+00
1.245847419518471000e+00
1.237422536957812014e+00
1.220355387039059103e+00
1.250739396884360088e+00
1.262194987654660094e+00
1.268439075806048644e+00
1.257948897334414173e+00
1.236748344276196399e+00
1.247452771492558288e+00
1.278447351252923969e+00
1.290630066172529400e+00
1.231506124342479858e+00
1.280906964623697464e+00
1.219257051066939601e+00
1.286698725451735248e+00
1.206630172134846468e+00
1.263697121447493910e+00
1.302840092165001407e+00
1.235686902436794909e+00
1.242321185981614118e+00
1.237409403897968163e+00
1.302377968610785253e+00
1.288217714389115587e+00
1.234642081647237211e+00
1.267587886399771602e+00
1.251482420144704788e+00
1.239403927854339837e+00
1.228942926389154033e+00
1.248778032797463355e+00
1.250597051039576968e+00
1.280164995696801089e+00
1.278271153091006918e+00
1.218502657874324768e+00
1.247926512848850589e+00
1.242189948071180217e+00
1.226595279789687964e+00
1.274741712447765796e+00
1.231776736647702819e+00
1.260969732261203902e+00
1.273266937047974112e+00
1.295825266060034675e+00
1.234082238382850694e+00
1.270319074127760794e+00
1.208495256525667250e+00
1.255232111133135264e+00
1.262179716870847956e+00
1.292645710480915255e+00
1.277984520384669587e+00
1.266051415503241850e+00
1.275381998362845160e+00
1.269371475356969592e+00
1.261768229865894764e+00
1.270057599233231471e+00
1.291381174228451556e+00
1.259808439015840609e+00
1.247026513140653270e+00
1.269843456062077491e+00
1.289069296500787054e+00
1.307425437465352891e+00
1.254937808210011552e+00
1.259786830772756216e+00
1.258092150279426225e+00
1.242258980402149993e+00
1.265710159716089356e+00
1.274363879153686208e+00
1.217517389794178673e+00
1.244593924164566268e+00
1.255114728298498683e+00
1.250799434429032964e+00
1.249365388789102749e+00
1.224937711562483544e+00
1.205827490035610960e+00
1.212776666736575359e+00
1.255062064363855701e+00
1.243532308151636290e+00
1.241217528602035935e+00
1.277276414203950106e+00
1.256833099004703191e+00
1.201665221660985772e+00
1.232593712139390174e+00
1.265949258830165514e+00
1.265219472682084900e+00
1.146307516053387765e+00
1.237081144325041127e+00
1.228924872752374275e+00
1.249702985978123015e+00
1.265232270178107354e+00
1.278917216668713941e+00
1.249424355907381212e+00
1.265076140045213293e+00
1.228547510528989806e+00
1.284162719532671249e+00
1.269844983124995164e+00
1.264870153610988979e+00
1.297909278899296082e+00
1.302155057699893037e+00
1.237977551568906431e+00
1.252366605468603344e+00
1.260445573659884744e+00
1.305143322446396414e+00
1.287240255045327686e+00
1.280761439732193141e+00
1.257885396224551311e+00
1.237522754682522264e+00
1.277420969980735510e+00
1.211069757148701687e+00
1.243947585469855399e+00
1.205502719923035260e+00
1.258062949559877630e+00
1.228575093382297645e+00
1.259630438418702703e+00
1.272049541045888743e+00
1.270234444197619883e+00
1.277897589019074687e+00
1.238339491067092180e+00
1.292604854964803707e+00
1.247370665768141151e+00
1.242046328598415572e+00
1.272438224723518863e+00
1.266415845679382146e+00
1.237565770309781543e+00
1.292654519309300420e+00
1.268213875508519051e+00
1.245912784064415302e+00
1.299591934958192807e+00
1.264677506401433060e+00
1.242479580601108191e+00
1.285795127077454580e+00
1.252584690497871023e+00
1.255917748757466645e+00
1.226260168659996985e+00
1.234037676979735432e+00
1.218593424820081594e+00
1.245532385033363276e+00
1.268908747402500703e+00
1.273908081324780950e+00
1.242880868017554485e+00
1.252918172713014311e+00
1.275234950172237980e+00
1.280445038745405606e+00
1.284239503905153734e+00
1.255264390105513828e+00
1.242511345056748651e+00
1.273178109914185674e+00
1.228555134232958368e+00
1.196119327085350958e+00
1.259505082114505292e+00
1.251518789035932722e+00
1.260164798637408712e+00
1.246480452590995380e+00
1.289775427368974547e+00
1.241670773507291603e+00
1.249016277350156079e+00
1.262452329084768898e+00
1.293397909158108261e+00
1.237192632557132743e+00
1.260267811076989153e+00
1.271237631423351111e+00
1.270435613785802831e+00
1.294081883427214752e+00
1.245878666624418374e+00
1.261649517130261078e+00
1.261357937812948693e+00
1.250697732670772666e+00
1.276184594833140507e+00
1.245479458752037694e+00
1.253826907324928630e+00
1.236106025553220134e+00
1.274719878959369446e+00
1.314959300369449524e+00
1.261554405678406043e+00
1.275764786997443778e+00
1.293472398913566357e+00
1.287328703446040334e+00
1.251195713425605094e+00
1.292711493130744405e+00
1.263540997998498616e+00
1.291862713344841040e+00
1.305297215299622060e+00
1.245467424161010195e+00
1.251983025705212693e+00
1.254331960267208501e+00
1.266389993842011785e+00
1.242731807224345397e+00
1.215194965762936397e+00
1.278201509796298430e+00
1.228264391115734266e+00
1.263062478090426932e+00
1.268819848209383760e+00
1.262394711603184616e+00
1.208093481229962185e+00
1.272274865796475973e+00
1.283209762700210810e+00
1.247365313462627689e+00
1.248128902262736650e+00
1.238519943058437711e+00
1.252935345989945493e+00
1.294934559128505525e+00
1.255624834764134112e+00
1.256491859865465965e+00
1.240297001172976143e+00
1.226731418350176073e+00
1.279759973622990543e+00
1.271951916500702495e+00
1.274345049458243340e+00
1.298019288648795344e+00
1.266301284726720100e+00
1.263921898477636141e+00
1.214772380943645924e+00
1.282360944859499030e+00
1.260712924796072887e+00
1.253747812202176126e+00
1.266405321986030064e+00
1.255492660716357456e+00
1.289531912377954059e+00
1.260110009960908606e+00
1.282143399776697335e+00
1.278035326337054078e+00
1.269795268406083810e+00
1.241118369744525385e+00
1.245909035734388937e+00
1.267815422879839282e+00
1.257478366198506281e+00
1.261299000386433722e+00
1.288534926935591018e+00
1.236241611516583072e+00
1.271968455582482171e+00
1.240129682309542458e+00
1.261047128387537519e+00
1.318949119047138296e+00
1.275108244901727472e+00
1.267796545945487408e+00
1.283338364464230885e+00
1.241556855993208863e+00
1.252645624784337830e+00
1.231331075578303347e+00
1.276896196939134143e+00
1.251398091232028831e+00
1.298697628726930953e+00
1.281865258093976889e+00
1.255744967305029380e+00
1.248403214032892672e+00
1.271478214062725209e+00
1.253087513324823377e+00
1.257449390417845425e+00
1.271374610686586859e+00
1.251632161090203033e+00
1.311913781258236211e+00
1.259913096091638929e+00
1.260540752700515910e+00
1.236145044048394759e+00
1.298852777216135568e+00
1.247470903297976053e+00
1.226697452140908640e+00
1.270522323966062572e+00
1.264198976888613268e+00
1.263590218349809335e+00
1.236334062849218984e+00
1.237585017244663854e+00
1.263386130659037265e+00
1.230292457678590523e+00
1.226250056817248302e+00
1.280442116315394729e+00
1.277872214103770832e+00
1.252554827060377685e+00
1.288816898368911668e+00
1.258482566289568894e+00
1.290358607256971490e+00
1.228828349182000013e+00
1.283894095057800167e+00
1.288501160695421754e+00
1.270562660546785683e+00
1.266940692364285637e+00
1.254023090640235205e+00
1.257659764547785386e+00
1.272094005857878907e+00
1.233144010174008320e+00
1.286948888490440979e+00
1.216162083144831652e+00
1.249194717222460449e+00
1.231591654451660967e+00
1.262397227196760063e+00
1.252523149230568622e+00
1.227969587969684806e+00
1.275122415222905703e+00
1.296729123502495140e+00
1.230863578123341240e+00
1.265384597043232251e+00
1.273437139986495215e+00
1.299131302161858681e+00
1.269896701728206345e+00
1.231464666921181728e+00
1.283340463239057927e+00
1.258313251273694755e+00
1.244226077416589860e+00
1.276099641621271541e+00
1.241176310546777906e+00
1.280045658325154267e+00
1.243381961749456588e+00
1.273642912286418349e+00
1.295141941852505862e+00
1.301573229369968221e+00
1.245627047831725509e+00
1.193949450373465337e+00
1.273767341979080481e+00
1.297235540092406048e+00
1.259348611129536222e+00
1.284534074264527037e+00
1.255305581608286980e+00
1.205864385787972504e+00
1.319205852144121005e+00
1.233107483901975332e+00
1.254263924561135779e+00
1.250635894990976604e+00
1.281625015955669245e+00
1.231603384748942709e+00
1.235220321082705075e+00
1.271061983400089135e+00
1.268797924962266288e+00
1.259974083554676882e+00
1.265431290247272411e+00
1.253279017022769448e+00
1.266495143683846747e+00
1.255308242375803518e+00
1.249688271373264215e+00
1.215895722588173911e+00
1.245184361882880397e+00
1.195464444776622503e+00
1.279340855566375001e+00
1.254078047581059119e+00
1.273931373642235521e+00
1.267508936225822280e+00
1.260705896405050597e+00
1.273432103649424496e+00
1.248537632893334193e+00
1.232689375155856970e+00
1.265157656679491760e+00
1.236981892377259529e+00
1.252223859846790077e+00
1.221794160071443258e+00
1.252941474828589419e+00
1.273303478220571661e+00
1.208724216160493636e+00
1.272853027893374511e+00
1.268760357250938053e+00
1.258584690508324000e+00
1.223194306377017870e+00
1.251791398373538255e+00
1.234669483590769667e+00
1.230062992933508514e+00
1.276091756024788637e+00
1.225857286456922601e+00
1.244107150305492127e+00
1.246339069479651451e+00
1.299140327742311252e+00
1.241619570821189456e+00
1.275016569703196767e+00
1.294825238170481230e+00
1.280808090492888685e+00
1.186321649760502028e+00
1.239317301332052201e+00
1.294062931420892903e+00
1.258022451501246142e+00
1.235259422314743505e+00
1.312182879662360691e+00
1.257055650098207522e+00
1.282184842995762741e+00
1.315434192040663586e+00
1.224629912868546500e+00
1.256244880479557846e+00
1.236167549372687802e+00
1.263351682355983607e+00
1.261233628580099797e+00
1.259216716958299287e+00
1.271617011235130379e+00
1.235046209776802906e+00
1.269409582273645531e+00
1.283053713848031574e+00
1.280904271116416471e+00
1.253931209334555819e+00
1.303976184092755730e+00
1.247839153840574422e+00
1.212101974956975914e+00
1.212427882069737173e+00
1.268932435665844238e+00
1.269781646854600821e+00
1.280182947632318768e+00
1.252991748828196084e+00
1.309040296531729819e+00
1.264568069246403414e+00
1.223040667702759432e+00
1.257416497776993713e+00
1.219485806485117063e+00
1.262128653341114903e+00
1.264940361659805834e+00
1.300859693171868781e+00
1.287154540276685077e+00
1.281205547731801841e+00
1.269522296584627341e+00
1.252357547115139136e+00
1.283999725891418420e+00
1.251827263974376381e+00
1.262699255706576373e+00
1.216636987541799497e+00
1.271773181581726364e+00
1.293709796604565643e+00
1.313911927142813907e+00
1.223035089807660736e+00
1.275635008528378966e+00
1.284896875324172960e+00
1.247534607465407230e+00
1.226390696961909388e+00
1.250644428263606001e+00
1.274620973660920198e+00
1.208575150346025362e+00
1.251821045941948096e+00
1.276915954331757419e+00
1.316302756759483605e+00
1.264365566364737958e+00
1.271321656563891622e+00
1.306996775333909566e+00
1.337895220686936115e+00
1.268423388025641030e+00
1.216178858299002519e+00
1.247732310596480598e+00
1.259117279204738260e+00
1.251374801560616534e+00
1.242624931447159353e+00
1.270687119969835299e+00
1.225551410784748052e+00
1.282984455245583133e+00
1.285758117149542246e+00
1.280224620642715250e+00
1.239096386879828815e+00
1.303904784159090946e+00
1.258455984306810382e+00
1.250743729583988939e+00
1.267870968580510960e+00
1.251010477644612706e+00
1.274576128484686155e+00
1.268843120713400996e+00
1.249034894752114599e+00
1.255020689475814022e+00
1.251586404674148501e+00
1.237764393097241955e+00
1.264672739650675615e+00
1.256239104526516437e+00
1.267437271021790490e+00
1.272672973400435614e+00
1.232575199366884533e+00
1.262176329828391674e+00
1.290621903520014380e+00
1.268051134514251999e+00
1.346550638732297411e+00
1.227463099662943202e+00
1.251696611853822194e+00
1.232670337528703142e+00
1.265478167438946144e+00
1.285016170242176958e+00
1.255119258007137972e+00
1.219408599934985959e+00
1.232666275957268853e+00
1.250700560977680675e+00
1.229432900677962293e+00
1.278733283803142662e+00
1.281063484315453804e+00
1.249012406588881907e+00
1.246594995635474712e+00
1.244905828643213086e+00
1.212566715320867461e+00
1.228508205212579529e+00
1.282352163229664832e+00
1.248562687882135647e+00
1.247891188581733424e+00
1.221517717563249006e+00
1.255917519200117516e+00
1.269989296780741572e+00
1.241593721045191723e+00
1.238007486798270884e+00
1.244130471294849327e+00
1.286225563633925262e+00
1.237493940184479113e+00
1.226455835892674928e+00
1.277705877597689055e+00
1.283178926261608677e+00
1.239835378307689195e+00
1.302657520087396881e+00
1.267488598846369996e+00
1.240322162549969409e+00
1.261013869659715292e+00
1.236262344851727812e+00
1.270345927630281091e+00
1.269999701571279616e+00
1.239226708808800481e+00
1.264805208944668857e+00
1.238771826455027814e+00
1.270262640674680643e+00
1.314083585609957083e+00
1.248022576401878858e+00
1.237438396140749131e+00
1.293233728625014400e+00
1.257833016012022354e+00
1.245087537436487590e+00
1.282343305043041948e+00
1.272290951473596943e+00
1.244942846517948398e+00
1.257136134803439997e+00
1.231107078318889325e+00
1.280965428952851592e+00
1.263349374108231116e+00
1.261760380710923890e+00
1.283777292484711285e+00
1.295387724692800946e+00
1.254732277540052676e+00
1.289696385745186413e+00
1.237521574223493293e+00
1.243328475939376121e+00
1.256823709024215363e+00
1.278830018951438108e+00
1.293479265342913909e+00
1.277279145891278000e+00
