1.223450828600647133e+00
1.219315921421698867e+00
1.205148997319539506e+00
1.223205852178390618e+00
1.248159682753899657e+00
1.227946317045413016e+00
1.208509956676488306e+00
1.191343847369503939e+00
1.179436833052115663e+00
1.206061529826751411e+00
1.231197997899305507e+00
1.204323571092254630e+00
1.226831095589124176e+00
1.210604130897156461e+00
1.200687429323061384e+00
1.220022169075949181e+00
1.222987436421262286e+00
1.231652964485852264e+00
1.224413621777086236e+00
1.211011297191133984e+00
1.209095798050282999e+00
1.201732789975475058e+00
1.219393662449122839e+00
1.264772769871641556e+00
1.194776902405724428e+00
1.223632146144345123e+00
1.176549675365888392e+00
1.161462073841852627e+00
1.234619066284069699e+00
1.188255171325366844e+00
1.191247832927550654e+00
1.264612576406610955e+00
1.246508138245370434e+00
1.195728260525966480e+00
1.213906317013365932e+00
1.206921523808502261e+00
1.234681726770647137e+00
1.209367151613919278e+00
1.248552911054749526e+00
1.225905930905225372e+00
1.255521106959209598e+00
1.202287696572270637e+00
1.182571524577635369e+00
1.170576881720982731e+00
1.205239989266697176e+00
1.192738647755325454e+00
1.186846014845714503e+00
1.195392947554774210e+00
1.237001746339486230e+00
1.212154467888071796e+00
1.262596127327963558e+00
1.203308457212763694e+00
1.241671769660470215e+00
1.210089859508662435e+00
1.191126726378324729e+00
1.231743279917478784e+00
1.278623319310070672e+00
1.256551624000903145e+00
1.189904114390824441e+00
1.249173191549115769e+00
1.219412408947152304e+00
1.199941854545206965e+00
1.232418926536469783e+00
1.202015556028451115e+00
1.201811548187502243e+00
1.175701409776691131e+00
1.231287307679117760e+00
1.189371461904736638e+00
1.196383677313328509e+00
1.245118365398488081e+00
1.238603086174669965e+00
1.220266139000455219e+00
1.236631362632654829e+00
1.263360396597159596e+00
1.207496390515084395e+00
1.205003717865033241e+00
1.199624500507165292e+00
1.242710264870654502e+00
1.247680215778308233e+00
1.211851195647866808e+00
1.208534725588561010e+00
1.183598697269621081e+00
1.248225364427909101e+00
1.177654012197433042e+00
1.221344042092971760e+00
1.208502864043580871e+00
1.259534556023752305e+00
1.233881230331087098e+00
1.221534231190242847e+00
1.219256528744945500e+00
1.242617903207736907e+00
1.212110189705892793e+00
1.222594702377342468e+00
1.205490794442619196e+00
1.259608363952119614e+00
1.204753816133753430e+00
1.237823404406125816e+00
1.200772062209944702e+00
1.170471295724336835e+00
1.200603099529457873e+00
1.208025113276146811e+00
1.183425173390930896e+00
1.214127716283888159e+00
1.246339764818903850e+00
1.243390035029268814e+00
1.225061695989071442e+00
1.255834571847256997e+00
1.230420187654025277e+00
1.202835945897779535e+00
1.216992287708197118e+00
1.265699763832663027e+00
1.186124539662332777e+00
1.198317562620314414e+00
1.191993236652897137e+00
1.206395033965723007e+00
1.265866313719529179e+00
1.281459480790078542e+00
1.213066260618290482e+00
1.234120382871777055e+00
1.211216135532609650e+00
1.210203640871151842e+00
1.199910810006340700e+00
1.215264012722760301e+00
1.216620949816023867e+00
1.196471568033343091e+00
1.223290289016949473e+00
1.224755234346929678e+00
1.173661449302189741e+00
1.234485317299252705e+00
1.230507103570142924e+00
1.227898108969964763e+00
1.174049981548057620e+00
1.214734677904855786e+00
1.242941382707510423e+00
1.240396648485668774e+00
1.206786161747853026e+00
1.227676260375829109e+00
1.218845085200196632e+00
1.223621349975536399e+00
1.264554663874867257e+00
1.215237108858214121e+00
1.279617365978601651e+00
1.224991087349026397e+00
1.249688970760765017e+00
1.186720320763767766e+00
1.254270440196177727e+00
1.201875935124113504e+00
1.201455671920809598e+00
1.181536933584789839e+00
1.240164016622582022e+00
1.219131862145199641e+00
1.191940487866494536e+00
1.188761674050294426e+00
1.216910213639138982e+00
1.205566939346421007e+00
1.229240173056428853e+00
1.236319816049037845e+00
1.233413706918049080e+00
1.234539099712414822e+00
1.192794598355343627e+00
1.236102119843338842e+00
1.193774434109598603e+00
1.247419165606207025e+00
1.217338570162414646e+00
1.228589842754854722e+00
1.236449817577428556e+00
1.229232854116040441e+00
1.229735861926275042e+00
1.225777008752584774e+00
1.174620465737514552e+00
1.218758270079175698e+00
1.159817571869639297e+00
1.223352689304761709e+00
1.224801703220290694e+00
1.251645486966825649e+00
1.224050650951536756e+00
1.266745413178087531e+00
1.238928699020649171e+00
1.180379708549350148e+00
1.221610892302960716e+00
1.251469509039461192e+00
1.211668329669106203e+00
1.174745577517031014e+00
1.272210792233390508e+00
1.178183902155367058e+00
1.268092394072424023e+00
1.236254492899251156e+00
1.202837209470567714e+00
1.226931178780656939e+00
1.230691947445048617e+00
1.233400299381854914e+00
1.217390650683730868e+00
1.229960772080413767e+00
1.243224821020712634e+00
1.216844005568408438e+00
1.223732704354649758e+00
1.213578930377122944e+00
1.228624431829090868e+00
1.235544027160238034e+00
1.238445806156806217e+00
1.223972955653021000e+00
1.194003469733894818e+00
1.245668655785920453e+00
1.240906809401965960e+00
1.259984756153229135e+00
1.210068506951542444e+00
1.224781469975836146e+00
1.183690820985237036e+00
1.192981983949644498e+00
1.235621746694467893e+00
1.234679958803674316e+00
1.230390794394707887e+00
1.223565245669052004e+00
1.208331206009962910e+00
1.211407231500362114e+00
1.195750355726526548e+00
1.184947875665242734e+00
1.205214707851255396e+00
1.232772547767993165e+00
1.218051044466645472e+00
1.208903573668389297e+00
1.255072400650225850e+00
1.205747671316236058e+00
1.225721138807696065e+00
1.234175795077037785e+00
1.197488720648501204e+00
1.220998251284933556e+00
1.210984657587756530e+00
1.179102228654184792e+00
1.241902128898976221e+00
1.189676763464581732e+00
1.198731723595011678e+00
1.260071258201688638e+00
1.225909539178552388e+00
1.194459611715653624e+00
1.225532558932805438e+00
1.235386946300179201e+00
1.212788762925445907e+00
1.204528141734030999e+00
1.257694541424579704e+00
1.226459002646390406e+00
1.185635637417539412e+00
1.229372282133156524e+00
1.270178557556613352e+00
1.225080001871687196e+00
1.239474226296436443e+00
1.208758050099075110e+00
1.236218929705716896e+00
1.199985173649090520e+00
1.215881501595420744e+00
1.195766220341273556e+00
1.227994584798037581e+00
1.216324091660703210e+00
1.228814008156504434e+00
1.241022102028209062e+00
1.175467651690821569e+00
1.223622030621480228e+00
1.238561841695255739e+00
1.255780686298106019e+00
1.226264010198167886e+00
1.213793158486247359e+00
1.226282161439346652e+00
1.238918904341950178e+00
1.225158523019669987e+00
1.226714964443958777e+00
1.223148528116630995e+00
1.213671408244408667e+00
1.212181391513147632e+00
1.271397694256160671e+00
1.215731025988554759e+00
1.201734608391953563e+00
1.280019141771228330e+00
1.170717750362437304e+00
1.247263709419676792e+00
1.242224014483527705e+00
1.245967315811972398e+00
1.243331623877701464e+00
1.190868272919513915e+00
1.176297310146124930e+00
1.196890376019869917e+00
1.210793701328622074e+00
1.217836888716190114e+00
1.246285416783802447e+00
1.204927354846550669e+00
1.185404018988639008e+00
1.240713383872119380e+00
1.255244146520896331e+00
1.197736031076124474e+00
1.245754009335748203e+00
1.231001544631142197e+00
1.235055547014725974e+00
1.220372992259833200e+00
1.250943014793478580e+00
1.221850666700094790e+00
1.217204991206599196e+00
1.252533697524175871e+00
1.171074680730502804e+00
1.226938444468944844e+00
1.228354460270077109e+00
1.231799048539148345e+00
1.253637785319425380e+00
1.249955218459298356e+00
1.206310162083951365e+00
1.233027081730193819e+00
1.190682725576168721e+00
1.228682780058911739e+00
1.199254312221715857e+00
1.192523311449966261e+00
1.261758729759800746e+00
1.202242638898696425e+00
1.213779887520128442e+00
1.195537972574679531e+00
1.233942732763836814e+00
1.213714221291984030e+00
1.202405152825889001e+00
1.255223506783663234e+00
1.230001278910729079e+00
1.224353907321702906e+00
1.207190934707255359e+00
1.218444374059568291e+00
1.260627499582806843e+00
1.225529848546031753e+00
1.188147580178189999e+00
1.259728374680359142e+00
1.245756191764972654e+00
1.211425688171789972e+00
1.199783012012032968e+00
1.227083604273416340e+00
1.221347794615611715e+00
1.237498101118208016e+00
1.183377442290397985e+00
1.249045205244831536e+00
1.237507512286821987e+00
1.269524889489293429e+00
1.265531606748442117e+00
1.217600597703605292e+00
1.238441275735036706e+00
1.216062871853233140e+00
1.247889894616166506e+00
1.192335515601110174e+00
1.239346493472331945e+00
1.239444289839999991e+00
1.205428406425184118e+00
1.232535458643143400e+00
1.228559634650074450e+00
1.269511358759957353e+00
1.285813216482788679e+00
1.242820008264189147e+00
1.205306755683336117e+00
1.199616150673060933e+00
1.245137587962185766e+00
1.195030243448663265e+00
1.209119955778579003e+00
1.181127985067338404e+00
1.175528586121850072e+00
1.184460373683540624e+00
1.214420797865116031e+00
1.257531071458302785e+00
1.268343782577826984e+00
1.192319394408206223e+00
1.219527164404915931e+00
1.206523664388478467e+00
1.247932797624770274e+00
1.268991545328429726e+00
1.234374234826264516e+00
1.193978561651074966e+00
1.225980597302119612e+00
1.200471056022089256e+00
1.218907928166584220e+00
1.214479244033566774e+00
1.211723603243409109e+00
1.193949000250268178e+00
1.227001327271202369e+00
1.248161367004636979e+00
1.225964309139869313e+00
1.222217860024138902e+00
1.193188961474138887e+00
1.248202676423730617e+00
1.261903631560985950e+00
1.226448046907528511e+00
1.213292660626880348e+00
1.218313491966233952e+00
1.214136295643709618e+00
1.198439251225442259e+00
1.194795802282717645e+00
1.222681903228620248e+00
1.194284065162128483e+00
1.184985805504467082e+00
1.223551707589235926e+00
1.198559417069030575e+00
1.203949708089590009e+00
1.200517023741050515e+00
1.284735188806266803e+00
1.228905954269149614e+00
1.213092644832229672e+00
1.212665699261877617e+00
1.238309720902951216e+00
1.208321604084986900e+00
1.267633680108926963e+00
1.236720702913803427e+00
1.261656241107467658e+00
1.191212121127477319e+00
1.250385881440531977e+00
1.248093688855459460e+00
1.240495071956585926e+00
1.216491527868975631e+00
1.208830917208083111e+00
1.177470373801236203e+00
1.214575664050419279e+00
1.223406834026877332e+00
1.256368234441936682e+00
1.213613893337131877e+00
1.228156093460610609e+00
1.226263826763417164e+00
1.195125267896554266e+00
1.224247645135325691e+00
1.251878218826464995e+00
1.199168562692108697e+00
1.189291027600018369e+00
1.208472829051392416e+00
1.252850769082658910e+00
1.233346178015567007e+00
1.200900408690348087e+00
1.179882331819327890e+00
1.240394986452985959e+00
1.235694030263726262e+00
1.248796141958179229e+00
1.255360439147089391e+00
1.215276007661376001e+00
1.182956708566397452e+00
1.171949528353046110e+00
1.238447727859179004e+00
1.222552800097291392e+00
1.198737296274400510e+00
1.207466910529560344e+00
1.189744100638541635e+00
1.171186000642761238e+00
1.191233620867181875e+00
1.230726163174143295e+00
1.220677785132068482e+00
1.198134350579934670e+00
1.265627954875727879e+00
1.214687367426913411e+00
1.188971158455830901e+00
1.203070811819855646e+00
1.192402795475225208e+00
1.213126854863563198e+00
1.225156438840711903e+00
1.249168810709153421e+00
1.201291834842550310e+00
1.178969995098452017e+00
1.163869795113356975e+00
1.188354452166584529e+00
1.202372636602727418e+00
1.226704445351425976e+00
1.223272397390175126e+00
1.195952284823847078e+00
1.255415731865755724e+00
1.204782820543556676e+00
1.209697748222293479e+00
1.241916730060652396e+00
1.214546602911645845e+00
1.239843329575685216e+00
1.231059798851618536e+00
1.208998711544428950e+00
1.242148988321619241e+00
1.229130612148411350e+00
1.248589369852339370e+00
1.255199594625792558e+00
1.212203063380709489e+00
1.238657103537835535e+00
1.239327449432988892e+00
1.248030697207412887e+00
1.209942346635869859e+00
1.224871548342709504e+00
1.226558390560095191e+00
1.238520546524325416e+00
1.199784011179800158e+00
1.174260567758238727e+00
1.152772417332607047e+00
1.251252866983831202e+00
1.199238466104913137e+00
1.221068223939674624e+00
1.219766219741704516e+00
1.192957836678236516e+00
1.228073772580841938e+00
1.243810433408806704e+00
1.223307623216428830e+00
1.213603882718445215e+00
1.258710200297834980e+00
1.207619486039371637e+00
1.252766329008149215e+00
1.226711612640789095e+00
1.216480596347795151e+00
1.197901540003102783e+00
1.241297387887356107e+00
1.235766592586232004e+00
1.226120701589132223e+00
1.220189341656350734e+00
1.283102404570178656e+00
1.190984966255711264e+00
1.190657695389931936e+00
1.262453707924202861e+00
1.176580453641597135e+00
1.179875208021427202e+00
1.250942408562011776e+00
1.189831478618573302e+00
1.215007686115269436e+00
1.211560117819066029e+00
1.200477262720939242e+00
1.221178452607263099e+00
1.244510389157663655e+00
1.203034117645862100e+00
1.180793791147425553e+00
1.224329957947411396e+00
1.245463560900829547e+00
1.211400118477306220e+00
1.147947350228196273e+00
1.212488902852610906e+00
1.178335454465221144e+00
1.274044377973222897e+00
1.204859154544763111e+00
1.207643030573105181e+00
1.190203150025765710e+00
1.187020133440101821e+00
1.204081382195641536e+00
1.269662771786499889e+00
1.217256814216238325e+00
1.258140019224601946e+00
1.231955206181908791e+00
1.171394378499714506e+00
1.226881729755904482e+00
1.236065076848954947e+00
1.151337119857557045e+00
1.241338687088574977e+00
1.204376757251871322e+00
1.248970021839471478e+00
1.237975511608559342e+00
1.239489614101578985e+00
1.272270968981867423e+00
1.210981339543165447e+00
1.183978356141969890e+00
1.226050334684214205e+00
1.212509146195953846e+00
1.198680052525562756e+00
1.257251835609065393e+00
1.259603204671677856e+00
1.242689989927756145e+00
1.178357310204522390e+00
1.222179991681615396e+00
1.186191941502189984e+00
1.230350219664160027e+00
1.219482706580127251e+00
1.244392636818625775e+00
1.212907939661886259e+00
1.204831817033702457e+00
1.224256558434505093e+00
1.240635624311957397e+00
1.253434798305906872e+00
1.211089984017884369e+00
1.206314863017151184e+00
1.237192035536324397e+00
1.199262099284349903e+00
1.218041474181672967e+00
1.214006504361268890e+00
1.227440842832562495e+00
1.208735410480154426e+00
1.211574700174624653e+00
1.202306399181549690e+00
1.217275072354214061e+00
1.263859943447644074e+00
1.260061637774710253e+00
1.270295185253623504e+00
1.225367854972198467e+00
1.212287974937901636e+00
1.203693847645172177e+00
1.225094345802038243e+00
1.189006646547475565e+00
1.269161850859163998e+00
1.273042043138409296e+00
1.230664310867185751e+00
1.266664843451563272e+00
1.246736256411275390e+00
1.204654367154185390e+00
1.240758728968525126e+00
1.206810208342812052e+00
1.210049685159328980e+00
1.247783460703928426e+00
1.225145737789778311e+00
1.244650256464441940e+00
1.233904187032947464e+00
1.179568770670569533e+00
1.269401078033865371e+00
1.263299164225536231e+00
1.227879356775625208e+00
1.214499128811049378e+00
1.207159409825760088e+00
1.190236852124333167e+00
1.246255498596903877e+00
1.223812210683852708e+00
1.205070999259718834e+00
1.228376873603507446e+00
1.207717971456408579e+00
1.205694745131708823e+00
1.178197742450331376e+00
1.230666232620444500e+00
1.169083341037642887e+00
1.215759365352442334e+00
1.213903015242891126e+00
1.206773877912277859e+00
1.213460602698057444e+00
1.205852997990401132e+00
1.175933544436781997e+00
1.167341235255576315e+00
1.231604592830552347e+00
1.227776980435466569e+00
1.224724709892509367e+00
1.246583705742218662e+00
1.225361281739619557e+00
1.219418951504088078e+00
1.240522438235955427e+00
1.227399328994287053e+00
1.222405810370642554e+00
1.208622427711845138e+00
1.211969895768897132e+00
1.187380552718978688e+00
1.249694567772855258e+00
1.181041454287343084e+00
1.218040896683719065e+00
1.234604786190342862e+00
1.222130460915017869e+00
1.210011238912970022e+00
1.245698252508311343e+00
1.232127048148910609e+00
1.215160462559490062e+00
1.215998876359261294e+00
1.238389400125708528e+00
1.269679267414978607e+00
1.199857265705453147e+00
1.203695164281701757e+00
1.226720221639336472e+00
1.203391615117525459e+00
1.181980121722332022e+00
1.278828378574906166e+00
1.228865939274638164e+00
1.154754914596886728e+00
1.237540074569918769e+00
1.251256395189987103e+00
1.225669250613914629e+00
1.238522741244567849e+00
1.214096442872046655e+00
1.225519994034017346e+00
1.200612326193899015e+00
1.181689016039338513e+00
1.206580144702697366e+00
1.247427747567841250e+00
1.249752553162141178e+00
1.226933996843799779e+00
1.237830599968876788e+00
1.221736863207165902e+00
1.256229029399548169e+00
1.193274884347629961e+00
1.176240836090813424e+00
1.220891231193396598e+00
1.228310731084551133e+00
1.231162045595716847e+00
1.257399141919567365e+00
1.222552495490026869e+00
1.213680917424272199e+00
1.198434070913205085e+00
1.189018386694201679e+00
1.196793324082682908e+00
1.201202239340293687e+00
1.238341958522568120e+00
1.197738786068058392e+00
1.242869584883270928e+00
1.217473611168795600e+00
1.216872340452394674e+00
1.187029853830243287e+00
1.241699399375371549e+00
1.198577292285827545e+00
1.222821760725623319e+00
1.258440362074395802e+00
1.199673935240852085e+00
1.224262907058933036e+00
1.225309627562245929e+00
1.234079538088250771e+00
1.220399797807527165e+00
1.225712927341848557e+00
1.221164152727991725e+00
1.205732349095244293e+00
1.227834675585418145e+00
1.202789559626336713e+00
1.179430995271538496e+00
1.209444619605781757e+00
1.214733962264876954e+00
1.206228794266823057e+00
1.227052575443500215e+00
1.302503025199928555e+00
1.180729014078442551e+00
1.224510914781478110e+00
1.218708282343697213e+00
1.168763647837486319e+00
1.235786833189098433e+00
1.235934587271037444e+00
1.236834158727323052e+00
1.199076085562369665e+00
1.222870088579189218e+00
1.241282572349083901e+00
1.238818363006144896e+00
1.232909194632183958e+00
1.206544688648915731e+00
1.229030090548302256e+00
1.227258691164457405e+00
1.202824385829394549e+00
1.236264159429926845e+00
1.218906169280292717e+00
1.228498815384874376e+00
1.192403999495373457e+00
1.193431902378254028e+00
1.212078335647316818e+00
1.266465690169120695e+00
1.234771463856505491e+00
1.253687825456717642e+00
1.216403442364957010e+00
1.221106246609952928e+00
1.181938673004699902e+00
1.206778114537020219e+00
1.272359001154787173e+00
1.221448706483390767e+00
1.227502375961906589e+00
1.231731317044960194e+00
1.210395238107923266e+00
1.240670507536356215e+00
1.246707781188803210e+00
1.228136487248901565e+00
1.193988355055442874e+00
1.238415101095629689e+00
1.211760812234064177e+00
1.202240775006596651e+00
1.223922666784175828e+00
1.212939923873664894e+00
1.233972891548730022e+00
1.219092483653356540e+00
1.254903379020463339e+00
1.204048125655270196e+00
1.238077185524417922e+00
1.215427027081701361e+00
1.202955468110755488e+00
1.232157164851997555e+00
1.233011010273867614e+00
1.252697190948482975e+00
1.219369420365667755e+00
1.267552787156962513e+00
1.223498751277548369e+00
1.234421519341461382e+00
1.259867588567726626e+00
1.195047173992535905e+00
1.234547502809087982e+00
1.173508419841372108e+00
1.231258017158212148e+00
1.228656789759583035e+00
1.225103370301662942e+00
1.225211004687090321e+00
1.203401715924897974e+00
1.203724137361040114e+00
1.216102636366567014e+00
1.257520990192043220e+00
1.204255915754559370e+00
1.225059478077465513e+00
1.216831028967089168e+00
1.240139480362021374e+00
1.210038701395045546e+00
1.231594160263379978e+00
1.263295147246912276e+00
1.236444151167111150e+00
1.226251754528209226e+00
1.227451235293508969e+00
1.170463541890224057e+00
1.217881061854410696e+00
1.206962114649614115e+00
1.215516976519693371e+00
1.222853657430693630e+00
1.271856745717598658e+00
1.241955697179783602e+00
1.193851717358742626e+00
1.233991516403425193e+00
1.253661593817092745e+00
1.187254502373030984e+00
1.234602273662366523e+00
1.251785507975749612e+00
1.176795866672776025e+00
1.225294776629860749e+00
1.252354659700813277e+00
1.213837821897666869e+00
1.266836688655374132e+00
1.206234051287233378e+00
1.241260178112471468e+00
1.229331775840044383e+00
1.214690586289494112e+00
1.179143913781458997e+00
1.224425080406943644e+00
1.222080860038530004e+00
1.215358858774761464e+00
1.234959941134714967e+00
1.281459340085113308e+00
1.204342704137797870e+00
1.221050544105924063e+00
1.270582592203538086e+00
1.169279570354710973e+00
1.239785436901488902e+00
1.246521972196537043e+00
1.233475674766665087e+00
1.215516516880409847e+00
1.220874917246007829e+00
1.271260788999899471e+00
1.218375740403347285e+00
1.246951539857822144e+00
1.205134844442464326e+00
1.268845846555774592e+00
1.239370604848879731e+00
1.265850989829378381e+00
1.210888145568487895e+00
1.211494109301468391e+00
1.246329028380155579e+00
1.192869215713028064e+00
1.232334938345664099e+00
1.208957995982312239e+00
1.204991014393255178e+00
1.174101855330686561e+00
1.216592339052515737e+00
1.227013890836078591e+00
1.228722932064457485e+00
1.206016731220253879e+00
1.211346452182971323e+00
1.217659309936166112e+00
1.225363864093528932e+00
1.241967184005672964e+00
1.219921657349779975e+00
1.236496288794652010e+00
1.246157562198182411e+00
1.208729210914565533e+00
1.214928543202904665e+00
1.261230499323966914e+00
1.175001591462702555e+00
1.246657013446690998e+00
1.222655557442929641e+00
1.206851843547948056e+00
1.184240529002360320e+00
1.222437934696001260e+00
1.240155227972842056e+00
1.248231415623296092e+00
1.207373309282290030e+00
1.186659404076437108e+00
1.218335565392757225e+00
1.213232079862465840e+00
1.226555470600743547e+00
1.209342415047551578e+00
1.234242744928910840e+00
1.204022994409027048e+00
1.268348595444394045e+00
1.228447071287275927e+00
1.234499544346012501e+00
1.217342503662783848e+00
1.235274882244876027e+00
1.209028936198357052e+00
1.225088255612426735e+00
1.243147594058267469e+00
1.244977834934936967e+00
1.185424591165336050e+00
1.233676635211369943e+00
1.203337558636460747e+00
1.206639654990402599e+00
1.269899447258338032e+00
1.216094033144355269e+00
1.172162233027982614e+00
1.220194993906346115e+00
1.213180880580577270e+00
1.189643030652172584e+00
1.249581946293426116e+00
1.243039474646003839e+00
1.212694555443347255e+00
1.192063959012857888e+00
1.222479269333410778e+00
1.230039516734381833e+00
1.207704693755766501e+00
1.231065727590871850e+00
1.222915509566417480e+00
1.304732291399759436e+00
1.190296922491472120e+00
1.168801110470923277e+00
1.219219702508088643e+00
1.234985579356717711e+00
1.244983689461108378e+00
1.193272448986644418e+00
1.223026461269033582e+00
1.252400870716502412e+00
1.202097875263548943e+00
1.237276427452550065e+00
1.227592060625787740e+00
1.221629696495042161e+00
1.215345363241686627e+00
1.232428288800256233e+00
1.228281486472877937e+00
1.264024383110507799e+00
1.203789941625479587e+00
1.225103793254971540e+00
1.201238495863225397e+00
1.205933429201523577e+00
1.219738536932668538e+00
1.207909010356381652e+00
1.184275557059823791e+00
1.227875599310306098e+00
1.222815928156869569e+00
1.207753105541198968e+00
1.228306341173018179e+00
1.184911289242162713e+00
1.245425168842330121e+00
1.251405187349914572e+00
1.215898828982799662e+00
1.245698379637084630e+00
1.246638702042830893e+00
1.265638293023001237e+00
1.278166408026476741e+00
1.244606205602494464e+00
1.219331836197844465e+00
1.220750488258923294e+00
1.230718244206821632e+00
1.246295004150819619e+00
1.223545953113396534e+00
1.181265834874708043e+00
1.228907537274494421e+00
1.210702883152751097e+00
1.218229401990694516e+00
1.194354007048024746e+00
1.209198217194066061e+00
1.212789607666418634e+00
1.200090411232953125e+00
1.222399318277638480e+00
1.214009306855977854e+00
1.207725021211734084e+00
1.212546967052941849e+00
1.171621679367496727e+00
1.234144263393775809e+00
1.246193975002083176e+00
1.187276214730680124e+00
1.208533090022148704e+00
1.239403318922005726e+00
1.208709051102656362e+00
1.212258046893680330e+00
1.218438225473947867e+00
1.230251003022420964e+00
1.267265271150827433e+00
1.263783175063904363e+00
1.250403729472761460e+00
1.195897681226467446e+00
1.204163537438512899e+00
1.239362625828040132e+00
1.200421593748285165e+00
1.217575644229358822e+00
1.185049280505894309e+00
1.225311309511634139e+00
1.225512185719989100e+00
1.225476317802402404e+00
1.197240919748390864e+00
1.212963356254508573e+00
1.243614431017240340e+00
1.206038341112919854e+00
1.218620845886103865e+00
1.203228519636625693e+00
1.187865665641916646e+00
1.193214811941714748e+00
1.184591361970564805e+00
1.221353031150054225e+00
1.229089054495218658e+00
1.225087523044384064e+00
1.236547797988103881e+00
1.196671673377004863e+00
1.208629713561777175e+00
1.233747687100593238e+00
1.210157195772612049e+00
1.212140120443810032e+00
1.174477489185661971e+00
1.288960539942676009e+00
1.215209628305532474e+00
1.254628665518037645e+00
1.221093643534355566e+00
1.210374157886491275e+00
1.229141686038723424e+00
1.269379467291036123e+00
1.211102485087497405e+00
1.227197803568206957e+00
1.192885830003121983e+00
1.232620959091706991e+00
1.224130093029300870e+00
1.234310951066050377e+00
1.242324836488888584e+00
1.240879307902635009e+00
1.184627858801195144e+00
1.218818690117259740e+00
