1.115820746069478009e+00
1.105716265501246909e+00
1.141140503729844990e+00
1.093020206765435098e+00
1.133880336393101373e+00
1.108562322722214999e+00
1.144675549409307491e+00
1.143492778561089995e+00
1.088905333117077490e+00
1.166769608620748855e+00
1.111491923289311234e+00
1.068955169258015259e+00
1.122578361095944555e+00
1.139962538904185863e+00
1.112920486651419960e+00
1.105392607026044027e+00
1.087214197205230048e+00
1.123033060742221645e+00
1.103701387156462044e+00
1.116502414592531300e+00
1.134347268316420854e+00
1.125957458648637388e+00
1.139837720849666836e+00
1.121107860876549456e+00
1.149677376342758350e+00
1.128496091895625053e+00
1.134457697578739044e+00
1.098352764623118150e+00
1.108311227513141706e+00
1.130133933296931126e+00
1.077906445144621417e+00
1.167466353875975749e+00
1.165434406465093442e+00
1.164512737235039452e+00
1.123290947357507230e+00
1.152890284899871665e+00
1.118372367940820622e+00
1.134532300975089392e+00
1.109967406166993076e+00
1.122826823456561485e+00
1.132168100748786266e+00
1.133620503797037715e+00
1.125324690088489010e+00
1.123590337455565136e+00
1.138039916432511900e+00
1.114904423581350335e+00
1.125472983466314858e+00
1.131801261304524076e+00
1.142374687943245481e+00
1.076209166615244905e+00
1.112873139811770384e+00
1.145304899937769072e+00
1.128271086573342741e+00
1.163742316953529032e+00
1.127018622275984372e+00
1.106781710137100028e+00
1.119660628264638413e+00
1.117187554288360696e+00
1.100893331654461793e+00
1.128370181627649904e+00
1.130486089801547411e+00
1.137122972313004743e+00
1.126712520886815616e+00
1.100037260197203270e+00
1.132511526794418133e+00
1.126784956383581227e+00
1.137685864975304106e+00
1.122674311768036004e+00
1.138456803694740449e+00
1.121130892018904257e+00
1.134214175240707556e+00
1.110862068797230817e+00
1.180640809453949558e+00
1.138664509533149127e+00
1.131862202583198584e+00
1.134131287292665657e+00
1.129897927762641530e+00
1.115334510077879315e+00
1.101352448365145342e+00
1.083733144448052022e+00
1.089911191274623770e+00
1.161364215370833897e+00
1.126455447953752076e+00
1.031450455381310416e+00
1.124983453001103806e+00
1.139174495437148327e+00
1.104988615534224783e+00
1.170431844983995662e+00
1.125684444149215091e+00
1.106300272322659151e+00
1.150485004286299295e+00
1.129776426092032438e+00
1.137616711733474562e+00
1.103830196262373553e+00
1.095243393436937662e+00
1.125145460661125307e+00
1.113918776303639557e+00
1.129389182659283453e+00
1.080793900495094828e+00
1.119036280616445111e+00
1.158040956806054567e+00
1.155276577207797084e+00
1.118699277105887457e+00
1.161236634849107441e+00
1.109501348505139262e+00
1.127197404831024929e+00
1.119699900966449668e+00
1.120816589706535416e+00
1.142784864441365622e+00
1.166345425914381950e+00
1.126340622802738833e+00
1.095735060780142378e+00
1.103716746787703373e+00
1.126467178767753596e+00
1.138812804066173356e+00
1.121542021014925838e+00
1.121095945793986859e+00
1.128293338907023102e+00
1.114821356326958446e+00
1.106689912985245883e+00
1.116593811230168098e+00
1.125060893695258857e+00
1.117758233439321902e+00
1.100004110510403255e+00
1.160434403678543447e+00
1.122702578929717143e+00
1.137762404191066556e+00
1.149049980667362636e+00
1.114437278245046459e+00
1.153923388562331676e+00
1.110002806817922627e+00
1.084477766577507163e+00
1.104596535889662334e+00
1.146085766791607563e+00
1.096105843887241083e+00
1.119572978989373802e+00
1.129319958331733043e+00
1.136175687627957620e+00
1.123352913731241687e+00
1.119824774694800462e+00
1.065433432163542360e+00
1.147175417643425233e+00
1.105611868451338520e+00
1.095163095222050353e+00
1.129701277244412161e+00
1.161622702702225229e+00
1.140324795329080487e+00
1.152990390049555058e+00
1.124713910209059753e+00
1.122099663976815265e+00
1.142888280342160057e+00
1.136435972427706664e+00
1.090590805652004835e+00
1.076477275902046449e+00
1.122165460307150697e+00
1.153425445816974593e+00
1.134578275506529454e+00
1.095327673099531829e+00
1.121853143923379870e+00
1.129626200627494192e+00
1.148535219060035528e+00
1.146849800798621200e+00
1.104204808391481718e+00
1.130340032080094259e+00
1.096988326592790886e+00
1.115292688224196693e+00
1.118011225987664892e+00
1.132819060892537921e+00
1.097736683175794203e+00
1.115835600505745706e+00
1.081472278665974063e+00
1.107923452467860947e+00
1.109308813335599275e+00
1.126862359840169248e+00
1.108064708665442044e+00
1.152703168380829535e+00
1.089979626760033904e+00
1.089493792190631138e+00
1.101561881451635472e+00
1.141221608978176372e+00
1.118385779875920250e+00
1.120442757453869120e+00
1.145443260081673298e+00
1.132288153147650300e+00
1.104380567174513939e+00
1.131882207340765722e+00
1.109622252407026943e+00
1.104890967545075320e+00
1.055880167991000596e+00
1.146791549056481063e+00
1.095789354632006329e+00
1.137990894697996858e+00
1.148311948285110740e+00
1.088935358564256717e+00
1.143036838837967695e+00
1.106185082999631364e+00
1.150833723435010780e+00
1.143502710874193307e+00
1.167118985311667467e+00
1.136724136540806063e+00
1.168873458406646471e+00
1.102695588339241528e+00
1.125607763337007183e+00
1.146258610569064196e+00
1.115464105935010553e+00
1.154799249216501345e+00
1.126806521345041556e+00
1.078552004611874615e+00
1.093195695143256652e+00
1.131358801759632327e+00
1.135799307848274653e+00
1.122615197990870950e+00
1.089020392972865015e+00
1.130415073732238485e+00
1.118418669025521561e+00
1.102875605718902641e+00
1.135304784878028661e+00
1.110430578434276949e+00
1.112993423324704523e+00
1.112925301851632298e+00
1.143480855660140127e+00
1.132129180124685108e+00
1.107334160921433108e+00
1.131125431665209735e+00
1.094033840472686370e+00
1.129130895773626131e+00
1.097057956305570681e+00
1.069861208434024880e+00
1.113604314337155454e+00
1.104125935389731916e+00
1.089538684407268532e+00
1.115278332740492040e+00
1.107372138284007379e+00
1.176206474384303258e+00
1.133297623410801425e+00
1.109909416731449827e+00
1.118048571195537244e+00
1.128077110069473754e+00
1.126386501813043450e+00
1.118768511979836511e+00
1.097046272394121003e+00
1.148290917207456019e+00
1.123755042418660199e+00
1.141040111031417670e+00
1.111486592947894758e+00
1.088833911729648607e+00
1.107143941201444104e+00
1.118528229069121860e+00
1.117956960330047655e+00
1.097778832310097652e+00
1.123982255797048024e+00
1.130067792909951851e+00
1.163208949507258172e+00
1.082602125731241260e+00
1.137677088556281912e+00
1.107624262776474744e+00
1.172793192675922747e+00
1.114179029045653246e+00
1.112922047889581822e+00
1.095596011474502030e+00
1.128780899425105400e+00
1.162234945870044278e+00
1.118835348237081195e+00
1.119242835388510660e+00
1.103029379693632350e+00
1.093068569720072603e+00
1.115954752604443101e+00
1.095304114605649692e+00
1.091424483625635711e+00
1.140663677327749648e+00
1.113755193043566294e+00
1.124630747478054360e+00
1.098430713750328858e+00
1.118487973992382312e+00
1.119386313495584817e+00
1.144680165391955384e+00
1.134276551273596167e+00
1.122329437978839550e+00
1.113820135742036532e+00
1.115347384044438339e+00
1.104651039601073803e+00
1.079454851209326938e+00
1.115420989934464924e+00
1.106134302348973364e+00
1.104695203906658652e+00
1.132424287194292889e+00
1.119349384074793452e+00
1.154438121381072824e+00
1.074770598283481648e+00
1.113041102674434457e+00
1.110347533609879145e+00
1.113140149332048301e+00
1.147994978102976793e+00
1.152912154718634508e+00
1.153509200240308230e+00
1.136920417211368495e+00
1.141979786268594088e+00
1.127953640260885404e+00
1.121133622400648289e+00
1.127497335444200832e+00
1.110913854197273842e+00
1.140742301592037267e+00
1.100463410144857823e+00
1.128385890016819104e+00
1.136675494375209983e+00
1.116710612856574913e+00
1.118650212363835994e+00
1.120467084021620652e+00
1.099138001474056159e+00
1.101322574876079097e+00
1.114286950389912878e+00
1.150552645175956012e+00
1.104472155550680457e+00
1.127471610406250768e+00
1.082823814738288704e+00
1.087135036114336151e+00
1.117145633328840981e+00
1.144621945891248993e+00
1.126577016678528720e+00
1.101901960223143018e+00
1.127839044961445936e+00
1.072189385589224830e+00
1.173686374283260392e+00
1.157436571169015549e+00
1.116954199501808409e+00
1.124112211148620810e+00
1.142161443567406565e+00
1.117233200237599311e+00
1.147679007611636548e+00
1.122737253628222520e+00
1.105839809911856930e+00
1.110315722358501622e+00
1.104797546251062856e+00
1.114987035386563408e+00
1.102640445928519952e+00
1.127053600387125654e+00
1.123023029437847153e+00
1.096334832182366270e+00
1.124102263924292355e+00
1.117569234726334404e+00
1.106501927891682779e+00
1.096310154558781225e+00
1.105334328364754093e+00
1.143056760699916685e+00
1.072609587028137135e+00
1.113203479074507340e+00
1.175099640746655849e+00
1.161605506692737988e+00
1.135963306339145884e+00
1.142180077271890859e+00
1.111245364703945082e+00
1.126569471519338395e+00
1.145997258600302882e+00
1.132254793712302643e+00
1.106552856485652159e+00
1.133062058647712700e+00
1.134962271809211609e+00
1.103078383164314724e+00
1.105133860589093020e+00
1.137490516216449477e+00
1.093603587784889752e+00
1.117435572986567260e+00
1.132762586129829163e+00
1.144770801665054405e+00
1.140795745871468814e+00
1.135497771953945634e+00
1.101146997177013809e+00
1.114008114963069840e+00
1.121605648502648211e+00
1.108373680619447521e+00
1.119343055147641985e+00
1.089170416903327165e+00
1.118835133454021191e+00
1.161406617026231380e+00
1.144498131056243428e+00
1.094361499797359638e+00
1.157127702044715933e+00
1.149308410282579684e+00
1.129737986554987916e+00
1.119727457764011724e+00
1.095076431875561029e+00
1.172224235215248989e+00
1.134419628551599502e+00
1.153178482707162722e+00
1.111995561161633672e+00
1.163940486307967870e+00
1.098875656292167990e+00
1.149516991982886926e+00
1.128981860586280472e+00
1.136797762523026778e+00
1.089849543353131223e+00
1.105618549234751224e+00
1.117933806278216036e+00
1.111473406780083772e+00
1.113294534076075148e+00
1.169828715540725206e+00
1.142980550098654735e+00
1.023530633990088035e+00
1.106638583863545744e+00
1.133500377013270555e+00
1.150394490011166226e+00
1.136879800068911983e+00
1.142388052599625725e+00
1.118571355602016260e+00
1.102842435283011291e+00
1.102334118176454547e+00
1.147996410478362650e+00
1.142682625208412794e+00
1.100756715391513652e+00
1.160316393242655453e+00
1.130313744396851172e+00
1.114929510619060427e+00
1.103583687810616443e+00
1.122438262904087658e+00
1.129628393757561300e+00
1.123876828457256449e+00
1.130924534821798888e+00
1.101884211866521524e+00
1.115813286120976633e+00
1.114635802337998527e+00
1.167346716663976602e+00
1.102150659422064249e+00
1.144928406028677070e+00
1.120196291604315553e+00
1.130076246960165065e+00
1.076496810866010900e+00
1.075256453209137097e+00
1.116229988607456258e+00
1.111490271414149245e+00
1.106818661862607023e+00
1.133778903808531302e+00
1.120416224179356046e+00
1.153116119350458435e+00
1.128517480551076702e+00
1.123063464205013906e+00
1.118348656472038849e+00
1.138201977617115945e+00
1.081426065034400086e+00
1.098343574093637809e+00
1.119147327925946733e+00
1.100367549517117238e+00
1.123021350220785752e+00
1.123017072003078543e+00
1.121919747392932987e+00
1.146602127499968926e+00
1.128784147706649588e+00
1.143895578004506586e+00
1.119756127338094931e+00
1.105811519899514650e+00
1.112681197913782505e+00
1.130839445758053952e+00
1.093913058118658466e+00
1.105681147949206355e+00
1.148176410798042557e+00
1.081060968040007175e+00
1.112913053547484044e+00
1.134392503719768186e+00
1.138167270681449850e+00
1.112182409551430995e+00
1.140302268312983980e+00
1.114110484756043906e+00
1.091172155973726410e+00
1.123572512166266524e+00
1.111171774543702639e+00
1.120771806802848491e+00
1.126164632000074439e+00
1.126621005370913808e+00
1.155532898261037555e+00
1.140397277028842193e+00
1.132887575944680369e+00
1.145670776294865689e+00
1.112172032063293070e+00
1.132530767014694018e+00
1.135662881545788094e+00
1.121066470735067933e+00
1.102320125942275686e+00
1.112144197746225416e+00
1.134154234332323430e+00
1.118997302742193556e+00
1.111228778283822827e+00
1.124616330031193101e+00
1.123211951837866485e+00
1.148504736880712196e+00
1.152286193231757405e+00
1.141254707825966275e+00
1.099063413802052525e+00
1.117587740742378655e+00
1.147879870950272441e+00
1.137718595675077715e+00
1.122787444265120005e+00
1.097540855701018891e+00
1.125499034826506817e+00
1.119189645436179825e+00
1.117016705908855823e+00
1.153673359948996335e+00
1.152198792243650294e+00
1.127908481967905718e+00
1.142446863386442413e+00
1.131591760657389090e+00
1.166373744904614096e+00
1.127323230493811668e+00
1.130614146853183843e+00
1.132599303476147679e+00
1.142439663510558034e+00
1.115819896923898158e+00
1.134408190957605589e+00
1.102720283885234132e+00
1.161756792336185784e+00
1.119940769017597315e+00
1.119086246346710611e+00
1.118585618985000973e+00
1.094462719709729637e+00
1.101002573598305334e+00
1.114779887822495708e+00
1.066998378223711574e+00
1.123944344266795126e+00
1.110168410028967489e+00
1.099581447565270542e+00
1.103005709580815674e+00
1.126815320297022804e+00
1.104296127765732605e+00
1.137951604035743136e+00
1.096340072480966210e+00
1.118591612951444159e+00
1.125180978399209941e+00
1.112210934324910028e+00
1.120375307684875033e+00
1.152167628758102191e+00
1.097506719161206457e+00
1.153556747147000960e+00
1.134480812437117958e+00
1.172805540742608565e+00
1.159938198551141886e+00
1.086381657093671294e+00
1.107842085364115103e+00
1.106198466387432466e+00
1.116380241900552184e+00
1.205922084557305540e+00
1.101573200342703229e+00
1.124745005001440479e+00
1.137087494169479296e+00
1.114719578456704774e+00
1.100773949750541991e+00
1.132176946686112462e+00
1.138292010723615633e+00
1.106939760908223880e+00
1.102987688506511299e+00
1.091984627045139877e+00
1.137697792035743838e+00
1.127605412951601105e+00
1.113234832859055556e+00
1.124434380871670136e+00
1.124724426636766417e+00
1.139049569539240636e+00
1.122704599192915875e+00
1.127066681166361661e+00
1.116763186568525468e+00
1.125439522571584527e+00
1.092425694361976785e+00
1.106356638402897996e+00
1.127859336674920554e+00
1.110929175196590180e+00
1.141740291080313829e+00
1.127273482321340614e+00
1.144178177453500034e+00
1.129184751087097593e+00
1.131373830916266643e+00
1.092050484278245470e+00
1.134529480852460637e+00
1.172721856178198907e+00
1.106341327553597376e+00
1.092527295580825175e+00
1.124875231050861846e+00
1.109527385248864517e+00
1.108510886180925414e+00
1.112137066163765953e+00
1.094029609613997200e+00
1.111290344723127932e+00
1.149043959224183897e+00
1.131940266955786090e+00
1.116271481043788372e+00
1.129593330105398641e+00
1.131196308314131649e+00
1.129537565796538745e+00
1.130157797025164390e+00
1.138473520196078281e+00
1.142111301833681480e+00
1.153057359858417286e+00
1.117673684734253658e+00
1.153466353310172776e+00
1.120271288366281315e+00
1.112680330740271728e+00
1.102873386793292942e+00
1.109764492082397247e+00
1.093901803200352019e+00
1.138119697273666908e+00
1.098165191675108288e+00
1.120696045307029598e+00
1.119251158958862513e+00
1.090470958420023617e+00
1.144925674922797620e+00
1.130291929953077368e+00
1.099668495582071026e+00
1.133030416189521938e+00
1.073509249573471491e+00
1.162425648261718125e+00
1.134077812109679728e+00
1.125026511542645435e+00
1.125408059599243060e+00
1.094045218803734620e+00
1.092508954852652980e+00
1.138589258042999264e+00
1.093590455747023293e+00
1.116890103573007220e+00
1.138087207879403318e+00
1.117208427372831769e+00
1.128152326004447925e+00
1.112344834235166058e+00
1.133620030994118233e+00
1.130715209169928404e+00
1.158372942571050723e+00
1.141205870892384233e+00
1.118537345046880294e+00
1.068887185029238296e+00
1.098892593364811265e+00
1.103288762684268676e+00
1.098411335260252475e+00
1.103739915964358609e+00
1.067814163320429444e+00
1.124265671863632798e+00
1.122769593733297100e+00
1.146528719419077857e+00
1.107656821552247761e+00
1.137200749424914337e+00
1.106394607304302280e+00
1.106881265532189795e+00
1.118918393592850613e+00
1.123480517062013462e+00
1.094598618088829411e+00
1.098033054018176413e+00
1.096033843740195968e+00
1.157023596295011281e+00
1.129565231758517418e+00
1.134424373100365369e+00
1.113721275791108134e+00
1.127824171434805622e+00
1.115197784601043463e+00
1.091963799285688985e+00
1.140180631612682571e+00
1.158979647224297693e+00
1.097482008033360046e+00
1.125976223940554855e+00
1.131162106289850477e+00
1.116057262611981349e+00
1.100729487986991106e+00
1.112966740652636899e+00
1.149298618821248397e+00
1.088441119184164307e+00
1.123601125350709440e+00
1.133338334499941480e+00
1.107622673130421065e+00
1.121240244131809893e+00
1.146551843425750672e+00
1.102425715847972665e+00
1.098524543371826034e+00
1.093245160787225556e+00
1.118622537515955973e+00
1.115767703428309110e+00
1.126881278954818155e+00
1.099394029648074422e+00
1.109042112541479108e+00
1.086909277062067414e+00
1.091288278349249685e+00
1.158153950161966872e+00
1.131160076888231725e+00
1.131392624322629104e+00
1.109012805806883550e+00
1.140622936457888814e+00
1.101416863000878488e+00
1.133197226201218655e+00
1.117137387830052786e+00
1.082856786480770994e+00
1.110331702207273175e+00
1.109781995572033608e+00
1.103414026014256200e+00
1.131320622562958178e+00
1.095881253414419998e+00
1.129048754840705771e+00
1.137762998340749121e+00
1.098265499163267211e+00
1.141932991897137040e+00
1.132328624062977518e+00
1.086244688191423169e+00
1.130028887188732289e+00
1.129964584493607482e+00
1.154600948981858943e+00
1.110835161229462686e+00
1.100794982836896807e+00
1.106832145520197264e+00
1.117551567887517416e+00
1.112344565004965924e+00
1.111404825894217963e+00
1.136206266552927335e+00
1.128721153854978621e+00
1.091464367871550323e+00
1.118987049360618657e+00
1.147715856852107530e+00
1.148622175712816551e+00
1.147709091044468943e+00
1.114266685224502007e+00
1.111930120737930849e+00
1.140541547731959371e+00
1.127692725972733845e+00
1.158849342503359914e+00
1.162021551162974342e+00
1.136517377618596836e+00
1.124505006647190442e+00
1.098348897967270643e+00
1.082694752276589512e+00
1.103841571852171688e+00
1.123098482065583159e+00
1.154020675871967327e+00
1.097835687443931674e+00
1.108540852695346857e+00
1.147297651196956370e+00
1.146761766271645389e+00
1.130881501236149500e+00
1.154771076217949943e+00
1.124248919476808606e+00
1.123510239683866763e+00
1.147409263890087239e+00
1.142291576600100944e+00
1.141538994086317649e+00
1.135968887292515328e+00
1.106931121045615640e+00
1.126384604172486315e+00
1.126438905778178734e+00
1.113578427498486345e+00
1.114317225333536943e+00
1.090973247638091115e+00
1.116162377248422821e+00
1.132029148248051564e+00
1.104735748731156875e+00
1.124017905618852842e+00
1.114575326916171560e+00
1.125520990490898487e+00
1.127126904352889980e+00
1.126170650996206835e+00
1.092883181418081717e+00
1.119199910969702838e+00
1.115621403857609328e+00
1.106440905899646499e+00
1.147916292200055421e+00
1.153700776590852684e+00
1.094554056789952101e+00
1.081130658651881848e+00
1.137724504162844985e+00
1.146930489360752814e+00
1.131739351635388413e+00
1.148300248326978190e+00
1.116526464410398711e+00
1.093939011856843946e+00
1.090752948362135211e+00
1.146733583766259779e+00
1.106834931437034930e+00
1.113915699200807241e+00
1.103324690629373439e+00
1.133137144677740071e+00
1.129170787820073185e+00
1.158711232032276772e+00
1.148158724316574286e+00
1.120461089306690416e+00
1.132121010585318333e+00
1.146791656890219224e+00
1.106131721840238891e+00
1.084049160942409884e+00
1.143517354283350773e+00
1.142070950366081306e+00
1.133370065335259858e+00
1.130276183707471516e+00
1.116664800809619829e+00
1.086464106893526127e+00
1.151631046939628478e+00
1.112151959140597057e+00
1.150464466232565819e+00
1.087775110696812098e+00
1.117784441398438133e+00
1.109480625206146209e+00
1.117763585879103294e+00
1.092776028272273825e+00
1.165214483394208189e+00
1.136179681673022523e+00
1.119765667762904870e+00
1.098298219612401150e+00
1.136394694186082077e+00
1.148156033267831999e+00
1.130664112771156971e+00
1.102269400534792387e+00
1.134317036492521913e+00
1.111106168174392561e+00
1.103679274221350370e+00
1.113446674651986434e+00
1.100884578121456681e+00
1.108046462269348664e+00
1.116938140736474017e+00
1.137800567006071573e+00
1.118931140329173957e+00
1.154397224159489088e+00
1.154488658159932735e+00
1.159533618654660758e+00
1.125805745162305582e+00
1.148576691621966628e+00
1.030906062788062627e+00
1.114064056173231343e+00
1.126449656648689679e+00
1.091673180919627173e+00
1.126867267957260887e+00
1.145256225589321941e+00
1.117031504417952181e+00
1.127956140560902210e+00
1.099011385047807376e+00
1.136698934896065660e+00
1.132264477946064662e+00
1.148135682457481543e+00
1.143932281044756971e+00
1.123083863881851885e+00
1.108425376098784332e+00
1.103436695107955945e+00
1.109216258497901286e+00
1.136815115740648308e+00
1.128801892867859147e+00
1.141432331570157777e+00
1.131268588600139902e+00
1.113345726048347917e+00
1.102043048696080385e+00
1.119176461647181320e+00
1.131009991416891181e+00
1.133257305193886566e+00
1.187456584429769979e+00
1.138547594827324261e+00
1.134484113909730585e+00
1.112620432942345694e+00
1.106921540818570193e+00
1.148319349600435801e+00
1.159062284020460298e+00
1.109342160481141537e+00
1.098527315079130817e+00
1.132625231763295215e+00
1.119742645156855065e+00
1.145245222372468952e+00
1.149211858709190848e+00
1.099459561410650377e+00
1.116271791554388049e+00
1.122276405372841568e+00
1.135467279980336697e+00
1.107692364508375604e+00
1.130061161799598368e+00
1.130346856286851276e+00
1.132223960018380993e+00
1.107860864070559836e+00
1.152309694764224179e+00
1.121953267145180178e+00
1.125450341486957884e+00
1.104209287995388644e+00
1.120579372272774821e+00
1.126160755403685876e+00
1.111375223923725120e+00
1.060170510539570232e+00
1.109144655471888452e+00
1.145340455238609945e+00
1.147024961912941121e+00
1.099247112410717930e+00
1.111998306481896126e+00
1.105485047987677438e+00
1.102244920539572126e+00
1.152670501929896618e+00
1.068890591360895259e+00
1.154434413104512114e+00
1.143885095591233192e+00
1.100073680511590268e+00
1.115058146737035960e+00
1.101648387133647766e+00
1.117715170225163757e+00
1.123346338311638659e+00
1.105338638204978352e+00
1.117307625034371421e+00
1.129437588311368756e+00
1.106946073754534909e+00
1.101257561185468026e+00
1.131928258774554497e+00
1.128321652982074985e+00
1.126046086310420913e+00
1.136773173209471022e+00
1.132642705376708747e+00
1.130194198350376489e+00
1.087871639230773901e+00
1.145229735535632898e+00
1.121679700277934177e+00
1.144274517411377756e+00
1.122700022666374364e+00
1.085211980793042486e+00
1.136107384916209773e+00
1.126579296032067967e+00
1.090176325475790131e+00
1.118144439517464006e+00
1.107958789130238930e+00
1.160446695162493436e+00
1.138651759910396244e+00
1.113332549112714398e+00
1.121965298262221244e+00
1.100714018067252109e+00
1.110124852714239330e+00
1.108771952461068411e+00
1.130727596389779821e+00
1.126537393945893584e+00
1.149682182592945967e+00
1.100693874234837999e+00
1.081958595588971672e+00
1.124430534177686791e+00
1.075215024964832677e+00
1.172680548682596857e+00
1.111500155123877676e+00
1.119607385785540865e+00
1.131403730147013231e+00
1.120567248656146431e+00
1.118713061171953349e+00
1.104116751764418591e+00
1.125691347827505684e+00
1.124509690576477539e+00
1.154466263771986245e+00
1.075829259113100456e+00
1.140508577994200801e+00
1.145944879229286562e+00
1.120247617245696770e+00
1.159118181564668948e+00
1.154783817833650916e+00
1.100768367731663311e+00
1.140080691775078536e+00
1.139886139649369579e+00
1.075280723898959456e+00
1.102263240433947855e+00
1.133719120238570577e+00
1.126239557380294132e+00
1.135053395134336895e+00
1.095093122031037591e+00
1.139781380658243748e+00
1.145557508425232296e+00
1.114113618309674036e+00
1.153631009570535104e+00
1.120885274741173054e+00
1.095677723480436461e+00
1.105587088046437350e+00
1.113270655067030379e+00
1.112973060887211929e+00
1.135932301914430953e+00
1.133545659077619394e+00
1.112582813935839354e+00
1.102767585052076837e+00
1.134064551678082733e+00
1.139714457397282388e+00
1.116791865556295837e+00
1.128093574598611148e+00
1.105055837102506544e+00
1.149526878332770341e+00
1.116283114600855830e+00
1.100647438861330096e+00
1.120466493221803583e+00
1.131665656470552728e+00
1.129197117399045824e+00
1.138237922007153902e+00
1.093392349473980563e+00
1.154743938455841556e+00
1.129809427170220593e+00
1.116854613727246370e+00
1.134939696962197431e+00
1.123621979210288613e+00
1.104138156254890646e+00
1.101550744542342031e+00
1.135871723077573003e+00
1.119879898411983765e+00
1.110380187084006209e+00
1.120641443464238662e+00
1.135300203726684831e+00
1.141750617028043591e+00
1.153481071923084800e+00
1.139571187998383195e+00
1.137006706612365026e+00
1.117414887360099973e+00
1.098486415235082392e+00
1.121695872845276609e+00
1.073111967914126552e+00
1.097732133421879253e+00
1.122609772887972479e+00
1.118231895066646331e+00
1.112123251454140149e+00
1.117659291329027971e+00
1.114543382225631429e+00
1.130866494742438944e+00
1.134968285175920633e+00
1.122912249391205819e+00
