5.505931515417013422e+00
4.004066674636801437e+00
4.008688623654504291e+00
3.423949651062206723e+00
1.045782419079193115e+00
5.031941964135325129e+00
2.957194421643602134e+00
8.456198037323714445e+00
5.016357133817122005e+00
1.762644082456136463e+00
2.992028012561833705e+00
4.267161972263723513e+00
1.737466613319704312e+00
3.357443140389993808e+00
5.838501586794437870e+00
6.891519592051531973e+00
2.952227759917673833e+00
5.023232765649057185e+00
4.470931766735628976e+00
2.833971899043128850e+00
2.018998768223043250e+00
7.088757988668257681e+00
6.425069138227188503e+00
3.058020405620608173e+00
7.317600702348563857e+00
2.470859922331284597e+00
3.650146768046006684e+00
4.319564868202331986e+00
6.004955840640945119e+00
4.416218307822599165e+00
3.832182519289879963e+00
7.263868560963887333e+00
2.786322848219485504e+00
4.598105989134602112e+00
7.606105354464223200e-01
7.912713555241540853e+00
3.804135466565904178e+00
3.800606056654608267e+00
6.003508843996956834e+00
3.737769277703971049e+00
2.228144805685233543e+00
3.782514503173522336e+00
4.407425606428859055e+00
2.547259968825695609e+00
2.784051752728567308e+00
2.255089675659362580e+00
1.441439503314193349e+00
4.741056543048559391e+00
4.796287323382168566e+00
6.478603816385668956e+00
