2.963855031580029831e+00
7.746030049181986676e+00
7.422574423569118451e+00
1.661164522011522759e+00
3.428552971694144524e+00
3.661378702223687220e+00
2.387196772608739970e+00
3.709819609490914161e+00
4.828589674869665949e+00
5.057433546466790553e+00
3.158703602068007932e+00
3.841069493936167589e+00
9.266270528719076083e+00
4.303401585475352675e+00
7.119893933635198735e+00
3.990118175974606718e+00
3.971680445799866899e+00
4.232867765728725473e+00
2.644540633252232986e+00
3.696792996497273442e+00
5.061509386018067325e+00
3.439319952575315309e+00
5.303446865971137569e+00
5.815593686022439535e+00
3.749824668241283465e+00
7.153722599393465664e+00
5.092601291576452027e+00
5.427517196353123019e+00
1.535551317502548585e+00
4.597405245298372023e+00
5.671288563282273820e+00
3.767173783498888096e+00
4.620948283898830944e+00
3.115265602357637498e+00
2.727437960613509293e+00
4.286489765708815902e+00
4.538156986062070963e+00
4.281530733489967488e+00
5.902421461247883805e+00
7.477457566686206647e+00
8.128116170311846744e+00
7.380228927646814263e+00
4.773564214027338437e+00
3.058114153408555413e+00
4.285313811549745999e+00
3.053141389945794426e+00
4.777818978621644952e+00
3.745149868792986947e+00
7.623258806828698830e+00
3.970117054539702650e+00
