1.085588878221491971e+00
1.206906071964918725e+00
1.213525892159018182e+00
1.128560803508782628e+00
1.180618856439114239e+00
1.100490738230186505e+00
1.243116708867792131e+00
1.235028256291721194e+00
1.183878180522236923e+00
1.143280561296508679e+00
1.193012458938194520e+00
1.129908481500605077e+00
1.157731026404119845e+00
1.175991836095555465e+00
1.267814797999696541e+00
1.267621513786417076e+00
1.164458075940670412e+00
1.221295005463655103e+00
1.146335253945272470e+00
1.204464598947628584e+00
1.067350779456706755e+00
1.189587305564089759e+00
1.146855606189193910e+00
1.158055434760256519e+00
1.158738826426765955e+00
1.146894119348653041e+00
1.131687686441082530e+00
1.140985582304000490e+00
1.229782692716799852e+00
1.126263579336491683e+00
1.110860917965529326e+00
1.177142901678023934e+00
1.195962966690239604e+00
1.186028995364292626e+00
1.166275200372250298e+00
1.305612811646677196e+00
1.207078252619191439e+00
1.175316622399930733e+00
1.167734824640246805e+00
1.126402329825613391e+00
1.178192086807746453e+00
1.129295515470303046e+00
1.079011930547421283e+00
1.222896179123818206e+00
1.161028245686642979e+00
1.156251414002973599e+00
1.159620619638676464e+00
1.235936043256378847e+00
1.134485079480215930e+00
1.136233028656027599e+00
1.137659039591798926e+00
1.197641202461750654e+00
1.227345446063731194e+00
1.247280607799164720e+00
1.259613379054538518e+00
1.231694495738922424e+00
1.152302251395938448e+00
1.140968287446315399e+00
1.145016449566350625e+00
1.198318781510384623e+00
1.124609444410390235e+00
1.164184344330248644e+00
1.203114047599054270e+00
1.198184874088361607e+00
1.223489467506170048e+00
1.111627855385531882e+00
1.111995586729297214e+00
1.190526039237800537e+00
1.141896802686182433e+00
1.195242514699903280e+00
1.157558164488370123e+00
1.158769785438458211e+00
1.233081834048928016e+00
1.183499642223197368e+00
1.129990777032745974e+00
1.125972987678357073e+00
1.205952778014299343e+00
1.117490841234092036e+00
1.244400948118924211e+00
1.200623085843060434e+00
1.246549120041812841e+00
1.173798879219543956e+00
1.134046180931544523e+00
1.109265950065204009e+00
1.190108368050366350e+00
1.178786151824444239e+00
1.198386947066145902e+00
1.209384271673009659e+00
1.151584902824666523e+00
1.200381582896437038e+00
1.219723940210320601e+00
1.129468076721066083e+00
1.152732716219992959e+00
1.121198116232334119e+00
1.208539376728033021e+00
1.248097415771941776e+00
1.133864174748783649e+00
1.156068853268993113e+00
1.155443677444239370e+00
1.159738057941053446e+00
1.224679225263985982e+00
1.217239039729830496e+00
1.140330452191133492e+00
1.187513166423777244e+00
1.172687360165011849e+00
1.200050887967249347e+00
1.157514363504745125e+00
1.155123280402430730e+00
1.215212941386684786e+00
1.186184310774220707e+00
1.189891540734815623e+00
1.240787028083381704e+00
1.162979583567254727e+00
1.144320356492752655e+00
1.199489930399787019e+00
1.178197901819970417e+00
1.146754191499835818e+00
1.205944604650337038e+00
1.157985752278531066e+00
1.301113676557817289e+00
1.193708026833150804e+00
1.159942979329407597e+00
1.217740075944454992e+00
1.170090920404334600e+00
1.239637969593370359e+00
1.180809617943788359e+00
1.189196416941587620e+00
1.273982676526660640e+00
1.082697210633406737e+00
1.141263191194107129e+00
1.191764368548764663e+00
1.160508768738523599e+00
1.108941593221015376e+00
1.210345050132958011e+00
1.179402498806898514e+00
1.131219675109324196e+00
1.093558567940939197e+00
1.088618513146061506e+00
1.169799629116287099e+00
1.120495765051399362e+00
1.047115239634700989e+00
1.206303925928677634e+00
1.122271518124112744e+00
1.154019363121324693e+00
1.162466727454675608e+00
1.163654463209857548e+00
1.139823742950911045e+00
1.112559547061766407e+00
1.210926922396587280e+00
1.119330574575585713e+00
1.179706430325318633e+00
1.168625289780053089e+00
1.123652709587187992e+00
1.068077806332596857e+00
1.183967971288157228e+00
1.186084523339771657e+00
1.198490837064101200e+00
1.228262033555327593e+00
1.164853652992263289e+00
1.214932259793501501e+00
1.190356383388892159e+00
1.157849338907539272e+00
1.150156591066218148e+00
1.203761674792557690e+00
1.149902812253477125e+00
1.163056885506747129e+00
1.238043512880011132e+00
1.185920739732671425e+00
1.070684803471130708e+00
1.203604678342959922e+00
1.178220819150464171e+00
1.204464063044720534e+00
1.168725672415713346e+00
1.237859461414161366e+00
1.163206272894062421e+00
1.120474893532507954e+00
1.161663506593152428e+00
1.115011900793844379e+00
1.188862945880729827e+00
1.158175082533461353e+00
1.211222326991912235e+00
1.148078877706391943e+00
1.169495896540450497e+00
1.169531694467482508e+00
1.170864368259052046e+00
1.211609184824540497e+00
1.089412717131856834e+00
1.131426233784383895e+00
1.148035736584657185e+00
1.140422213908860227e+00
1.237831930374584388e+00
1.153971594703412373e+00
1.219651077911900305e+00
1.192182062847761070e+00
1.145859582268245802e+00
1.220089503923414753e+00
1.236380858507254654e+00
1.162009739420800214e+00
1.233409017613137371e+00
1.226158720755041509e+00
1.161077815866595975e+00
1.224773254150110846e+00
1.198231842289403160e+00
1.191082062944526676e+00
1.140663183204766673e+00
1.185350262499218932e+00
1.196245595089253655e+00
1.174186183597824451e+00
1.201003026617493363e+00
1.178984497222905325e+00
1.115564711853643143e+00
1.158282492763241578e+00
1.191269770460809063e+00
1.158924127043956531e+00
1.257498941360172484e+00
1.228453719870600036e+00
1.253817300287787928e+00
1.125104052215738060e+00
1.190900939421441374e+00
1.131302939673668684e+00
1.194803888283912485e+00
1.172658068797025388e+00
1.121038353432151080e+00
1.213287964517450357e+00
1.136826825719968515e+00
1.152542526559358294e+00
1.179034957038594289e+00
1.228398342758805439e+00
1.114153235226210903e+00
1.170711314142051096e+00
1.115211373021116614e+00
1.157623723755683676e+00
1.183881001996844651e+00
1.169996315200513948e+00
1.131546205087936352e+00
1.113792120828184018e+00
1.190224809199368350e+00
1.138245176477677756e+00
1.295759436592026859e+00
1.119402542595835381e+00
1.132929814359914911e+00
1.141528643101746843e+00
1.163352776384855902e+00
1.194639220543176839e+00
1.210291725475950875e+00
1.094871944656527374e+00
1.154112637324738788e+00
1.232804578285652930e+00
1.209127907095516541e+00
1.112363498718204280e+00
1.071567684409580279e+00
1.167484083972427644e+00
1.109088434176857429e+00
1.153157989521117921e+00
1.192673065509087804e+00
1.208640893759067136e+00
1.133113043742049575e+00
1.206138800941020550e+00
1.149617614616653460e+00
1.138712939862871476e+00
1.148676156289699213e+00
1.184467965561306180e+00
1.183960653396792129e+00
1.221830683372210569e+00
1.204420041843637934e+00
1.102485783027522759e+00
1.102243923282658411e+00
1.183033494973383837e+00
1.177636047875000092e+00
1.101123053752139702e+00
1.244889793799739852e+00
1.184057440086740964e+00
1.222865564710490460e+00
1.103278973746206093e+00
1.101465717930423027e+00
1.188150997576741030e+00
1.192551217849886491e+00
1.204923320196312986e+00
1.207195998614357224e+00
1.181733571467011856e+00
1.222386971665234467e+00
1.203877103985902863e+00
1.205145506333582528e+00
1.102530956988707178e+00
1.177252041286796391e+00
1.157663803212101605e+00
1.094962765799964322e+00
1.247850894292235280e+00
1.215091299072059039e+00
1.160388088569657361e+00
1.298980073686186509e+00
1.266955041700694951e+00
1.223800692275666346e+00
1.139363355091044916e+00
1.186125473011652387e+00
1.194101005930107151e+00
1.326816420223029480e+00
1.259428521698299219e+00
1.142150126150377476e+00
1.134855612840049099e+00
1.189289664999164220e+00
1.107966026478670818e+00
1.215203941885257821e+00
1.155192844022739029e+00
1.198413701882850457e+00
1.120937571754251794e+00
1.226376287687589661e+00
1.153053988645939887e+00
1.199051305724874394e+00
1.119536001130386316e+00
1.083101046697222847e+00
1.093134021461794392e+00
1.185945232351806045e+00
1.165706445648057477e+00
1.205652737294404808e+00
1.236474793082003254e+00
1.276346027869199595e+00
1.057332820331667644e+00
1.133585375787605543e+00
1.164863468374677913e+00
1.171501501552366653e+00
1.305344582724667690e+00
1.205681941644547006e+00
1.269397012754488019e+00
1.184074266731805825e+00
1.141775701377976571e+00
1.183162288624371117e+00
1.215141971845631552e+00
1.201500377156704547e+00
1.218550943018051447e+00
1.139964310457916019e+00
1.130417526089302571e+00
1.172923086429414674e+00
1.208410022636175141e+00
1.221493359687178870e+00
1.259732045433137326e+00
1.170770088407713461e+00
1.142922750022209666e+00
1.184669775041491846e+00
1.175640749377992567e+00
1.173325742593801069e+00
1.136265617754502300e+00
1.144129332425644519e+00
1.164421502834843469e+00
1.147904166741122056e+00
1.215056375370898500e+00
1.203616465650432232e+00
1.195727849340657123e+00
1.214859714519487044e+00
1.209359158715471727e+00
1.031003620795507336e+00
1.201575500441669275e+00
1.262407332585764097e+00
1.134411526350891375e+00
1.164957587881270795e+00
1.109597494034513909e+00
1.143519751535997608e+00
1.192541700384563308e+00
1.212276983253600671e+00
1.183451945377037795e+00
1.207350799666938590e+00
1.203261939329230312e+00
1.236278309482856219e+00
1.188490545599389714e+00
1.197977808357144403e+00
1.242952568177098316e+00
1.152809349046768572e+00
1.153661218586231829e+00
1.143620952261683366e+00
1.217692545863790388e+00
1.197043770103021876e+00
1.189179700661074701e+00
1.151423734775625984e+00
1.197434418042629511e+00
1.165364187776086968e+00
1.174400859136485176e+00
1.214774426930908868e+00
1.208076876223064033e+00
1.135233694449070407e+00
1.141920289043528935e+00
1.208835075114204738e+00
1.132021129192312792e+00
1.196968661763958108e+00
1.259468783436066719e+00
1.241288069661730331e+00
1.167015198844784996e+00
1.151361723561823425e+00
1.154478356830384245e+00
1.142688357760490492e+00
1.086959469195581285e+00
1.172130784873778309e+00
1.113266752170527285e+00
1.167822971089169437e+00
1.243328790578873466e+00
1.216815083656417551e+00
1.184637363763871853e+00
1.183732103545142467e+00
1.199070839271415556e+00
1.194082278576293898e+00
1.083055313750445281e+00
1.200329770864553502e+00
1.170793056646582730e+00
1.208019714244161325e+00
1.212182816230521931e+00
1.175152883632450074e+00
1.244022127234637010e+00
1.147888959913863971e+00
1.172158518025153695e+00
1.157703959850904907e+00
1.202916774704428260e+00
1.160922255151128013e+00
1.146014187811825957e+00
1.171968728262488435e+00
1.199281877091478377e+00
1.196962481349649110e+00
1.228887146167635169e+00
1.084131622424441943e+00
1.233720533491245774e+00
1.172400969638592194e+00
1.161604132952694712e+00
1.181017809456525569e+00
1.209547095687074414e+00
1.188756640621279947e+00
1.162165614755296339e+00
1.264549307489155394e+00
1.239770148322280274e+00
1.131637674147191852e+00
1.168424684808997860e+00
1.267216146234036334e+00
1.199208479389428428e+00
1.168484366288913945e+00
1.218685433670041229e+00
1.216968410618846752e+00
1.193562707011159407e+00
1.130142095740629848e+00
1.142445896839600294e+00
1.112976227841361077e+00
1.188325806508765181e+00
1.161841649475812144e+00
1.168817050227436427e+00
1.222782000574369254e+00
1.105945430822812492e+00
1.168264490967358071e+00
1.119141217027786128e+00
1.191617303727791066e+00
1.232509356090791819e+00
1.134235656322436725e+00
1.095915896390275313e+00
1.108456003338761819e+00
1.226275353534048040e+00
1.298276647805438833e+00
1.252933024619363511e+00
1.202592479365061306e+00
1.175201886369708237e+00
1.114917359713406109e+00
1.225447286039662131e+00
1.210944613702332306e+00
1.225173013830647140e+00
1.151549403822678563e+00
1.209857663797822669e+00
1.196027346906137101e+00
1.176145670473714766e+00
1.180443255308380568e+00
1.243646888465459899e+00
1.212194505369212250e+00
1.284808519486291489e+00
1.119812380218672354e+00
1.181321121998655688e+00
1.097384943183931760e+00
1.178680175353365334e+00
1.155394474447004605e+00
1.169393181719666330e+00
1.207511288582731490e+00
1.134669915728035994e+00
1.227115351417395361e+00
1.187745201472961254e+00
1.175721368627802521e+00
1.208182353978377810e+00
1.197913000634818204e+00
1.202123362373532345e+00
1.151685329862307761e+00
1.188979981459170165e+00
1.201417970354963671e+00
1.123864223457833766e+00
1.153332022716467842e+00
1.153829515400119465e+00
1.218864531355332792e+00
1.132763617700116354e+00
1.099200889557302219e+00
1.175530519084638792e+00
1.177697672374171445e+00
1.198231855928325817e+00
1.120911407097325396e+00
1.121873280417240215e+00
1.049785697367924486e+00
1.198758213729040900e+00
1.132391139714384209e+00
1.159302661872678497e+00
1.135519878800247184e+00
1.262896144099648899e+00
1.148513414445980096e+00
1.182875164438190518e+00
1.221188939579311183e+00
1.252012428665104204e+00
1.111084423933171861e+00
1.110503906924184214e+00
1.243720157728988029e+00
1.250278059669115427e+00
1.142197098948821488e+00
1.146532549937791856e+00
1.192290938556760382e+00
1.232031344608930157e+00
1.231219368054554675e+00
1.242510325735691756e+00
1.189595696169513994e+00
1.230014158750299735e+00
1.121372607770200203e+00
1.163173619111316448e+00
1.134896992171150476e+00
1.214390144601989796e+00
1.168200689798469583e+00
1.168251505175886384e+00
1.198312764053464541e+00
1.192561924551273522e+00
1.125093471051308969e+00
1.156354413696224936e+00
1.200296214013481855e+00
1.221205149150530689e+00
1.211258259896816458e+00
1.233065614630827866e+00
1.188299196357130327e+00
1.141988579355464051e+00
1.151119205692127556e+00
1.200712065116874117e+00
1.190858033285026707e+00
1.086901259159420041e+00
1.223386155327850444e+00
1.194247988809362893e+00
1.193457039899863403e+00
1.108179677139176977e+00
1.167991746193027369e+00
1.204777735099466840e+00
1.116908400708411353e+00
1.218748269799345252e+00
1.274739623948667244e+00
1.211782237915141280e+00
1.131332337005598987e+00
1.216381329899327568e+00
1.163298911710511474e+00
1.239311196893099210e+00
1.168393440782492743e+00
1.217591604983345732e+00
1.188164813841231959e+00
1.215833440303344171e+00
1.226331918392981057e+00
1.111249434957252147e+00
1.194934484791363882e+00
1.164787006629736776e+00
1.237006983742384492e+00
1.189491071996396698e+00
1.232131667295403910e+00
1.121387392967283514e+00
1.158326696302107717e+00
1.223558872868565350e+00
1.080809546438689095e+00
1.169374198863272429e+00
1.158505711804103333e+00
1.159981304257659440e+00
1.210227988442518221e+00
1.129551629805183310e+00
1.185892839545931166e+00
1.174889647955293492e+00
1.179845681044974004e+00
1.255522587683646440e+00
1.153082280387897951e+00
1.220807633723437702e+00
1.129845915520714561e+00
1.167733392576472573e+00
1.154693637857277855e+00
1.055888283810896944e+00
1.189861228603623866e+00
1.186910781909182200e+00
1.129606137559883150e+00
1.130828522592586260e+00
1.155810821135486499e+00
1.145827882534216302e+00
1.239707640934197386e+00
1.175670281117347171e+00
1.173949740583887236e+00
1.252317478499159087e+00
1.124597215029638386e+00
1.194285480307946345e+00
1.212017613632864865e+00
1.118438285777775043e+00
1.124047678166645747e+00
1.207259524696941533e+00
1.266014091365313954e+00
1.152344307218314157e+00
1.152053157720133614e+00
1.114780770868860404e+00
1.183158100112446931e+00
1.155939977640102478e+00
1.153592344138548054e+00
1.233735463378367703e+00
1.221346191692094907e+00
1.248751857095153905e+00
1.167681510554812618e+00
1.172978564818321301e+00
1.198088826883469515e+00
1.159461246534891021e+00
1.183400099874134304e+00
1.242846893093761951e+00
1.107315528832851337e+00
1.234815643783665484e+00
1.166057478723939500e+00
1.187322069964563687e+00
1.174144538384223502e+00
1.120408029225702373e+00
1.088757400599956293e+00
1.192236646967182345e+00
1.169236120836455006e+00
1.231536784360653281e+00
1.164064252673477018e+00
1.160345482514456128e+00
1.108949003484103413e+00
1.250231942780613226e+00
1.200984325038658485e+00
1.292847138243157445e+00
1.125210477240244922e+00
1.173602025978067731e+00
1.141647699365843760e+00
1.132141530049954437e+00
1.177233778182447343e+00
1.179283481853425686e+00
1.174755564277861097e+00
1.188502196698042024e+00
1.167691751916193121e+00
1.218818193019540308e+00
1.201475372639039252e+00
1.231242954361462472e+00
1.201161041108701255e+00
1.087393838341554453e+00
1.168705850157770287e+00
1.227526769961088116e+00
1.139251211073644354e+00
1.076793332284706306e+00
1.148998539109415296e+00
1.145361439580590224e+00
1.221875118477416367e+00
1.097164320404458548e+00
1.148716176579891002e+00
1.182947444824635541e+00
1.089539153235950186e+00
1.171277268466271781e+00
1.151918958789651004e+00
1.175464794324109885e+00
1.117687957891004169e+00
1.140902580096653463e+00
1.181377437414881104e+00
1.128119748535338474e+00
1.163500711160103451e+00
1.199970409022174112e+00
1.221081274426197405e+00
1.179094712178582194e+00
1.060337954983043840e+00
1.200968326971157296e+00
1.174623456341345129e+00
1.162502838014711548e+00
1.161827854424918316e+00
1.255862873899758592e+00
1.147800017442633269e+00
1.246552294992562926e+00
1.119525081133501132e+00
1.180660503435236430e+00
1.122428694112130643e+00
1.162730776803727162e+00
1.291199419432696116e+00
1.224302929509893945e+00
1.113640902136018074e+00
1.147211258797444344e+00
1.288299901099644540e+00
1.191102633197967053e+00
1.113657647511434590e+00
1.184125533974445421e+00
1.114863276895391442e+00
1.213444222775764469e+00
1.141272775336241274e+00
1.145357880307876108e+00
1.181812055921177107e+00
1.183726957816408243e+00
1.128570193182962145e+00
1.113566792835630093e+00
1.244539590666816409e+00
1.229671451430572882e+00
1.155016768247689729e+00
1.213935886177077927e+00
1.121257651795793953e+00
1.122377894701755086e+00
1.150462340290963947e+00
1.209737428998687747e+00
1.175240711296276164e+00
1.140864420245493838e+00
1.133588344730886988e+00
1.212266906706815028e+00
1.135973494300140496e+00
1.174735595181871428e+00
1.046667886173985540e+00
1.163182335150426461e+00
1.177486059597606660e+00
1.131123610596021622e+00
1.194280318171934363e+00
1.253177038016338951e+00
1.170197775546012009e+00
1.158449034380395259e+00
1.217459264784937600e+00
1.204836231682543612e+00
1.126833618433370043e+00
1.117414573455220772e+00
1.110692719545472995e+00
1.231979946373516599e+00
1.203076471322268581e+00
1.135758192363268249e+00
1.087326434168908618e+00
1.195562640075613636e+00
1.216161186345416478e+00
1.105898553344409452e+00
1.144676595728659541e+00
1.209329403614481935e+00
1.129172085208704379e+00
1.155228214799674191e+00
1.241442438282291949e+00
1.079156809703279984e+00
1.131233812743665634e+00
1.248994719935873521e+00
1.268869522391011362e+00
1.115877712101563946e+00
1.160899544339833556e+00
1.178512469358519166e+00
1.140710716009342374e+00
1.134487817879197724e+00
1.075267465785324283e+00
1.150418659064840643e+00
1.146876159685932484e+00
1.183332478829257628e+00
1.226303477543714049e+00
1.194577719719620568e+00
1.189690835439783934e+00
1.238577061203551599e+00
1.238986892433340925e+00
1.166057980616788781e+00
1.270482210852088345e+00
1.150533224585625014e+00
1.132791791209077914e+00
1.140305218768291828e+00
1.212188688342110909e+00
1.149314427646750847e+00
1.148846997706382433e+00
1.194067513006897618e+00
1.231736776381203935e+00
1.224289556922897093e+00
1.138262888646633941e+00
1.202590028853906867e+00
1.171934487907621891e+00
1.211993654437684143e+00
1.229866164607690493e+00
1.235817563736354430e+00
1.259787008211294079e+00
1.313865269033740901e+00
1.199270027299110808e+00
1.155106184956391058e+00
1.139324564502609993e+00
1.143497449290368451e+00
1.169713989091406336e+00
1.149842609334176480e+00
1.230525461009142507e+00
1.093177744815077235e+00
1.196496423346394833e+00
1.178058070039953886e+00
1.145131703534605583e+00
1.150860831275146268e+00
1.144564872256241816e+00
1.158443778932064072e+00
1.169977923028451050e+00
1.148065153919967996e+00
1.167597026376950398e+00
1.077504105536242429e+00
1.184077188173287221e+00
1.327184932784986504e+00
1.201682930651935655e+00
1.242969555717600150e+00
1.195643964704330209e+00
1.098331217808525162e+00
1.222254733558031825e+00
1.168851595478910488e+00
1.154705285996670439e+00
1.173985453365044895e+00
1.140800439908657760e+00
1.123258961889778362e+00
1.198964807798370114e+00
1.154070355951972715e+00
1.190340216675478846e+00
1.198066747000556376e+00
1.165518163952905528e+00
1.199051013976126567e+00
1.077775149652766995e+00
1.243234733699355665e+00
1.129621698355363746e+00
1.208575207377497573e+00
1.125373221172978999e+00
1.210911876079456828e+00
1.213050377993435180e+00
1.077832016290698913e+00
1.112912218828584043e+00
1.167146238222639409e+00
1.141791220685085539e+00
1.224137912284161356e+00
1.081858931907285992e+00
1.204754493597393061e+00
1.259774754873068447e+00
1.139727404339048844e+00
1.166831106570586973e+00
1.123534236259128960e+00
1.220186670502970250e+00
1.180330775726825765e+00
1.184438477920565003e+00
1.184610646346911711e+00
1.174817720761152762e+00
1.190243484694800458e+00
1.123785560578572928e+00
1.246499424199571493e+00
1.194729492857530051e+00
1.196427044032122744e+00
1.150190004861402659e+00
1.149337104713667790e+00
1.180056011823264361e+00
1.178193664715476263e+00
1.184716563987826987e+00
1.233168166509222674e+00
1.105499009772028973e+00
1.200033444861860588e+00
1.139462417566005525e+00
1.239189233113362265e+00
1.178638950172265387e+00
1.077351922044288202e+00
1.060403653718245298e+00
1.179063891563038480e+00
1.134909757675842679e+00
1.122632917484771564e+00
1.273463140870686017e+00
1.243250106529828702e+00
1.266824252797849937e+00
1.177527046590533866e+00
1.234912661958828428e+00
1.171623531714084621e+00
1.176399510578352015e+00
1.172292315233687043e+00
1.195363141710163779e+00
1.211303992127428453e+00
1.115018625876401437e+00
1.183159108311031327e+00
1.186648938512949503e+00
1.149527465386285252e+00
1.148800394122962087e+00
1.243972552056136438e+00
1.219003650960834850e+00
1.129897296531031214e+00
1.178997497100053193e+00
1.174599903121857913e+00
1.212592773179450134e+00
1.192318931749206223e+00
1.129809493831965606e+00
1.082688076836747948e+00
1.164942885247515436e+00
1.192336092692148242e+00
1.170019748818910355e+00
1.181043010989859976e+00
1.225388972541617383e+00
1.146771918224753106e+00
1.145423582751516234e+00
1.149580702158013557e+00
1.228094747253345886e+00
1.185155723858334120e+00
1.156955988189867002e+00
1.158383864547689823e+00
1.183589414846172749e+00
1.122571966218097295e+00
1.140611760673247987e+00
1.132378967657663660e+00
1.183079258115850907e+00
1.214775571349443473e+00
1.114849860413944516e+00
1.159704815062096772e+00
1.060197711702708379e+00
1.173737141592401390e+00
1.178237109294677509e+00
1.155337766631528762e+00
1.189243008884359076e+00
1.218097905847330686e+00
1.138468331695519087e+00
1.139381974226070238e+00
1.175222339420550099e+00
1.156436799091424161e+00
1.152417282172351287e+00
1.140696594031935795e+00
1.163464986773473875e+00
1.144245292748220066e+00
1.159378658245724392e+00
1.204713369030943282e+00
1.156480459907119229e+00
1.147771019424244310e+00
1.169434388493026722e+00
1.164373278638468845e+00
1.209844530068002300e+00
1.120507918286157256e+00
1.232386117881601573e+00
1.154967104938237288e+00
1.255697966457530512e+00
1.164199313680373882e+00
1.166161586165276098e+00
1.061787618537408440e+00
1.122146921052620261e+00
1.133585029806244648e+00
1.183129903248488546e+00
1.206581181998100716e+00
1.135745143618942743e+00
1.209954809309611301e+00
1.141711674941634724e+00
1.200038494806608291e+00
1.165655254775477490e+00
1.187954178822884455e+00
1.180553592836727450e+00
1.117425327912674460e+00
1.162022738320020121e+00
1.198413380456934130e+00
1.181474816156252938e+00
1.254350835114202312e+00
1.253579670782486222e+00
1.209730566921253470e+00
1.154742570255243850e+00
1.316969642288136066e+00
1.211846105464359002e+00
1.175479204119041832e+00
1.213113469931816013e+00
1.137758562173300181e+00
1.173796778284088349e+00
1.129715253763091232e+00
1.210109334808283199e+00
1.196775821754022973e+00
1.122783244238558575e+00
1.175871170246230113e+00
1.189966849196548493e+00
1.249823517675970441e+00
1.177395895022515404e+00
1.192295247646367518e+00
1.128647304427642828e+00
1.229244546130665583e+00
1.090152055645747575e+00
1.193462202249228277e+00
1.163281865829660866e+00
1.187394940244691277e+00
1.213329661267254611e+00
1.174611107382806052e+00
1.212970814415254006e+00
1.174856298553703438e+00
9.907701047516538351e-01
1.231285632364649052e+00
1.190611348083627119e+00
1.182082049577572347e+00
1.164943810516490652e+00
1.161342477512106397e+00
1.100007878257690530e+00
1.097180311393857632e+00
1.193285010727895612e+00
1.144336530871836510e+00
1.289171531737436149e+00
1.206823216606985216e+00
1.182389473355508258e+00
1.125255304310605720e+00
1.208670682943658647e+00
1.224726401964566502e+00
1.201712573822365515e+00
1.197526549961788422e+00
1.200924540961281206e+00
1.156917037309741492e+00
1.211997089196705568e+00
1.135720058344533712e+00
1.139172452026646409e+00
1.201620583408548271e+00
1.185403760110641302e+00
1.181735099666318733e+00
1.104085458709860967e+00
1.200320163261193063e+00
1.153893450167088996e+00
1.198189184424328424e+00
1.149532776312184312e+00
1.271776324355076815e+00
1.205324730334519145e+00
1.181378575838910150e+00
1.147144574426063990e+00
1.079388083906158702e+00
