1.410837992084069237e+00
1.370837828283485660e+00
1.378748544769582196e+00
1.425550711543097870e+00
1.410741494992788780e+00
1.423625089976818137e+00
1.407408840232955205e+00
1.344574536634115303e+00
1.404698226798778427e+00
1.349099463951026756e+00
1.355946025932548871e+00
1.378249169101741778e+00
1.403933204385381384e+00
1.346640646481209957e+00
1.352973074564186584e+00
1.386747348004700342e+00
1.386793062774414942e+00
1.344795465938697587e+00
1.375594025039740487e+00
1.351318046406339679e+00
1.362132932907440086e+00
1.375294128242560365e+00
1.341582754958162926e+00
1.430667296094731311e+00
1.433484834840444755e+00
1.383494781158889575e+00
1.372078265756766058e+00
1.374806241017146213e+00
1.307696612145642590e+00
1.333293990875220825e+00
1.386037225139608919e+00
1.323860171788120210e+00
1.448762132717401396e+00
1.348739401623651135e+00
1.318906451742343666e+00
1.375229885373641547e+00
1.434352101517318845e+00
1.392299247696102471e+00
1.324445599022716413e+00
1.424821033237016588e+00
1.330655267394071695e+00
1.343914277360494625e+00
1.369618821283366206e+00
1.378178987530288113e+00
1.377741415188147966e+00
1.349703413266151397e+00
1.369313030209485582e+00
1.475074016754293504e+00
1.440369205725053448e+00
1.334765464731313189e+00
1.353698497871530071e+00
1.336365447550716068e+00
1.447264052982918603e+00
1.381462998837917899e+00
1.363475371557085980e+00
1.399206140139567234e+00
1.482195085995714923e+00
1.305019276353694968e+00
1.337834953176028296e+00
1.413685466983594985e+00
1.373515906280118548e+00
1.364226388169516246e+00
1.476134415274741984e+00
1.355728589629470626e+00
1.397788688067915563e+00
1.355970813396066843e+00
1.302963346448663851e+00
1.316528715204699829e+00
1.422539493772122743e+00
1.319639720031427377e+00
1.367076118858661760e+00
1.357019354948475476e+00
1.361420766598898435e+00
1.428307757746318574e+00
1.356478171258108434e+00
1.401276718255048293e+00
1.366142396036791107e+00
1.382080762614677383e+00
1.361821703804008132e+00
1.296931086054588178e+00
1.431998172646042677e+00
1.360613953830251299e+00
1.385218133439861887e+00
1.375276746492277047e+00
1.344134131096127005e+00
1.336660869015016795e+00
1.342878825760398520e+00
1.343450633726071652e+00
1.344038111523192081e+00
1.373618195698135036e+00
1.364218133104866615e+00
1.367355212979115775e+00
1.358775521295810584e+00
1.351521270343220893e+00
1.388327322736983005e+00
1.393981561735876396e+00
1.405289714619012642e+00
1.371539774267433787e+00
1.363980279103950366e+00
1.396112714080965267e+00
1.386203557846495737e+00
1.471026400841139115e+00
1.358989258340049133e+00
1.406327926323607924e+00
1.299745285125094796e+00
1.416176876115183170e+00
1.411993264043357010e+00
1.378526560229450082e+00
1.437880946292480866e+00
1.439912918756744320e+00
1.335145118229624561e+00
1.376007323389094372e+00
1.391513996910187068e+00
1.401131226086979042e+00
1.339363283999155829e+00
1.351912614722057260e+00
1.373370596211768824e+00
1.401187269052416084e+00
1.331091533457851028e+00
1.358067350655101313e+00
1.393146202568754211e+00
1.360217122872656059e+00
1.360099336439489992e+00
1.340768284111772291e+00
1.309364552712427798e+00
1.401007168259659208e+00
1.337175268547629026e+00
1.342948514272328975e+00
1.347699402303480287e+00
1.376662928108843831e+00
1.411360381965160338e+00
1.378628406633860548e+00
1.370680636862501522e+00
1.437957311561245621e+00
1.383754628889200422e+00
1.391278992401628667e+00
1.345458321246677968e+00
1.325558810426549883e+00
1.389647569114312864e+00
1.358791205818357328e+00
1.357865318091210804e+00
1.408451228363137853e+00
1.356285146796598839e+00
1.346768641332537042e+00
1.332294362319301317e+00
1.441416432588814578e+00
1.411829136519339389e+00
1.318148439996717380e+00
1.388734848330370975e+00
1.392679472056802537e+00
1.353996422558193524e+00
1.323362742059254638e+00
1.349310081221580360e+00
1.339881769457225591e+00
1.339000896334013424e+00
1.436056665884463568e+00
1.377128227617096634e+00
1.383341582078608356e+00
1.394199726820559260e+00
1.356811916231856152e+00
1.344297861746132083e+00
1.410322334561094682e+00
1.352050741417618385e+00
1.423868641904036503e+00
1.304561807443622046e+00
1.405662840534314562e+00
1.378439846143036496e+00
1.394265324474925238e+00
1.336530433735338752e+00
1.381488338840586527e+00
1.341681842275966652e+00
1.354902813668052763e+00
1.331919557944401866e+00
1.365320266299004048e+00
1.363697998468857087e+00
1.334000949632855981e+00
1.434325468749465537e+00
1.408519587037324161e+00
1.417147896176242705e+00
1.412864538828209948e+00
1.330118375194843550e+00
1.330023189317290688e+00
1.322859407222201078e+00
1.359830587097397014e+00
1.342963405390641185e+00
1.391963607681353965e+00
1.357699534706604982e+00
1.349529899340925043e+00
1.448475468895255025e+00
1.343306882804349067e+00
1.411326550655036316e+00
1.416935925859535983e+00
1.382554093460371059e+00
1.394665109208439446e+00
1.367315159237778577e+00
1.355147233135958862e+00
1.321071469110150831e+00
1.323046852769538040e+00
1.350347839945930772e+00
1.368465889926355095e+00
1.419220205923625633e+00
1.396013839133451118e+00
1.328331363468838067e+00
1.376904834591116122e+00
1.406918210713685280e+00
1.289790206571127973e+00
1.401621121569729178e+00
1.372481085403828294e+00
1.418991587092265139e+00
1.369976665823551265e+00
1.480291949353565339e+00
1.369207699660480504e+00
1.390746577182731869e+00
1.379384363476453546e+00
1.351184834635327681e+00
1.392681818743739974e+00
1.363882615358670281e+00
1.340478535248708525e+00
1.441686414929987947e+00
1.407362311589014148e+00
1.369757969943653952e+00
1.470533059619669292e+00
1.380311210248593268e+00
1.387043018327987598e+00
1.414658799284037149e+00
1.333561054321249051e+00
1.393616911805291458e+00
1.378538109644988241e+00
1.356917567043735229e+00
1.423461086880004833e+00
1.379550008719171661e+00
1.368498781717285784e+00
1.377883163110462883e+00
1.397171610211531245e+00
1.413174555045908498e+00
1.409175369316806981e+00
1.363894309787211601e+00
1.370657905295241896e+00
1.389595090042632153e+00
1.416535274827189772e+00
1.365671570343139241e+00
1.348695530049919267e+00
1.405421503262298977e+00
1.318168166341808334e+00
1.381426494739304900e+00
1.390116062749556791e+00
1.346100253576637318e+00
1.349166659011138636e+00
1.346366613876841312e+00
1.391468781610172512e+00
1.466386521130527143e+00
1.379778349651952674e+00
1.333702494423936624e+00
1.394536172836251309e+00
1.357279357054023139e+00
1.367680318685334129e+00
1.289851858973307452e+00
1.372773368961948126e+00
1.414549155285993010e+00
1.356086533572202324e+00
1.378137480483575761e+00
1.464498271928359241e+00
1.318758231282362470e+00
1.378572065789390733e+00
1.385577509675394614e+00
1.342093114591095704e+00
1.339410912278444554e+00
1.494976269807892999e+00
1.427078972835468251e+00
1.352385457458397333e+00
1.377531129460130233e+00
1.333894808882213123e+00
1.317121449970864333e+00
1.360331001602684164e+00
1.357899613202379507e+00
1.339709362247759161e+00
1.374598221207351756e+00
1.403946543190706109e+00
1.350398151990970907e+00
1.440709393541016015e+00
1.389829809388178683e+00
1.397443742874043382e+00
1.379577414330275920e+00
1.414342266577539142e+00
1.381107040750809034e+00
1.351961796178767772e+00
1.397945664709114411e+00
1.396141699011550275e+00
1.329661591636742024e+00
1.420806280758769580e+00
1.371851724583053267e+00
1.387486987714457554e+00
1.376881714865176631e+00
1.371808642441308068e+00
1.382503405007921904e+00
1.385717477547329324e+00
1.389686728282480965e+00
1.386523108267543769e+00
1.389368919344304398e+00
1.313803549160636575e+00
1.322333178284380129e+00
1.398048072621679960e+00
1.402317684004287912e+00
1.333233746974720635e+00
1.364084523785343173e+00
1.301285136119601615e+00
1.350752518342772879e+00
1.378464302828929400e+00
1.398487936609593918e+00
1.360480247490636785e+00
1.379585336354579805e+00
1.406696110732083005e+00
1.353187388287348636e+00
1.363787676093197732e+00
1.362297496632139948e+00
1.401932356287690862e+00
1.442570289491827529e+00
1.340660394221410145e+00
1.411286686601950668e+00
1.455155267987801482e+00
1.408236413486665839e+00
1.371593543045651398e+00
1.355066447257158080e+00
1.438318799710410323e+00
1.425024958880283021e+00
1.398059019171687734e+00
1.366215208259691893e+00
1.419670646114922885e+00
1.306842019954570500e+00
1.369692270411427160e+00
1.386820650722893067e+00
1.346262740052300844e+00
1.344899146598165895e+00
1.349387744523974808e+00
1.439339853872117159e+00
1.404158047172085366e+00
1.407738984532187265e+00
1.340585716679415507e+00
1.400635505418192706e+00
1.394815491777586125e+00
1.404903612714962335e+00
1.388793725927756073e+00
1.427222315265020969e+00
1.302381031518857535e+00
1.359407638198121493e+00
1.389959249650373652e+00
1.359886612605079703e+00
1.438246088213556151e+00
1.365229409039146802e+00
1.380882696254489783e+00
1.376998715682264729e+00
1.391536206178457302e+00
1.398767437809144143e+00
1.378986411784863808e+00
1.358640373037593108e+00
1.350788169549277162e+00
1.328316951887363651e+00
1.368680904183203539e+00
1.415040276445050704e+00
1.390581410791404071e+00
1.388454331402447783e+00
1.347042945563144078e+00
1.357706868439422010e+00
1.355984423305542697e+00
1.309430335049594829e+00
1.420895420941797438e+00
1.373834129260282921e+00
1.365326858282392308e+00
1.344263928922756701e+00
1.388804121059422414e+00
1.344715956553488079e+00
1.354678048866744700e+00
1.380715916224759754e+00
1.406856817623234335e+00
1.407309087245955492e+00
1.388373612061603257e+00
1.386848865140104969e+00
1.342897441180658680e+00
1.368042506555922300e+00
1.320136506849572067e+00
1.346825677615324901e+00
1.352498458790138525e+00
1.404959076630999171e+00
1.381849255367358253e+00
1.495738139798356015e+00
1.408347149117554320e+00
1.358132958550557046e+00
1.385360256914178523e+00
1.376364841556649177e+00
1.366264489542148519e+00
1.334358409346457996e+00
1.403006577005721178e+00
1.386418186466978453e+00
1.438089050235434874e+00
1.364873209779906782e+00
1.311891346949647374e+00
1.393159990204715371e+00
1.339753965194054652e+00
1.364830935486108121e+00
1.326952783239908840e+00
1.304451648974099598e+00
1.373541688773364244e+00
1.333841825730367470e+00
1.444520245829132854e+00
1.404904456856424178e+00
1.426370194641165989e+00
1.359297706527020422e+00
1.437834333249077057e+00
1.390014433259050053e+00
1.435976565660206150e+00
1.304793001258132801e+00
1.369484029785635437e+00
1.360995094276225670e+00
1.312695440339526787e+00
1.394728851169465544e+00
1.337434313128464725e+00
1.367685614980842290e+00
1.338703408365468750e+00
1.418471393873660169e+00
1.475089252532779449e+00
1.378572749477160686e+00
1.371139717149674864e+00
1.317952118327373912e+00
1.372426636610998507e+00
1.353509481286814475e+00
1.410522707824980904e+00
1.377046947633459251e+00
1.472201680692093451e+00
1.417365450614960665e+00
1.350602760757480425e+00
1.345367511213718448e+00
1.413404629619106734e+00
1.395623138583266476e+00
1.414143545077470643e+00
1.318393386274075540e+00
1.366221734698650936e+00
1.394662597625326184e+00
1.364653974309706586e+00
1.336046132203394077e+00
1.399160521390179657e+00
1.402840910190206847e+00
1.400237995095577670e+00
1.400179240138763825e+00
1.334225183925215275e+00
1.377500833835313632e+00
1.368952749912324407e+00
1.358349733330782128e+00
1.363320689643079398e+00
1.324082121813891622e+00
1.390183031996095941e+00
1.356083678036656970e+00
1.346598596279200866e+00
1.361265596315399673e+00
1.451686091069056328e+00
1.381562865272118579e+00
1.337993172991510438e+00
1.331810857765947986e+00
1.387574878599331374e+00
1.393924941023553243e+00
1.360034134738346223e+00
1.372410887576599681e+00
1.409617502663091493e+00
1.404008445065723087e+00
1.379787651177344365e+00
1.345789678094921449e+00
1.371350577992811681e+00
1.350542826508239536e+00
1.372303249805808312e+00
1.382957157758371913e+00
1.400360785292262600e+00
1.362358922003627626e+00
1.362553325670131210e+00
1.363185509234177584e+00
1.348846836102111979e+00
1.324991322397897742e+00
1.346428685392226487e+00
1.337023624384799048e+00
1.296735274451074726e+00
1.350420969887894396e+00
1.412924115434889050e+00
1.422078243194382141e+00
1.381381568994668685e+00
1.362056039419299758e+00
1.449664694562876610e+00
1.415352953991870777e+00
1.419536011597145153e+00
1.362874782042600597e+00
1.398685109364849577e+00
1.416043241935764030e+00
1.370695307673813979e+00
1.337733839996077201e+00
1.352063842457113196e+00
1.392417569724534898e+00
1.371743757746369807e+00
1.373348388547730003e+00
1.393448917246350005e+00
1.500703836019786186e+00
1.375732210377728970e+00
1.337989632719955857e+00
1.296414643610558359e+00
1.445774662507765651e+00
1.304671493794438142e+00
1.413049143786585082e+00
1.443599737081287193e+00
1.488069722734953304e+00
1.440364150557551071e+00
1.371398686028511227e+00
1.436184508601199727e+00
1.388000496378512416e+00
1.388990073675039794e+00
1.337324833349028852e+00
1.346353109017777383e+00
1.390680635509395247e+00
1.349806212500360703e+00
1.443116099362690141e+00
1.411620162826917380e+00
1.393721636951723131e+00
1.410922791675334631e+00
1.344319720143400287e+00
1.371074890913659194e+00
1.406456830461936036e+00
1.351940871051062310e+00
1.428466752754903313e+00
1.366629604277875165e+00
1.391248285432703069e+00
1.350213569038795969e+00
1.357134981233977689e+00
1.431330634291076764e+00
1.328000663439074192e+00
1.402189133829855994e+00
1.423381799632768674e+00
1.448723043310034875e+00
1.413540541499975101e+00
1.346187346898390702e+00
1.354036464185329747e+00
1.307615423514455255e+00
1.380396601413659274e+00
1.363506617473023930e+00
1.350783655031041475e+00
1.381035660200106596e+00
1.414074256356731452e+00
1.397553340020529333e+00
1.332752349181823170e+00
1.374749106003504417e+00
1.412683241753493135e+00
1.343012165198415930e+00
1.387350213324864301e+00
1.361491700082635203e+00
1.392208477716873283e+00
1.330893990028098051e+00
1.354236177625105064e+00
1.317036095885416813e+00
1.370634224933967804e+00
1.352548276434072383e+00
1.385126951685719199e+00
1.359634837973640042e+00
1.402015866115184473e+00
1.329455974372539817e+00
1.378568325017670571e+00
1.328446094545689959e+00
1.343775797529315863e+00
1.323118892978516481e+00
1.316659203112848342e+00
1.388727034999869936e+00
1.297844147907168511e+00
1.356705413340967503e+00
1.410837456943387025e+00
1.392452761760142543e+00
1.336594729565955264e+00
1.387288389314629500e+00
1.356037097818130199e+00
1.325836939911913204e+00
1.341330142560590799e+00
1.345357641328969178e+00
1.344139373452402086e+00
1.420431789085012886e+00
1.323679278714542829e+00
1.380654581787111645e+00
1.351456756674086712e+00
1.414625815104291862e+00
1.412745010538119850e+00
1.354565130287299413e+00
1.378713108769503926e+00
1.327034249950648226e+00
1.405376020012892413e+00
1.379247371061100402e+00
1.395687758760483899e+00
1.374179831805809160e+00
1.396138411801169044e+00
1.374131935347507438e+00
1.381115420577174513e+00
1.373845646576433488e+00
1.374973282140281805e+00
1.293855827996472474e+00
1.428891788685348940e+00
1.339860891509137231e+00
1.435431984294007979e+00
1.376080142884818613e+00
1.386340483398977197e+00
1.353405695416689758e+00
1.336783475574809588e+00
1.341557907381019099e+00
1.337125480310667802e+00
1.340702769569514174e+00
1.348011794697543619e+00
1.435868944729936425e+00
1.324909622446962976e+00
1.373388786119704941e+00
1.326213346412256300e+00
1.373414255428987873e+00
1.325659322994201972e+00
1.502800996422285706e+00
1.480268529269646027e+00
1.334343136236746608e+00
1.348547274638668192e+00
1.405280002101291670e+00
1.406238655759224798e+00
1.325983320357689843e+00
1.379458280435511552e+00
1.380885938756098774e+00
1.354578307664674908e+00
1.326057295456158247e+00
1.388596698658031592e+00
1.358415195018330079e+00
1.329133787108693010e+00
1.318545251572740273e+00
1.331379367155771209e+00
1.370658006004818130e+00
1.403986862504729149e+00
1.369641126412743048e+00
1.425262833535980933e+00
1.380369251366049710e+00
1.450616715665178358e+00
1.375000053117894527e+00
1.369543911315207474e+00
1.346419537561230007e+00
1.357537331113726875e+00
1.427495512252242582e+00
1.367203764394781640e+00
1.335181466020966656e+00
1.360774548440202514e+00
1.382124217870325911e+00
1.409508346760582898e+00
1.368491208959299987e+00
1.445325157841330865e+00
1.362845456287829382e+00
1.390385962804371323e+00
1.345853330425824446e+00
1.438627640095271776e+00
1.362915381173128049e+00
1.407341969014688221e+00
1.389913356123596122e+00
1.412330619492766726e+00
1.366177524774369711e+00
1.374919623589122120e+00
1.299222338998340609e+00
1.358478613030152493e+00
1.406418890313496206e+00
1.329245798317103322e+00
1.369914778238070951e+00
1.395793824559629082e+00
1.337586903845367159e+00
1.392370669493719904e+00
1.357307886189712542e+00
1.379005391731706665e+00
1.461274385290743494e+00
1.413256976670430154e+00
1.316247434214156131e+00
1.433876363203718585e+00
1.351983871934365755e+00
1.360761428635010040e+00
1.402168265064694719e+00
1.402657776728328143e+00
1.362097512997000326e+00
1.434034591750736221e+00
1.433194407021723071e+00
1.321736401211888623e+00
1.362789166785488337e+00
1.400555414970280577e+00
1.430185932024252038e+00
1.324263867470692357e+00
1.390074334531193445e+00
1.390074159341412763e+00
1.424430850599810006e+00
1.390538212469246249e+00
1.354342605099775332e+00
1.374459361042772665e+00
1.374825118904996257e+00
1.417586973172136000e+00
1.382110350899097284e+00
1.364062652417025179e+00
1.404677531529737289e+00
1.314611870099325230e+00
1.309169356720372157e+00
1.451663856349329818e+00
1.391643730369259258e+00
1.380284501696851240e+00
1.359960980603971636e+00
1.423678209780916859e+00
1.374843319622956361e+00
1.343883935410635999e+00
1.347018140181471368e+00
1.359469716625091973e+00
1.407268217761385998e+00
1.325742509355511967e+00
1.405934383384371378e+00
1.372097545752863024e+00
1.391071972512932131e+00
1.393319272823178467e+00
1.368814395128935990e+00
1.399844457020234412e+00
1.401388643730319794e+00
1.422283819549456041e+00
1.367113882280227788e+00
1.348634502421740100e+00
1.343117815904858903e+00
1.343117324679396818e+00
1.314661905526750330e+00
1.383943537984474004e+00
1.415379993812835746e+00
1.328540839429688702e+00
1.339004850930246127e+00
1.461684654184765009e+00
1.349496376874119052e+00
1.350255581828721851e+00
1.398570211517526918e+00
1.372732633954456549e+00
1.375837641904032349e+00
1.394724034622968789e+00
1.368534403205531769e+00
1.330522867413068688e+00
1.342965352648809452e+00
1.380266545835389769e+00
1.387603558221388589e+00
1.415260234553205931e+00
1.361641089605350130e+00
1.455596249695735089e+00
1.401701085250126155e+00
1.331814980211951660e+00
1.397961335290619722e+00
1.316812535533877115e+00
1.387080488805362943e+00
1.369200363944421017e+00
1.340661317674315622e+00
1.294214890391596873e+00
1.348883027496719178e+00
1.368643694317249748e+00
1.408085231028334494e+00
1.309700442640548079e+00
1.377020893782332278e+00
1.319370389984152014e+00
1.427753833879581435e+00
1.420158017638045056e+00
1.375288198549980745e+00
1.355180140925800192e+00
1.418508936997313175e+00
1.414068322056103222e+00
1.358040240344549510e+00
1.353363094212951978e+00
1.354147106067846718e+00
1.384621840773118562e+00
1.359516817332728555e+00
1.322366411488210991e+00
1.387955455734248389e+00
1.459700422916463625e+00
1.358875668953674287e+00
1.360427375425332430e+00
1.424851535731403329e+00
1.415181310193487807e+00
1.291459900140509820e+00
1.389045201338240387e+00
1.460872822890755041e+00
1.435580962376770575e+00
1.339782544650972573e+00
1.402696400080923889e+00
1.383570093935548639e+00
1.404549048467279571e+00
1.302776315631836379e+00
1.371505250546772414e+00
1.349399471970472497e+00
1.295838674613421393e+00
1.457936188058068794e+00
1.347054888568230968e+00
1.370285303058583981e+00
1.397771424689271402e+00
1.405180849077112271e+00
1.361785095612759955e+00
1.348857964553243027e+00
1.403820585575593416e+00
1.334002881738397983e+00
1.338125713704261255e+00
1.371570821078924363e+00
1.335470025614702072e+00
1.400136110945303658e+00
1.378450094943411308e+00
1.305226437115625471e+00
1.355569880974828223e+00
1.399194067257359508e+00
1.335330534157840532e+00
1.391822084846420449e+00
1.423805119682708842e+00
1.407573629855474850e+00
1.328147721248462476e+00
1.449703090019329066e+00
1.373916029534096861e+00
1.319534388118158263e+00
1.342755914434528908e+00
1.438621996461999064e+00
1.355502563737452926e+00
1.355234400561536212e+00
1.361982778464426058e+00
1.423977464509373680e+00
1.312130866209397562e+00
1.375608711167657594e+00
1.286546590442269267e+00
1.364776626534597304e+00
1.515593009726678986e+00
1.329588104021499184e+00
1.392607203911821800e+00
1.407735993002812824e+00
1.352308127735710297e+00
1.270228886032078064e+00
1.417575403746003104e+00
1.431009011453751034e+00
1.331749855602018640e+00
1.568717361322335746e+00
1.308722053344901104e+00
1.349253124764151268e+00
1.389000762006617373e+00
1.395382447032244455e+00
1.390182355882696674e+00
1.344622840777921269e+00
1.346884408170165415e+00
1.421933424481632402e+00
1.416544138542106035e+00
1.356888406742246422e+00
1.398931510087670471e+00
1.390105574580507986e+00
1.332180682322438026e+00
1.357662175865275600e+00
1.342367340733814807e+00
1.388545299205931727e+00
1.327750735108794045e+00
1.353589719380885681e+00
1.405758962537685841e+00
1.331766355657938883e+00
1.421778193235434973e+00
1.483872443059902180e+00
1.352703510801560816e+00
1.286489214713037343e+00
1.431566035530554837e+00
1.369124203662794859e+00
1.418783004892911093e+00
1.424428340534202420e+00
1.355926011392482700e+00
1.319076030946619849e+00
1.476562972993986200e+00
1.370893742438693330e+00
1.386413757758285570e+00
1.354499094815339033e+00
1.374353167898320072e+00
1.333499610821402115e+00
1.337639366518019512e+00
1.399427803776719159e+00
1.330693555112396842e+00
1.351272514488367715e+00
1.394963957300799917e+00
1.380504458678229796e+00
1.353755642865815956e+00
1.428883965133584955e+00
1.380540591337733103e+00
1.336976987109509407e+00
1.358147061839011904e+00
1.307527569790532418e+00
1.358768486995167724e+00
1.370518072042677060e+00
1.339440040489651373e+00
1.457419374479907104e+00
1.337005826293026001e+00
1.406081757876338045e+00
1.432963897758708915e+00
1.322896838011728082e+00
1.313044682972394073e+00
1.342981100998848598e+00
1.346889157157364458e+00
1.383859307592223642e+00
1.411195095269328847e+00
1.370154349410006578e+00
1.391909551227571207e+00
1.394277244243482317e+00
1.427749081999476921e+00
1.352554210177832061e+00
1.456590566596962066e+00
1.437458285734156238e+00
1.367294853339527716e+00
1.361030727201604007e+00
1.370337226630247596e+00
1.350435968211330495e+00
1.406480434334184348e+00
1.387314012641980732e+00
1.383901306313362722e+00
1.426837483682018792e+00
1.356416473535218437e+00
1.410577211582000334e+00
1.325472910280583116e+00
1.345568799982092667e+00
1.390675419327011220e+00
1.345258954163148779e+00
1.386192626103732062e+00
1.378171485666092266e+00
1.419740997348937661e+00
1.366049081287527223e+00
1.444159608866246058e+00
1.364139126353174358e+00
1.363313655534406754e+00
1.342710320321375717e+00
1.397394255979692135e+00
1.422836081097098582e+00
1.312812414158321950e+00
1.335477295540659748e+00
1.341460059777101144e+00
1.310221665840234140e+00
1.356762397209338999e+00
1.339437213785993119e+00
1.348487315167414380e+00
1.392702280082498190e+00
1.358706381268698360e+00
1.400822567706185406e+00
1.357689385872480559e+00
1.343048905057485420e+00
1.464718164037959847e+00
1.421988723318688752e+00
1.370587470555328480e+00
1.343881675174369628e+00
1.355094681869793094e+00
1.368821344979809229e+00
1.311480561099393816e+00
1.352055936097961153e+00
1.304964193315858667e+00
1.374509814084337034e+00
1.446451900532204293e+00
1.413195472665288444e+00
1.399827118524354264e+00
1.387228474143491264e+00
1.378254939814865354e+00
1.356376773119901458e+00
1.357232437891047638e+00
1.399480775948894973e+00
1.374941453098878830e+00
1.319364647263151724e+00
1.356012881796825553e+00
1.372833324884015438e+00
1.332161927895336273e+00
1.439499415337996302e+00
1.343734867026310065e+00
1.332245336496153953e+00
1.353762401037688301e+00
1.376791018050983029e+00
1.366407866620019007e+00
1.320938188293981908e+00
1.403018991468956367e+00
1.402027138402530904e+00
1.425951862652901525e+00
1.356902750492473553e+00
1.344549602410098466e+00
1.404307940249181819e+00
1.356312923529127801e+00
1.345531723872853247e+00
1.410280289237141327e+00
1.347677024134466439e+00
1.370541795675814356e+00
1.438841532072413054e+00
1.290663058502395710e+00
1.342187278945205620e+00
1.372371412792751100e+00
1.341165138279153402e+00
1.433103559405366489e+00
1.364079300431281672e+00
1.414871712371245094e+00
1.491816087108468691e+00
1.328330823642058789e+00
1.389475131690048437e+00
1.356395104614164460e+00
1.337075116590188406e+00
1.380001293771842885e+00
1.366967350385659197e+00
1.333023288194607359e+00
1.351318555819750911e+00
1.395738467422488194e+00
1.353465230279253806e+00
1.389148748598683536e+00
1.357058371030014365e+00
1.367231391046337841e+00
1.344388511634870387e+00
1.356862587828316924e+00
1.368447639904370128e+00
1.368448695086552425e+00
1.364451717738113912e+00
1.342338262465038845e+00
1.427897319218672134e+00
