1.077406048129468275e+00
1.092306616715271961e+00
1.108625062375121928e+00
1.111434625402082599e+00
1.047159295773575582e+00
1.073057295868312000e+00
1.069719434598886743e+00
1.125512537900033916e+00
1.113049613939949056e+00
1.064967996305415499e+00
1.097471331432338104e+00
1.086389562723966806e+00
1.075583132382654350e+00
1.094889198668138608e+00
1.122473828430731180e+00
1.086511076447973512e+00
1.093812284957730530e+00
1.064673769092598921e+00
1.081035032583677946e+00
1.084562104016638440e+00
1.135400788228334790e+00
1.201600322160902401e+00
1.169179162457159471e+00
1.058933795369414455e+00
1.089404917255529348e+00
1.044294337662106553e+00
1.104458380091698722e+00
1.079370914396032166e+00
1.159901306832014312e+00
1.034897757677203600e+00
1.090184656521429707e+00
1.153479403631479050e+00
1.101004162745894854e+00
1.119528266687884965e+00
1.085073476616415844e+00
1.115398777020460308e+00
1.070861386935065829e+00
1.104108460622091670e+00
1.069053102093456387e+00
1.135297353120592989e+00
1.125044880422503724e+00
1.106386982094318849e+00
1.094131843348080890e+00
1.130614472031453044e+00
1.084590775731005818e+00
1.122273980638161195e+00
1.103674386743796143e+00
1.071149752060841287e+00
1.092723311785489093e+00
1.103354525705101841e+00
1.112155047548828657e+00
1.097231698599460348e+00
1.142344343303980603e+00
1.051932776871464359e+00
1.199693697313110929e+00
1.062036875223929755e+00
1.067020558617710835e+00
1.129383426360805132e+00
1.197551286430721840e+00
1.114010051360483367e+00
1.079570798534758680e+00
1.127539483087061090e+00
1.053607287276561832e+00
1.060778574532012630e+00
1.082575043946538695e+00
1.086950187209959839e+00
1.051362566785260411e+00
1.085153144654906754e+00
1.112372776643082428e+00
1.097749012370822674e+00
1.090283995549226503e+00
1.105466439639521736e+00
1.109000434849784389e+00
1.095060066382351982e+00
1.067015176410028632e+00
1.100341390171517553e+00
1.119725976715798987e+00
1.071270119517660824e+00
1.089192547787861898e+00
1.065352108928535380e+00
1.078464652224732978e+00
1.073992662655934405e+00
1.099408194029045660e+00
1.050183235959459394e+00
1.080008701102443291e+00
1.070875800294503799e+00
1.068696544474231569e+00
1.031826730542858117e+00
1.133343988618011666e+00
1.145911950778378152e+00
1.132634987738284638e+00
1.063493842364419573e+00
1.050984431177108824e+00
1.056418785995131060e+00
1.075135329432707509e+00
1.061816599216099943e+00
1.048815825480064801e+00
1.036245320789268121e+00
1.096314358549481449e+00
1.101112534608990279e+00
1.114257060086025986e+00
1.081522521239536294e+00
1.069042989047886083e+00
1.107385203611623847e+00
1.133640752684517139e+00
1.087121473299873742e+00
1.059349516186435247e+00
1.045648661787786704e+00
1.035117285425839473e+00
1.059359179748985635e+00
1.076338088636758838e+00
1.082691227558338687e+00
1.088493815486516914e+00
1.069793276916206626e+00
1.038016519776864488e+00
1.090166323786166513e+00
1.123093320570603737e+00
1.093070027600952399e+00
1.076967121045281361e+00
1.090810731166303782e+00
1.115584486628932837e+00
1.160831591622790038e+00
1.072026129993375987e+00
1.130320179902338129e+00
1.093570601381880447e+00
1.088542091731175665e+00
1.063202099545279333e+00
1.014584586013665080e+00
1.088677207760964327e+00
1.073112261954716651e+00
1.046573232584673274e+00
1.088400255343890510e+00
1.123626782143290592e+00
1.071260740073193496e+00
1.038318480873682725e+00
1.085409921464633776e+00
1.069728859565896473e+00
1.143005735199386530e+00
1.068607245072436429e+00
1.066338759013806925e+00
1.117325386304807822e+00
1.086635647680138650e+00
1.131847618921168586e+00
1.097146073393418630e+00
1.141698475574957294e+00
1.128871474084877535e+00
1.110409660464637849e+00
1.101222542298024187e+00
1.053205420100228329e+00
1.100822853543566238e+00
1.122866587225386237e+00
1.102918521341719860e+00
1.108057435281867731e+00
1.091023161970556377e+00
1.058540907025110389e+00
1.151082998757665621e+00
1.091834524600260758e+00
1.093945043381089555e+00
1.087048260544098977e+00
1.083626849491420518e+00
1.021596985581676442e+00
1.067758322511265456e+00
1.121311974713393944e+00
1.071648857936633448e+00
1.071794873250887736e+00
1.080774790471587865e+00
1.046557817604081064e+00
1.071011446948832324e+00
1.028313949296920216e+00
1.053404064523773886e+00
1.131940941189605088e+00
1.044902897654474749e+00
1.112578782067649374e+00
1.080858058083801865e+00
1.093243816203644192e+00
1.084489539656664059e+00
1.064286202099047340e+00
1.125067934930837010e+00
1.071048107609472222e+00
1.104881864736237951e+00
1.074937031124044706e+00
1.081918598777508844e+00
1.062780858379396287e+00
1.092106188957700841e+00
1.076655689851391928e+00
1.069277424131582999e+00
1.085819216004488830e+00
1.131114890947372942e+00
1.076371628360342836e+00
1.076427659552411376e+00
1.064125665012594757e+00
1.113621000139405792e+00
1.050863842624560229e+00
1.079833259939733114e+00
1.048412777420461683e+00
1.109878002416588405e+00
1.133180285065822579e+00
1.115037828859031022e+00
1.088598946989878025e+00
1.077757830084687729e+00
1.089002579670025783e+00
1.082932549018366331e+00
1.146914524857496342e+00
1.114394459221243139e+00
1.072757264270796540e+00
1.089752858410059755e+00
1.072522514470377830e+00
1.122081630321915879e+00
1.059751970239931840e+00
1.099118211843118198e+00
1.162802475503122768e+00
1.119482107559995443e+00
1.050165843012742073e+00
1.112984877972924780e+00
1.106269020403577663e+00
1.115173379796431385e+00
1.115500525181531533e+00
1.056584812279474983e+00
1.105637372301851995e+00
1.100670216056412798e+00
1.090656493221949797e+00
1.093776182933528185e+00
1.104528580117636549e+00
1.099820599734111726e+00
1.072630779567833370e+00
1.085664180212371210e+00
1.119221384280307818e+00
1.039561312937668180e+00
1.101439804763922004e+00
1.059923663454691134e+00
1.114710634022702873e+00
1.080361877816033767e+00
1.099334925349420455e+00
1.119970217827959580e+00
1.143820075042821793e+00
1.090508627739138259e+00
1.085958651247065587e+00
1.037809339799242725e+00
1.088660120340197990e+00
1.038879520777339804e+00
1.073217057395665197e+00
1.098069394938490762e+00
1.091192234118994131e+00
1.153715974496311025e+00
1.083158421794436110e+00
1.153264945089485849e+00
1.069246281364953033e+00
1.049823498101205344e+00
1.061137483147760463e+00
1.120359476048409908e+00
1.117112164606946401e+00
1.096250670533257754e+00
1.101513756190636295e+00
1.062645091368775496e+00
9.866175062871147539e-01
1.060695681720363659e+00
1.132143906777414388e+00
1.090533070570017804e+00
1.124478837302293366e+00
1.046148179809939238e+00
1.058655443983301137e+00
1.090649385049394571e+00
1.131548210339922367e+00
1.117042501225338436e+00
1.051173539499077769e+00
1.009515252066009561e+00
1.056526685375271279e+00
1.069789805283278827e+00
1.043548700240793270e+00
1.068846863474230302e+00
1.054255792680950377e+00
1.090811450811768557e+00
1.085005121944691009e+00
1.044653321114046296e+00
1.082383941621521517e+00
1.106252109215386747e+00
1.051097267139438518e+00
1.064574170816823262e+00
1.089404735553932912e+00
1.115509863061153295e+00
1.062621267711550299e+00
1.063292815218980003e+00
1.085275997268896564e+00
1.064300247178911363e+00
1.078329013000513426e+00
1.042869963706988701e+00
1.116216325299025147e+00
1.118417672741544022e+00
1.083008350132162345e+00
1.079411061274031303e+00
1.064321439767269339e+00
1.103957874129179784e+00
1.059294705095841671e+00
1.077114960585505932e+00
1.052069271898729230e+00
1.087029232268105661e+00
1.114385806162459192e+00
1.090094225610781953e+00
1.075611285780355475e+00
1.095471834050855797e+00
1.040071006175433022e+00
1.134173630899029561e+00
1.067612410559006131e+00
1.082321341515819269e+00
1.066985863864005735e+00
1.103993044606126128e+00
1.122112157636000696e+00
1.122047581028357222e+00
1.094353329054552626e+00
1.078381851546503123e+00
1.091957478217491673e+00
1.120040264302156308e+00
1.109315774031284008e+00
1.029426700505513104e+00
1.112373036592540165e+00
1.074999456843177326e+00
1.082925697252754782e+00
1.108899624981660281e+00
1.107174905441316470e+00
1.171833107824126641e+00
1.087469438705755076e+00
1.132513877094821098e+00
1.073182917594836194e+00
9.928367191232051470e-01
1.075796434119427269e+00
1.142757554290179778e+00
1.086873900250208802e+00
1.085087556558947286e+00
1.070436546288265678e+00
1.072285936853410115e+00
1.094335272222963118e+00
1.098770468531127698e+00
1.139806807941217803e+00
1.064398359816146833e+00
1.079946998898944965e+00
1.078506799450551945e+00
1.083475419002336571e+00
1.129286834148205187e+00
1.123536104844842010e+00
1.057118223113070687e+00
1.068345396349901888e+00
1.098525269260007819e+00
1.077668238665453915e+00
1.093948251534264893e+00
1.049457505610492891e+00
1.096573608397506838e+00
1.088218259914812913e+00
1.096554561262135241e+00
1.060854266372526000e+00
1.066953181125222860e+00
1.113493048833179122e+00
1.114778200046542933e+00
1.061407458541198556e+00
1.091542044730584138e+00
1.092524731209523647e+00
1.085121729503413901e+00
1.118930793106641453e+00
1.080900029045047450e+00
1.106072312067426067e+00
1.081804002289538325e+00
1.097003934828042926e+00
1.083956183090474479e+00
1.087450301810202635e+00
1.081260361731788411e+00
1.057587863248445226e+00
1.091155524591089554e+00
1.089471712906004752e+00
1.058806303205591659e+00
1.068617312849028611e+00
1.074412560630801705e+00
1.072479736918251714e+00
1.195222542517257347e+00
1.071005885703740779e+00
1.108639424743366630e+00
1.058697712834825388e+00
1.143103112974219071e+00
1.103249819613158156e+00
1.091007193819880650e+00
1.098901967267541524e+00
1.051297364678842383e+00
1.128005108363324460e+00
1.084833482815911632e+00
1.065112261490754220e+00
1.087473739997548261e+00
1.044992775770799964e+00
1.157919548989192471e+00
1.110859670285244682e+00
1.068625650965363993e+00
1.089834891918853854e+00
1.060462558246713094e+00
1.083663024158493249e+00
1.112345700696070860e+00
1.081604079452754830e+00
1.092641955233816686e+00
1.041705026829301772e+00
1.073950177521930449e+00
1.106643911035321670e+00
1.015429168824862005e+00
1.071192531336680354e+00
1.019811000092540221e+00
1.088266574882755355e+00
1.003348313112832901e+00
1.053435034148775040e+00
1.081411308894011158e+00
1.076947765398183376e+00
1.097522290164678394e+00
1.094248783595758168e+00
1.129681896315708478e+00
1.099313153818784583e+00
1.149748788830341040e+00
1.084513164992838341e+00
1.099656833512756560e+00
1.085823064575949237e+00
1.073548097939145185e+00
1.091523313043669674e+00
1.078530173400380932e+00
1.095722208829640998e+00
1.101733231154296000e+00
1.068111558350688384e+00
1.028964645287908208e+00
1.059986394827235889e+00
1.112722428802717101e+00
1.146313905665223842e+00
1.156621278202570435e+00
1.089706455223674153e+00
1.107321794735036224e+00
1.086663573692955742e+00
1.090041626314762091e+00
1.074846574060689841e+00
1.148314328680590579e+00
1.096125252781685155e+00
1.057829402039454303e+00
1.107461543164986795e+00
1.150159627153210185e+00
1.107979311337610406e+00
1.083603736418257801e+00
1.071686290928631990e+00
1.068197808104752289e+00
1.087515489028807236e+00
1.108333839935278231e+00
1.034312881401472151e+00
1.067104164572166836e+00
1.095512003703605908e+00
1.095936678535361253e+00
1.099523880007428067e+00
1.115544092195257075e+00
1.067081565775313878e+00
1.144631114567478791e+00
1.089918523341138812e+00
1.084837010086723286e+00
1.118888033023929918e+00
1.080271665842308604e+00
1.076205195228445266e+00
1.084611630961030748e+00
1.082617196404533466e+00
1.085774749611655876e+00
1.069548187570564579e+00
1.111810638120454220e+00
1.254233986182070160e+00
1.084099422084780606e+00
1.074313578478868214e+00
1.084768088671707265e+00
1.036504112266426691e+00
1.103875135244408057e+00
1.053830388754531056e+00
1.079889737739218480e+00
1.048086022123693395e+00
1.115436527428296465e+00
1.060097226075983334e+00
1.054178851473275946e+00
1.104263428103632982e+00
1.085387416097242319e+00
1.061953622630703364e+00
1.068636688871448026e+00
1.092037714367898760e+00
1.100187331341236030e+00
1.091359831317925133e+00
1.098723404315193664e+00
1.046519896059297405e+00
1.023024783277393990e+00
1.120082305299769931e+00
1.092744014769535754e+00
1.031611697901951175e+00
1.058086192374359413e+00
1.062179379856059702e+00
1.075762389984877387e+00
1.144476921878565756e+00
1.004270346496938693e+00
1.082326638997108015e+00
1.095743104057647299e+00
1.114524819272743494e+00
1.113893143062072655e+00
1.039433839639092749e+00
1.089206238900449319e+00
1.137551873217463427e+00
1.068196248629472267e+00
1.061833334021881292e+00
1.098831815330008954e+00
1.147567688093452443e+00
1.072828848416759406e+00
1.058834027336814643e+00
1.095066460770360850e+00
1.101279028792226278e+00
1.085658225515209852e+00
1.080289687816728517e+00
1.081242387963897267e+00
1.026720002674018861e+00
1.117438837556518960e+00
1.075747521063893153e+00
1.077380666522418373e+00
1.098223122314163192e+00
1.054724440631146676e+00
1.090214500355220828e+00
1.101128900910574693e+00
1.030316853072027472e+00
1.080627390511140984e+00
1.072030781320625348e+00
1.062816818602490887e+00
1.094867493364481303e+00
1.033465418834428995e+00
1.088260603183462738e+00
1.051506400297099075e+00
1.086488172252888740e+00
1.115518360693253719e+00
1.101962234936315399e+00
1.083890438985567473e+00
1.089461417137589150e+00
1.052528238044976305e+00
1.122533083803531673e+00
1.156622413724745835e+00
1.062825081097438229e+00
1.054753925933986869e+00
1.075942699774563138e+00
1.092080639858012958e+00
1.074516585940902935e+00
1.090704748121963830e+00
1.044815256253463165e+00
1.085264294020450215e+00
1.121458612858671433e+00
1.137035615121783749e+00
1.136881516342502341e+00
1.114015465777255187e+00
1.103594247671800366e+00
1.078706360554940735e+00
1.038216782255767301e+00
1.122350835808259228e+00
1.102162293338339039e+00
1.079625231004166075e+00
1.089905569581968159e+00
1.196976176824455340e+00
1.091444389822118666e+00
1.169554187086344843e+00
1.045767035423744717e+00
1.052995185457752170e+00
1.102904773388688309e+00
1.033712401703183126e+00
1.022717448022958830e+00
1.104232257972309839e+00
1.093233756580681559e+00
1.083106279228099433e+00
1.086293420920112052e+00
1.109219489450913088e+00
1.067872412281652084e+00
1.136817776775776112e+00
1.121736620421716513e+00
1.124775440331111209e+00
1.078481205578732505e+00
1.083600639831652668e+00
1.070757847603825752e+00
1.083027278332161947e+00
1.087136680910048891e+00
1.143118670252508240e+00
1.070370262894009716e+00
1.108295348125248436e+00
1.087265260434661762e+00
1.084693400250718476e+00
1.069605909383845255e+00
1.090337137413488477e+00
1.072815090204964905e+00
1.079267528172604962e+00
1.066199581279497099e+00
1.099655129771524908e+00
1.147581104245234629e+00
1.099753539241519862e+00
1.079016809751566663e+00
1.082904374857695418e+00
1.065475181804323324e+00
1.090000535815003557e+00
1.060789291731329298e+00
1.053115669390959130e+00
1.032032006903170984e+00
1.048563721747585165e+00
1.091573358446146669e+00
1.066636241410370500e+00
1.030976778908204272e+00
1.069337771681813321e+00
1.210901742974598738e+00
1.125974152075752688e+00
1.083845174529214805e+00
1.146310674405053742e+00
1.136030393676188188e+00
1.132743532828937472e+00
1.081128300762201677e+00
1.145501558945397402e+00
1.126710904886132125e+00
1.155697043704859706e+00
1.115319268082019200e+00
1.079557017129930907e+00
1.085328670828679121e+00
1.087086696555315202e+00
1.090090628001103124e+00
1.034121571027856179e+00
1.106142717816395615e+00
1.112039457517784102e+00
1.066633648423961356e+00
1.135870576205710414e+00
1.054147178083315151e+00
1.080800398291814846e+00
1.034187224198491517e+00
1.089932979696184301e+00
1.112877267786021473e+00
1.099827448978687006e+00
1.108282235255980686e+00
1.131119792687806491e+00
1.088364018944921074e+00
1.098012415924513929e+00
1.071301114794437126e+00
1.061246958495728254e+00
1.119203677024947829e+00
1.159516291390769283e+00
1.078683010890938210e+00
1.134810921448309085e+00
1.082163437226329572e+00
1.095966969546023240e+00
1.067251086720925946e+00
1.070687112133889007e+00
1.069679579385238499e+00
1.033718129552098075e+00
1.072804530235372145e+00
1.112485348621691239e+00
1.087641737446442436e+00
1.051581299954164495e+00
1.152142476294974349e+00
1.145959905988731542e+00
1.099642844518194051e+00
1.096489485908819228e+00
1.059871689345651014e+00
1.044468451828200584e+00
1.061688356212855178e+00
1.126101598593622910e+00
1.050654396053393391e+00
1.074232697473970655e+00
1.097215226971367530e+00
1.070911927095577809e+00
1.050781691892475500e+00
1.119027662378355492e+00
1.081259495744850474e+00
1.141705256700803917e+00
1.126816870702454843e+00
1.097757919280938355e+00
1.073873217764724108e+00
1.081702747947035581e+00
1.091257393319832403e+00
1.089927696424577874e+00
1.087571401476954858e+00
1.106574738378285572e+00
1.066393892814108790e+00
1.136975009729704444e+00
1.084298109189957060e+00
1.143058794115097365e+00
1.089552677180115614e+00
1.142951826109763536e+00
1.072852973525630249e+00
1.107549009479956270e+00
1.108171601632726766e+00
1.055486734276769978e+00
1.088249760210812322e+00
1.045170463477168799e+00
1.066756691421115955e+00
1.043137108233382904e+00
1.121537128013732509e+00
1.053289376232096064e+00
1.081909220526236837e+00
1.115922175028683183e+00
1.059720034185398729e+00
1.155779536030514310e+00
1.098887480938574468e+00
1.092973208010347586e+00
1.108728147718030410e+00
1.058327565286096394e+00
1.078982449817746492e+00
1.077608771114309416e+00
1.096918081475635631e+00
1.078830339950563877e+00
1.111779029586823730e+00
1.105273611915857268e+00
1.060434623325158254e+00
1.107544386011322990e+00
1.090944508774984723e+00
1.079315184278498929e+00
1.103737219343829956e+00
1.068615072694809598e+00
1.053993869600437172e+00
1.056516210585698223e+00
1.040346357909337938e+00
1.084300838713744497e+00
1.085039974446221578e+00
1.152227326861269496e+00
1.079688655037712497e+00
1.128764440254617307e+00
1.068882501194782675e+00
1.104651460831785226e+00
1.102745036022702241e+00
1.071458349085087747e+00
1.043805198473558793e+00
1.044162065568681630e+00
1.091114393500514090e+00
1.077728730952034253e+00
1.067927036928118634e+00
1.090219240042630044e+00
1.030661520513802776e+00
1.074567988315957789e+00
1.091565180538157875e+00
1.078024943579560579e+00
1.083088234738341482e+00
1.119276098273358278e+00
1.122734710410022263e+00
1.108957339348116466e+00
1.084282691775601215e+00
1.091282213702972292e+00
1.102283815568110059e+00
1.090627820076895738e+00
1.065085184415894171e+00
1.099175136540928355e+00
1.133590415685465258e+00
1.044526517926104514e+00
1.140911446183195510e+00
1.055038608337689476e+00
1.089807159983883889e+00
1.078830879912117346e+00
1.095509572122992603e+00
1.116856822323122111e+00
1.108452919460241493e+00
1.108151121609312062e+00
1.085736499966673430e+00
1.055403548202075603e+00
1.126332895817349078e+00
1.076977802017179187e+00
1.109589841173569180e+00
1.106947705369196067e+00
1.085410991282683923e+00
1.171767669587157057e+00
1.113585185882119299e+00
1.069609190403405297e+00
1.068363598636074663e+00
1.107745166409757731e+00
1.133464266751107230e+00
1.092833162713742423e+00
1.100623391289008657e+00
1.093033866771776275e+00
1.112410514272368811e+00
1.117869613232524317e+00
1.087999963755388988e+00
1.077706774472810602e+00
1.099532529568088002e+00
1.037114342581540338e+00
1.116522533713877108e+00
1.090740710095135402e+00
1.097637106185286981e+00
1.087789816626543171e+00
1.053223485012618532e+00
1.078339562505232108e+00
1.095800761917237187e+00
1.121897976569663280e+00
1.130373695230786124e+00
1.115256750806471908e+00
1.111573290750007770e+00
1.069081087192172097e+00
1.143839572783252434e+00
1.082531877995403624e+00
1.110183002868433189e+00
1.090081149278443462e+00
1.093238028303835874e+00
1.056452502253311998e+00
1.041713018179188932e+00
1.080640709286337264e+00
1.084875575557051386e+00
1.116009335363718158e+00
1.064660240795168855e+00
1.083434919150243481e+00
1.058323131745856571e+00
1.099913135497442296e+00
1.078104264729079054e+00
1.100042232720110702e+00
1.044355788498823490e+00
1.094884140258601368e+00
1.072888862007549404e+00
1.076356520745327172e+00
1.114970584739882309e+00
1.121139566273677168e+00
1.039423596127611038e+00
1.139757107172818307e+00
1.107341542107243448e+00
1.032561020086667281e+00
1.137030020276352804e+00
1.095628053629964516e+00
1.091608461039845102e+00
1.103914804447869047e+00
1.060805893909561926e+00
1.087107697699806641e+00
1.083454903037096573e+00
1.098145645033638873e+00
1.116801278972508804e+00
1.078697124504924831e+00
1.061008262094267574e+00
1.084049309378149806e+00
1.085331015812609046e+00
1.099497794144887575e+00
1.111258308711795317e+00
1.044862109712721976e+00
1.085889211552665046e+00
1.143571105309478586e+00
1.074494151768874639e+00
1.069185827662029631e+00
1.042588211512023300e+00
1.084678933580238036e+00
1.068976927864438320e+00
1.081952766297433310e+00
1.091738745017043488e+00
1.105307147023934178e+00
1.106603163962004199e+00
1.092550341921340706e+00
1.091220390245286831e+00
1.099560921720384998e+00
1.078002904110513915e+00
1.066132342698596025e+00
1.086965122179901710e+00
1.090606343045786852e+00
1.125481724198980960e+00
1.054919332695495315e+00
1.091176066050814075e+00
1.068318779238279337e+00
1.071892178896109105e+00
1.164284397034745622e+00
1.044009988822751200e+00
1.093835626483026013e+00
1.139505436974597163e+00
1.112984172332550870e+00
1.140186035024623123e+00
1.072518571178038727e+00
1.088430314206865201e+00
1.093327055769691691e+00
1.070669373879197472e+00
1.064613400033933788e+00
1.120149320066189169e+00
1.090145049976398051e+00
1.097836252828426007e+00
1.088919468074299290e+00
1.068445050397091034e+00
1.129939144640606408e+00
1.093968629346681709e+00
1.127938077674885076e+00
1.066284148974757429e+00
1.064207400527991343e+00
1.133178757112175195e+00
1.047133327321659868e+00
1.093458322918122505e+00
1.108055097606770678e+00
1.043196398184894846e+00
1.065407560547188659e+00
1.083024079462967082e+00
1.084024155723992022e+00
1.087236208011433058e+00
1.098148379709175559e+00
1.104633358369669471e+00
1.117015429993648779e+00
1.073976865074135034e+00
1.107006430613610259e+00
1.105765659157697867e+00
1.095960493983302753e+00
1.067070365208622196e+00
1.054010179837727046e+00
1.070822248931787568e+00
1.032205170607784828e+00
1.145908296205912835e+00
1.093689852227319292e+00
1.063810497703500779e+00
1.099011389433550701e+00
1.080849537734830612e+00
1.139783582886566782e+00
1.074340034891381856e+00
1.069420469876038560e+00
1.098673701250936219e+00
1.038563633320320756e+00
1.101474054484428144e+00
1.152825843234011272e+00
1.081395106585297361e+00
1.133820281769073235e+00
1.078242114353241909e+00
1.129791003779982317e+00
1.089691604057394514e+00
1.065490955499044379e+00
1.082343782785440300e+00
1.127806562160393655e+00
1.090994754218231444e+00
1.052813222898084211e+00
1.053834196301101089e+00
1.222839141876495450e+00
1.138503379903255786e+00
1.067428939914354391e+00
1.068550931578078567e+00
1.080883828298023985e+00
1.182678949985169981e+00
1.105248904809840393e+00
1.057559100010971864e+00
1.070952062588061526e+00
1.130261782601868381e+00
1.075277452390737576e+00
1.072456146756737505e+00
1.120704386507436645e+00
1.109755577546768679e+00
1.087997848872278128e+00
1.125993164542483216e+00
1.137567029518978812e+00
1.074463834831863585e+00
1.070458165664938566e+00
1.086373774285215976e+00
1.056629899334860401e+00
1.060924437721127989e+00
1.091862496480037414e+00
1.120905371702176634e+00
1.133074985259142409e+00
1.046653848678465781e+00
1.087000509310386720e+00
1.130976975372708138e+00
1.103666008969405254e+00
1.110332184544522205e+00
1.118969307949009062e+00
1.089065268971899814e+00
1.099372981539422867e+00
1.067504286264130187e+00
1.107808397251151433e+00
1.123889313667169709e+00
1.043679267993263382e+00
1.123044697001524206e+00
1.056168563385042836e+00
1.083797410103342296e+00
1.067198987364105678e+00
1.083564045246850460e+00
1.048058822892947939e+00
1.091570362973983910e+00
1.100479317602687246e+00
1.068114584630861952e+00
1.078360162647427511e+00
1.099883125536272654e+00
1.098160674703408279e+00
1.077182679280809685e+00
1.095815297933651289e+00
1.137251627602032800e+00
1.106600794663026077e+00
1.051055757556882408e+00
1.140383076955650887e+00
1.093516831717266324e+00
1.086197950764018483e+00
1.063932298583111891e+00
1.062429035378826159e+00
1.080613439328512282e+00
1.052971790432060351e+00
1.045946637767062315e+00
1.088790313851323077e+00
1.107472021649094529e+00
1.126689197328919256e+00
1.127397085236154783e+00
1.077422869151766438e+00
1.097704697427039022e+00
1.148379549170392755e+00
1.059444499244610816e+00
1.077877755381728031e+00
1.108602544334549300e+00
1.088649201135410305e+00
1.065039698984097116e+00
1.045511296527492417e+00
1.089130227699230513e+00
1.180492066287216035e+00
1.048757737037923965e+00
1.099548946213646294e+00
1.065717766926381094e+00
1.127082401535738132e+00
1.054704970226626015e+00
1.020533924509101409e+00
1.080652503685922694e+00
1.055636882476871818e+00
1.103699074613036624e+00
1.099689038065895685e+00
1.063806134053072450e+00
1.054876858105881832e+00
1.054144645137032654e+00
1.105227157014752049e+00
1.055604664430788819e+00
1.105294860836908422e+00
