3.812369680404662731e+00
6.634230844137745997e+00
2.727190052458595027e+00
1.719232647726930630e+00
1.095953681574269822e+01
5.816445720421578258e+00
4.912971112598687462e+00
2.107751494200686082e+00
3.685799720987108508e+00
7.186237416376593856e+00
1.143562960509994930e+01
1.862622060052691708e+00
2.294630202356274129e+00
3.923663174533221998e+00
8.249289557944321061e+00
1.300407422561166904e+01
9.791174910263830355e+00
1.472029367174274661e+01
3.365565154649867274e+00
1.844745986175503560e+00
5.023812247466851844e+00
3.559105176495620526e+00
2.347307125184527443e+00
1.465354404741653127e+01
6.965827622111596895e+00
1.029752016824781435e+01
2.725599426648206247e+01
3.308386983624739486e+00
1.558964759176009629e+01
1.603079086924212504e+01
4.343961114236794430e+00
8.424606592822168949e+00
5.932388633009663792e+00
1.945947238978101623e+00
9.208269241326989984e+00
1.525450008387479883e+01
1.392587986374566000e+01
1.396668712504466470e+01
1.321618837172187533e+00
4.675275583702751092e+00
6.617077557325866444e+00
4.346650971838124988e+00
3.701024651913344954e+00
8.551024720570856275e+00
1.107997211049947062e+01
1.076530468156918374e+01
6.110531391721273131e+00
8.928574375098964566e+00
2.250948194532193192e+00
9.713752547048642327e+00
1.589829073833227113e+01
1.664470912074600406e+00
1.568800131423380506e+01
3.102447014179467111e+00
3.427846148451532571e+00
7.609117305777265194e+00
3.815135043821471061e+00
1.789919219403662254e+01
8.366577162337812013e+00
9.374060443436263768e+00
8.882474346086992156e+00
8.280885694658334018e+00
4.975225339303572802e+00
1.724618178108011435e+00
8.663620533643531019e+00
4.072782320108357723e+00
7.771330216497078780e+00
1.294366449338276048e+00
1.056237992148805915e+01
1.646041780109874786e+00
1.325077705603762723e+01
1.824813053700578003e+00
1.264271892505657746e+01
1.281632323202174462e+01
1.186307405201694287e+01
7.879524185431634464e+00
1.788138885070691853e+00
4.476735339916558587e+00
1.255844713862478557e+01
1.083535512415129354e+01
1.014913571934208214e+01
1.795060157259132083e+01
1.283623518649768869e+01
5.534323539809837378e+00
1.157976223191673704e+01
5.499619893456719311e+00
1.266468559260318649e+00
4.404430079429175748e+00
8.847737023879124862e+00
2.167320210509743106e+01
1.240713892575495692e+01
2.101113138534388636e+00
8.540351104086346012e+00
1.069532843578363668e+01
6.319046978577754103e+00
2.393715396143666752e+01
6.482253781528355852e+00
4.716378049326310773e+00
9.450465792733552917e+00
4.395171532634309486e+00
