5.697137051619039383e+00 9.156456548300497822e-01
9.933857619350368040e+00 3.386876890169353782e+00
1.076293132434165223e+01 4.724924451962641214e+00
1.134360201680012636e+01 5.042420877916596211e+00
5.565521334381241303e+00 9.032635913493309854e-01
5.816623500699396487e+00 9.608265154398984986e-01
7.258166683950045162e+00 1.222243299971285779e+00
7.307846228233805697e+00 1.244839279024385625e+00
6.625571778534775191e+00 1.080814610785893581e+00
6.837387225382291156e+00 1.159387538228400905e+00
6.942297565736076592e+00 1.124398915399792420e+00
9.852347974431234334e+00 3.157974472891557749e+00
6.428685015259709701e+00 1.023005062495169426e+00
6.797239211787707625e+00 1.149167870167168370e+00
6.687578522140766424e+00 1.113729208422950423e+00
1.189452176724252475e+01 5.287788163862953361e+00
4.592329719622369133e+00 7.392820731687173019e-01
1.260317731620650505e+01 6.340591892686933129e+00
4.739946464188122377e+00 7.461724316440626614e-01
9.699313660477518084e+00 3.135536816132845406e+00
7.304377253442588369e+00 1.269907454096783184e+00
1.070413903800682398e+01 4.258587897272777312e+00
5.752622939007281389e+00 9.442503512146083189e-01
5.901856044301589499e+00 8.520413876777167550e-01
5.670398521056949193e+00 9.867903108177727978e-01
7.678540843203778721e+00 1.992822688656498809e+00
5.505933169298736551e+00 9.267754164425303642e-01
7.414719444539037418e+00 1.231532225329247332e+00
1.158455968831523997e+01 5.189403109310531725e+00
4.065402883854299709e+00 5.989935507161912032e-01
6.704757005217905963e+00 1.111484499663367043e+00
5.520365942602587062e+00 8.878617598037700231e-01
1.211727398910283071e+01 5.322622634043517209e+00
1.335964296547763297e+01 6.857476123440626736e+00
1.252904414112617637e+01 6.299488046382432316e+00
5.369491245720538153e+00 8.246868338627989514e-01
1.177181300741549386e+01 5.842056758635179925e+00
9.761664550076870839e+00 4.327025753586878132e+00
5.727249058956142669e+00 9.667922395406026714e-01
7.467995687381910663e+00 1.245097940523913316e+00
5.369378729044909093e+00 9.115625668710178875e-01
5.563457587634020207e+00 7.907531589602420086e-01
7.451828830172820162e+00 1.238445268742939920e+00
5.560165031278605952e+00 8.852005066357954144e-01
6.902733844765502447e+00 1.158278889469794626e+00
1.281353954299425446e+01 6.498470439854187042e+00
7.227089086889001202e+00 1.201245443572303673e+00
1.287137845664470426e+01 6.476114441863370708e+00
5.545729900485815378e+00 9.073865091227480972e-01
5.601815043455578902e+00 9.096505108854028299e-01
1.119550413552949841e+01 4.915467700779950988e+00
5.672627998089343926e+00 8.485305514151402217e-01
1.313830384380361949e+01 6.724682704836060232e+00
1.028719876742790618e+01 5.021641144068421880e+00
5.887011985321546348e+00 9.913847915421195589e-01
1.134893750189881345e+01 4.997096436125507246e+00
1.173666792676270632e+01 5.152157937485704942e+00
1.048506486069380728e+01 4.649828339488227158e+00
5.988125192737292046e+00 9.076351563181743742e-01
1.049560879716726625e+01 4.642173227130776958e+00
8.837063813609061569e+00 2.533537351597262788e+00
7.187713479002328931e+00 1.174979147309196836e+00
6.061200568981799819e+00 9.699517910927891728e-01
5.525463965744227934e+00 8.320820102611113933e-01
7.631464185590334459e+00 1.259512870437173193e+00
1.127121253891392527e+01 4.944864117274392790e+00
6.748382753574920123e+00 1.147834508097907547e+00
9.028717631677373845e+00 2.819588069855983647e+00
6.769872880358362544e+00 1.136338125717581971e+00
5.550682417058578899e+00 8.529479752852230368e-01
5.596550797548299094e+00 9.080054966697355123e-01
5.523636408578052048e+00 8.486890231585310085e-01
7.191708534254711793e+00 1.218072758083595053e+00
1.271908409776056637e+01 6.526214508897371758e+00
7.449915847288749227e+00 1.253963380748501111e+00
5.727380534727903871e+00 8.213431051280531969e-01
7.080913246312123377e+00 1.178298168870441698e+00
6.785344973042935379e+00 1.154713421652750593e+00
1.173689484563397301e+01 5.225265039596306060e+00
6.942480147807303048e+00 1.092278797367873810e+00
6.077464765697847326e+00 1.377211244640740961e+00
6.433947133019212394e+00 1.095846614787416851e+00
5.817873804487002865e+00 9.852231113546690011e-01
5.416545347579078573e+00 8.963882897296622243e-01
1.005275153407604982e+01 4.797884397066241036e+00
7.366776342104786934e+00 1.205806123300901422e+00
6.496679690156661913e+00 1.109575663371130894e+00
7.697889060505495706e+00 1.314433970519059303e+00
1.008255476060914546e+01 3.391788105960825472e+00
4.376750352335797345e+00 6.655764567230016970e-01
5.858331963689037636e+00 9.488295744639063667e-01
1.155933461387002126e+01 5.080838955966330950e+00
1.167438604361299248e+01 5.132018247514301912e+00
5.669794026873710813e+00 8.097926586287403916e-01
1.245929907492750388e+01 6.180554527248054875e+00
5.540760404588348287e+00 8.930588638359916454e-01
1.231162785242162450e+01 6.252345388143276672e+00
5.866809775425410933e+00 9.481957235405463758e-01
1.109847497493711543e+01 4.874450402520278836e+00
5.367602992207383572e+00 8.936742083521928004e-01
7.502705743512867009e+00 1.234311874173438683e+00
8.493935241224631838e+00 2.286686006851181840e+00
5.177576638910738716e+00 7.757081429712263665e-01
1.222637203549743035e+01 6.075452823267502467e+00
5.713834428625479411e+00 9.507670456994120611e-01
1.356181065103730354e+01 6.988034629640149653e+00
1.269705156708997862e+01 6.511493352909369925e+00
1.307659498587473479e+01 6.607605146987153510e+00
1.028482647225072988e+01 4.544653604885542819e+00
5.685593490875475275e+00 9.718605797420736270e-01
1.259330123273621282e+01 6.229771283754345745e+00
1.112342525490036493e+01 4.864376652241249488e+00
5.781223307973821335e+00 9.872951216005657615e-01
7.203831229850486295e+00 1.232991235711193845e+00
6.818295308502313468e+00 1.139303895908289288e+00
5.637123853695598541e+00 9.019360549357295920e-01
7.400311629476032493e+00 1.253648851896794536e+00
6.108609020935695355e+00 1.021000236787837689e+00
6.629856697761168149e+00 1.044975476415663573e+00
8.311789181749622557e+00 2.193005535546713070e+00
5.701992554538595215e+00 8.993974469161506446e-01
5.867041556016863169e+00 9.546610516144723446e-01
5.671725513056874668e+00 9.801678874131287689e-01
5.703214358862496169e+00 9.637231336778866453e-01
5.967082963892406333e+00 9.695928949790190154e-01
5.907339172431811392e+00 9.873616239454224841e-01
1.157953501818954045e+01 5.214504413779602388e+00
5.720187161355158700e+00 9.809020652538199547e-01
5.469924238568496300e+00 9.200371310733176378e-01
7.798422437505283078e+00 2.087675478814187358e+00
1.003404839720267283e+01 3.202678856269831620e+00
1.295024079103826153e+01 6.556891486126105839e+00
5.649270361029231857e+00 8.374252492875158271e-01
5.554415697453764622e+00 9.626765227813683934e-01
5.828779458063753971e+00 9.486581352489141805e-01
7.169181649075778040e+00 1.142846469919973407e+00
1.126025573535496704e+01 4.707642731089951127e+00
7.054588915191330578e+00 1.183615335043446848e+00
6.686389236415259063e+00 1.118137716117452163e+00
1.150550438919200680e+01 5.014746314967774232e+00
1.060084545167631909e+01 4.623200046485254511e+00
1.190403117597194615e+01 5.474660328856012725e+00
7.523059253534880142e+00 1.251269126082108718e+00
1.272931804874551531e+01 6.385693960769514455e+00
5.911330987054572716e+00 9.290587885855585704e-01
5.729894910498229521e+00 9.365217953415130303e-01
5.789372471950507304e+00 9.398964159990832457e-01
7.384750605662479650e+00 1.208269419549987012e+00
6.121681435436727270e+00 1.009687232469973051e+00
5.730742072651525021e+00 8.601185599598637488e-01
5.234291176776775245e+00 8.186380894721385637e-01
1.086739294785718357e+01 5.407405177495803628e+00
7.450413136111024848e+00 1.263920667334290870e+00
8.731074031387821677e+00 2.527910940854147359e+00
1.238582240427963832e+01 6.189661853729132801e+00
7.140745493268802591e+00 1.203014168415143637e+00
1.343063747057935942e+01 6.823490574418324073e+00
1.329258431176532085e+01 6.794944455423649110e+00
1.147367626321772072e+01 5.250927139805589228e+00
5.565039524560172701e+00 9.064495954905247288e-01
5.808805355890981126e+00 1.314561695230755944e+00
7.224456678137383570e+00 1.231423786510425611e+00
5.520974115070158561e+00 9.026991145052153387e-01
1.175243914639099607e+01 5.199463192855496629e+00
1.340129570663580694e+01 6.916420091663189496e+00
1.020737403433168033e+01 4.469779592419825143e+00
1.275351229318424728e+01 6.576008585548081875e+00
1.157510859569277173e+01 4.963813215814861124e+00
7.207743348853558274e+00 1.186155296144358662e+00
5.708640157305076457e+00 9.729353829233796658e-01
5.613478037750748939e+00 9.054721313704995334e-01
1.411067752620476057e+01 7.280301215245770230e+00
4.748274546245259131e+00 7.268875661633136254e-01
5.569388275488877049e+00 9.864758412022783807e-01
5.861728747624013636e+00 9.408437725701804810e-01
5.897673086517759344e+00 8.661359469767981878e-01
1.138302181420807635e+01 4.968622117924895498e+00
5.567959683320463427e+00 8.978797112129006663e-01
6.882988440451626388e+00 1.161320461136782889e+00
7.717533831179342663e+00 1.315051343818482987e+00
5.533739161990900435e+00 9.256719592714555134e-01
5.298869140309220960e+00 8.363836914922611054e-01
5.700838563461710251e+00 9.574801288591407999e-01
1.013613036973428194e+01 3.684494325819343441e+00
5.756935205347907036e+00 8.445883984737998507e-01
6.764320054979108043e+00 1.144668355905348767e+00
5.605534444225503066e+00 9.705658549095482757e-01
5.544155538008472384e+00 9.061909258118817645e-01
5.799718369447445454e+00 9.791537068891617013e-01
7.370248760361083562e+00 1.188800462832104277e+00
5.394319464940648068e+00 8.181582271507326087e-01
1.054475123534496106e+01 4.023446450694171617e+00
5.747374222850586634e+00 9.792517873575663501e-01
6.523363396619610732e+00 1.071421179884548769e+00
5.534965133559541783e+00 9.556299812396248372e-01
7.127345110943121398e+00 1.218070751857466272e+00
5.557274280471404815e+00 8.825272878474927918e-01
1.123680428131192066e+01 4.892745593880672317e+00
6.432923479128797695e+00 1.103944627365278430e+00
5.648246736527931411e+00 9.318172445693960748e-01
1.168723622381839178e+01 5.088498006418604724e+00
7.004899247746925184e+00 1.161203837285885498e+00
5.565003485029829555e+00 9.514326676434141650e-01
1.078468787324244715e+01 4.780972865753265744e+00
5.881933476070780209e+00 9.862691712020749124e-01
5.836572883314482318e+00 9.738831785186402579e-01
5.718842551459448309e+00 9.765862504554342349e-01
6.724042000182800294e+00 1.145993756650586448e+00
6.040079418598510053e+00 1.024316786973167082e+00
1.306880207112354420e+01 6.773117022498184703e+00
5.542171508068367558e+00 8.672698915700980393e-01
1.109347187925165912e+01 4.927671037519043118e+00
7.122459359229536879e+00 1.203628281624323115e+00
6.107363093548420885e+00 1.015039648519874937e+00
9.234369233000707666e+00 2.762034472671101692e+00
1.271943524681735305e+01 6.438531470857731698e+00
7.147223473103586855e+00 1.119422694554786712e+00
7.114929777694597668e+00 1.183025176454387983e+00
8.364751524821338435e+00 2.320463536966471896e+00
7.133265962505499935e+00 1.173796833372796389e+00
7.060988467676917679e+00 1.147308463356338848e+00
5.651249887710454445e+00 9.604057689778751072e-01
5.981764455494886334e+00 9.504235884371203813e-01
5.798889325720981702e+00 9.742682628521733834e-01
7.022814079918187957e+00 1.175503235029640603e+00
5.219945880580066699e+00 7.548027428833328223e-01
6.567372915577825765e+00 1.114175988069570522e+00
1.144350407960702221e+01 5.020287304881487778e+00
5.694222348224106334e+00 9.286103508573254617e-01
1.273283003210024233e+01 6.402863459873247898e+00
1.244754175711984701e+01 6.326721977208833891e+00
5.634370206718004148e+00 9.514317958251158336e-01
5.573301214797814929e+00 9.492974078831480922e-01
5.506628811021792025e+00 8.274783714031548332e-01
5.761178804138356924e+00 8.697165036296663487e-01
5.518884190096343012e+00 9.308833371242967170e-01
5.570618537661480296e+00 8.119283648089925531e-01
6.558263635165383576e+00 1.122714482371425238e+00
1.281860583128932696e+01 6.502128368697088767e+00
6.958835759127311782e+00 1.138311414501938401e+00
5.915296564673957924e+00 9.562112767745103437e-01
5.804330668469360965e+00 9.136083119868992908e-01
1.159391863858447458e+01 5.222442817080120037e+00
9.923671458264639256e+00 3.174695542871035059e+00
6.831178594544208948e+00 1.150919787515357839e+00
6.196286031589598231e+00 1.056652841483184169e+00
7.141127398329634168e+00 1.224597986769688562e+00
7.134238290724390197e+00 1.204130422366646247e+00
7.263469741066513663e+00 1.181604844378555175e+00
9.325834747666318592e+00 2.771908175113122930e+00
6.166969449749926113e+00 1.043178000072919609e+00
1.079912482365746662e+01 4.252834464455797381e+00
5.999192265160322002e+00 9.987810145259988781e-01
5.432286590464559417e+00 8.714794006558619355e-01
1.064165828140038883e+01 4.690952312483414488e+00
1.077270757395581846e+01 4.137786596662700767e+00
5.570810048604580622e+00 9.404145085832851247e-01
5.632742019642284603e+00 9.490758843881516027e-01
5.716841119906904467e+00 9.360690723336391184e-01
6.574482624835422229e+00 1.105828180033094243e+00
1.313363424596109397e+01 6.575359185235625681e+00
1.386300060529346290e+01 7.209159624102942310e+00
5.330175486722297684e+00 8.159322015850807297e-01
1.119308880487780655e+01 4.903644844355356192e+00
1.036805276031623002e+01 4.557694171378580350e+00
1.107253835931995489e+01 5.119257498699465891e+00
9.167021351964585563e+00 2.707336057494520443e+00
6.359580720604566473e+00 1.076395937784311307e+00
5.834497190401640943e+00 9.839450448311432007e-01
5.837998333029799980e+00 9.755506986531508051e-01
1.182737282818095004e+01 5.927260476196279271e+00
5.454109641304080824e+00 9.375498630059955207e-01
6.053602501048443330e+00 9.345990321818257174e-01
8.048637631878900578e+00 2.202062264350276077e+00
6.589757814297074745e+00 1.115693252589902151e+00
5.765861333782099862e+00 8.798653957702268213e-01
5.974620636758777081e+00 1.021424404083866033e+00
7.952069852500023295e+00 2.018240741562910667e+00
5.190353108143652250e+00 8.277716343937558952e-01
8.554483111633590653e+00 2.534153373392491471e+00
5.504651350976940805e+00 8.793015618853834425e-01
1.335030329323250164e+01 6.893431237051530047e+00
5.730788046249776002e+00 9.512452880438199143e-01
5.626803929445974184e+00 9.376839297709614884e-01
9.327852449941783419e+00 2.954375539975487186e+00
6.036138328916541340e+00 1.058661347474647352e+00
5.737094920550538824e+00 9.626668764773316234e-01
7.321575491521265633e+00 1.949684383599857407e+00
1.168862419097580663e+01 5.136692717550788601e+00
5.694221547980381715e+00 9.203685953996537661e-01
5.665746015014801351e+00 9.516017513589514198e-01
6.708432791300426246e+00 1.064570912150794468e+00
4.485427877770918670e+00 7.273391376821985999e-01
7.235567257865916702e+00 1.234362858186815570e+00
1.198666270108894061e+01 5.271180514604627554e+00
5.811013308108697650e+00 1.023221397026333968e+00
1.004809178603279740e+01 4.093186601113142586e+00
5.812929662249602281e+00 9.549141258493452078e-01
5.421513101187250605e+00 8.761660131815305341e-01
4.894058023967493121e+00 6.831917356674959141e-01
1.109467580254028185e+01 4.795420314559080133e+00
1.154760729967527411e+01 5.075945262189204499e+00
7.984568888904131967e+00 2.183332342782786650e+00
9.397062287031124228e+00 2.868441940884113084e+00
1.280769981209334141e+01 6.365988338305340832e+00
1.077754925950090303e+01 3.804485778891858683e+00
5.387101592490877167e+00 7.886302355078257387e-01
5.633052720127664337e+00 9.326275751414196957e-01
1.018971106137470350e+01 3.886439199647841569e+00
5.406456026084641486e+00 9.051961360351111763e-01
1.027080794800592933e+01 4.580169497675226076e+00
9.632845372070281798e+00 3.053177256545029028e+00
5.964220118935502413e+00 9.358194912203574578e-01
5.651989822071540104e+00 8.587599652766143565e-01
5.372048832633776527e+00 8.251116239189343338e-01
5.365213812586827835e+00 9.205131220630586864e-01
6.136168090519714902e+00 1.058389241665589786e+00
5.530510447167500843e+00 9.002130115542468225e-01
7.394479971339298352e+00 1.249993152418286346e+00
5.752085926264359550e+00 9.608765725944143909e-01
5.934945837885251763e+00 9.676139799791415586e-01
7.326110376308182737e+00 1.235120202451516214e+00
5.843352271766981687e+00 9.653762843427747820e-01
1.013253840572679820e+01 4.807864456392516139e+00
1.347426741418325058e+01 6.927855510854561416e+00
9.988787388292202252e+00 3.186855243838096818e+00
5.755785254962622055e+00 9.963508810626083845e-01
7.457881949132745270e+00 1.268297341195947281e+00
5.744404203371726858e+00 9.094602451744053795e-01
6.104965661921436748e+00 9.621630404537292458e-01
6.629326953453941407e+00 1.126831188758936397e+00
9.380444407410305274e+00 2.720354825493669804e+00
5.696856416891108665e+00 1.006726618607075574e+00
6.062888775315797396e+00 1.030453648374066500e+00
6.109603424997068544e+00 9.905020298156862468e-01
1.001883227183420999e+01 3.260097064031489911e+00
9.289977025882178552e+00 2.747262501690407976e+00
7.301207979005938320e+00 1.242062123720101274e+00
1.181369718138479641e+01 5.752206385808340094e+00
1.139727642093844828e+01 4.913363953138031093e+00
1.240524703544641127e+01 5.446263302478532964e+00
1.028912038608210899e+01 4.575773587010152355e+00
4.892791615239234559e+00 8.206058018556902089e-01
9.893174788764035554e+00 3.036942083945451287e+00
6.100406982989737159e+00 9.890298100102106194e-01
5.583691963330982055e+00 9.099693198729129628e-01
1.011214522954879591e+01 3.679754205576500237e+00
9.748393836382183153e+00 3.108666324357850286e+00
8.762233718162324436e+00 2.462077095481308042e+00
1.179281395501950236e+01 5.549257391898219538e+00
6.573229546269414136e+00 1.052944627483682449e+00
6.032791669151635006e+00 1.016538412318623630e+00
1.211416250887986479e+01 5.315201231938547544e+00
1.187379069227990946e+01 5.729902247559793160e+00
1.126039435750699802e+01 5.445164281827262975e+00
5.605845503632317595e+00 9.126872592978603205e-01
7.067040632920342347e+00 1.150125786749397694e+00
5.530603204326901334e+00 8.613545371668143158e-01
9.908021970029299297e+00 3.127766832607663972e+00
5.572598583601547695e+00 9.303644389819991645e-01
4.669113053381328982e+00 8.000142868370523352e-01
7.309413966707889010e+00 1.162885577156294481e+00
1.335478024904868910e+01 6.891212556943957956e+00
6.053855131710089488e+00 9.881879466609367890e-01
1.212761668084271882e+01 6.016447756534768487e+00
8.160131043225353764e+00 2.405714446716684218e+00
5.455921241762436757e+00 8.417689566045283289e-01
5.209991335976197568e+00 8.519325907062940129e-01
1.290350124353292394e+01 6.617947698388635835e+00
5.620891806669908952e+00 8.600891140663523560e-01
9.777391600160374452e+00 3.122836447635521928e+00
5.785110313382858749e+00 8.823016953962743436e-01
5.581455021562871543e+00 8.800901222564826432e-01
1.170264987550056368e+01 5.128266845871095825e+00
4.310112166836264080e+00 7.225120127372471890e-01
5.851049583219934291e+00 9.422344442545617094e-01
6.916698002539662049e+00 1.173883653544315564e+00
5.667802702278356364e+00 9.271050026449310089e-01
6.729338960279941162e+00 1.116863265137409522e+00
6.185336830531429797e+00 9.450514636693984061e-01
5.661117309759909233e+00 9.037753600315341362e-01
5.934631049451631668e+00 9.638784001311904159e-01
6.976650743077332351e+00 1.203245538800748804e+00
1.116937756552456662e+01 4.851571088294636347e+00
6.930459707534674330e+00 1.669988203114514569e+00
4.805843845792884039e+00 7.292406839632548099e-01
4.908811925428842926e+00 7.567778050501655640e-01
7.274114782776584853e+00 1.226644211509231752e+00
1.049053782787020772e+01 3.622498188767736327e+00
5.725625868113548123e+00 8.893939581955703222e-01
5.605491705791536106e+00 9.596903724156911064e-01
8.522458921562320100e+00 2.384242525084685038e+00
7.189720170760083739e+00 1.199581460609152384e+00
1.365253308612605387e+01 7.070366220965841109e+00
5.748481585081488099e+00 9.882149690178572143e-01
5.439679386190710453e+00 8.186495280084579163e-01
1.038486100082688246e+01 3.781221369171850366e+00
1.127940281588633731e+01 4.946458996192117041e+00
1.281931732007467772e+01 6.484817399403427274e+00
5.628676194852008763e+00 9.132196477224470144e-01
7.412879299120485932e+00 1.226963939011197713e+00
6.205562049912568767e+00 1.036183044716652235e+00
6.226804230145483565e+00 1.026745818438534297e+00
7.823099908814308279e+00 1.327010833031396553e+00
7.051510511366048561e+00 1.147419829678280934e+00
5.906664320104970223e+00 8.902383711604940908e-01
7.461565870778374965e+00 1.278796876055545040e+00
1.082908695913417141e+01 5.447365510049826831e+00
1.127191056228676835e+01 4.966843943302959197e+00
1.293442297988380574e+01 6.618407595850755776e+00
1.176457844775784523e+01 5.324216271295410863e+00
5.919224980346156961e+00 9.846310839158312067e-01
6.043683434506395002e+00 1.430402121672653903e+00
5.211603278545728024e+00 8.819923906678112102e-01
7.420230479230086829e+00 1.280471661067452471e+00
6.903651544837607013e+00 1.130443186406306699e+00
1.030072484093781249e+01 3.488861222691583386e+00
5.392952048052526592e+00 7.687249345982639648e-01
5.848165231889017157e+00 9.897629113493054964e-01
7.394214046467848966e+00 1.229409405684717571e+00
1.365651538100939710e+01 6.937363332290721551e+00
1.099335108813889583e+01 4.867886431540192405e+00
1.150984634922073901e+01 5.100828054188466076e+00
5.254149153810386608e+00 8.442113895141082347e-01
7.034798037722470809e+00 1.168469837012996226e+00
6.608722387498448647e+00 1.124717701720709950e+00
5.757833265914635845e+00 9.060725861166557538e-01
5.976236510314961947e+00 9.425562368468218821e-01
5.063490613814541241e+00 8.286874301943039089e-01
5.750815290007017744e+00 9.512339372230323997e-01
5.874860334213829915e+00 9.621673265703878375e-01
1.225234373807340482e+01 5.600000234695323265e+00
6.837036123493548168e+00 1.137704857836414618e+00
9.740877344108353597e+00 4.034559135740733105e+00
5.595789691577542690e+00 9.181988665597522470e-01
1.265471680687450373e+01 6.422651501835684229e+00
5.518795824906892911e+00 9.371989979806991666e-01
6.829807074422470592e+00 9.822342529322174443e-01
1.184934257457276097e+01 6.045078886522242456e+00
9.673994123427872793e+00 3.055324860469772030e+00
6.651560014638890905e+00 1.125936575629006509e+00
1.360384790973606250e+01 6.908131455984150904e+00
6.523331256735369621e+00 1.065269563134573216e+00
5.733026981239576436e+00 8.479718250001162527e-01
5.920413546424739160e+00 1.004863183527569870e+00
5.991590681801548968e+00 1.391986807667230819e+00
1.087221683605138267e+01 4.743048518388660817e+00
5.754983928391203207e+00 7.296120585818287596e-01
6.771518557820093598e+00 1.132773332619258611e+00
5.919417002870244637e+00 9.318156799486078112e-01
5.786449215059467299e+00 9.477469020140771860e-01
5.628504648631525775e+00 9.445159146653788751e-01
7.377521428401840886e+00 1.250025466432665544e+00
8.954169701322317820e+00 2.578056787436499686e+00
1.024887203462137819e+01 3.584291438137259700e+00
5.696017449339664473e+00 9.866115540776432269e-01
5.743771547122344501e+00 9.650181098516559253e-01
5.763963097820058223e+00 8.487867460567649625e-01
1.312382868282436199e+01 6.626324460774458913e+00
8.333815473806199137e+00 2.187237088171782862e+00
6.315012124509344460e+00 1.028747285632530595e+00
5.639291948170511048e+00 8.772280534372624006e-01
1.167500607437225391e+01 5.066297484269374429e+00
6.689088419058580648e+00 1.126463832362204931e+00
7.432034376032926382e+00 1.238494883486780163e+00
1.196769006466370655e+01 5.256279817469003746e+00
1.008043560762160595e+01 3.591141845196767157e+00
7.071526985730341330e+00 1.200035964423472601e+00
4.789334953103161041e+00 7.297972250312003695e-01
1.261639295630374491e+01 6.500524543128621602e+00
6.148262609455194649e+00 1.007203288703103716e+00
5.915686289946575194e+00 9.084483241754606198e-01
7.262310521278764419e+00 1.233753398912656785e+00
1.306906815288161283e+01 6.640589713736642530e+00
5.929716065015783855e+00 9.814352084320548952e-01
1.187283281800508661e+01 5.238938834318309645e+00
8.345612758327867198e+00 2.314602370374515772e+00
7.183118305166524387e+00 1.227934044267417146e+00
6.193953799045571529e+00 1.063443078730937463e+00
6.982798791409596362e+00 1.172982480923077109e+00
7.033603053569883912e+00 1.173796174617051324e+00
5.584583718608631564e+00 9.280349984659201912e-01
7.235618452439198656e+00 1.236640578572333116e+00
5.570100852996604957e+00 8.657407424095957538e-01
7.237324693106230278e+00 1.205408663727085550e+00
5.872180488740682769e+00 9.378742561853731230e-01
7.042407761957762524e+00 1.168894534408253305e+00
8.989452914503988978e+00 2.613413795844422349e+00
5.924205882075082918e+00 1.012454237372359289e+00
6.617398828792435239e+00 1.034209140420952577e+00
6.750919371753734133e+00 1.660763428834838518e+00
5.879761517232859447e+00 1.009871356120417119e+00
5.607869001413471111e+00 9.051366684230696125e-01
1.192706466015514444e+01 5.226742972997850956e+00
6.356113534737682258e+00 1.050433773346410637e+00
1.201419129876873093e+01 6.015205364412129718e+00
5.183418026618892505e+00 7.570156476428070436e-01
4.525438067816303978e+00 7.060746700073379234e-01
6.000740507381477684e+00 9.991425065815504603e-01
7.433857949588547065e+00 1.265163221084166567e+00
7.391852885552885333e+00 1.273958192703188885e+00
4.793710297128937370e+00 7.077046841731396976e-01
6.153229583278834625e+00 9.741911497123095787e-01
1.075187673644414055e+01 5.036981900685624680e+00
6.086515038556141732e+00 9.316536482175917788e-01
5.449893768970246910e+00 9.035876261104230922e-01
5.749207216464140124e+00 9.650345800252932982e-01
5.610244206573928416e+00 9.609802045177718854e-01
7.053734461571176340e+00 1.163285517206545272e+00
9.164001454964012083e+00 2.657942430807471723e+00
5.962400542810957660e+00 1.023100894852931431e+00
5.934915788159054628e+00 1.005801187617073378e+00
7.038496556590756903e+00 1.203906529775127687e+00
1.186386733825112749e+01 5.271055425798501837e+00
1.389794019389908186e+01 7.147200444978106582e+00
5.888604642368079567e+00 9.896245327306405493e-01
7.053120677860922783e+00 1.785878915631753605e+00
7.065311104625772387e+00 1.181693150952084936e+00
1.162334617020103167e+01 5.862663448186451909e+00
1.396086722364717581e+01 7.185807959315971161e+00
5.474666989493521818e+00 8.162158747665027025e-01
1.041558190745472778e+01 4.452626824928709759e+00
5.971843640499611361e+00 9.562107193776129277e-01
1.146351844850046398e+01 5.685116997874380296e+00
1.191764640084031157e+01 5.635876829880158922e+00
5.794601992127526024e+00 9.305200631103267561e-01
5.915116691048120323e+00 8.974281743376070208e-01
5.484633637284069607e+00 8.041916712841177262e-01
5.906796041021758370e+00 9.729222334632326996e-01
5.802594921244327963e+00 9.344914952466225611e-01
1.126972547609645048e+01 4.940600872901350193e+00
5.564998906661046796e+00 8.878830872207698066e-01
5.809983722379213233e+00 9.622989885002878330e-01
5.806362462311997596e+00 9.924481562574162252e-01
5.620407350170356864e+00 9.342741073108427052e-01
5.742850570418075229e+00 9.534872774892262370e-01
9.873327154341154710e+00 3.158091941187020080e+00
1.283550831757036370e+01 6.576074001856735407e+00
1.149137492835082597e+01 5.110761171028137539e+00
6.730494341354611443e+00 1.026105367119499512e+00
6.388315221690809231e+00 1.010439991983870911e+00
8.929011254635499384e+00 2.586053628305720498e+00
5.618375346549042249e+00 9.620506282415793864e-01
1.336052847266046761e+01 6.819989893155123717e+00
6.853580726727240169e+00 1.109845061782797515e+00
9.693014514043669649e+00 4.885903851371057982e+00
1.095084013453741356e+01 5.338419116293493971e+00
7.187056987394194962e+00 1.222487152207891281e+00
5.464320762837377998e+00 8.684851053153929135e-01
4.447010851832716938e+00 6.687895275554163188e-01
5.639595521938486122e+00 9.070858053325482340e-01
1.228746162787266449e+01 5.858679044484159881e+00
5.086640942245436392e+00 8.371945486563286964e-01
1.225144414645687085e+01 6.027139157083712284e+00
5.329399030383529023e+00 8.200875316488402955e-01
6.707277317629048774e+00 1.118982188959832147e+00
5.718802501708537100e+00 9.175988787728598384e-01
1.322333544232831493e+01 6.723268293008999308e+00
1.174550029202393375e+01 5.250718971609088292e+00
6.324606969672798229e+00 1.083923905545392197e+00
6.403026090454167374e+00 9.973735722428983541e-01
6.569482123710875143e+00 1.580873782258286342e+00
7.153597357161842751e+00 1.836010695469131315e+00
1.132270323258113010e+01 4.946630376833920373e+00
7.484575409120290956e+00 1.284468227720078515e+00
6.943414380977279698e+00 1.141470942416781709e+00
1.057214244116973134e+01 3.926157430988325814e+00
6.272768149701702711e+00 1.010583525426472340e+00
5.541632683716691155e+00 8.867799884168414692e-01
6.083293672828613552e+00 9.576126591679657851e-01
1.075521012418858824e+01 4.730414771026434373e+00
1.099486236517902782e+01 4.912488528993434578e+00
7.069264166173733877e+00 1.191651477755654609e+00
6.529019362910241320e+00 1.080869103449494606e+00
1.181649394960256316e+01 5.316586069729468456e+00
5.465293806665764365e+00 8.270101072321927038e-01
1.365195839088613283e+01 6.974352553840216018e+00
5.379461115490546064e+00 8.448736298004434486e-01
5.850527090810500930e+00 9.675070991448776470e-01
7.357136654448225954e+00 1.276196427300276159e+00
5.685404955032194785e+00 9.195131290955590453e-01
1.028736988641291994e+01 3.578339266058758739e+00
5.421700887011930092e+00 8.393351939248255844e-01
1.052653864218472535e+01 4.319844866224580748e+00
5.458074508627411170e+00 8.480620700818540803e-01
5.927662115766977102e+00 9.685798992926721862e-01
1.193129124648951667e+01 5.393937716650480496e+00
4.343479134577902911e+00 6.650707103343781457e-01
1.173635083479241992e+01 5.200389076527218712e+00
5.577236539626095890e+00 8.631523302107795281e-01
5.805751302617312426e+00 9.743629063473573382e-01
6.961919167353661564e+00 1.185629980552365792e+00
1.332060255078191879e+01 6.764559846498286788e+00
1.288542696657360409e+01 6.490603065453431242e+00
7.744423999331615072e+00 1.944073737798166501e+00
1.074782550251717694e+01 4.737166017973268417e+00
4.477322778271799031e+00 7.473629103945910179e-01
4.482064609485692408e+00 6.595308860019868380e-01
5.650652491774129871e+00 8.523741808670386444e-01
5.760262795731630803e+00 9.251343046034464779e-01
6.143396608219090282e+00 9.021126315596827983e-01
7.069416157150846480e+00 1.152181243808311217e+00
6.589229135322948849e+00 1.098119597212016352e+00
1.114978217578901898e+01 5.088909661048940158e+00
1.147427439007695860e+01 4.978529751111585355e+00
1.306250741726473308e+01 6.534294328729870038e+00
7.451166061208748914e+00 1.232917031600286872e+00
6.126431941473813758e+00 9.955489087838574891e-01
7.273684612814243167e+00 1.228114743418075694e+00
5.700992929048913638e+00 8.791757909187442044e-01
5.919527415304179030e+00 9.416073146708074937e-01
1.169500169722350336e+01 5.186041341801093552e+00
7.488576885090730606e+00 1.267882199692831113e+00
5.554733482317195659e+00 8.270131705575682890e-01
5.543626175068520290e+00 9.366585496661582466e-01
1.160512689054804625e+01 5.082028266283338702e+00
5.854495273618272044e+00 9.659974039066714369e-01
7.245640804921038125e+00 1.234537105022611492e+00
7.125885357402205855e+00 1.217792167102816681e+00
5.456397314112169106e+00 9.303250627822722274e-01
5.630898398997719490e+00 9.029012279239827521e-01
1.122505284324875774e+01 4.920707733557770247e+00
1.280895824725738663e+01 6.509157361045901702e+00
7.097329486833718448e+00 1.209386734235204042e+00
5.839805260360330763e+00 9.983400192812297291e-01
1.060250879748212149e+01 3.379883305664138415e+00
1.213898174036430788e+01 5.869657909750145564e+00
8.830236918089044096e+00 2.492968240717858386e+00
1.217841195508970387e+01 6.118355111164794913e+00
1.093832488612498643e+01 4.807499600200620726e+00
6.054588090852525362e+00 9.391834510256292790e-01
5.560107214738164494e+00 9.257643778135087320e-01
5.365738564802788879e+00 8.869004733589037626e-01
5.649201935863816360e+00 8.545597046771176153e-01
6.632919436515036793e+00 1.018652017604578797e+00
5.475266160258568604e+00 9.562525467961785486e-01
7.162999173418704402e+00 1.175094901101523481e+00
1.221782790349725012e+01 5.553665808847269680e+00
6.006811121924378050e+00 9.775360615624217875e-01
1.002321660059475583e+01 3.309474668455224311e+00
1.315970152535752113e+01 6.761189814298518286e+00
1.309117879808938767e+01 6.675613960167841476e+00
7.855611940128379267e+00 2.050769505937435344e+00
1.014193842308194249e+01 4.367087774881982298e+00
6.165659702903319328e+00 1.008991218219363439e+00
5.606738503761055092e+00 9.452403365252496359e-01
1.389770658788334146e+01 7.109071468289894113e+00
5.786417918156447016e+00 8.190175044522566283e-01
5.503059569611301605e+00 9.042845100023502170e-01
5.841044640658335396e+00 8.946972268397164196e-01
4.747923262939578670e+00 7.731710613003009991e-01
5.831214007257973897e+00 9.154962808041449129e-01
6.001051384387014132e+00 8.974277008619729878e-01
5.954602067119785680e+00 1.014959751714693992e+00
1.108067218569146384e+01 4.905589251554018482e+00
1.248625115376576922e+01 6.256241744718030517e+00
1.299352630731612024e+01 6.555816331653596230e+00
5.786316136975934832e+00 9.054546118555164558e-01
5.599235038864196490e+00 8.138152497395002571e-01
6.951638854811237778e+00 1.774485160705265629e+00
1.143895584817079047e+01 5.059274083223439966e+00
6.913764468672298769e+00 1.674834165622791415e+00
7.348787442038850592e+00 1.246735085852275882e+00
6.481986338012597493e+00 1.029267593194163277e+00
1.184868817267335928e+01 5.996628528482785825e+00
5.731270980490939415e+00 9.556723117993701777e-01
6.022722044748052284e+00 9.812706293625125253e-01
1.120968774282417613e+01 4.868826980180204878e+00
5.501474829114449072e+00 9.070712947537213910e-01
1.198677953070170155e+01 5.411917657824350414e+00
5.671065851103880284e+00 9.391557277875587362e-01
6.171553596136178044e+00 1.397051956967897413e+00
5.794486831772840851e+00 9.840222023120754891e-01
7.211479390700269221e+00 1.219477438511202161e+00
5.540664729849638981e+00 9.306515831829724750e-01
1.113482796542862907e+01 4.983292080422162762e+00
4.458101838241854686e+00 6.940715562260115767e-01
6.386587584255978278e+00 9.998455563866009976e-01
1.098121520997750444e+01 4.861811164783474304e+00
1.156367637280149729e+01 5.335218086120929293e+00
5.939148164957000375e+00 9.818862746541096032e-01
1.238844814250026616e+01 6.281333582825664230e+00
5.895261068135559057e+00 9.713745892869456444e-01
5.680135485941547380e+00 9.813121976182175299e-01
7.460961591590459463e+00 1.255967673788808803e+00
1.149893145809046935e+01 5.051572474015248559e+00
5.891756134749804197e+00 1.001562135609062265e+00
1.227739921460884354e+01 6.302327436856890230e+00
5.595221094038044463e+00 9.128283714312888097e-01
1.026347747723843895e+01 3.126048371491892297e+00
1.179242726940459640e+01 5.162185368148307418e+00
1.164819586118707839e+01 5.130914976941079786e+00
7.191659406494379070e+00 1.202602587796027800e+00
5.750600124194719776e+00 9.703602006545318792e-01
7.147766917635582473e+00 1.199155988699412090e+00
7.057215553507470318e+00 1.215415118626209878e+00
5.597061933283662860e+00 9.633935128969274286e-01
1.292009673218197108e+01 6.595041712858219718e+00
7.120359850260576273e+00 1.221427422322152401e+00
6.003159265409600209e+00 9.961674097081801849e-01
6.956570058721727179e+00 1.186429006542275344e+00
5.847445594612245223e+00 9.741405597851966469e-01
5.794565002004683052e+00 9.408767808307926250e-01
5.927337455558494561e+00 9.693745804339117811e-01
1.326503818911637822e+01 6.741328219565738245e+00
5.499683556897122294e+00 8.597078980437632412e-01
5.911453723216204992e+00 9.951367199458013291e-01
7.374293318168505529e+00 1.255205185245144683e+00
1.169891124342383115e+01 5.785516580500932093e+00
5.523827978744082046e+00 9.264231111095962978e-01
6.731108412139902519e+00 1.113750503347923138e+00
5.629555404816378505e+00 8.988562814011357149e-01
1.064928804866825729e+01 4.174986571091416465e+00
1.182264494344011396e+01 5.880327598093173513e+00
1.072501180245233421e+01 4.795619998883805302e+00
5.945806004430443714e+00 8.597037268864086146e-01
5.015021253605406848e+00 7.831551935334083447e-01
7.607929006523641569e+00 1.268238528352814587e+00
5.592919292751274973e+00 8.939701388994344411e-01
5.910728184169693478e+00 9.974454484808039645e-01
1.293098461763851326e+01 6.537381629247138726e+00
5.647273550845189227e+00 8.826065758065738676e-01
5.881620906003846017e+00 1.018557258950748556e+00
6.938111680763982214e+00 1.169011497220712847e+00
5.244506653823821196e+00 8.746011854054255297e-01
5.797467830023999014e+00 8.933991923744744046e-01
9.887958305562467132e+00 3.381120541103532773e+00
1.309583252317615809e+01 6.626499539532147764e+00
7.221026306242220194e+00 1.213746141892369845e+00
6.060259911654340748e+00 9.460990839806764363e-01
7.508553501138869102e+00 1.275048911991009781e+00
1.115524293640062226e+01 4.993188868827195925e+00
1.017988132247960564e+01 3.440398665521247068e+00
1.143677800910817233e+01 4.995734282052149311e+00
5.622042083966058534e+00 9.469350406121231911e-01
7.068013748901790017e+00 1.166999789418309730e+00
5.643413987383445907e+00 9.494510003855138880e-01
6.235328856388809626e+00 1.052742871520899959e+00
1.251927476872025480e+01 6.140176479653603359e+00
6.187558357191607961e+00 9.439375047747302627e-01
5.839509818079606340e+00 9.900962678895347535e-01
1.110407602400684901e+01 5.459852816455708080e+00
5.700289691802624681e+00 9.469343101914277083e-01
5.675053592789600643e+00 9.157066043174629799e-01
7.199008490278171912e+00 1.224660725649105331e+00
5.588902618329234961e+00 9.286130787954268717e-01
6.967006317505501478e+00 1.739700818841878549e+00
1.324520622504755707e+01 6.724372283660784433e+00
1.160301767264019190e+01 5.845600391674872220e+00
1.055748235395252088e+01 3.205660972666168451e+00
1.097912014948961179e+01 4.891006115416534961e+00
1.313721498433058876e+01 6.668236663752514559e+00
6.990713010124780524e+00 1.180941572030520970e+00
5.836244748775760272e+00 9.869241084704014622e-01
9.626211220081824393e+00 2.928409338718343857e+00
6.470773350349328545e+00 1.058406403270903517e+00
9.859841485682855122e+00 4.443026347659050579e+00
7.435539793065196967e+00 1.258214469916483003e+00
5.990718651495109626e+00 9.643473561403518302e-01
5.726315292884846642e+00 9.648572218528199684e-01
5.491339315141680721e+00 8.751225798577589865e-01
7.415206772961541404e+00 1.237721882091377790e+00
1.078256118462281243e+01 4.852002018795159799e+00
7.014181349802289134e+00 1.189229195111453530e+00
5.432563240323679210e+00 8.794633816500784240e-01
1.284377315549073195e+01 6.394088515883708190e+00
1.057263199518791730e+01 4.601186988330494110e+00
5.656180191950852532e+00 8.158855171355448022e-01
1.308836695474726852e+01 6.647091820226192382e+00
4.527103453729325544e+00 6.503143917169303956e-01
1.326790518639698746e+01 6.754601532204699055e+00
4.759013050849179471e+00 6.966908452932661922e-01
7.354992255496676457e+00 1.219116649173015876e+00
5.743135691934641684e+00 9.826942960059892318e-01
5.852426895016156649e+00 9.387707147377629679e-01
5.704589672577485615e+00 9.600214984439084942e-01
5.727022177397880220e+00 8.729251330558394084e-01
6.685174051394937145e+00 1.133379145325681847e+00
5.381630879190718808e+00 8.828359771804344946e-01
5.567596806037741430e+00 8.352856227968465941e-01
1.277309367560491538e+01 6.513726309763862687e+00
5.659574444794259307e+00 8.708501145181466452e-01
1.090072708644843047e+01 4.771801957989668885e+00
5.698872609660647015e+00 9.551764140144481940e-01
5.668914674912209684e+00 8.164524075709801432e-01
1.018557615794825111e+01 3.158131972946682797e+00
1.170391563866400553e+01 5.139944232867089013e+00
5.714110044654016285e+00 9.362683960199669198e-01
9.322329879229794614e+00 2.879700521417973391e+00
6.386947029452599622e+00 9.636678103971177967e-01
5.557124613725553886e+00 9.200927227251251006e-01
1.244005011211217671e+01 5.549872148835508057e+00
7.228708126118248423e+00 1.227290866983123507e+00
1.207432136756214369e+01 5.406193942750427972e+00
5.239741228261141970e+00 8.029492679164355051e-01
6.989387895310973597e+00 1.162728353186990304e+00
5.501965514417171299e+00 8.312344759164246311e-01
6.502233244650513555e+00 1.092435496322591959e+00
5.696171030968265825e+00 9.673206325205292444e-01
5.868070564840472514e+00 1.001512681400766880e+00
1.134783744921902127e+01 5.096857077219077325e+00
1.138997936498690855e+01 4.985869336951834541e+00
5.653033280422157247e+00 9.407463856875567521e-01
9.141445779226526014e+00 2.668976663331950938e+00
5.878570387150600318e+00 9.993448622989790087e-01
5.635103045341856465e+00 8.804722448213252450e-01
1.333019633228263423e+01 6.744827194283728566e+00
5.692232563039578253e+00 8.716709005170918401e-01
1.179759679900522507e+01 5.126192505001555766e+00
6.181784535911098111e+00 1.026390823680262132e+00
1.238639894370580663e+01 6.101770514851395433e+00
7.077327842000954661e+00 1.154707999301516574e+00
6.797740807438488631e+00 1.139480851967325625e+00
7.261226427691884311e+00 1.220584543684455570e+00
5.491100266060056079e+00 8.949009236556875191e-01
5.289862656296422827e+00 8.434250179035643891e-01
5.797269587219870957e+00 9.422418918123384168e-01
5.859705613839450322e+00 9.837664317278824733e-01
5.852929740738687769e+00 9.776063323912759229e-01
5.912067373622865496e+00 1.004016276432890153e+00
5.856666390093052676e+00 9.177175061114996035e-01
1.167975969777991807e+01 5.166156376536185313e+00
9.345042952332304864e+00 2.749733093753314872e+00
4.799402707872967078e+00 7.614169051052112058e-01
8.679155787643189512e+00 2.440858315169674775e+00
5.961190989585162470e+00 9.139236613139135601e-01
5.411871970752400784e+00 8.460582693270912724e-01
5.738460456290852996e+00 9.336182494900363560e-01
7.770693977460394919e+00 1.337495152406257271e+00
5.684159295374564991e+00 9.782763710962021353e-01
5.446300445652475730e+00 8.642952582779847015e-01
1.084857498133895781e+01 4.699570064338064235e+00
7.039838277079968343e+00 1.178469757211759505e+00
5.688456332818402572e+00 8.932411720104190822e-01
7.144349107571151158e+00 1.849013716331808999e+00
8.889939268850302057e+00 2.539533731075683143e+00
6.661915627225674541e+00 1.105744578416860247e+00
8.697540620571638570e+00 2.466481314524840762e+00
1.154529752909481921e+01 5.038630495348222382e+00
1.196385286679262805e+01 5.256789626432833096e+00
1.194073390725537109e+01 5.263903986930333012e+00
6.359270201083778495e+00 1.474904305000153126e+00
1.126946240690759105e+01 5.653874080421332771e+00
5.529635680820962129e+00 8.004745397385769623e-01
1.198168931471917276e+01 6.013049394669681469e+00
6.293361878423986866e+00 1.002880182947438525e+00
5.540730303341182328e+00 9.089753312837992594e-01
7.364162382905809601e+00 1.181338847479050269e+00
1.077900029393223313e+01 4.722326467073949985e+00
5.908939739668251256e+00 9.217142615840290265e-01
1.145077749109146481e+01 5.443857207942876641e+00
1.012758963874162177e+01 4.436237203299244314e+00
5.498237626001592382e+00 7.803169905049358590e-01
1.175967436131006849e+01 5.389653684462607508e+00
6.797383610100083295e+00 1.171127188497215421e+00
5.647313672089044445e+00 8.609338478030112984e-01
6.090837040240393740e+00 1.010830475439799869e+00
5.690653424252771764e+00 9.015224737554440315e-01
5.775689445439859959e+00 9.827947227072340031e-01
1.321776011946557006e+01 6.800685853807107328e+00
6.408520999595369361e+00 1.045584789811874860e+00
5.452019856939589459e+00 9.279604864609602988e-01
7.197771236107114667e+00 1.223109274388484380e+00
5.138277567565154413e+00 7.699219457449650861e-01
1.238511335763344690e+01 6.333268184847240967e+00
1.283361653034987349e+01 6.481491945412395594e+00
5.639330390735269205e+00 8.955725861910185381e-01
5.749046279950175808e+00 8.809149761545727042e-01
7.489565082180395628e+00 1.245519117215367233e+00
5.613487727661455651e+00 9.293092594172278620e-01
5.752458662535447687e+00 9.502275958862568261e-01
5.869157179856499873e+00 9.726556785305744413e-01
1.179150013310288614e+01 5.322268542981342776e+00
8.135312699394871672e+00 2.205595633242787734e+00
5.945077648691701633e+00 9.890388231616171755e-01
5.754916346789923587e+00 9.529448894370696754e-01
5.942979327093563136e+00 9.256416780524032717e-01
6.491499539019385701e+00 1.554721122765944319e+00
6.367167097137466314e+00 1.088820577594095340e+00
5.765950183043883293e+00 9.024343021064017423e-01
1.321954539752144164e+01 6.698674560831580749e+00
1.121812559939924370e+01 5.054116560427053706e+00
1.219284534924719843e+01 6.102135699899843502e+00
5.347111127541825937e+00 8.985259753099715807e-01
8.990869426641189932e+00 2.644638852308310195e+00
5.584537649232093948e+00 8.936620509569648263e-01
1.243152598427690414e+01 5.469439966233804462e+00
6.238667801396925228e+00 9.427648651643827371e-01
5.785593208960527534e+00 9.760392462399611890e-01
7.135280699661410431e+00 1.152595716296452855e+00
1.266490695231559727e+01 6.468097566187666736e+00
5.529933102355104602e+00 9.247054089225194007e-01
5.441533476083599830e+00 8.756018942662212590e-01
5.792257740907340136e+00 9.543107162750198436e-01
9.909112536947946026e+00 3.126246085284031917e+00
7.075555285809882022e+00 1.168347616886261653e+00
5.386268623778772024e+00 8.906511228424819349e-01
6.066619037547132720e+00 9.532051139383678207e-01
5.649759902465704364e+00 9.273754053654800211e-01
1.037991837025087705e+01 4.554805481443863435e+00
1.209535715292804881e+01 5.459957134185915884e+00
7.010789802891188138e+00 1.200289551075834460e+00
1.200334822468266083e+01 5.483590612321765256e+00
6.867374737526903417e+00 1.101845272020737010e+00
5.957360117500736685e+00 9.732647942132298668e-01
7.415110533448963537e+00 1.236951653525943939e+00
5.793564470519413589e+00 9.721946173593015716e-01
8.132624869172737192e+00 2.209317489059358319e+00
7.497356293054548537e+00 1.269960337334496092e+00
1.260058273855002575e+01 6.270977439095968720e+00
6.548431021178879874e+00 1.122117111917275700e+00
5.409500519145771236e+00 9.281040192614227191e-01
5.634194588948572502e+00 9.329868661610739577e-01
6.295588287818552509e+00 9.937464756066028970e-01
1.179142619217515353e+01 6.003612376878726842e+00
1.179837190701847582e+01 5.309726851039743067e+00
1.334102173850770612e+01 6.731741912850076837e+00
5.690841326401402611e+00 9.519983613576842307e-01
6.098935646325320370e+00 1.034290929311361795e+00
7.606181311612603579e+00 1.264854852319412526e+00
7.900438213476278726e+00 2.163708826355811521e+00
1.333275479282465170e+01 6.843505869496945948e+00
6.724820377450911657e+00 1.103784393020030397e+00
5.546620097893733892e+00 8.919851605838727826e-01
9.992304274499057115e+00 3.783779947875927530e+00
1.179376744448243919e+01 5.499684597129149033e+00
1.132501484565742800e+01 4.701503773267121211e+00
1.135793454802739078e+01 5.620029646228870135e+00
4.282956497441539057e+00 6.397295531350956077e-01
1.195593468594371522e+01 5.296564117548427042e+00
1.178086722524620278e+01 5.819716662662245632e+00
5.201719568259348669e+00 8.849584078639002316e-01
1.361330991227304565e+01 6.927196235724347950e+00
1.314295632794662616e+01 6.777922345550361882e+00
7.352419441697156444e+00 1.237128840771759775e+00
9.999403213621221198e+00 3.406636076139912372e+00
6.473870739826829812e+00 1.077585419353038532e+00
1.114686623668993448e+01 4.793637720487150311e+00
5.868514063161798688e+00 1.015722281026569362e+00
5.624142803463083595e+00 9.107400964872206517e-01
5.924015679971223136e+00 8.946995150896435156e-01
5.679241806875928056e+00 9.119156617747579130e-01
1.346004139040460323e+01 6.852123430910609159e+00
1.280812095972042819e+01 6.438175484693518413e+00
5.600359253175612118e+00 9.072282081649509777e-01
5.941720441256257423e+00 9.223324546915401267e-01
1.072859041172891281e+01 3.938830963617324876e+00
1.212532148259243847e+01 5.662329487158556773e+00
5.679415858315483234e+00 9.137091028427964945e-01
5.977075768092008801e+00 1.019791317748040438e+00
7.573833222318206104e+00 1.291523006796876372e+00
1.210567658556133175e+01 5.313292417837415016e+00
7.465666158848677902e+00 1.805165976388249049e+00
7.412827838885845289e+00 1.250355719593286841e+00
6.874014792761816040e+00 1.164929459895687192e+00
7.413802130157590042e+00 1.265923135021361112e+00
6.545111585752328764e+00 1.106157472781015727e+00
1.271653023933641435e+01 6.450214842545980432e+00
6.960821896864851865e+00 1.183743268827745387e+00
5.436903997503185870e+00 9.421970590621157049e-01
6.027430404840028899e+00 1.015720436895229284e+00
5.770233323002075920e+00 9.440323195410196266e-01
7.315845231685661254e+00 1.231578554519964674e+00
1.012718353355024803e+01 4.424051712894267574e+00
1.148069002344117884e+01 5.065887542982931535e+00
5.870694758998316054e+00 9.773034199708193759e-01
6.109469834234374730e+00 1.054279932266978692e+00
5.488269577193759297e+00 9.468567953326951780e-01
1.088534612273290136e+01 4.790772951814020963e+00
6.060651438565359150e+00 1.027336933095456706e+00
5.567181468027664337e+00 8.889080697840452405e-01
5.417086363433773144e+00 8.102232433660195854e-01
6.330121152685673103e+00 1.044283669212496823e+00
6.384613300287223403e+00 9.954328540750850829e-01
5.605351086089798152e+00 9.556474597746075217e-01
5.865584897842675005e+00 1.007254249226238185e+00
7.157504842263004541e+00 1.194695427375451979e+00
7.276911099019363505e+00 1.213482377994521855e+00
5.127495345144091665e+00 7.686450511738482927e-01
7.459477001042311706e+00 1.274655109861947633e+00
5.869738223863360638e+00 9.855216875885107752e-01
4.603899434470174690e+00 7.373885392743367850e-01
1.221587615325755749e+01 6.140299631891882548e+00
7.323838511489480396e+00 1.268559296997527230e+00
9.621383296385072725e+00 3.261406581611239641e+00
5.889174958736941079e+00 9.447576535515599394e-01
1.289847571765376166e+01 6.506598265559474292e+00
5.600081784916842942e+00 9.168442727894009492e-01
5.806634973888876061e+00 8.716221411152981213e-01
1.165121408027041205e+01 5.283284083685663823e+00
5.138102539033620353e+00 7.871540921347414121e-01
5.985346562835780482e+00 1.012808777617446365e+00
1.212702589146727838e+01 6.065478273481431870e+00
5.796871006900175871e+00 9.803890302874529450e-01
5.871732092545738801e+00 9.705605044920929680e-01
9.348756372842110807e+00 3.133049325882351077e+00
5.724348183611661867e+00 9.237162570235701864e-01
1.297879541221654343e+01 6.567281508813391788e+00
1.312403975730620687e+01 6.632696605864142114e+00
5.880450971409895367e+00 9.850349283534902689e-01
