4.375349783378601032e+00 5.660793180408726366e-01
4.909365869981095365e+00 7.308761764987464771e-01
4.495740238884375017e+00 6.122785857728628711e-01
5.036080797623122329e+00 7.044895595307050229e-01
4.553653110519150893e+00 5.782519980333191700e-01
4.576027140544361771e+00 6.139408353436259791e-01
4.986373747484223351e+00 6.991055283781484331e-01
4.714562894848025820e+00 6.284640091552941010e-01
5.155889847839842943e+00 7.450940196124699044e-01
4.922868731519127294e+00 6.911098625965735875e-01
4.615806479878520108e+00 6.042916850364523640e-01
4.250203218057196253e+00 5.978144369471555253e-01
4.157225699322585122e+00 4.862526921917569855e-01
4.750620341498071220e+00 6.350738092057955919e-01
4.860795683019291324e+00 6.366897711117075476e-01
5.402792452906400200e+00 8.526889263553735221e-01
4.386045860398429141e+00 5.894615505350900841e-01
5.363579962506317855e+00 7.911545062107196991e-01
4.827029581376937273e+00 7.233901314189289389e-01
4.372820380945483976e+00 5.742190121389557644e-01
5.617940685007321910e+00 8.041325670657979430e-01
4.741750465597249331e+00 6.207412224492838693e-01
4.909602781032470276e+00 6.519352410284737775e-01
4.152890241724077391e+00 5.943396413052088878e-01
4.566031335440330352e+00 6.054293741643365090e-01
4.339659242529138261e+00 5.464406344588692566e-01
4.498906389488542601e+00 6.293885071461685632e-01
4.929612100654644280e+00 7.115555958596633257e-01
3.906332678811027748e+00 4.222093215022837409e-01
4.685762671126393109e+00 6.531113608277990812e-01
5.433421264326491418e+00 7.830590644311949955e-01
4.529430917988601202e+00 6.279730412104864712e-01
4.594302244162521198e+00 6.205891338810196611e-01
5.048360433701224892e+00 6.635887566849681951e-01
4.671181948659387295e+00 6.721412785185133520e-01
4.477269082029526004e+00 5.678424110825729398e-01
4.724756623764890584e+00 6.410934069976969019e-01
4.347309226486271605e+00 5.733521348176541244e-01
4.930061954132956892e+00 6.590966173412895479e-01
4.698159165312453922e+00 6.126112439322202174e-01
4.851103724633646586e+00 6.658516347561670434e-01
4.837132597686241375e+00 6.440506368402083570e-01
5.158962082861287435e+00 6.795662692542905337e-01
4.511139772679053195e+00 6.222974580302598202e-01
5.021405841312835072e+00 7.053803579459717588e-01
4.594004733335430579e+00 6.740765918109938859e-01
4.354968391264032235e+00 5.827094282457114804e-01
5.384499267633781727e+00 6.852394832181369910e-01
4.868537605928827006e+00 7.390530341619220289e-01
4.299474576048019081e+00 5.699984112701654837e-01
4.515672292523240650e+00 5.604265389769825800e-01
4.461898232723632951e+00 6.255628070890125736e-01
4.096511276726224615e+00 5.369434819908208700e-01
4.492747371703360137e+00 5.734659204098796481e-01
4.956674209253679741e+00 6.905408631265753661e-01
4.285933854296160916e+00 5.498015056844010040e-01
4.607759208948790430e+00 6.264496780621104932e-01
4.048228686481458283e+00 5.178200103383703290e-01
4.687736166867263243e+00 6.453201013961250565e-01
4.861902711086769635e+00 6.385098977611933790e-01
4.479600747977571018e+00 6.038100579990315353e-01
5.440291623937941523e+00 7.797213182376284690e-01
4.220753890247236129e+00 5.927372518672928692e-01
4.843959649281348590e+00 6.541871293881512672e-01
4.287292765922672722e+00 5.768899657827617489e-01
4.320762943975986481e+00 6.159876043435938975e-01
4.359819476973457952e+00 5.709917426532009621e-01
4.396325317943263755e+00 6.278089614726140022e-01
4.596401042737336518e+00 6.112965056087614757e-01
4.963286028470631273e+00 6.762236805141378371e-01
5.638424070453329939e+00 8.501856464230186372e-01
4.639717979417921967e+00 6.095910950354704871e-01
4.838273752523718940e+00 5.789746459946421009e-01
4.886989446501618595e+00 7.102797884290362740e-01
4.752167913710082736e+00 6.011005640382616200e-01
4.582365117530339482e+00 6.117753517591205670e-01
4.638912395946417355e+00 6.345961015063070754e-01
4.854599912532961525e+00 6.661886128263757589e-01
4.917751547747354124e+00 6.597895007986159799e-01
4.461424634014992563e+00 5.898392629176012480e-01
4.933024425689053416e+00 6.732553856733827224e-01
4.623794322289796810e+00 6.154062471486004826e-01
5.204444463883026728e+00 6.907013443787043405e-01
4.920456428879458777e+00 6.721417859810544515e-01
4.753135014842309047e+00 6.635841673692546294e-01
4.901478198596608493e+00 6.873939052107682635e-01
5.189644143685281819e+00 7.761304055455423567e-01
4.610675883926631968e+00 5.828760360912389471e-01
4.858904994153392387e+00 7.245616344881115056e-01
4.991399360903948867e+00 7.185502090351043591e-01
4.665699235559900515e+00 6.539251194358153274e-01
5.484965187736518644e+00 8.305685572581675835e-01
5.032080683622864647e+00 7.484226776500799705e-01
4.729743614741702018e+00 6.634628876197505853e-01
4.843096001543053752e+00 6.455270195336006989e-01
4.083660253535189355e+00 5.401402434970076216e-01
4.712072489272621567e+00 6.065413135677304446e-01
4.207118645902885312e+00 5.453537484616147735e-01
4.823640068128142389e+00 7.053116761002919954e-01
5.328552686882968459e+00 7.791642903529129027e-01
4.305415768366922080e+00 5.556906748496225346e-01
4.707334555695516620e+00 6.399815911502967358e-01
5.103150670840079783e+00 6.986852616197802845e-01
4.783422976197345911e+00 6.686698542262511369e-01
4.770323603123451939e+00 7.081563469141137768e-01
5.246996051887780510e+00 6.826844011081391050e-01
4.530132812370711193e+00 5.921842895368532034e-01
4.437878024716023440e+00 6.289953016605439595e-01
5.162500985462281200e+00 7.706863171167248616e-01
4.727128324090701383e+00 6.847519379381772353e-01
4.454582672613564220e+00 6.269723548851411365e-01
4.829818174369774120e+00 6.831164867759009773e-01
4.847056038162403269e+00 6.748817716770968422e-01
4.779314971914470966e+00 6.615815043392465622e-01
4.476794367145449094e+00 6.159370348139077134e-01
4.679110291076365336e+00 6.438845436036171321e-01
4.354909978560231210e+00 5.802095760852032935e-01
4.650986952721805956e+00 6.418071856898086569e-01
4.976239575279814531e+00 7.374951002284897417e-01
4.856130213096997217e+00 6.482098601828387707e-01
4.012959401118485481e+00 5.162739266384566150e-01
4.768648489915835675e+00 7.098625901745728717e-01
4.550180029046908992e+00 6.358151992770703087e-01
4.661604226966139741e+00 6.349796379080027142e-01
4.960212280225437809e+00 6.758004710180534058e-01
5.104143179613488179e+00 7.424639433235501462e-01
4.860163170761291340e+00 6.980183074571956192e-01
5.294038560786906267e+00 7.987967314702648647e-01
4.719074461434536794e+00 6.744839173952409395e-01
4.558144853384289874e+00 6.945811058341051503e-01
4.519617582913570963e+00 6.265857044340183979e-01
4.747835164004380992e+00 6.361930277288112556e-01
5.573334908733730941e+00 8.083237639245103301e-01
4.633795143919527071e+00 6.946062875953219473e-01
4.756754557135297823e+00 6.050041184050168885e-01
5.115357927285139716e+00 6.678381296093577335e-01
4.886520547702670747e+00 6.646126269134721154e-01
4.961137450281768224e+00 6.654068614619039757e-01
5.381550474853795230e+00 8.317936585247840409e-01
4.764133888664266792e+00 6.606259577929047833e-01
4.708519596109341343e+00 6.475362580035814997e-01
4.997770596294854428e+00 7.428498053402892154e-01
4.596917232603255243e+00 5.457146031113080387e-01
4.560815744064947275e+00 6.211781338251456397e-01
4.321917511694266523e+00 6.078408555131921132e-01
4.619216823043431397e+00 5.674420951959314730e-01
4.512438672367410142e+00 5.805766035452436524e-01
4.647508069983392609e+00 6.553567962633208843e-01
4.920173303842046764e+00 6.632676151680784171e-01
4.830210363422939857e+00 6.668957117766726173e-01
4.819169666105187488e+00 6.229780513109050011e-01
4.481939247580500663e+00 5.992867631394553918e-01
5.226963398113062986e+00 7.196780353488443360e-01
4.578993527456411528e+00 6.082108050045784697e-01
4.566369524570125904e+00 6.300684418575449586e-01
5.033788142822031020e+00 7.043543891203537521e-01
4.175512801332026847e+00 5.686650099286550963e-01
5.326025207751016843e+00 7.764384995248980736e-01
4.668375198142006965e+00 7.072294956411705469e-01
4.739317750873653701e+00 7.041588513641792169e-01
4.482694862661374735e+00 5.602808947446975552e-01
4.656957400397524260e+00 6.008528422154628679e-01
4.311487491702863828e+00 5.542635979968445481e-01
5.563709965319071138e+00 8.380021033115880869e-01
5.629444923709981730e+00 7.959276866045207344e-01
4.494319642939613502e+00 6.242465097848091116e-01
4.612742581793561669e+00 5.814572461748968024e-01
4.551935198715407083e+00 6.045388555418027554e-01
5.163212321664428117e+00 7.224982921269405001e-01
4.294876062643012915e+00 5.460650734252784355e-01
4.524281371016021680e+00 6.043106801638907788e-01
4.618138163358282533e+00 6.446662427481583135e-01
4.778224982587220282e+00 7.121093789749441960e-01
4.397101131471795377e+00 6.027778369007545933e-01
4.619585546881073590e+00 6.479636924868782399e-01
4.869432254240859237e+00 7.044751442364662886e-01
4.748425329551606566e+00 6.839888226326479304e-01
4.692380274165243392e+00 5.690216954525783022e-01
4.614127994100098107e+00 6.843178984437581214e-01
5.724859085279131676e+00 8.257020384865022544e-01
4.909563800317527260e+00 6.660916560262154507e-01
4.264314313470737083e+00 5.900472067094097994e-01
4.704797754561373502e+00 6.232589264427522702e-01
4.298307737584551980e+00 5.742022241739079824e-01
4.442210937571040574e+00 5.815089874042871365e-01
4.294941124105394969e+00 6.336796399931829971e-01
4.581592971827036287e+00 6.669313887421757236e-01
4.393207889624244800e+00 6.104591080178460860e-01
5.064307177291656359e+00 6.887023824800293514e-01
4.862605967586858036e+00 6.771182664410130281e-01
4.164877329586658128e+00 5.558068803629934163e-01
4.525593153641094268e+00 5.523281491264603327e-01
4.559370808967862843e+00 6.577010392256388283e-01
4.876079577760398465e+00 7.140207313497182184e-01
4.624504843746116478e+00 6.619193381534280718e-01
4.692486339151426655e+00 6.596548883259123475e-01
4.574010580786222135e+00 6.577202097186152230e-01
4.424753991148887344e+00 5.961997756624052291e-01
5.396122299175475590e+00 7.619835664391576557e-01
5.298869348554506864e+00 8.409739282131777349e-01
5.527720111570305406e+00 8.036814047380894666e-01
4.626524345484187783e+00 6.704044533167774489e-01
4.718408836972215248e+00 6.959811598318784709e-01
4.768300600812161782e+00 6.425529997857443165e-01
4.587276579327416393e+00 6.148901284966304948e-01
4.664969989766156289e+00 6.801671066620736950e-01
4.637474160546325663e+00 6.411029615885374122e-01
4.498170568687469562e+00 6.006339848843302853e-01
4.748096910151693884e+00 6.422820738577154076e-01
4.514552907155230166e+00 6.597675623000694989e-01
5.148601659014484966e+00 6.843596227629692441e-01
4.684757042399986915e+00 6.710340703350284874e-01
5.307114948005130728e+00 8.096814916936549977e-01
4.364629858129189799e+00 5.585355239776650382e-01
4.343109129991589157e+00 5.913218138568773208e-01
5.546371391252329808e+00 9.353455132725890797e-01
4.495862992818082660e+00 5.714978330564076670e-01
4.884315724170106954e+00 6.857698277534852727e-01
4.844648567944240369e+00 6.840888743508699577e-01
4.883701108181543127e+00 7.409312361077854403e-01
4.966999741778759692e+00 7.192628346489403635e-01
4.478319966059529200e+00 5.295935242834974854e-01
4.569019835907706550e+00 5.903946594415471205e-01
5.633639417507732894e+00 7.820550574256431853e-01
4.665100207030908663e+00 6.250016558637571107e-01
4.699436335136667253e+00 6.401581694154468982e-01
4.603727365337038080e+00 6.510924039866203827e-01
5.029544623628808608e+00 7.576338274508250814e-01
5.540589180374314360e+00 9.531039177026314757e-01
4.652243968099134541e+00 5.671672890110877052e-01
4.616131056732108995e+00 5.905028787989533567e-01
4.571312144671465738e+00 6.505392607507635150e-01
5.215211402046834088e+00 7.153937191606551949e-01
4.019750005545060567e+00 4.929687079166107933e-01
4.676706740591173528e+00 6.397231333509703077e-01
4.760646134129319584e+00 6.111178172514839524e-01
4.329131005677075983e+00 5.423382347784415636e-01
4.974416147086340168e+00 6.763223967302985917e-01
4.754974066951474398e+00 6.081058873969915624e-01
4.356834850465602926e+00 5.877366681010427474e-01
4.112763249584951097e+00 4.989845307284324627e-01
4.760796345047466183e+00 6.822407296515415887e-01
4.229681310814476625e+00 6.257764292958333252e-01
4.900164127162144112e+00 6.629206304909526226e-01
4.686851133023568039e+00 6.718340853519433331e-01
4.884289373470319440e+00 6.614152884819549660e-01
4.700289788632620258e+00 7.070640600367543716e-01
4.691420502567959616e+00 6.853782338151478415e-01
4.211324291113880847e+00 5.775701760432367937e-01
4.328134687594484831e+00 4.880592901950499551e-01
4.734094912320322202e+00 6.403637868005214173e-01
4.622681251315083450e+00 6.312169919614575297e-01
4.576009551572380651e+00 6.035253778570847105e-01
4.548604767445892705e+00 6.128487416153298728e-01
5.551639528888447472e+00 7.788497789405861571e-01
4.013314943288222025e+00 5.000225588157908296e-01
5.103324053737907207e+00 6.611810834554264771e-01
4.022550813543310788e+00 5.072118506905543001e-01
4.895466647100556123e+00 6.647985306413969342e-01
5.099039049480114549e+00 7.684762435308956086e-01
4.583878645759431159e+00 6.359673609842277919e-01
4.674364050912149793e+00 6.274470813767575317e-01
4.732364624593082603e+00 6.299148507157700250e-01
4.479320139297104930e+00 6.308700308799990442e-01
4.675929886638541255e+00 6.896635332986670308e-01
4.925864011668958042e+00 7.144358183521298811e-01
5.630472076490084632e+00 7.984128695959391564e-01
4.307910119613486799e+00 5.408988116020316816e-01
4.701410496820625617e+00 6.758125970568248375e-01
5.461148812479580172e+00 6.024395149189005760e-01
4.795872111743777033e+00 6.541246221689112073e-01
4.697423115254580672e+00 7.034659763191597470e-01
4.641139605253685296e+00 6.569117453576748256e-01
4.222808791339967449e+00 5.723626540728714573e-01
5.568320765783020931e+00 7.745910982937616041e-01
4.678691013530741571e+00 6.839602756510871906e-01
4.751023054075575125e+00 6.585600779322551279e-01
4.058895105567987827e+00 5.111329770042213338e-01
4.782162084121469370e+00 6.495074503066914362e-01
4.406809015416661701e+00 5.778441850831657067e-01
5.759777925243776409e+00 7.690578109093065828e-01
5.277919556738317475e+00 7.396618969290245094e-01
4.325834917366576882e+00 5.966040145534156069e-01
4.598727895418388556e+00 6.496838188921377766e-01
4.390134259152685736e+00 6.473349940262012048e-01
4.681378564672755260e+00 6.622819303418523429e-01
4.784734203673775887e+00 5.800611939099572512e-01
4.593410030329297733e+00 5.973277289783699429e-01
4.385354392725390404e+00 5.857905797430535966e-01
4.756954061646818666e+00 6.669653428143322849e-01
5.276491374860833972e+00 7.565056775700043090e-01
4.145600323330365988e+00 4.672227835829745879e-01
5.294260719142394933e+00 7.211562347933599959e-01
4.867984945908421679e+00 7.027525980151128060e-01
4.490393419121472718e+00 6.473903601801858088e-01
4.830544890192863150e+00 6.935163322296385990e-01
4.857406721555292073e+00 6.523647388804788561e-01
4.634459990552787900e+00 6.213628604572414282e-01
4.874916887163519341e+00 7.012151649567280876e-01
4.635791210425398212e+00 6.597838395633208730e-01
4.092937550151954262e+00 5.310955257579980104e-01
4.443215889493555615e+00 6.095864702408880786e-01
5.140474017737522772e+00 7.458265078532260173e-01
4.006023625471848426e+00 5.144647119417802283e-01
4.284585212205630711e+00 5.870905439144549209e-01
4.582219606339512197e+00 5.916192264718684868e-01
4.512361874446031429e+00 6.462113786270955451e-01
4.550054811283795075e+00 6.154829674712646304e-01
4.834419984904412715e+00 6.414178720080389029e-01
4.916257624670747894e+00 7.006917215561634382e-01
4.475647676073000625e+00 5.844282852186580834e-01
4.439092701315823675e+00 5.828833400296568046e-01
4.924701637194067949e+00 6.490579795949541486e-01
4.187866025219104671e+00 5.726218293898291956e-01
4.849830277963461889e+00 6.615058454599815896e-01
4.808189028312763291e+00 6.727020067860631780e-01
4.691147085486049306e+00 6.464009158456512916e-01
4.727172045309361081e+00 6.471669508825863559e-01
4.842454916626480532e+00 6.388685163484927321e-01
4.751110969493608671e+00 6.491989177960747481e-01
4.743883164933028418e+00 6.575479071301545408e-01
4.359254142088022199e+00 5.810725117476075452e-01
4.511020201296836341e+00 5.845329143527755456e-01
4.390476588040271189e+00 6.345469064436576323e-01
4.548920643444889222e+00 6.137169481274232785e-01
4.458263483983224695e+00 6.012242470574397091e-01
4.680405514735751282e+00 6.224679754815612975e-01
4.679303340396056221e+00 6.075796624437752591e-01
5.004470682293720607e+00 7.141009203125250338e-01
4.701104993122165787e+00 6.122505281253082243e-01
5.018858043736659447e+00 6.860331859601694893e-01
4.703477205458624688e+00 6.186461655123581815e-01
4.492605997578134058e+00 6.263843772915164143e-01
4.826221419727210638e+00 6.910942478639067188e-01
4.764881905263357531e+00 6.503622068653357458e-01
5.343272362809642573e+00 7.553048870547790505e-01
4.279024193781764573e+00 5.935651719359225087e-01
5.003869410200988632e+00 7.170978085377793798e-01
4.203415037211008176e+00 4.646690272743534411e-01
5.064950455208661495e+00 7.061570908313272721e-01
4.902000568824376181e+00 6.630339469063766256e-01
4.985881893912287310e+00 6.720839345027362910e-01
4.146678766934279281e+00 5.490596101596789680e-01
4.412641554132274102e+00 5.501342677698771721e-01
5.434417434607541786e+00 8.420578083824989957e-01
4.647626484848466077e+00 6.658844946593232006e-01
4.685656164209789587e+00 6.894092879546396269e-01
4.832837621406542716e+00 6.160349351508089821e-01
4.405183244635225925e+00 5.593342576940204536e-01
4.792976609294960610e+00 6.347212063898858281e-01
4.674335438094020745e+00 6.258409971526960325e-01
4.903752113071701224e+00 6.784145454280555709e-01
4.695599750276755913e+00 6.590983521471177609e-01
4.510637377163488893e+00 6.596643211481709734e-01
4.887497720565949777e+00 6.816798187941295328e-01
4.629712335276845003e+00 6.065062757792014647e-01
5.051061947661824370e+00 6.778781746042465972e-01
5.459152886939243388e+00 6.119726003904021328e-01
4.276209386957307679e+00 5.780518978212778602e-01
4.927072076508859588e+00 6.729097023533189281e-01
4.805888843102436248e+00 6.911482296060312835e-01
4.272069213708998170e+00 5.847659177908745010e-01
5.059165008141261133e+00 7.071998018955263365e-01
5.109683675525849900e+00 6.866569190018307900e-01
4.556294995500726586e+00 6.180416506295566270e-01
5.307989027002656179e+00 7.944234709290686203e-01
5.532469661610531553e+00 8.106579534553066679e-01
5.224958201799552171e+00 7.150805993668102323e-01
4.715990232969767604e+00 6.409078329063064849e-01
4.899876167764263712e+00 6.522821451575306906e-01
4.925247057129572781e+00 7.017560570386892627e-01
5.388320679303908456e+00 8.232814331829920729e-01
4.658535404541824576e+00 6.427582879418023420e-01
4.759085976665650364e+00 6.516192111274380361e-01
4.303699291102315527e+00 5.885985162743671006e-01
4.662880447962841401e+00 6.276237047502294386e-01
4.794414677445085537e+00 6.392248417017730722e-01
5.447639450162290231e+00 8.140416035767055192e-01
4.412868785193615473e+00 5.845373171413182911e-01
4.534926944065625243e+00 5.762969525295972284e-01
4.704970767960094946e+00 6.734879041818292444e-01
5.038727930496497365e+00 6.787299942673733488e-01
4.494290658685876849e+00 6.045167940328062262e-01
5.139071373806647358e+00 7.251799576223663113e-01
5.415812623100237033e+00 8.065126858067027671e-01
4.778821053508870875e+00 6.238461318529341382e-01
4.934032806073370026e+00 7.363224270926833626e-01
4.618734748670237700e+00 6.343394286384678171e-01
4.322406093990575293e+00 5.443527716958810325e-01
4.392863830596525965e+00 5.384977769007340820e-01
4.367277625696152299e+00 6.229054495362292831e-01
4.576867795771955905e+00 6.515085182941103836e-01
4.382377673763585335e+00 5.938275641629565671e-01
4.587066110885809955e+00 6.004439754155833642e-01
5.356486462052409969e+00 7.418018871349605359e-01
4.683072981614780694e+00 6.046702752228528821e-01
4.727930686797751747e+00 6.982546377114113856e-01
4.341613370848286024e+00 5.698137005261801891e-01
4.389189389349321679e+00 5.863825555769587305e-01
4.501486393974213129e+00 6.393193381027084676e-01
3.831780959840261680e+00 3.889580092618470930e-01
4.694219362158884579e+00 6.088577858500074935e-01
4.861696359069853202e+00 6.748902486968442194e-01
4.619787917381298570e+00 5.998350197973785214e-01
4.428621820974691481e+00 5.441002787736155533e-01
4.934518653473895178e+00 6.529866989464062632e-01
4.193309866775556394e+00 5.334630798422665965e-01
4.588620235594590646e+00 5.954843233127306013e-01
4.644626450548262397e+00 5.957183794654641318e-01
4.700699611099176778e+00 6.348514504009504789e-01
4.242267203487252836e+00 5.577214793670418613e-01
4.680055223232410633e+00 6.719788047881835036e-01
4.903912961579047547e+00 6.916951192467968301e-01
4.554660332911344867e+00 5.966189687239006334e-01
4.788842068545084096e+00 6.660512752338204612e-01
5.521317848116962246e+00 8.195372170666980205e-01
4.945262213911910010e+00 7.076275678135274250e-01
4.374312381660845794e+00 5.642993125449523584e-01
4.936266373480412639e+00 7.341060113743920201e-01
4.093822358747565282e+00 4.997520832035028393e-01
4.757038706581100840e+00 6.519717576944014104e-01
4.930510093337536759e+00 6.828704133521413810e-01
5.053521037110684233e+00 7.776149955839476435e-01
4.137593180185833219e+00 5.907498054055224657e-01
3.990799951851692118e+00 4.530636041133184189e-01
4.990272850848986863e+00 7.117945781540288008e-01
4.621504774325374321e+00 6.098864847305217607e-01
4.637996119208362522e+00 6.722774795440908946e-01
5.088860946443685584e+00 6.794845487529426187e-01
4.308358295519444603e+00 5.913707380672016400e-01
4.548275657242739634e+00 6.491214217964937916e-01
4.360020359109898713e+00 5.769077086182927694e-01
4.755324414057580107e+00 6.620370306640877001e-01
5.089735156805237359e+00 7.086780699244934478e-01
4.342138234073035008e+00 5.740833741470166007e-01
4.349576736575945901e+00 5.998325385232634588e-01
4.660204094217315074e+00 6.473968629377666595e-01
4.699156399597542055e+00 6.200424865831156707e-01
4.637403987080035428e+00 6.009179535301643060e-01
4.782177961239406194e+00 6.961643811048251473e-01
4.463285251237094187e+00 5.951186658091695003e-01
4.636074402057384525e+00 6.571841704136124340e-01
4.578023786726536315e+00 6.852883849921542758e-01
4.581014729109599948e+00 6.098261606469003171e-01
5.005735615745139810e+00 6.995585255227563248e-01
4.396565029587909734e+00 5.668564098212254265e-01
4.925022858669675152e+00 7.058053649279207864e-01
4.693140688485644141e+00 6.405641714144760801e-01
4.528677138752480680e+00 6.201479977912605079e-01
4.416528672632138885e+00 5.772955385847384768e-01
4.156325849186162991e+00 5.435403514956890225e-01
4.700477503394498768e+00 6.413238630391380202e-01
4.254964845899725567e+00 5.354556398000286377e-01
4.848943971051810742e+00 6.872338160900367532e-01
4.694117532115669178e+00 6.495127657056027903e-01
5.611784712868506553e+00 8.488599427721804647e-01
4.624605578305166276e+00 6.577217234396426360e-01
4.354234654903086366e+00 5.775345960124232958e-01
4.658374824045860230e+00 6.219118244597314771e-01
4.619304107401570825e+00 6.264441400452450681e-01
5.596613535018044594e+00 8.190018579375486496e-01
4.915101497715414602e+00 7.059854741284293800e-01
4.602617194776084553e+00 6.697808770930526734e-01
4.396834445213240627e+00 6.084046347920589737e-01
5.637236304743691306e+00 8.279599221354374539e-01
5.057085134421203776e+00 7.307191182393076856e-01
4.536109831003146908e+00 6.632091424412869252e-01
4.434476507250023403e+00 6.155866302102235288e-01
3.958651097950480757e+00 4.979895946203282131e-01
4.820733021445898991e+00 6.740979944287962544e-01
4.416906461128371042e+00 6.652357100982764226e-01
4.541406284355070433e+00 6.258763726956572127e-01
4.984500590329746572e+00 7.214445899086343594e-01
5.269028581067079386e+00 7.621908691305023797e-01
4.927467925314652497e+00 6.720278698000861084e-01
4.408110580163793202e+00 5.374946318926494548e-01
4.911647011245681149e+00 6.822340157022679374e-01
4.520949376502811923e+00 5.917913835521256827e-01
4.490696137982032710e+00 5.938200717731396683e-01
4.087232297071109244e+00 4.807552856382282802e-01
5.463418542076210471e+00 7.571624159344528815e-01
4.093173908642491199e+00 5.229802372504294139e-01
4.856372017680760322e+00 6.887381049343432871e-01
4.972159624134151912e+00 6.567941357237297995e-01
5.023156036734836682e+00 7.089025186628855613e-01
5.320407844790051577e+00 8.255884270592716012e-01
5.079654189220059735e+00 7.358557198794389853e-01
4.971378213590472050e+00 6.503056827866057210e-01
4.771656859334137302e+00 5.982139913236638185e-01
5.599584791167607989e+00 9.094706387597506492e-01
5.064969271435598941e+00 6.885936481033151368e-01
5.608044987624935196e+00 8.248799405681266350e-01
4.798473409008948920e+00 6.747040915748647727e-01
5.555601577774099020e+00 8.346710366968773664e-01
5.177723094237778767e+00 8.121578267871178980e-01
4.449880816648160931e+00 6.361356138557742179e-01
4.741474116651571258e+00 6.037554041265099647e-01
4.330111086247753427e+00 5.824168250848940076e-01
4.560312084430779400e+00 6.070354879208369470e-01
5.078450387249285214e+00 7.024039970316220405e-01
4.589403737075206102e+00 6.815269515974309300e-01
4.352710533994444297e+00 5.342073131939962805e-01
4.867275709832183495e+00 6.423347481347349008e-01
4.576210585715046797e+00 6.683044144653752516e-01
4.711810920363211252e+00 5.932389169716545396e-01
4.640346166428178876e+00 6.246575690823032989e-01
5.623388006763882174e+00 8.526469938480799593e-01
5.524845526861558831e+00 8.249023996476938514e-01
5.596348766125615271e+00 8.806593648616817260e-01
5.263765094825449964e+00 7.833955725501655643e-01
5.291936647726242171e+00 7.312475085321851198e-01
4.735580567052250167e+00 6.465477188537183117e-01
4.598877359756706085e+00 6.601789421691957038e-01
4.475349497645570551e+00 6.049359605800040951e-01
5.553985252969232178e+00 8.264638323316046975e-01
4.932605690755872629e+00 6.530759180915287621e-01
4.510410095814048503e+00 6.456512114606296482e-01
4.990938545555388295e+00 7.342813987231522344e-01
4.298324658326198033e+00 6.046052761272642240e-01
5.053458800480001401e+00 8.005204729516699480e-01
4.715107493091180046e+00 5.944802986486070751e-01
4.328121205720422360e+00 5.760684774118708384e-01
4.585775555162078909e+00 6.004863105597055828e-01
4.567526142459697347e+00 5.922743362422381308e-01
4.625523379178959615e+00 6.514007915785723357e-01
4.841050568999310855e+00 6.551883409823666682e-01
4.579419717080442709e+00 6.229537354910865687e-01
5.174056165017152153e+00 7.369468878552820623e-01
5.164743198863609663e+00 7.196593541947930994e-01
5.372876437657008175e+00 7.968550903977547062e-01
4.562314168259896441e+00 6.747032675937087998e-01
4.392435520595609155e+00 5.716602924464465607e-01
4.655931092718919473e+00 6.375929855434648852e-01
4.940933471169367763e+00 6.970045443135330920e-01
4.763537909199946796e+00 6.090900791527847913e-01
4.929882959384226382e+00 6.838350732018974032e-01
5.634278450793658521e+00 7.665101510073459856e-01
4.774617346283317687e+00 6.482849541319656295e-01
5.161942961608300351e+00 7.124430124223508631e-01
4.677997923538310232e+00 6.473028625584384965e-01
4.702161148001814617e+00 6.893524259168622992e-01
4.402300482487955691e+00 6.213989521550389306e-01
4.750460551824207123e+00 5.997498400329748236e-01
4.641023898368402456e+00 6.555461595823554033e-01
4.629376987885803985e+00 5.704217430562475988e-01
4.465817646965516197e+00 5.870002566935537125e-01
4.665195505173742596e+00 6.555072746869858857e-01
4.523756271493204473e+00 6.298426361752365032e-01
4.715287353630135847e+00 6.854199376239816788e-01
4.636198482269133336e+00 6.296773352608898700e-01
4.093282280649261473e+00 5.183880996081364767e-01
4.897044221423795030e+00 6.615809056287332846e-01
4.586254178483669008e+00 6.295079570430496263e-01
4.938077374210881665e+00 7.103694025132598622e-01
4.452236295714682157e+00 6.021884456206655356e-01
4.567993874383490471e+00 6.487498057552711916e-01
5.590182965935102111e+00 8.402295017831301616e-01
4.385633046227788157e+00 6.243889080296527450e-01
4.564917404624314834e+00 6.271203261947200236e-01
4.789152827742208629e+00 6.674372579357620294e-01
5.108094837824014078e+00 6.730576066684934577e-01
3.889942297750333733e+00 4.962871053591132453e-01
4.777107732802485351e+00 6.958364785627217941e-01
4.502745358737601400e+00 6.005622195634976457e-01
4.890944384372825304e+00 6.376031216391778722e-01
4.089063995640483284e+00 4.917451435910481505e-01
4.904497757636833377e+00 5.948321085872345648e-01
4.789518680493300984e+00 6.568339932498881151e-01
4.419220281427727492e+00 5.695084128673773005e-01
4.481227606048790335e+00 5.827344780942610436e-01
5.063823458792148458e+00 6.989901729294923927e-01
4.434303310303635115e+00 6.248559333817819139e-01
4.454043420963870403e+00 6.159304328355961200e-01
4.949661776279917547e+00 7.037495264606954404e-01
4.641895897924213088e+00 6.166065923141756944e-01
4.740224340386133051e+00 6.490816780058713542e-01
4.702057550570028610e+00 6.516143365406470433e-01
5.059188369951137076e+00 6.846739086380466688e-01
4.895097519237781469e+00 7.137079794004237421e-01
4.676547634656678554e+00 6.759098393001857774e-01
3.855181001043948008e+00 5.018559084396136960e-01
5.011944764711618205e+00 6.564955554429809936e-01
4.277276593371294844e+00 5.471539248319794435e-01
4.877401373090697767e+00 6.663392396722899180e-01
4.526385813592610496e+00 6.191525821869892088e-01
4.482753024009024756e+00 6.019023822088698239e-01
5.118679837171022484e+00 7.608734074388858737e-01
4.903521106291694132e+00 7.034631972279232759e-01
4.143514436500758791e+00 5.094542799479894191e-01
5.081841155098565821e+00 7.091482161860591660e-01
4.404623959736122529e+00 5.530658722736553345e-01
4.664535363408766955e+00 6.013254269922562179e-01
5.723054084156457222e+00 8.706428095851216353e-01
4.636143002122349088e+00 6.093025472652264796e-01
5.050521577406899887e+00 7.217626106311338940e-01
5.321474841181889737e+00 7.248687926944825666e-01
4.223850027750031266e+00 5.502890149242328777e-01
4.430640407463276809e+00 6.320696937403897930e-01
5.023208438816479493e+00 7.059709252162503779e-01
5.167528252299078417e+00 7.107917386121423986e-01
4.732572228245181201e+00 6.948303463605985941e-01
5.311722949163776519e+00 7.787266553282612414e-01
4.628126607023284933e+00 5.637174352713529846e-01
5.096357902201959611e+00 7.434794414793330919e-01
4.687284825429989255e+00 6.635031091286603955e-01
4.703414058166609735e+00 6.184000958533547587e-01
5.119423156214343074e+00 6.857895414507624299e-01
4.472083291659754600e+00 5.944605077694693485e-01
5.235322669789439054e+00 7.894344859110057344e-01
4.525082886875901877e+00 5.818319680762996660e-01
4.733569380805373150e+00 6.320545873181786511e-01
4.847245379013397582e+00 6.180201174257866636e-01
4.440863495784222792e+00 5.608062668508985160e-01
4.496508713803244461e+00 6.050373266392002902e-01
4.561558948883422282e+00 6.148064969205334629e-01
5.552507672684561690e+00 8.279628209205346367e-01
4.492843487813382275e+00 5.674917861254913376e-01
5.210479813868050591e+00 7.618721243154658040e-01
4.750904443195262061e+00 6.385367428786423716e-01
4.991476373091440877e+00 7.029816421906839308e-01
4.788649824433766966e+00 6.449107379359486636e-01
4.760319522197723252e+00 6.816751580551335676e-01
5.038812780082579046e+00 7.412127007870265016e-01
4.836398585605797606e+00 6.473264616034731800e-01
5.119860817865649061e+00 7.481618057988442816e-01
4.768591135012552940e+00 5.771825831792709582e-01
4.878814695043764083e+00 6.888744442777773314e-01
4.511740844166109987e+00 5.592173618574135530e-01
4.335641143840226697e+00 5.134826824356584218e-01
4.783134941288253117e+00 6.403844915540052307e-01
4.550478527107120641e+00 6.338975729395885939e-01
4.980506466939903731e+00 7.211003593308784598e-01
4.428804465853434458e+00 6.112566114448199084e-01
4.582371715446423188e+00 6.217501240624364600e-01
5.307727262328824303e+00 7.543774074446960576e-01
5.019989850252978059e+00 7.227953529514199449e-01
4.654658977835647526e+00 6.626015982688807648e-01
4.447000017817666517e+00 6.215666711360492425e-01
4.957278634852808175e+00 6.871291111796890005e-01
4.383693304512827460e+00 6.104163238491071564e-01
4.863113339594494100e+00 6.617745918840085562e-01
4.375862020345560488e+00 5.747562287743003262e-01
4.856033089692988192e+00 6.681944639790768914e-01
4.305883399545541224e+00 5.715663852422557811e-01
4.693378533992506263e+00 6.331117624431638058e-01
4.327215405788297886e+00 5.605024178217954400e-01
5.055745750769306213e+00 7.227712010445266344e-01
4.138204893524504158e+00 5.746152447948223996e-01
5.314425697985768693e+00 7.417946073665614426e-01
4.518759136165017232e+00 5.925011962704925805e-01
5.013473926719108853e+00 6.727338778934789376e-01
5.719622181599252286e+00 8.075558244176881395e-01
4.895690994571987531e+00 6.670076281091485981e-01
4.546273718334008507e+00 6.301030184271347867e-01
4.485214017396555342e+00 5.814876954760815897e-01
4.818866533817820041e+00 6.718030160531605066e-01
4.973266601033205170e+00 6.748575063730211099e-01
5.462914465257412644e+00 7.901082184169153644e-01
4.536324679004851923e+00 6.045896282827647461e-01
4.715460157506955241e+00 6.758281103267379519e-01
4.412116771919583513e+00 5.760421933084606261e-01
4.583630691938813229e+00 6.058589404386193200e-01
4.657633523938371489e+00 6.096275853993525784e-01
4.628053743182451996e+00 5.847552940927974729e-01
4.370461104675986697e+00 5.802810232849704430e-01
4.604624165649912726e+00 6.157616503163857447e-01
4.323925530372422443e+00 5.883778411517960327e-01
4.417181843685837883e+00 5.740732175247503788e-01
4.992318866815494083e+00 7.649686815274041596e-01
4.685421288280888774e+00 6.114800671800771914e-01
4.484694422694008864e+00 5.907731492354409975e-01
4.774087972915735278e+00 6.611742761900745169e-01
4.629960960270965487e+00 6.129794984395919855e-01
4.701927152459644432e+00 6.481515164806911367e-01
4.159970458496269785e+00 5.917679175732760699e-01
4.497063608066002693e+00 5.503969065089426849e-01
4.636286705887499693e+00 6.109709028416477894e-01
4.311315308993954432e+00 5.913349408087184012e-01
4.245902966138137558e+00 5.696076260174403050e-01
5.099109358112359658e+00 7.818331168905415796e-01
4.710360384935880163e+00 6.692996446141544764e-01
5.363146630019611116e+00 7.869163084969454935e-01
5.646016081261961084e+00 9.248068418834727300e-01
4.362548882973213082e+00 5.341944655586409185e-01
4.763241991463818437e+00 6.354266008995783643e-01
4.666816129752042741e+00 6.554836047779469821e-01
5.046951754672738488e+00 6.409096092110625476e-01
5.480380650438733348e+00 8.431917042725171063e-01
4.273389060092092961e+00 5.539410456775383240e-01
4.877457418514400622e+00 6.787468029513769041e-01
4.821018618731210736e+00 7.043891826657250332e-01
5.101937248741071684e+00 7.119787550414367061e-01
5.159217347390575803e+00 7.110735115183258737e-01
4.504309126124383056e+00 6.214467661686235989e-01
5.764013987974027309e+00 8.148612075457587478e-01
4.964536114072855000e+00 6.624728479822009630e-01
4.447820114716390272e+00 6.076793718368989072e-01
5.301074181923923767e+00 7.409351571895113064e-01
4.943469160960797026e+00 6.698481765310974057e-01
4.874341540768642567e+00 6.862530063475363873e-01
4.683183930580843146e+00 6.947802730651891912e-01
4.475966965093957306e+00 6.049654565353250746e-01
4.815329478365048210e+00 6.143228433588810988e-01
4.798515185364417235e+00 6.463301162660830546e-01
4.914804512749001653e+00 7.207457712706468733e-01
4.516370522415835254e+00 5.940752484894966656e-01
5.118171509036310241e+00 7.253488028244784447e-01
4.672126375886934468e+00 6.260089219075156697e-01
4.540801725100881647e+00 5.737046141906443353e-01
4.475941072850582181e+00 5.908038098968469987e-01
4.980022941712800133e+00 6.659203269690873173e-01
5.537797727578482210e+00 8.289382019979074645e-01
4.767994630216938035e+00 7.033375420572424153e-01
4.723705301296884151e+00 6.777760172905304970e-01
4.384686519077342304e+00 5.913412608588727304e-01
4.501281117656974473e+00 5.695631051467655581e-01
4.156498141730927465e+00 5.329642280922158859e-01
3.760001714010118068e+00 4.676934023272723007e-01
4.677630030448345799e+00 5.860256376143756496e-01
4.551856206517260972e+00 6.129196434324787335e-01
4.226200648578029906e+00 5.217573947814295732e-01
4.858090994580788191e+00 6.601960849315342550e-01
5.439627332614637822e+00 6.313188925443143917e-01
4.635011566457468923e+00 6.467933877964766598e-01
4.783869535460963718e+00 7.106318306332668477e-01
4.617650706125141724e+00 5.933418796026465047e-01
5.518984490162712753e+00 8.387361767446911420e-01
4.642296575513489287e+00 6.324703406512336423e-01
4.413924845346166137e+00 6.028441064628027313e-01
4.663829097630462606e+00 6.190615001528504413e-01
4.691853777706700868e+00 6.297873073889862505e-01
4.630959719673246155e+00 6.497367282165688041e-01
4.352692911598641246e+00 5.824814226166403763e-01
4.754068138304630153e+00 6.179154399432940092e-01
4.453127874112511542e+00 5.625066041680177875e-01
4.890133993707682869e+00 7.437548386586142479e-01
4.586428301365820026e+00 6.574758120315147281e-01
4.485508413041997322e+00 6.156881967951998158e-01
4.377898661677695813e+00 6.026240119330671385e-01
5.031302476928152245e+00 7.389361484532220858e-01
4.935097837296964940e+00 7.131975654935946984e-01
5.235791664389346955e+00 7.473173706583571274e-01
5.269186187702025848e+00 7.507391041679646326e-01
4.578130494700352493e+00 6.211359512027485597e-01
5.427452275654643721e+00 7.600590662890770455e-01
4.623232267321463418e+00 5.915873980772852203e-01
4.671069021457645576e+00 6.157280766692667662e-01
4.417365437435900155e+00 5.502967660860828003e-01
4.887105840260203671e+00 5.964510546956013348e-01
4.509001238878008522e+00 6.055176604303674770e-01
4.437490203441370795e+00 6.601223137234804028e-01
5.335132913131472421e+00 7.856398629081343676e-01
5.251207204559324104e+00 7.319865295488782175e-01
4.485006059281470669e+00 5.508492721808377901e-01
4.766182343434521407e+00 6.577645838732409933e-01
5.371891489779425655e+00 7.951569595174982075e-01
4.402890831608104349e+00 5.778654772897902081e-01
4.451721783964894819e+00 5.939965605398014326e-01
4.749799753992244966e+00 6.421045013799134837e-01
5.595430807634560466e+00 8.811639472742159862e-01
4.629040909948352933e+00 6.489783123027965672e-01
5.731051173438805435e+00 8.219156232539945872e-01
5.229607583757732492e+00 7.437453854618142346e-01
4.740170463855317706e+00 6.409801733977665839e-01
5.084903459505079049e+00 7.333617985144280649e-01
4.826345388075284681e+00 6.334045645410630865e-01
4.429453716218555215e+00 6.138083202308470820e-01
4.225341884832576334e+00 5.714669485091707912e-01
4.875772152358322842e+00 6.343299796691086456e-01
5.056271266064571002e+00 7.034911907211652826e-01
4.942272151885016562e+00 6.764006434913811816e-01
5.223511102370733461e+00 7.745668302976359554e-01
5.533726821111514482e+00 8.398633326667582777e-01
4.419302231492272526e+00 5.963522907085924141e-01
5.700350034115479581e+00 8.348370652210563847e-01
4.849128775887084686e+00 7.076481758313291071e-01
4.246136398701666259e+00 5.587995191318687604e-01
4.478090434281407184e+00 6.416121777466216036e-01
4.359900813584142831e+00 5.511192497101365939e-01
4.675536613486636739e+00 6.123960682484076434e-01
4.943350822172953407e+00 6.411785037795337816e-01
4.818652607170054836e+00 6.942983462785846660e-01
5.179507999509177729e+00 7.250000590219656260e-01
4.891418901832077282e+00 6.435706767008428919e-01
4.447456847900129517e+00 6.451239698342577933e-01
4.532012589444340378e+00 6.277048049450780765e-01
5.483488794560592794e+00 7.941582287021732300e-01
4.920087396562733417e+00 6.640216853580723777e-01
4.702695737322438063e+00 6.015442341481713751e-01
4.733806780483535093e+00 6.979150563425241538e-01
4.964997572196920395e+00 6.950649268422546267e-01
4.417314613279875957e+00 6.049863576127321174e-01
4.877235195928689926e+00 7.054075168921190020e-01
4.981040527903421555e+00 6.324142268874834993e-01
4.655431301758327756e+00 6.721620421194779427e-01
5.004894314516406872e+00 7.074398372437086246e-01
4.968888088298487382e+00 6.608092842407692347e-01
4.821088099467583099e+00 6.617358637761718843e-01
5.121062411327495845e+00 7.242053048709384822e-01
5.019419126062080849e+00 7.233904611114653216e-01
4.834448366158482280e+00 6.531896059401972598e-01
4.601601621748007354e+00 6.031334555945251363e-01
5.491322673172206237e+00 8.303368710221880056e-01
5.075889939313318777e+00 6.797458015039311574e-01
4.343332433911844426e+00 5.689424410707601965e-01
4.218843350929502911e+00 5.715194441270702308e-01
5.376328401948086366e+00 7.405119251471937725e-01
4.807603979809667472e+00 7.343813397866727488e-01
5.113642984176467010e+00 7.312207193701177887e-01
4.513528394842816205e+00 6.115964462904918131e-01
4.473760249684838541e+00 6.190417604977134225e-01
5.007164158715824875e+00 7.049366447800461399e-01
4.762687502922283933e+00 6.302622888348198282e-01
4.713413254203047131e+00 6.411384105550586021e-01
4.709241663592770522e+00 6.447501494406828737e-01
4.618035206433892093e+00 5.876669735587266574e-01
4.648901106916730086e+00 6.685787997510341807e-01
5.071119504757892749e+00 7.650940080377760522e-01
4.761563719080418089e+00 6.377735487689843996e-01
4.215573316097118273e+00 5.320123516813319853e-01
5.485903777334825371e+00 8.147568085636603952e-01
4.425949304737784473e+00 5.852434720619843489e-01
4.522749737079266197e+00 5.788566870673937936e-01
4.656635148299267613e+00 6.248521035869991636e-01
5.456833515808708235e+00 7.701903405422355631e-01
4.297747137379110072e+00 5.702798497381331710e-01
4.287355373346299459e+00 5.604336775963021378e-01
4.488135239299773538e+00 6.329893275700284594e-01
4.777645636681043584e+00 6.908685885313231578e-01
5.074858221690653259e+00 6.628310024449357574e-01
4.362822298461570547e+00 5.855474033112882948e-01
3.857766433327573630e+00 4.230769449955922856e-01
4.761990364807386911e+00 6.252799081954045768e-01
5.563876197674521684e+00 8.929643472981986241e-01
4.681354639689775610e+00 5.888534840568528939e-01
4.445688097658715421e+00 5.645909971797203886e-01
4.190091106558296197e+00 5.943358359040259442e-01
5.117314187067742104e+00 7.417144887367712602e-01
4.518397399295731809e+00 6.010385985471751180e-01
5.284757010987542358e+00 7.434034746633053636e-01
4.531685079172221187e+00 6.587186082206674120e-01
5.660499601495069477e+00 7.859509257754846434e-01
4.576203639145605351e+00 5.876889127839824978e-01
4.533255559046189376e+00 5.816176466948370649e-01
4.551169798466146332e+00 6.400381769950664879e-01
4.742795631679430635e+00 6.523533958749345718e-01
4.849999920875451842e+00 6.489434313812751931e-01
4.711880691829557044e+00 7.071788679440480507e-01
4.381001441379906325e+00 6.161014269493994000e-01
4.354528104433390112e+00 5.553087307151611807e-01
4.771532835360542180e+00 6.513986803539841830e-01
4.572499966496685886e+00 6.607447474518515218e-01
4.792649945227826613e+00 6.545317251689214411e-01
4.529627464168087592e+00 6.480081698323022499e-01
5.268795151652083675e+00 7.711834951387736004e-01
4.925780824633780419e+00 6.765141070915281496e-01
4.517427775427496961e+00 5.924190481150598542e-01
4.939061784072163341e+00 6.584615170196707057e-01
4.477083045840308806e+00 5.760421838539485639e-01
4.681898167592081883e+00 6.475798433431410039e-01
5.830052747080911146e+00 8.039693786617458926e-01
5.067073326935396693e+00 7.449159026053517874e-01
4.482555414524529880e+00 6.490698691218279581e-01
5.053279499343766190e+00 7.375048010492101236e-01
4.514954496688961427e+00 5.593335684102498373e-01
4.356623496836340870e+00 5.652651343453348742e-01
4.580227393044425277e+00 6.036369243185707445e-01
4.311718307013828522e+00 5.745895895338427595e-01
5.787438566323380051e+00 8.276811311403896587e-01
4.293794085533834348e+00 4.839517590649042300e-01
4.410799678290977077e+00 5.928177564622666429e-01
4.859533017350146977e+00 6.912712045882943857e-01
4.465734936820649814e+00 5.766526319253663102e-01
4.708042223112760105e+00 6.552621454888807317e-01
4.948331390869254776e+00 7.149098194299706721e-01
4.633233597107942359e+00 5.863796599536662546e-01
5.604389377868755240e+00 8.412552384258711324e-01
4.274655007109559257e+00 5.225977497211786726e-01
5.217638540911439193e+00 7.769145202546909879e-01
4.112542487317204731e+00 5.209755494242784835e-01
5.164870849793293139e+00 7.512788179407577926e-01
4.762638522375513439e+00 6.349857195759223139e-01
5.707516993879843348e+00 8.489425604231417566e-01
4.654159504186599960e+00 6.663901560708705984e-01
4.323969888085216873e+00 5.284049882295986933e-01
4.637736511152838581e+00 6.378854429968767725e-01
4.849223424142226513e+00 6.576016355649676459e-01
4.860152662431777237e+00 6.534468899852363677e-01
4.046039697292065362e+00 4.993935884422699978e-01
5.128701988796134259e+00 7.076505418055136776e-01
4.579681950288255088e+00 5.978637499295875735e-01
5.097312178854934039e+00 6.982561356283280007e-01
4.909515025182359160e+00 6.386977799047868221e-01
4.803422479192488659e+00 6.519596916585060908e-01
5.158646700927705275e+00 7.548418968880660218e-01
4.489609796851842916e+00 6.493008159383135691e-01
4.765819409626317338e+00 5.916325283012411340e-01
4.666432254563710025e+00 6.087888450591419920e-01
4.809597927787389260e+00 6.698978523099700100e-01
4.672258303260559131e+00 6.416531397310690776e-01
4.664817063301725852e+00 6.267620755122549348e-01
4.542069126485175801e+00 6.374754970418088362e-01
4.371611484386640711e+00 5.971914456894171774e-01
5.064730517397804554e+00 7.317584566151694725e-01
4.529845892032709820e+00 6.132322812048567329e-01
4.672428717993607705e+00 6.729798633213739389e-01
4.206185747297755739e+00 4.859713425240816953e-01
4.352455942942208722e+00 5.857578879741200950e-01
5.702240881379157855e+00 8.400963280028332925e-01
4.694912447384012033e+00 6.345191655089201799e-01
5.200282703366622350e+00 7.094830464299790584e-01
4.447169319897364304e+00 5.884312051389115616e-01
3.882571882588374823e+00 4.834193649120426262e-01
4.633549899650475368e+00 6.379587258288231810e-01
4.749898398578777936e+00 6.145198708841257407e-01
4.642031028772699131e+00 6.425571000851556525e-01
5.192650993577710317e+00 7.051416647664744408e-01
5.753562697027222228e+00 7.821363327795057829e-01
4.577811637800230038e+00 6.427763054633407469e-01
5.008022438233391327e+00 6.731342123321036874e-01
4.938134003287628637e+00 7.175559462380756148e-01
4.745536335386043802e+00 6.125714396846762000e-01
4.748384085446159197e+00 6.799096160852652337e-01
4.828659461031741706e+00 7.080132059488897234e-01
5.175935432895987454e+00 8.009576662427138061e-01
4.400919925842025293e+00 5.614367577815132515e-01
5.038017002660740928e+00 7.220614547376802417e-01
5.398788355013266482e+00 8.478789521448142352e-01
4.490923245690408017e+00 6.191366733424531477e-01
5.052683677396538897e+00 7.368874032832684051e-01
4.995520742533768654e+00 6.974975760962517368e-01
5.565687112968352501e+00 9.296429935740919692e-01
4.579969075114669330e+00 6.404174157667105183e-01
4.979438467399956103e+00 6.726178589977984679e-01
5.245649928256338690e+00 7.648090273824494911e-01
4.733597576929136075e+00 6.474125172120471783e-01
4.226357227873582367e+00 5.667668817834025097e-01
4.556283776690451148e+00 6.574731694459156062e-01
4.748385835429109747e+00 6.100544748823499841e-01
4.104182494749593069e+00 5.031881917051843622e-01
4.486422072640757541e+00 6.018430797019289624e-01
4.513351623763592002e+00 5.883128880203389865e-01
4.775954874524060756e+00 6.338298722241590966e-01
4.818031418063115190e+00 6.750372752411033517e-01
4.592495639785504125e+00 6.211835085309392879e-01
4.658117901005052630e+00 6.113465084197452493e-01
4.634583433113573570e+00 5.970566059514731405e-01
4.869590849487296147e+00 6.673071396889752593e-01
4.440505156453683711e+00 5.392975658214236301e-01
4.569860633583123999e+00 6.576157109880282903e-01
5.642682647669543528e+00 7.878526921008693895e-01
4.889298668142583182e+00 7.278334865496782768e-01
3.864496263736733273e+00 5.063061251478095937e-01
4.914405013787730425e+00 6.903029747072950695e-01
4.416771502459922338e+00 5.390632789020590732e-01
4.135174526114987259e+00 5.233977303225569866e-01
5.200620001016246441e+00 7.692621433091514360e-01
5.000071484615467909e+00 6.705826653039538288e-01
4.286119746936656760e+00 5.055938225831900779e-01
4.710312647491623927e+00 6.734584649645599663e-01
4.723112860398629209e+00 6.528145444133690578e-01
4.650981367095075036e+00 5.867038489579740057e-01
5.723276654256724605e+00 9.177969448206783065e-01
4.555020915229635925e+00 6.593887750127134240e-01
5.361264935556750544e+00 7.848254616486464164e-01
5.189196814970243210e+00 7.348436866825156510e-01
5.273219625117079090e+00 7.673903940838008308e-01
4.179115144592644882e+00 5.323429869478562004e-01
4.777442323462397944e+00 6.687484362826788820e-01
4.332177768446286770e+00 5.316381366010127785e-01
4.905146576627989141e+00 7.850948807822503150e-01
4.655913425621092117e+00 5.925935464254842300e-01
4.850991323612904971e+00 6.717716862636482489e-01
4.518379957769910860e+00 6.625182637387814211e-01
4.665514186041623823e+00 6.506831628508489285e-01
4.789577491253323771e+00 6.546865985573643298e-01
5.056597132088548108e+00 7.293526926811281230e-01
4.709937806923239378e+00 6.503194117695384469e-01
4.423074611080143548e+00 6.591909493345347038e-01
4.887828482856525270e+00 6.925089122425693855e-01
4.552216220942824521e+00 6.071527975833012070e-01
4.445507448332501887e+00 5.705685857849797094e-01
5.333423281349713108e+00 6.991374465162419893e-01
5.239328381817407454e+00 7.879872884975642755e-01
5.135762440860568212e+00 7.982156459398809245e-01
4.744871692560576726e+00 6.847966042351381066e-01
4.375151833951669289e+00 5.564644881959022182e-01
4.655796321569790841e+00 6.199156983750537808e-01
4.515761013920166711e+00 6.119280799186366249e-01
4.757442016669713780e+00 7.065863036129422792e-01
4.502585319938259723e+00 5.868388146583214393e-01
4.948274351041354713e+00 7.473273922390408774e-01
4.099755148813013506e+00 5.444674199288198624e-01
4.879986209612854786e+00 6.921842778304506671e-01
4.868401830951288645e+00 6.415017582810441654e-01
4.165753969981530247e+00 5.583741875821077727e-01
4.548663813266252021e+00 6.574081304977943407e-01
5.480044741227128036e+00 7.830619067694464253e-01
5.043696144737823239e+00 7.046539808232396007e-01
4.227433491790493214e+00 5.238529979934500869e-01
