1.033309886707523662e+00 6.970678483743825149e-01 9.406440454638338444e-01 1.039099647889143219e+00
9.851446486415594839e-01 1.030243186420078727e+00 1.120503988953056584e+00 9.978144753084874363e-01
1.108664585684780102e+00 8.794433732918558455e-01 1.130281270288867157e+00 8.584330903718055961e-01
9.659174227684088621e-01 8.603652049374477251e-01 9.942754157819917449e-01 1.068144773652361268e+00
9.870686628960514408e-01 8.938961056267354932e-01 8.380791828916048791e-01 7.859446364344020441e-01
9.415036483772991627e-01 8.669093193945194287e-01 9.170778065658458100e-01 9.791040909174472118e-01
1.183526982894883339e+00 8.140229102618792290e-01 1.122898847604196781e+00 9.033925132742494091e-01
1.232517655811392387e+00 8.586019584194213294e-01 1.092437539580406902e+00 1.068220639981150688e+00
1.208039297055605310e+00 9.100453771613385978e-01 1.025979432118206969e+00 8.751810181185943893e-01
9.748391219889259718e-01 9.012892311303198900e-01 9.781150868269194998e-01 1.146375730177930707e+00
1.080391972091037323e+00 7.789691076256485269e-01 1.013146054320332334e+00 1.191133368895407552e+00
1.173988801194266962e+00 8.282158654908990947e-01 1.086425792541867885e+00 1.097941870001254205e+00
1.009104977906053247e+00 9.418220336356148970e-01 1.012866486814397282e+00 9.418222314103223969e-01
1.062753872610850747e+00 8.890503889316211383e-01 1.002402346825758128e+00 9.703636869813087040e-01
1.068309366232764734e+00 7.112869124411309585e-01 9.425856892209192317e-01 9.981817159315456989e-01
1.078734548078702060e+00 9.359469978793776290e-01 9.824980497647198829e-01 9.226969137290064182e-01
1.023787455053209339e+00 8.631144410113084087e-01 1.008847016079957859e+00 1.178829244751450567e+00
1.098913581017711083e+00 7.794056638390692848e-01 1.221074778994962751e+00 9.106020851196670041e-01
1.031604272049975179e+00 7.238244392099962843e-01 1.022902174845826018e+00 1.019866530125402626e+00
1.020086303898284141e+00 6.713463460387800730e-01 8.037944137660126831e-01 1.099122152270522124e+00
1.093190286562117697e+00 8.913921369241258885e-01 9.741566092729030402e-01 1.043198357558567047e+00
9.920515226915109785e-01 8.253925260585294188e-01 1.138102122062061738e+00 1.036089259346633984e+00
9.794908106971694783e-01 8.124564940411478364e-01 9.771897089769420175e-01 9.138043562814693876e-01
1.054011671151492635e+00 8.151993143568377898e-01 9.831817550362580427e-01 8.486368372002615068e-01
1.091846443164926850e+00 8.592302499098455337e-01 9.622130423514201336e-01 9.612979410256836665e-01
1.025754748471031208e+00 8.652661741008603746e-01 9.955434320348340860e-01 1.227853927627403641e+00
1.058183074492493603e+00 9.519312773694289520e-01 1.076170697498064044e+00 1.099321071722864973e+00
1.250343065576248414e+00 9.671305673204730891e-01 1.024463136535128438e+00 1.260803345037657675e+00
1.100452355076126487e+00 9.083634505259655656e-01 1.085667790201611416e+00 1.139363850669395495e+00
1.160851181186016046e+00 7.131377506974087011e-01 8.926752573047288530e-01 1.115443326485074271e+00
8.732269975361851566e-01 9.257905548035891830e-01 9.642439320406827052e-01 8.392027069591141419e-01
1.179466388424838863e+00 8.978774910178805024e-01 1.046769622994367044e+00 9.635648393118527721e-01
1.031151865617011110e+00 7.424318166381227435e-01 1.085708929524713096e+00 9.059877135259394310e-01
1.109933476535313046e+00 9.529180449125865815e-01 9.819404226630841226e-01 8.657318510575706672e-01
1.160397185196548442e+00 1.105216849671929902e+00 9.498021893001870053e-01 1.168221067670670577e+00
1.033723485116574858e+00 7.736550766196603757e-01 1.122266910527117245e+00 1.152691254479872418e+00
9.763385342066611683e-01 7.243313692596695663e-01 8.111993852342196387e-01 1.031939894101517652e+00
1.080064856449741484e+00 8.470360429245449296e-01 1.065549447196501021e+00 8.850676821258272042e-01
1.104356175443433230e+00 8.748667815629920241e-01 1.030281895729590946e+00 1.022460381884793046e+00
1.017348945841028307e+00 8.687518513279286481e-01 8.381719697379742540e-01 1.232436082684924772e+00
1.047480760616858131e+00 9.013390147946711561e-01 1.159478400117943675e+00 9.775799131738768244e-01
1.133432956229846855e+00 9.449912741624862944e-01 1.110945494072280049e+00 1.092531925984997487e+00
9.954702204250379660e-01 7.780319413983339816e-01 1.027991151337663167e+00 1.086677048210553664e+00
1.125551196072924975e+00 8.622071837431538599e-01 8.110894188965146467e-01 1.211392433155803694e+00
9.130869084469441788e-01 7.296746653520937986e-01 9.692590880302098810e-01 8.924837547843375019e-01
1.163847239203494199e+00 8.980379593911497205e-01 9.121308548917868020e-01 8.254851316366025316e-01
1.149721796881699287e+00 7.548250527158629763e-01 9.255719044650497773e-01 9.064596848966366416e-01
9.350416288659229025e-01 8.030996415215336803e-01 1.036260916543001676e+00 1.112818772658779487e+00
1.049472708183650349e+00 8.042270405369039699e-01 9.842726184826476876e-01 1.068315524037872999e+00
1.053911543838669918e+00 8.517106149276787441e-01 9.195924883429527075e-01 9.741090548035286067e-01
9.262910857409050180e-01 9.284466147316764451e-01 1.021613075473637666e+00 1.084129088583052125e+00
1.083434980088662014e+00 8.748268591918003656e-01 9.560708306260800038e-01 1.139182395159538119e+00
1.135206888718142793e+00 1.053666791290949645e+00 8.364646186826125707e-01 9.620227317174440129e-01
1.013042995052796602e+00 8.307445691903881935e-01 9.612184259169166411e-01 9.374819467743992218e-01
1.153959886108036903e+00 7.534259316248821392e-01 8.497879396938495811e-01 1.184418546938982075e+00
9.823381138518032518e-01 8.609594716502664280e-01 8.239081020401179956e-01 1.163037778978911696e+00
1.005675246966153624e+00 8.034865497847734073e-01 9.461978535540750412e-01 1.202760967093273736e+00
1.035286030072962715e+00 8.299759390576069151e-01 1.105158728598389040e+00 1.123568157668822121e+00
1.032829846181539502e+00 9.824889143429906824e-01 1.004230338496516328e+00 1.077914945840054983e+00
8.637523450791760871e-01 1.009845881798611344e+00 9.341771600110257978e-01 1.158531552922440921e+00
1.109945866812008797e+00 8.955270179550746112e-01 9.953264346890902114e-01 1.212227993961333627e+00
9.474911822923111071e-01 9.229419760659844929e-01 8.549587315837859913e-01 1.050039161931264342e+00
1.041376858042351028e+00 8.182541060983062886e-01 1.008192462850572069e+00 1.098326751595278150e+00
1.097294556543629840e+00 8.754216982039197958e-01 9.401576474866080169e-01 1.084683654562012434e+00
1.018346114467566066e+00 8.930159072582025681e-01 9.986727229480949486e-01 1.167693572619118214e+00
1.158956430149803207e+00 9.394374646680777596e-01 9.040322423137305829e-01 1.050631273439414759e+00
1.239676131701272332e+00 9.286533744143224967e-01 1.071236118604438348e+00 1.141047880687769744e+00
1.060232316491618754e+00 8.175671380093164631e-01 1.097929892784067052e+00 1.055320354553814566e+00
1.118335835733806460e+00 9.430860817638666571e-01 1.030523609343943825e+00 1.010526795529482325e+00
1.064705117952271740e+00 8.097322586325991223e-01 8.480720070038204605e-01 9.911891312445200164e-01
1.233787563557403155e+00 7.396016141194118321e-01 8.783096191589917501e-01 1.069460822932355226e+00
1.150057600832943505e+00 8.996586189348504403e-01 1.096460607186706238e+00 9.886232188357539918e-01
1.118295005125162778e+00 8.123480760217349772e-01 8.933740690258806794e-01 9.998607940462665988e-01
1.104635924116908141e+00 8.095133019755139658e-01 9.464432245075986572e-01 9.665461810928762665e-01
1.208443198807043428e+00 8.777206536108320689e-01 9.222237722701699392e-01 9.075585072491098027e-01
9.517119774896426465e-01 7.912918356956060162e-01 9.548313612297850694e-01 1.074031435238959942e+00
1.135175471431495220e+00 8.221135521949611835e-01 1.241391245964860612e+00 9.922695784142011588e-01
1.016543320717542942e+00 6.039709161561157558e-01 8.257162563100987063e-01 9.498323004238335976e-01
1.146603263704666809e+00 8.251940282228227286e-01 1.033520932798303038e+00 1.157293576936853086e+00
1.019772013616052631e+00 9.242626966416117584e-01 9.476877821653834078e-01 1.034558166671592616e+00
1.070044746092701615e+00 7.013722869330523135e-01 8.877656212262412527e-01 1.288064060345042394e+00
1.133548001862451748e+00 7.443391867980976295e-01 9.170332501160763927e-01 1.013074987342322597e+00
1.178384581533490794e+00 8.313296481507266300e-01 1.094208785619968927e+00 1.043542096975943911e+00
1.180200392646475249e+00 8.554482200880140219e-01 1.020094590422899739e+00 1.033540601130636283e+00
9.760425852107578182e-01 7.943144811397443439e-01 9.286753520121172611e-01 8.894802692365834096e-01
1.084101241335890364e+00 9.285990126294745295e-01 1.023607600807489915e+00 9.849791772881315577e-01
1.003868205893229559e+00 8.198220178124642210e-01 1.073279038189319579e+00 8.689763730511304018e-01
1.007945547904347761e+00 7.193660298703956624e-01 1.013807337702041789e+00 1.082505539075870438e+00
1.053112005348962876e+00 8.872685976360077387e-01 9.545995864496705785e-01 9.416668613285588130e-01
1.219670022257342001e+00 9.796577783129952754e-01 1.059226036676280902e+00 1.148623852565583414e+00
1.042312443553563339e+00 8.882341592514596540e-01 9.682370891461268281e-01 1.223247233385604149e+00
1.194822479871865850e+00 8.647975027736051201e-01 1.004374565771401828e+00 1.057832533774130113e+00
1.035831652507412937e+00 8.617626900126835743e-01 8.267641265071002943e-01 1.000906008831341065e+00
1.131452049864703602e+00 6.768192604448645122e-01 9.960448727541660885e-01 9.097697905356967318e-01
9.155691124065571396e-01 9.072399481219186601e-01 8.962847819276984485e-01 9.073363912881861060e-01
1.269665187907149440e+00 8.227612645057456042e-01 8.911166650894396524e-01 8.345986576032043969e-01
1.061517501514935180e+00 8.498760066403840963e-01 8.988459563871649127e-01 9.379769693984988388e-01
1.116789949381890246e+00 7.393194683112154220e-01 9.803764584402203663e-01 8.635637922505270403e-01
1.032494960472053025e+00 7.863851944742989986e-01 1.003490213669460118e+00 8.627650071592808390e-01
1.101899946562084009e+00 1.063335893258906539e+00 1.009560771363097631e+00 9.161566738050782588e-01
1.071884100405556151e+00 8.728706640112103843e-01 1.021210779974708327e+00 9.887420562193229845e-01
9.856587936015611673e-01 7.372610495102062123e-01 8.575536584381543426e-01 9.941121143037742192e-01
9.417500820280867435e-01 8.067561008551913382e-01 9.834372460789072568e-01 1.021162997954476959e+00
1.208363072596045917e+00 8.639003576038806198e-01 1.003382121697518725e+00 1.152300599979761531e+00
1.119292733789484462e+00 8.713102812028994393e-01 1.092719340791814764e+00 1.025762961141353680e+00
1.049204573785135430e+00 8.970309002605683091e-01 1.046371041329054119e+00 1.027360952107440495e+00
1.000522889053081954e+00 9.821199201660967271e-01 1.030707266251004839e+00 1.021011816498987201e+00
1.005978008304601490e+00 9.455768010158621673e-01 9.512252265432044052e-01 1.002926994760893864e+00
9.574269714039550516e-01 8.185549163596813615e-01 1.016470546006460252e+00 1.001851970092035637e+00
1.068581735045062597e+00 8.263724869514791349e-01 1.049725193909897936e+00 9.512876668053472651e-01
1.108436969942900641e+00 7.260665767895236877e-01 1.008419711395069918e+00 9.947999949513487428e-01
1.049806518269537525e+00 8.984898149937216028e-01 1.036164737359002830e+00 9.676760194706007789e-01
1.053667757933020921e+00 8.717175249275082027e-01 7.893630223634043874e-01 8.801346080905325664e-01
1.120294497550252233e+00 9.104518732836344164e-01 1.016581157656364809e+00 9.797354152593300558e-01
1.038789215038942837e+00 8.192485262077480179e-01 7.895948196076599812e-01 9.993164428570275870e-01
9.887180551792128513e-01 9.905238225514539918e-01 1.018396100024782536e+00 1.227476726041510480e+00
1.008049786282926741e+00 7.955894644261767290e-01 1.032683595587666092e+00 9.586859626310832994e-01
1.092661241336329025e+00 8.082865337909960202e-01 1.035831437537440891e+00 1.030829657234673791e+00
1.120231588441712223e+00 7.917555903117489136e-01 1.064789470613268341e+00 1.039127090806971632e+00
1.214265641211144553e+00 8.414534346524185082e-01 9.593258480928902321e-01 1.135936667270005751e+00
1.066614918538652423e+00 6.224288835289658595e-01 9.598809308499720583e-01 9.974690935713448336e-01
9.373463408282558529e-01 8.336339779159902541e-01 1.023817586455137540e+00 9.202218173953141678e-01
1.150725808932250960e+00 8.066762495414329104e-01 9.740367186803963184e-01 7.132842929128131448e-01
1.275114309761949949e+00 7.539939655685103936e-01 9.205428025216638721e-01 8.396842774703119350e-01
9.419042834019967225e-01 7.881003862516064995e-01 1.001149769840023573e+00 9.934538842420606031e-01
1.131000814103237273e+00 8.459972936807741428e-01 8.015497367983261956e-01 1.088424666222279624e+00
1.103866923045858872e+00 6.682325363413533781e-01 9.992569907847178579e-01 9.583287393167437829e-01
1.004110537400445313e+00 7.875458648036459675e-01 9.936637422534340125e-01 1.001195514596691094e+00
9.364067649859830755e-01 7.596521492677781318e-01 7.782183986799934283e-01 9.693433288844195417e-01
1.167390025057226222e+00 9.943955335496184045e-01 1.095239397248804147e+00 1.015119824910694302e+00
1.054912776653391893e+00 8.115504311410950411e-01 1.027134856283977715e+00 9.785460622131917363e-01
1.200565340678305004e+00 1.016904517246419060e+00 1.020927119852599985e+00 1.024600113864602147e+00
1.095522277012059176e+00 7.405155780326891923e-01 1.031438407733002327e+00 9.434545054394666286e-01
9.553868116325932025e-01 8.639878399962283018e-01 9.724106001370138586e-01 1.015601106345470406e+00
1.101342540117049129e+00 9.129006771121161989e-01 1.049414105456625501e+00 1.081113104196117725e+00
1.193836968944659960e+00 7.803601814380586310e-01 9.809548230838719407e-01 1.052449642133334917e+00
1.044743681302702454e+00 9.338208321186916017e-01 1.090089042651154916e+00 8.727722459127126298e-01
1.113819238276279933e+00 8.760363468012954957e-01 9.681147685496255262e-01 1.133303265928551351e+00
1.118481077134144464e+00 7.782411073601932516e-01 9.502514114359749131e-01 1.063540447436517322e+00
1.090658752017265698e+00 8.988359794062467101e-01 7.595611292365430645e-01 1.097605949004068382e+00
1.081757284131997343e+00 8.952293211588137067e-01 8.722906632698929075e-01 1.043339490258932578e+00
1.195961931282770285e+00 7.924924048551617028e-01 1.001010933543956094e+00 8.261588924433959091e-01
1.012572691856115981e+00 9.241916012189289598e-01 8.795704443080577528e-01 1.050086922749877694e+00
9.857805786285009919e-01 7.428230227752449233e-01 1.006997161026725651e+00 8.245425188308258546e-01
1.178243775345950928e+00 8.050047363675932877e-01 8.991622438977970866e-01 7.510956968671640421e-01
9.806453030110955371e-01 8.794766802330233890e-01 8.660690204012475579e-01 1.033420963959990502e+00
1.005744020314217169e+00 8.051646774011681496e-01 1.051464771983211977e+00 9.571812833709492097e-01
1.123812408345737257e+00 8.153838504770190010e-01 9.685631653306709943e-01 9.806851547484317644e-01
1.084834681742705920e+00 7.742918255947557338e-01 1.076498148381719755e+00 9.033231717173192399e-01
1.144175986108534770e+00 9.610815988357402917e-01 1.105187978621225975e+00 1.063316550885510692e+00
9.257454919451615361e-01 7.875190149835687992e-01 9.914354934498236238e-01 1.027363071060100053e+00
9.124418710686301726e-01 9.487925556059986221e-01 1.149354398228966678e+00 1.134202084585005821e+00
9.065926418637062500e-01 7.956819935481402872e-01 1.082175607970455866e+00 8.976916980826208370e-01
9.950332390088428847e-01 7.792331184280993917e-01 9.454479903710556465e-01 8.733550769742818298e-01
1.154914877444425114e+00 8.945012360143678176e-01 9.678404795174057051e-01 8.290469294161472158e-01
1.134049743685533462e+00 7.822915767931842845e-01 9.349104133350475410e-01 9.992269261543313963e-01
1.069101623778039967e+00 8.297414307387482868e-01 1.080458010763432064e+00 9.231572482901631016e-01
1.080694639311167826e+00 1.062166876322151676e+00 1.033166040394564833e+00 9.259374054472864213e-01
9.144378174476404109e-01 7.956569126604355890e-01 1.016173873580056952e+00 8.995532139334735389e-01
1.282237233755427530e+00 7.040423274485310134e-01 1.279622504282822204e+00 7.501651045228454606e-01
1.158925865278251255e+00 9.519759388219739549e-01 9.864922211541922170e-01 1.162697116929077845e+00
1.083959770076102336e+00 8.603500183001259183e-01 1.086413414070319883e+00 9.880027005892905168e-01
1.155514454552180714e+00 8.834334474405884929e-01 1.167578456186216807e+00 9.570045538710009181e-01
1.166793718915198008e+00 6.963897323432599595e-01 9.477619117726614473e-01 9.011810279440053417e-01
8.836538612805145965e-01 7.268318659394082948e-01 9.574186292757999039e-01 1.144341906090577732e+00
9.115254562256571713e-01 8.068260795030668397e-01 1.102994734963840706e+00 1.000380412495128768e+00
1.094016843467451983e+00 8.287903526563331624e-01 9.119957881890273788e-01 1.075991870205948109e+00
9.798704123556863932e-01 7.849399142388528983e-01 9.567354240125991449e-01 9.664297805006931696e-01
1.043166259570774246e+00 8.462295462078551767e-01 9.550613257971976022e-01 7.944217881709479956e-01
1.195949111835446832e+00 9.864000692894865363e-01 1.095492662539703010e+00 9.623015803474014307e-01
1.039074365175475911e+00 7.400112180100922865e-01 8.154218385485877407e-01 1.028439591623477201e+00
9.544638170326218418e-01 7.438686306463775377e-01 9.637457306201615559e-01 1.040680227347378306e+00
1.131784878496713276e+00 8.641587845319860239e-01 9.158148353961679256e-01 9.574374733614482436e-01
9.151701334297877022e-01 8.011602699714592823e-01 7.890416094400555247e-01 9.308255005863145248e-01
1.075540243969464571e+00 7.305113443433286502e-01 1.046876845713207382e+00 1.058531208231395349e+00
1.026206920450077442e+00 1.002827964436016961e+00 1.069076263217110023e+00 1.108182516948111651e+00
1.008027247595179254e+00 7.943045659131399150e-01 9.122267427473763624e-01 9.967213075312606474e-01
9.921394115094207544e-01 1.029369891595751874e+00 1.091890129425460376e+00 8.752774469139890101e-01
9.786962324178543060e-01 7.890931443695766712e-01 9.471968599483168161e-01 1.175448190166404228e+00
9.627669303549909463e-01 8.951814618103339782e-01 8.807306599552745530e-01 1.071516755446382474e+00
1.063256543709530044e+00 8.360322479278400332e-01 9.051107170694665527e-01 8.063681995421144721e-01
1.185502008514822903e+00 9.331964678168056526e-01 9.797764656329006616e-01 9.857511581833398040e-01
1.067366313483935958e+00 1.000938218579800365e+00 9.708553985266276110e-01 8.825262966894754646e-01
9.555138343737470397e-01 8.475386997176138637e-01 1.088664624294012562e+00 9.031831541675583441e-01
1.138943726138874402e+00 7.796531020991160910e-01 1.027162575999579053e+00 1.040729000984485397e+00
9.595199855472341666e-01 8.287748868585077533e-01 1.163353559770132772e+00 1.031423319990111720e+00
1.015897770193981753e+00 8.132888167187926065e-01 1.004936890886659384e+00 1.003095867078150016e+00
1.037972182138829469e+00 7.750936755721220539e-01 9.778532888892434993e-01 9.761653546487476518e-01
1.225021112031338566e+00 8.483478397938489790e-01 7.946471361631572972e-01 1.200546295715107847e+00
1.119964109264917962e+00 8.718350462447542748e-01 1.027326036845697121e+00 1.028635320548256349e+00
1.104365799901576128e+00 8.218462332348192012e-01 1.121631250373118727e+00 1.125724818874786815e+00
1.074584019721118056e+00 8.102722928467775976e-01 9.071752748291542767e-01 8.906550024824256839e-01
1.139149822197599971e+00 8.605228521584146195e-01 1.045165097867193582e+00 1.290909059582493024e+00
9.897250194986034755e-01 8.537168268156946072e-01 8.615593283682992931e-01 9.857133521967118561e-01
1.155429809802094310e+00 5.801716896765994891e-01 8.498470799554307398e-01 9.735859217757655282e-01
1.129606415983934298e+00 9.395886797676049618e-01 8.618804904460475313e-01 1.058041231656559944e+00
1.100522448832087052e+00 7.471442423596106330e-01 9.215278309162243664e-01 9.532934460441252478e-01
9.998923812463498262e-01 7.957683559983963484e-01 9.060291539569822472e-01 9.929710209503737062e-01
1.171555648356508383e+00 7.966913046355442729e-01 1.079213692834621652e+00 1.336414943620633844e+00
1.090336118221882922e+00 8.374719179658062229e-01 9.075048414175097555e-01 1.106236937008986398e+00
1.183375005788609213e+00 9.774367858672160514e-01 9.801077996039534446e-01 1.090884925806473449e+00
1.033430069631516846e+00 9.400531820797822791e-01 1.029157663171929249e+00 1.034204366126500796e+00
1.213001504595373703e+00 8.901387332642511918e-01 9.309113584259784968e-01 1.023860625865987695e+00
1.045269989861568050e+00 8.518042667944238922e-01 1.051539394669686933e+00 9.422688754612608131e-01
1.024086496920319611e+00 8.018968313558598737e-01 1.071158572893228467e+00 9.072467519016965687e-01
8.996607097127329311e-01 8.853629472311709270e-01 9.101594655845629545e-01 9.864231375128229562e-01
1.073617795488689852e+00 8.574425434545345226e-01 1.079940335023940934e+00 9.628909345761444971e-01
1.133616358802788771e+00 7.222733660983654547e-01 1.118494698920103447e+00 1.029562331912854400e+00
1.017102139871555178e+00 8.627239504419410565e-01 9.397247817917231405e-01 1.077132772550972950e+00
1.005458086658512773e+00 8.785386281950053888e-01 9.906767750994236454e-01 8.731706991251442229e-01
1.167101021052899146e+00 8.233640144994905929e-01 1.034106479970256842e+00 1.010660186484300116e+00
1.261425432119803292e+00 8.222065519107172316e-01 8.867959920155794595e-01 1.149792462465179188e+00
1.002567668045146743e+00 7.539163965172280824e-01 1.006145600326656231e+00 8.971596867397255703e-01
1.036333643115642023e+00 8.338917219180557172e-01 9.551672698183470978e-01 1.072796225870684017e+00
1.133491565288408554e+00 8.407655753040660374e-01 8.835856680466664947e-01 1.103681823196835055e+00
9.616322930334345598e-01 9.942649344187005633e-01 9.279202078791861652e-01 1.008250312148490924e+00
9.933204243885149776e-01 7.959138372425406116e-01 8.384730003532105957e-01 1.026000463019595799e+00
1.143907416547107703e+00 7.831884471952381688e-01 1.102742784810619048e+00 7.313058759065855785e-01
1.128535622606152478e+00 8.372184607900416964e-01 8.244194271530066453e-01 1.190095943437009973e+00
1.138966813969850778e+00 9.670614520677661696e-01 9.536138403492370186e-01 9.154590797805796099e-01
1.093998359433768996e+00 7.854119987892702603e-01 1.117121822259465214e+00 1.033659180076920814e+00
1.022506405349596692e+00 7.955538853970937074e-01 8.696537317149025670e-01 1.023148097017738456e+00
1.109461344342715927e+00 8.020191937379870240e-01 9.917805872037103176e-01 9.921430671322426509e-01
1.048704613880167225e+00 9.577164313334540768e-01 9.643685401215432718e-01 1.105305181347916221e+00
1.142696617457404251e+00 9.462692885607223436e-01 9.999265433983716145e-01 9.127331908467524180e-01
1.051250982563506131e+00 9.110214778391513279e-01 8.856392871282793289e-01 1.383730892799852397e+00
1.100707618673086863e+00 8.077645659677150647e-01 9.666280351724282349e-01 9.949009879351093932e-01
1.046461634962351228e+00 7.896765131270637728e-01 1.053869938920943605e+00 8.941193749937915713e-01
1.163742259257433354e+00 8.736637516019389871e-01 9.517255561864280677e-01 1.028297755166959870e+00
1.121398634820633733e+00 9.511616683808449269e-01 9.211953164461729182e-01 1.192710523019272939e+00
1.139261157207631214e+00 8.159049009021660526e-01 1.003493543731597493e+00 1.027744143185732595e+00
1.092719342673212690e+00 7.312550195742121284e-01 1.058668273157510331e+00 1.009710059637409563e+00
9.989770719871913229e-01 8.130150266750177934e-01 9.632374680695722224e-01 9.563419948409673799e-01
9.443647022316647988e-01 1.012507215376274861e+00 9.509683916896148892e-01 8.073523669835467320e-01
9.627515082493216525e-01 9.182144139830270557e-01 1.001811925300962969e+00 1.159093499174797870e+00
1.101972519798209982e+00 8.875125042737402881e-01 9.710495530134352071e-01 1.191365727986484435e+00
1.001819355182034910e+00 8.034025177022433573e-01 9.688369679345492091e-01 1.125737541934710206e+00
1.055175893500805762e+00 9.146095578254919145e-01 9.851134361709301679e-01 9.664556582068336565e-01
1.057912504254005404e+00 9.101764566356400632e-01 1.229825918922136330e+00 1.104894969211156042e+00
1.029350900558454684e+00 7.787658522204721212e-01 9.139889396905942487e-01 8.994494387619849096e-01
9.972972817627959730e-01 8.642578188869206590e-01 8.865976241241269040e-01 9.187886216761873559e-01
1.004056630847342868e+00 8.251329733788165255e-01 1.126008631697946516e+00 9.509109106915836218e-01
9.965013942593298202e-01 8.417908967869847103e-01 9.245002931089491005e-01 9.716029420818802498e-01
9.696229976912358328e-01 8.739605462190265239e-01 9.118537127754464677e-01 1.014828820986196201e+00
1.072800045757064558e+00 9.456712280797493486e-01 1.029063999138898788e+00 1.040628120011771518e+00
1.133598222728099403e+00 1.032647813636501599e+00 1.096502042844561986e+00 1.093131933582534687e+00
1.109149065717839999e+00 9.374962729444165088e-01 9.847042190685594276e-01 9.969129742701480223e-01
9.730391405374272384e-01 7.969192351921164930e-01 1.020448802892192530e+00 8.333621583946543288e-01
9.411680900350746226e-01 9.302836863916558174e-01 1.095105173660608333e+00 9.460744022471611059e-01
1.024212617937065417e+00 6.766073999734215638e-01 8.238628825523106602e-01 1.112930703858205694e+00
1.113749014459223918e+00 6.763808833433044843e-01 9.064295517596826501e-01 1.041927678766621401e+00
1.121716420129134750e+00 8.714956529890386383e-01 1.164131151761294225e+00 1.157623393061728345e+00
1.036687512178037673e+00 8.461321646324315715e-01 9.670954258319959251e-01 1.263075853198045939e+00
9.807310367752891667e-01 8.000476425695242089e-01 8.383994470928372023e-01 1.013229832664287677e+00
1.059746756829292202e+00 7.664842075679150213e-01 9.799780545781956453e-01 9.463270164275315866e-01
9.108781331800248626e-01 9.279796626639384982e-01 9.215861827636049330e-01 1.071928471610446687e+00
1.133725311904359767e+00 9.157572030021688958e-01 1.063024554974270064e+00 9.850703765676427359e-01
1.057193372038267576e+00 8.040060480180071245e-01 1.005507033336335176e+00 1.107624662516550895e+00
1.175577493102740734e+00 6.871249356406782249e-01 9.754321548938486020e-01 8.950075208670931204e-01
9.801463158197856185e-01 8.784635949019725665e-01 1.149269993152943314e+00 1.070771983494496205e+00
1.030393055343218123e+00 6.342463197744685477e-01 1.076442571963267314e+00 7.898812178754449631e-01
1.235756903616564983e+00 8.405466778047072651e-01 9.148962898084070927e-01 1.005699221070628369e+00
1.094154265440467233e+00 8.554009349236326720e-01 1.174826460443734621e+00 8.697852520072246740e-01
1.024552600549879733e+00 8.240362833686687427e-01 1.032937674005416584e+00 9.769825260582979398e-01
1.260736968310009143e+00 1.023333011556192051e+00 9.669806901438042779e-01 9.802231502678316888e-01
8.779337535167172080e-01 7.085656403601743314e-01 8.333759649236806011e-01 9.245777597222437638e-01
8.823543701867332389e-01 8.699165405179792865e-01 9.510013650604952629e-01 1.293559238421198465e+00
1.019064593046832501e+00 7.640335199504882935e-01 9.744039817931804404e-01 9.278727126729601205e-01
1.016918289575600154e+00 9.285183353463635214e-01 1.104838229014310613e+00 1.053346522685639997e+00
9.535477873449845765e-01 9.330570380111007367e-01 1.027057384249170813e+00 9.573988951801466474e-01
9.933726510807332488e-01 7.533589966546574423e-01 1.046301272668855420e+00 9.965992448389637826e-01
1.272224926882425944e+00 6.885176501512302316e-01 1.097289379186173308e+00 9.806896742665612843e-01
1.128932905816260490e+00 8.602656844982441431e-01 9.365932246518812176e-01 9.466582820060548409e-01
1.030967342633591022e+00 7.863189100411809296e-01 1.050029054396170780e+00 1.120795757806946291e+00
1.033715750505951547e+00 9.806247714905940160e-01 9.046068908422412180e-01 1.120975709924326047e+00
1.100789513016381838e+00 8.882729623325295032e-01 9.243631306928843383e-01 9.729391642464322310e-01
1.050695324452677548e+00 9.120783148729707523e-01 9.735727431991273439e-01 9.795604696300055370e-01
9.743297415405960393e-01 8.620884991056484425e-01 1.229735156076671609e+00 1.067531410396294955e+00
1.090530682778968030e+00 8.995549477507388536e-01 1.091103541786306641e+00 1.210977767532174454e+00
1.016471972047181538e+00 7.733746194639729010e-01 9.625261193729657272e-01 8.958184591898169513e-01
1.108804685895193431e+00 8.081955657034098905e-01 9.557833575355199063e-01 1.091564666032691866e+00
9.762670821640682117e-01 8.048876221305644174e-01 9.928086679350468513e-01 9.594496695133729602e-01
1.149660151586116008e+00 8.899435727863767021e-01 9.720254512432470184e-01 1.152373486593540219e+00
1.194717015371516089e+00 1.003653332731024195e+00 1.173421809762178025e+00 9.934884282026268387e-01
1.219780775066714007e+00 8.108326618279282361e-01 1.116790112127967305e+00 9.143980999816702093e-01
1.014282526146690122e+00 8.496761047470091643e-01 8.915362410943403759e-01 1.011755929564382983e+00
9.359859247944330995e-01 7.027885803962279354e-01 8.816722722501889598e-01 8.190801781014188654e-01
1.044089547336291446e+00 9.361226968961176009e-01 1.031887609147319695e+00 1.059147216634064526e+00
1.098746086947229195e+00 1.016624740974975794e+00 9.887022810874076528e-01 1.018013030808338604e+00
1.101771506739100515e+00 7.934909824596096950e-01 9.122127125886867471e-01 1.054713199281013036e+00
1.056168752206354533e+00 9.140622420218459387e-01 8.920371592104542335e-01 9.533573574869524947e-01
1.090625749998465732e+00 9.392034766716870209e-01 9.008715997536627107e-01 8.676296174112695381e-01
1.097021757715124446e+00 8.627599539659785988e-01 8.452979670320447392e-01 1.138280520222043402e+00
1.009086958512552812e+00 7.361583923355282666e-01 1.118656966024122568e+00 1.167320666039505017e+00
9.310462813749993405e-01 8.634932638300781838e-01 9.762119495968809568e-01 1.136885771603345807e+00
1.092685244027665092e+00 8.069790471314877145e-01 8.750917838771845592e-01 9.887286832876585052e-01
9.918106002029664081e-01 8.093561514324459916e-01 9.145667626586118093e-01 1.043419986378256281e+00
1.271822423904571675e+00 9.186044023621231513e-01 9.700397064669686875e-01 1.012264092002837401e+00
1.111008333477969012e+00 7.809980460207921471e-01 9.098313386767622468e-01 1.105046487458897664e+00
1.139796414615860565e+00 9.355078444615515521e-01 1.000710615500275846e+00 1.019649457757933586e+00
1.038115151626697763e+00 9.444405048055477536e-01 9.121236108540647924e-01 1.045657844478917520e+00
1.081998794165535127e+00 8.399885039446551849e-01 8.021722474625859745e-01 8.757543638514558859e-01
1.123292042240405353e+00 9.043288054812698151e-01 1.096767399781187757e+00 1.039882527073212160e+00
1.112054387154220780e+00 8.573143055887103570e-01 1.044379950721515682e+00 8.955061163248887457e-01
9.726500781917497562e-01 1.011289404005920600e+00 9.909978371517006446e-01 8.118738296557677092e-01
1.000731489126322371e+00 8.502331051083573676e-01 1.037188023781747237e+00 9.193520522006237705e-01
1.119340766652789920e+00 7.355424075997837319e-01 9.599023202407955813e-01 8.380736660938564730e-01
1.067533123103039161e+00 9.660004456012086793e-01 1.050160966853791233e+00 1.197522078902317766e+00
8.833104404501397333e-01 7.425722684819947572e-01 8.316876314848881124e-01 1.062540582340546935e+00
1.177902243117933345e+00 9.242004791040464573e-01 9.859019804220670036e-01 1.114108335307317343e+00
9.988236965920199717e-01 9.546453508281236289e-01 1.086723912638833500e+00 1.129442419791679919e+00
9.713172328951581447e-01 9.391185118650205998e-01 9.556940354102726465e-01 9.836455983369946088e-01
1.038076647346708459e+00 8.645001455477410168e-01 1.111675178480911352e+00 9.448432971137041836e-01
1.023986860310492686e+00 8.678228321356622477e-01 9.171832466520506433e-01 1.017845860392447621e+00
1.201722711375467600e+00 9.362053845805485830e-01 9.824226058446634546e-01 1.130346052461808748e+00
1.047856287861166580e+00 8.522258172305079427e-01 9.625137524774552977e-01 1.176127376258884860e+00
1.025759278950180819e+00 9.407656118087982522e-01 1.118385288315699055e+00 1.008919520281016835e+00
1.160749645510661621e+00 7.824614660272675160e-01 7.556207527825016257e-01 1.010460895404261317e+00
1.213034394649968428e+00 9.344347134074693084e-01 1.111658140599636413e+00 1.122370317251871752e+00
1.021480017160148135e+00 7.648714153343506572e-01 1.034465482975716055e+00 1.051569466922031237e+00
9.168069083896213112e-01 1.022392608624158150e+00 1.068496747021730364e+00 1.015684969665513471e+00
9.188119831430979767e-01 8.821221778589685147e-01 8.744843820233046960e-01 9.781172542685157012e-01
9.343227289487715526e-01 9.442473848039467654e-01 1.078114479028068340e+00 1.093656561966455110e+00
1.275051284163445819e+00 8.768505954696621529e-01 9.977215806315176128e-01 1.052322090599380866e+00
1.121199811249141032e+00 8.986878739298996832e-01 7.752807199957527651e-01 8.723852864982861721e-01
1.008977104107465550e+00 7.778645446867186175e-01 1.034889873371218849e+00 1.100595571650509585e+00
1.009103135587105182e+00 7.917756944032170452e-01 9.143902481409190708e-01 9.027147569392779403e-01
1.176732977219511644e+00 9.236264854401514679e-01 1.060183372987939743e+00 1.074754471696609759e+00
1.182997736694599622e+00 9.387976375762753234e-01 1.073134577839076842e+00 1.000154345792378496e+00
9.790007255260726460e-01 7.374032108668016061e-01 1.125629070005730314e+00 9.382277475333673511e-01
1.089643766093335353e+00 9.737821855864454701e-01 9.660360370613874093e-01 1.149413089855302772e+00
1.050357515729689828e+00 8.336613668847963066e-01 9.960557152490586708e-01 1.021858301948087577e+00
1.122530039574875405e+00 8.488278054376078297e-01 9.046965437702191304e-01 1.025800951080819257e+00
9.591712604885581639e-01 9.334168071123579713e-01 1.089663526849593334e+00 1.046277869108539704e+00
1.121921632542820735e+00 8.493840483655815676e-01 1.065218204256590528e+00 9.393107752384618481e-01
1.001991121863710754e+00 8.254157082388964284e-01 9.465141680378666988e-01 1.215025791804579036e+00
1.110579565472642694e+00 8.671465488421834511e-01 1.011215670883185425e+00 1.035286271757961396e+00
1.102229521634146447e+00 9.602194354787464414e-01 9.486844193922575608e-01 1.284104530965443747e+00
1.161533287726820518e+00 8.411464786376778857e-01 8.973389968204752432e-01 1.011879386366477895e+00
9.977658211555839873e-01 9.075240381714405613e-01 9.277075102641674231e-01 1.058511607057434079e+00
1.166908571806722472e+00 9.462989733407953796e-01 9.984734152337149116e-01 1.058553813885134476e+00
9.962441864137109304e-01 7.826466113205919894e-01 1.028228689804843166e+00 1.042647675857010015e+00
1.170992292457898598e+00 8.924185127854765698e-01 9.355063761114170706e-01 1.078679684933102845e+00
9.971777540399706652e-01 9.249786399028262496e-01 9.145414547130745753e-01 9.840198281211965936e-01
1.057475839296074804e+00 8.716505514053374259e-01 8.581958038262249566e-01 1.038014863997952730e+00
1.061750433162604201e+00 9.583897346644391080e-01 8.850145945558102190e-01 7.532659686374614250e-01
1.089241940000162723e+00 8.089441343501420079e-01 9.914537292719748374e-01 9.553166059933713150e-01
1.087533575210674286e+00 7.722270286539366646e-01 9.825579929004505386e-01 7.953922289627911590e-01
1.200912662596538061e+00 1.029944415145626291e+00 8.707405813699404806e-01 1.107559619978932819e+00
1.057672347633165755e+00 8.500968459477167283e-01 9.375745015372769497e-01 1.185738307293386473e+00
1.064088149200481670e+00 8.292426235675001145e-01 9.097519017407863506e-01 9.976679551413133451e-01
1.057563671700006314e+00 8.565359145480808678e-01 1.039108057488953296e+00 9.654841443044471783e-01
8.143571000127926007e-01 8.248645773189887676e-01 9.665755653485652577e-01 8.791647258273908028e-01
1.221540829588161348e+00 1.044665327325325688e+00 1.110805023850335083e+00 1.129312542604038017e+00
9.433174470704265291e-01 9.312837764912107463e-01 9.594597346348836542e-01 8.608780814034044937e-01
9.520458874671956506e-01 7.561199674385020719e-01 8.685094888929110191e-01 8.605592301396683963e-01
9.723551717653401427e-01 8.296066163877163779e-01 1.060628379517943420e+00 9.751363809938020655e-01
1.038597125180726000e+00 9.134035910271403047e-01 9.399112257611388355e-01 8.656818042818674730e-01
9.672233867206889713e-01 8.431836055945329811e-01 9.597891728045503390e-01 1.012855007647650352e+00
1.236970948252065217e+00 7.290651456461999524e-01 9.931640351138348866e-01 9.491031792492491403e-01
1.077821597421053434e+00 8.889997174675349223e-01 9.661708034383729160e-01 1.093996442608625275e+00
9.124707160418122909e-01 8.808171371650129755e-01 9.265492488766019497e-01 7.348167597508898918e-01
1.005287051923315245e+00 9.580103965498484309e-01 1.009201873943029737e+00 1.227627257493937307e+00
1.125614935532384120e+00 8.543857063271480534e-01 9.808610871514814589e-01 9.891402803073339189e-01
9.986143546692602957e-01 8.586724846057167682e-01 9.958310408259618551e-01 9.956020142470823897e-01
1.043358846263841233e+00 8.721293172570091512e-01 1.183767211616420401e+00 1.007237102664910733e+00
9.296686401696235835e-01 8.310649270973168301e-01 9.234804152313307313e-01 9.929349723272479222e-01
1.043196375579888757e+00 7.387340897751676350e-01 1.031649396987594614e+00 1.012129560279928731e+00
9.474258233854119249e-01 7.906039356762865067e-01 1.001265946356704406e+00 1.256116572980407797e+00
1.079881954706963132e+00 8.163081687512977469e-01 8.487983168135586620e-01 1.231050474924294091e+00
1.118223605289564437e+00 8.386721085544122101e-01 9.914454634482068318e-01 9.166483848644808585e-01
9.621646445372101786e-01 7.936428197303146970e-01 1.058436579228159591e+00 1.062905482569127091e+00
1.051543869257353547e+00 7.650468171936005701e-01 1.018853896969986517e+00 9.351735777473043632e-01
9.092799005646734489e-01 7.857393941117933878e-01 9.023705721099188892e-01 1.024659483408486116e+00
8.323431730330362877e-01 8.398017827059712781e-01 8.206959075060387132e-01 1.147802240015717512e+00
9.020676290032475508e-01 7.593931011967728351e-01 1.130669833238421074e+00 1.186145225251252766e+00
1.068647590854092000e+00 7.279261088587326567e-01 9.319513390894162974e-01 1.068499329216780369e+00
8.301549844267333000e-01 8.718511075739923122e-01 9.942620668084121149e-01 1.215750703539547839e+00
9.785560794205648838e-01 9.250662507821304503e-01 8.293003643336218644e-01 1.014097848488122011e+00
1.135780585278277854e+00 9.836596843833232962e-01 8.437132400892910500e-01 1.090044617201834543e+00
1.155766792894490802e+00 6.495242167663551891e-01 8.174650944194621349e-01 9.867760994168274236e-01
1.224690537171219784e+00 8.198508951599445815e-01 9.753229051744639611e-01 8.091703404717044412e-01
1.096364747258068872e+00 9.407763365671797384e-01 9.551764628589660688e-01 1.188441412793773022e+00
8.779200089371215210e-01 8.756217885759561836e-01 8.959744063549129889e-01 1.334966980530343905e+00
1.052567032372707434e+00 1.026719952913878853e+00 9.479982591139312076e-01 1.113873852738213710e+00
1.175743419700748360e+00 7.978993847640513115e-01 9.110133251228117457e-01 9.344529692291033696e-01
1.146202416226323573e+00 9.484729131540203806e-01 1.031990723756875949e+00 8.883392807189335327e-01
7.926297213323891810e-01 8.713771160454236719e-01 9.848045895467644195e-01 1.013726188998520961e+00
1.183763943075304637e+00 1.004487566621224071e+00 1.024016413740551634e+00 9.820682090499718297e-01
1.175468612989686967e+00 9.213072668731526749e-01 1.020025253311559910e+00 1.050548078344496483e+00
1.199490960986296928e+00 6.805028571182192287e-01 9.543035078257634529e-01 8.082700475820393526e-01
1.188342790418841055e+00 8.670498049195413115e-01 1.132206554542571464e+00 1.130918586061026687e+00
1.100977641372343774e+00 8.346233697264950901e-01 1.085428487387085417e+00 1.030068502705812961e+00
1.134564287211107247e+00 9.245016481248844453e-01 9.174779319429287039e-01 1.093750801114952376e+00
1.031819304266633264e+00 6.751276537864759897e-01 1.102272690527176691e+00 7.988962764122008453e-01
9.931766343916017536e-01 9.310570828899846774e-01 9.829528721233310451e-01 9.928538386066030341e-01
1.003985148829612761e+00 6.344493384294915828e-01 8.472658031974399373e-01 1.026189393027560515e+00
9.748279021226148311e-01 9.094965337948355266e-01 1.016431953211542893e+00 1.185389749540553206e+00
1.163530883908925562e+00 1.153028854325006458e+00 1.019900654068476520e+00 1.056778799152628290e+00
1.150211985622940025e+00 7.775249425840204953e-01 8.368260925344283008e-01 1.084903910341842082e+00
1.125078404530861942e+00 8.818217027161452393e-01 1.113965561172739926e+00 1.002148014784196350e+00
1.138617889484435430e+00 8.239740341883011743e-01 1.020144903188257901e+00 7.936332721434454784e-01
1.080390427540131482e+00 8.493170218341883349e-01 9.140656419529914478e-01 1.044673408802129000e+00
1.117652694189759766e+00 9.385682202083289738e-01 9.284426266992411581e-01 9.225924239359354351e-01
1.376853283268572037e+00 6.304057699127965098e-01 8.017915383564054865e-01 1.034597697960115026e+00
1.116070110567108919e+00 8.477465904952465880e-01 9.787413377771901901e-01 1.229069549183324783e+00
9.791605646356170700e-01 8.107720528903951118e-01 1.055730717065859414e+00 1.000624164987291786e+00
1.047990560654092018e+00 9.323373616258844310e-01 9.873692228775878821e-01 1.101413056127173995e+00
1.177457228080848850e+00 8.956416088174441459e-01 9.862841134427927647e-01 9.606155542361204391e-01
9.488349393791938313e-01 9.456970511904264631e-01 8.962812853419420689e-01 9.585955562166236232e-01
1.065602540147217558e+00 8.707991813293757266e-01 1.021929658975723854e+00 8.775190760973761162e-01
9.438142890124876505e-01 9.178920833241809296e-01 1.077862707142531074e+00 9.637485931833826847e-01
1.030934878473889427e+00 8.538591167558904349e-01 9.605464444975772009e-01 1.090507188711971720e+00
8.663686502987061333e-01 7.001756612081555531e-01 9.886594266649100238e-01 9.542085993939837252e-01
9.630786323361749668e-01 8.967100270842806031e-01 1.058416216827998468e+00 1.184166584739937411e+00
1.092760909359979493e+00 8.216415065521779360e-01 9.835557115805273476e-01 1.023190521024460287e+00
1.144731800932748067e+00 9.130080704134218017e-01 1.015008345823242175e+00 1.171015702738645414e+00
1.145603721174229150e+00 7.909888809200159576e-01 8.038564484678156763e-01 9.914283088871842509e-01
1.026973542270344320e+00 8.895797042731253823e-01 8.498701134491248865e-01 1.149562436411316835e+00
1.068125392016414210e+00 8.658446459421381691e-01 1.105562267128573195e+00 1.115329170193991137e+00
1.069213328443787914e+00 8.834019906555143908e-01 8.930551772607167038e-01 1.028751232173839902e+00
1.077743743607353810e+00 9.514012523738539784e-01 1.056920846538378367e+00 1.000424600652123353e+00
1.117774840628331434e+00 7.986897961512482436e-01 8.511092269236900654e-01 9.967284387683610358e-01
1.248338251176262625e+00 6.970629351952214448e-01 8.360657226089296401e-01 9.871229740224974902e-01
1.209254360627657565e+00 8.446938544576465535e-01 1.055356617819616760e+00 9.391778820658809313e-01
1.107700781597635409e+00 8.110896411461512301e-01 1.019215692573598897e+00 1.043896013769125330e+00
9.908393778769076787e-01 9.268718007279278526e-01 1.055033740314835100e+00 1.062725439124403204e+00
1.165326124049305800e+00 7.850003216597950528e-01 1.010796299171960122e+00 9.741020907303922227e-01
1.010430529425837332e+00 9.572225187453641260e-01 1.054255661863108484e+00 1.097976557737547765e+00
1.190177721689865908e+00 8.040868876563684875e-01 6.975450266684399825e-01 1.189383576179394275e+00
1.233909869406665472e+00 7.571341744868608226e-01 9.578041334457828571e-01 1.164152285420424038e+00
1.073901440456539236e+00 9.369340216005429545e-01 1.011029728190465438e+00 1.093722028788108869e+00
1.053031352502537432e+00 7.240301948431475676e-01 1.052201662576562002e+00 9.796957293166718150e-01
9.484152233285852995e-01 9.180771966575254073e-01 9.180247487196504519e-01 9.678286239783148170e-01
1.044405791294979124e+00 7.701052314857564918e-01 8.467058283881260250e-01 1.071153064891720685e+00
1.059377993214779323e+00 8.475051560719444321e-01 9.405322040735546452e-01 1.001477114037897742e+00
9.291161624253931883e-01 7.963902389238023405e-01 9.793850059142271691e-01 9.298424956642320494e-01
9.997766444117053286e-01 8.794449238140624736e-01 9.060530561770490099e-01 1.033887789097435617e+00
1.058489563370685449e+00 8.561654401876007681e-01 8.101337689056425928e-01 9.282124812136721692e-01
1.256485888258131345e+00 8.289242366589227862e-01 1.110478780354061001e+00 1.037839860703289485e+00
1.031145050143832176e+00 7.447264025525199838e-01 9.650159493226468932e-01 1.229022866421394689e+00
1.087071314571316893e+00 8.530172149135901716e-01 9.743001456739975863e-01 1.080491303179439422e+00
1.132224256874496016e+00 7.235780749566892434e-01 1.012107413080527207e+00 9.458102553536773538e-01
1.323909309474076590e+00 8.415504190833947851e-01 9.149499570547950933e-01 1.046398842285016340e+00
1.079310301756834400e+00 9.555641910674615991e-01 1.064211452408005076e+00 9.439325529066657783e-01
1.040593989934515129e+00 8.067429906211686097e-01 9.512346671761481298e-01 1.066192747108664518e+00
1.075403779988728603e+00 8.976772583319414522e-01 8.842338856969422789e-01 8.752838239123100772e-01
1.008765883538427000e+00 7.427628478575946103e-01 7.855085199606279822e-01 9.625312637563832041e-01
9.928258331090445976e-01 8.799019524620057542e-01 1.043975285353060833e+00 9.890779729880410098e-01
1.104706336710233883e+00 8.818151262491283893e-01 1.072567124450688691e+00 9.143125055281384750e-01
1.071467270664399285e+00 9.570801572862188689e-01 1.069396994197468143e+00 1.192706278359740635e+00
1.158389089881076028e+00 7.709713667345681198e-01 9.869248736479463435e-01 9.731744005406691711e-01
1.135156707415456490e+00 7.640721377785294477e-01 1.051062391676076846e+00 1.039531406560280757e+00
9.760511775436369053e-01 6.860369482171363442e-01 1.210762803830059742e+00 9.232802722695258035e-01
1.254103245552513846e+00 7.778849946087559308e-01 1.006335529751980484e+00 1.022571925390247660e+00
1.045252474995772785e+00 8.011496027178938162e-01 1.005658242176295847e+00 1.065482686011454794e+00
9.414873781465129543e-01 8.475715528130227661e-01 9.645437783312559299e-01 1.065781665017932811e+00
1.030134510333654108e+00 9.086280910433517377e-01 1.040553798816740816e+00 1.034458807195857366e+00
1.266313028508475824e+00 7.287943001079533190e-01 1.035079106332897680e+00 9.744051463128718948e-01
9.219242638640526843e-01 8.625935836611223761e-01 8.583304309309645053e-01 8.969785775457556065e-01
9.630420446319970518e-01 9.024261576775446381e-01 9.839437401928085025e-01 1.022465629946355037e+00
1.070691444432011696e+00 7.587859670022270020e-01 9.490506633918164292e-01 1.033921561350497509e+00
1.131728267025845280e+00 9.475204757349084961e-01 1.013789892309411300e+00 1.205212248912324036e+00
1.113239756960378912e+00 8.157899010314457744e-01 8.737055490921088463e-01 9.523417493025536640e-01
1.098974049703334233e+00 9.707893762218562372e-01 1.132974121977688320e+00 9.854230397214905901e-01
9.709865993752585522e-01 9.853184158201017118e-01 7.852402974550416470e-01 1.082561241362879345e+00
1.051323855568869314e+00 7.975054832987356068e-01 1.005778086314343733e+00 9.348201199532759631e-01
1.053936555666382890e+00 8.229102891793007579e-01 1.086045836856085023e+00 1.088234858544484762e+00
1.106549067378169049e+00 8.569499995899726441e-01 8.791636194020358008e-01 1.067802157395256524e+00
1.019478987776327727e+00 8.759201531650787631e-01 9.766453947230154808e-01 1.130862464697157899e+00
9.962334851924471435e-01 8.785846417179715706e-01 9.530928740356022777e-01 1.029707111590694391e+00
1.112125858015279745e+00 9.556646362975320663e-01 8.986154134745061306e-01 9.394321004238501693e-01
1.025815860137881286e+00 8.412993853497402474e-01 1.037093299951308278e+00 1.017733194172147249e+00
1.064796800392759479e+00 7.609699006074023275e-01 9.169351179036220323e-01 1.192994559840835800e+00
9.915223012806850811e-01 8.128451548663225834e-01 8.993455064204576299e-01 9.735380058579965468e-01
1.175335637381613285e+00 1.104624425400862142e+00 9.765626468543893157e-01 1.209537589724224427e+00
1.057288409083699143e+00 8.308774633578546176e-01 1.077081627945392084e+00 1.041504217249283881e+00
1.160821760026204297e+00 8.217737984334926304e-01 9.850837108967031019e-01 1.130269572325079075e+00
1.029854943672618539e+00 7.880702763132071409e-01 1.027320315543904794e+00 9.717556192473308929e-01
8.625980042952545723e-01 8.391011806706443199e-01 9.795303915738894363e-01 1.061255480058869161e+00
9.940674047600536190e-01 8.621607632923228293e-01 8.394528641656743284e-01 1.104755861620483559e+00
1.034623789378530612e+00 9.364257260390770332e-01 1.050785555510548974e+00 1.023233406765729825e+00
1.127935150768105244e+00 9.334247773397928993e-01 9.565516180529650692e-01 9.251736663891807488e-01
9.912289720164960682e-01 8.014315940004489436e-01 1.191796181808112420e+00 1.056440028096928829e+00
9.477629164354939295e-01 8.771062266258630169e-01 1.028544186780945280e+00 9.445718965414092727e-01
1.146632628219306671e+00 9.738537150452378777e-01 1.116978211994000603e+00 1.092835932706054836e+00
1.013035628753500728e+00 7.297192053740763074e-01 1.015448675908433573e+00 1.064369320347464898e+00
1.103783338236301370e+00 9.633873620923923964e-01 1.075361134970339805e+00 1.102289377810820703e+00
1.159631094134303542e+00 7.944913508593458573e-01 7.881250555581028605e-01 9.434731622241125937e-01
1.105882062722943759e+00 8.451989819356959810e-01 9.221074881016554370e-01 9.065541499437317352e-01
1.067039590213925138e+00 8.020522598113345447e-01 9.831257899401049105e-01 1.006989656812501854e+00
1.086894691544294300e+00 8.626760143249799784e-01 8.951603067441475936e-01 1.101502266855007406e+00
9.429762822318866755e-01 7.410839333544506635e-01 9.706285765922216813e-01 9.052479614129776975e-01
9.625606194239171298e-01 7.849969993846545036e-01 8.780614152816298423e-01 9.543382810895191248e-01
9.117473748859792337e-01 6.338540966680550337e-01 9.094459238368263199e-01 1.059441365728907014e+00
1.136316598175943771e+00 8.492304908950245590e-01 9.538268233517233075e-01 1.066094355817770234e+00
1.345145923535301824e+00 8.772343578691437216e-01 1.184161753250309035e+00 1.150683848965353917e+00
1.004027296670851443e+00 1.001004035308574291e+00 1.058042679350095439e+00 9.893133635223751998e-01
1.111884952459433418e+00 9.330651253407933332e-01 1.015267837997985145e+00 9.556564647677626700e-01
1.041267732982338323e+00 9.018514379033594208e-01 1.153817927256539644e+00 1.150040233364588049e+00
