6.607111100003820070e+00 3.723904902078966739e+00
6.788341472139778787e+00 3.796484361653947204e+00
7.266820194195196869e+00 4.247388463491425625e+00
7.192062508634801787e+00 4.243681478819778974e+00
7.170583371397328598e+00 4.246274769327745169e+00
6.215684477366732352e+00 3.326131955573402355e+00
6.748905116591565445e+00 3.867122775021778036e+00
7.541831129259935373e+00 4.526327596792039998e+00
7.230461801873153682e+00 4.106298172891744258e+00
7.063301827175476610e+00 4.061339095175952707e+00
7.197147649605066810e+00 4.235252072558718162e+00
5.912412163908203233e+00 2.921280087172092532e+00
6.183398640485670228e+00 3.381833661805032420e+00
6.724434173935160963e+00 3.642560034522567047e+00
7.370962634031615224e+00 4.342482859938026074e+00
6.772721710324940858e+00 3.983825152588484464e+00
7.426685521787125488e+00 4.566098907593741707e+00
7.088793133652257161e+00 4.148564029492474603e+00
6.702790481302846715e+00 3.707494325459308016e+00
7.010824292418916137e+00 4.170309334681112645e+00
5.193828243343208584e+00 2.430081621641709599e+00
4.625069546450874647e+00 2.025645094131958146e+00
7.235298315089141674e+00 4.090282965436133900e+00
7.098131254831768544e+00 4.222268207840842003e+00
6.880478126904590930e+00 4.109339298445831012e+00
5.718142603121638246e+00 2.947370143371255580e+00
5.922467677949237341e+00 3.214558902402445906e+00
5.687648075644623269e+00 2.951813674829513623e+00
6.975354270295166081e+00 3.949952631910824685e+00
6.689202125538080246e+00 3.721268239004895229e+00
7.303655092259199400e+00 4.561352642793471190e+00
5.872394504678623228e+00 3.068389405899599076e+00
6.428673665738951826e+00 3.534417322642772863e+00
6.895296009220526656e+00 3.844340883634119965e+00
7.563161319486411571e+00 4.656709065968963834e+00
6.647375820492593235e+00 3.498549127010669668e+00
6.389775032743767902e+00 3.500340843503585653e+00
7.259702958983616838e+00 4.093404079894128245e+00
7.262016572625241473e+00 4.355573094918511856e+00
6.514047442015701073e+00 3.774654162983528849e+00
7.056472348640778769e+00 3.784617544742215234e+00
7.646473121742394241e+00 4.552115510232629170e+00
7.100194163791421431e+00 3.972821452015530941e+00
5.401083777000330599e+00 2.516408394593268483e+00
6.987052108847271015e+00 4.082071407609506153e+00
6.496019704317554933e+00 3.716623106383142527e+00
4.975047594773918114e+00 2.333997000254497856e+00
6.165089005079638973e+00 3.309012667924766227e+00
6.757109471989700467e+00 3.642637448083888341e+00
6.636700807714726480e+00 3.527000495534882596e+00
6.963711126873626256e+00 4.088381228715937787e+00
6.985899210547628080e+00 3.862539033323212134e+00
6.634700867128181301e+00 3.914077238525906832e+00
5.017150766558357233e+00 2.244837988822718344e+00
6.656947694348058775e+00 3.788261209424638842e+00
5.951056800290649207e+00 3.230568044443378195e+00
6.605064515083055809e+00 3.789264018723823568e+00
7.809623684732724058e+00 4.793213452666978291e+00
7.006470544859022098e+00 3.968999401771775570e+00
6.110015520134266076e+00 3.262981803683567161e+00
7.302692764271053960e+00 4.310480819180186884e+00
6.214594282664386071e+00 3.435097831310300887e+00
7.463282617689732668e+00 4.464869998135835516e+00
7.150758860024532204e+00 4.322165419973279299e+00
6.630968423768584863e+00 3.509308863755177033e+00
7.137995165487611260e+00 4.173173778705486114e+00
7.031794612353055918e+00 3.838648909969168965e+00
6.479064891037753071e+00 3.617587361344914765e+00
5.082696324086747985e+00 2.290288147197824475e+00
6.204621878652361033e+00 3.236324600650397620e+00
7.618833418561620441e+00 4.781429961187957822e+00
6.610337630195513015e+00 3.509438121237586028e+00
7.512546901878043748e+00 4.538414077453676754e+00
6.796012549962293647e+00 3.875496410367412548e+00
7.581872206561209637e+00 4.604963966632771744e+00
6.757464404866259322e+00 3.734099515344217579e+00
6.572750696470150089e+00 3.606561700520677149e+00
7.200017539774203001e+00 4.130877109339276210e+00
5.435576534872526011e+00 2.772368781392913206e+00
4.710899844633782863e+00 2.034246947618674195e+00
6.290228761565063387e+00 3.526197693582763026e+00
6.396196164536903872e+00 3.360156014603959296e+00
7.051994662148446835e+00 3.915139535006834315e+00
5.558723519749595887e+00 2.756317781689938240e+00
7.122323733514809518e+00 4.122216833756365162e+00
4.606486376342749267e+00 2.144117915538435781e+00
7.180542406646185150e+00 4.383802922815464242e+00
7.410314799937506081e+00 4.642698239071059163e+00
7.682583494662114099e+00 4.593462511802754555e+00
6.448685169817252927e+00 3.427159313495736548e+00
5.988858434986403800e+00 3.142325800193782825e+00
6.993271679157131437e+00 4.136232520075399322e+00
7.522372702175994519e+00 4.369579440899949319e+00
6.811343882877059386e+00 3.874061724938784756e+00
6.396728514123712905e+00 3.572061126217454419e+00
6.201974176459407850e+00 3.309249198786751389e+00
7.007330926852580077e+00 4.174162946859173218e+00
7.309592132068524428e+00 4.326255062085717640e+00
7.534767821539482213e+00 4.543011251835127773e+00
5.870183963236257796e+00 3.069880390310253837e+00
6.712831425291959420e+00 3.595851292787789699e+00
6.413066735670206242e+00 3.568162304929511919e+00
6.070929778896458018e+00 3.077736288478930327e+00
6.381705030706885218e+00 3.499145024734268805e+00
6.539904132770519851e+00 3.743322317155669765e+00
5.203217023212152625e+00 2.401780853377284863e+00
6.982215777559154901e+00 4.100307760815613101e+00
6.542368562222434569e+00 3.736518965883667054e+00
5.920641982729821784e+00 3.112116822988056697e+00
6.837292380168192629e+00 3.626260573568395262e+00
7.234266187103735923e+00 4.150139984809332105e+00
7.071195928869723701e+00 3.957566959799365236e+00
7.097619945382255935e+00 3.965205350059683997e+00
7.465408730728837483e+00 4.308954417842858042e+00
7.131017152110109336e+00 3.969366445657730669e+00
6.522994431524713477e+00 3.604247551854182774e+00
6.236940874225604503e+00 3.354513662347857750e+00
6.576061472524954432e+00 3.685392456048760756e+00
6.263467225022241180e+00 3.258407359471918951e+00
5.748276484649425200e+00 2.992845744395892904e+00
5.827158700802478108e+00 3.224488549433990325e+00
7.408417640598879750e+00 4.272255656132162294e+00
4.935560656921304634e+00 2.324054088322115241e+00
5.838725727681238098e+00 2.916496198749265023e+00
7.712779457150790385e+00 4.773767178813825396e+00
6.214299236610666632e+00 3.393438880154652892e+00
6.997265699213363277e+00 3.972814790686773456e+00
7.340576546498840393e+00 4.143509032049469631e+00
7.546304520374585323e+00 4.469416367978527482e+00
6.461425201041022248e+00 3.431427871729390233e+00
4.973991031115546413e+00 2.295998258738412900e+00
7.319838770678286366e+00 4.317756990784868520e+00
5.885578826091324878e+00 3.279008016914977119e+00
7.109730170155095230e+00 4.133517279954688206e+00
4.921889455717026962e+00 2.302271556965335364e+00
4.622900963997314427e+00 2.081003569846543222e+00
6.915976741141729889e+00 3.937761397858212220e+00
5.345152472914999287e+00 2.685700760126133346e+00
5.353105062456878116e+00 2.629090594972714356e+00
6.597007176761029434e+00 3.642869665127266288e+00
7.436573918208765122e+00 4.463295400924916834e+00
6.543230640656233277e+00 3.859160988980472329e+00
6.481529347831945564e+00 3.591929234504832369e+00
6.151748914752968922e+00 3.296155964143728578e+00
7.430742661655532544e+00 4.460318424757263145e+00
6.962631257231318926e+00 3.789042188278130663e+00
6.564784592997161106e+00 3.645178400321614109e+00
7.207859606927326190e+00 4.304316874797510906e+00
6.965883384588706484e+00 4.013693208464023776e+00
7.361392285390675916e+00 4.255001538921866278e+00
4.964493873632192411e+00 2.370504243407663747e+00
6.019096357219876126e+00 3.074156344161032006e+00
4.807879368547430587e+00 2.199200766859746192e+00
5.392051741331626680e+00 2.704556346040171366e+00
6.611046235950830408e+00 3.646604998741663106e+00
6.722547729698283625e+00 3.910893067939259726e+00
6.004584963485400273e+00 3.234708238641993638e+00
6.712515628837557813e+00 3.907195881137744298e+00
6.467364681399788928e+00 3.503295869169882337e+00
6.973152655882916662e+00 4.002561969852111545e+00
6.618345561451906889e+00 3.618894252210206108e+00
6.576143174940093594e+00 3.565225333072238989e+00
4.980903789544883331e+00 2.330808771707686855e+00
6.525836023160743515e+00 3.576096895267841802e+00
7.142501009551954105e+00 4.188972657301485825e+00
5.012164801027130245e+00 2.439880803561498279e+00
6.895874555999920830e+00 3.876833042106786476e+00
6.805294001468601195e+00 3.671307266967104077e+00
6.634435937843129238e+00 3.582047447444917321e+00
7.431566276241642122e+00 4.389799575931750297e+00
6.483361885443799544e+00 3.723224637201937970e+00
6.030640220745278945e+00 3.344993483570830151e+00
5.465841825123656683e+00 2.792972533724630946e+00
6.066150736586029879e+00 2.947055301102793567e+00
7.193911610042812654e+00 4.101048618320592531e+00
6.201346956605758187e+00 3.306922878795715892e+00
5.817766411023306716e+00 3.038586896015265104e+00
6.535327212869391111e+00 3.634400220252790970e+00
6.425962571710637228e+00 3.494277346384587091e+00
6.594701123234049334e+00 3.686681453916299755e+00
6.030930010418867226e+00 3.088653533110222060e+00
6.790136652450630805e+00 3.784138147726827661e+00
7.256275715733906395e+00 4.279842267361369856e+00
7.088912729694979653e+00 4.081328317045645804e+00
7.064313865649756607e+00 4.001529423360874027e+00
5.105669047561597118e+00 2.403235342127992613e+00
6.625560398810586449e+00 3.694664607032751125e+00
6.718478942974675405e+00 3.698437878637625076e+00
4.720479905511916208e+00 2.211549474252719971e+00
6.896610411836216592e+00 3.699441268082260592e+00
6.356665702288112563e+00 3.548005359933646741e+00
5.023030241813991381e+00 2.576168256019395475e+00
6.064347641803671252e+00 3.199593910103481154e+00
6.656053354561077384e+00 3.625382580199274951e+00
7.283421940749553514e+00 4.380434516231507480e+00
7.096101003790928452e+00 4.215030300735858049e+00
6.481552942591586763e+00 3.524216437687996084e+00
7.309741359913960679e+00 4.346347520421212529e+00
5.884082775798411546e+00 3.063337641202611206e+00
5.699643651897674523e+00 2.858464149489706951e+00
6.740177500776983521e+00 3.943142733695128577e+00
6.619195462806697350e+00 3.699968546500265631e+00
6.196515829576065393e+00 3.412168842117938361e+00
6.002372577544666576e+00 3.065550314095548234e+00
6.224701774230058327e+00 3.414587975652203955e+00
6.949003620712406182e+00 3.657754173313255919e+00
4.978671727273038528e+00 2.244149140595169456e+00
6.895016966839795813e+00 3.820808419330863792e+00
7.196240129822612630e+00 4.334873745021475600e+00
7.315351272670444160e+00 4.138207483575661705e+00
6.361871394924208722e+00 3.235752950970001596e+00
6.751941610570140639e+00 3.740428523023683560e+00
7.237442452567552920e+00 4.084491301224902671e+00
6.161036528353572628e+00 3.268783763426331923e+00
5.134335830387362520e+00 2.361468340332232074e+00
6.988766109771304080e+00 3.868505007193225431e+00
6.328284029058313109e+00 3.400486095349215976e+00
7.024756925422964038e+00 3.923369694242323735e+00
6.965912533159085207e+00 3.966980932083864708e+00
7.566086329990237225e+00 4.501851562859305211e+00
6.484055825039939158e+00 3.775560858298856015e+00
5.796985558802267846e+00 2.846285197053532112e+00
6.426029161290763625e+00 3.490342632013746282e+00
6.532884883224584271e+00 3.637412719156131846e+00
6.934571992186310929e+00 3.811864029143400945e+00
6.107322798619819082e+00 3.151568617449652887e+00
6.903144006436143343e+00 4.006222057907782741e+00
6.442136025593728554e+00 3.534048160142031936e+00
5.616683596217583840e+00 2.901146017508659192e+00
6.092892834907526201e+00 3.377394647205676392e+00
5.782843204059586739e+00 2.942281303498444078e+00
6.886906582512581920e+00 3.771384276666707613e+00
5.569586804508958267e+00 2.834651576416356011e+00
7.291591558653661487e+00 4.205353411872452263e+00
7.044469405698983167e+00 4.070113787334832089e+00
6.842692676723368450e+00 3.815200988357676515e+00
6.687085195174543806e+00 3.654458991988620120e+00
5.021264506854630660e+00 2.312469862024440825e+00
6.500960510731794706e+00 3.652389642718873120e+00
4.765867684642950408e+00 2.087857199468944547e+00
7.199844455260997478e+00 4.412953059847936288e+00
7.347818536814587631e+00 4.182437846603598075e+00
7.090788874082249116e+00 3.877011561828268782e+00
7.285118158535164312e+00 4.364923484970344880e+00
6.983390882628068397e+00 3.894487065057780306e+00
6.693124077419678741e+00 3.687527354392371226e+00
7.490131117111209491e+00 4.334695934025671882e+00
6.687633089798183939e+00 3.767017655327497216e+00
7.484441614211887028e+00 4.603109020438171051e+00
4.688364276621984850e+00 2.206530655033708044e+00
5.115720257507325286e+00 2.401935078920678368e+00
7.047850303803935290e+00 4.083796653295426182e+00
6.863748860385052275e+00 3.768803463445923541e+00
7.173236123379502338e+00 4.203100562720176292e+00
6.000535255918030941e+00 3.094812048628040380e+00
7.170768746666210447e+00 4.189618245757915638e+00
6.068470850217297041e+00 3.248761825008831483e+00
6.657697102206703299e+00 3.772848603511648857e+00
6.147897280182546886e+00 3.270273746062601461e+00
6.721580191103330826e+00 4.048190517165100921e+00
7.004858080065284653e+00 4.030843805504288113e+00
6.470201305637716338e+00 3.455850254090672813e+00
6.330747793034831261e+00 3.473461818292824521e+00
4.649457395612017763e+00 2.021589132355374741e+00
6.639198785229567967e+00 3.768801784890082107e+00
6.313462982479502550e+00 3.500570747845288988e+00
6.747205637902764508e+00 3.592311309648925199e+00
6.851769091681186197e+00 3.796458077321859026e+00
5.920059173814819609e+00 3.157938411944600343e+00
6.597073077921980833e+00 3.633679883104663944e+00
6.674650632578186915e+00 3.718138067161067095e+00
6.616112650181602106e+00 3.687839453288900948e+00
6.084114603468517402e+00 3.136345124037024590e+00
7.418337935264574412e+00 4.359792226528646175e+00
6.444537034610896775e+00 3.507633188970939564e+00
6.303211171388204193e+00 3.450542814870619424e+00
5.037521973540600939e+00 2.269131915070538685e+00
6.278076745357410005e+00 3.508960959240768673e+00
7.130392640380363467e+00 4.175372036919720031e+00
6.543639892913757805e+00 4.075150607530183322e+00
7.100439348143634533e+00 4.233159916395654143e+00
4.636249064832470346e+00 2.131414853663902154e+00
6.466937524255840231e+00 3.542302045412177414e+00
5.315170253860576288e+00 2.595043834044329145e+00
6.869051566585966384e+00 3.950079593762994001e+00
7.623528310236101113e+00 4.455346077629519286e+00
5.345529442662239283e+00 2.627574765672132440e+00
7.038770675518701836e+00 4.066681755608581916e+00
6.917012215179093815e+00 3.856820173227153870e+00
7.221692036210900945e+00 4.005225774195766419e+00
6.900113890168336539e+00 3.961560688871653024e+00
6.199877378384231363e+00 3.339887274886004676e+00
7.360016486650357237e+00 4.336584310456919944e+00
7.031766235387586939e+00 4.107849821029100568e+00
4.980178032515955699e+00 2.383568341759060960e+00
6.501344085972507791e+00 3.563331930210160259e+00
4.805363608155360566e+00 2.166009721262712961e+00
7.264602751092491317e+00 4.191424982148293843e+00
6.812768545543820942e+00 4.185497367120659007e+00
7.209386172190829001e+00 4.321645339303814559e+00
4.727219753787925249e+00 2.157143657549402516e+00
6.347485719801707837e+00 3.500706552361699142e+00
6.981524869865173066e+00 4.024366372263727065e+00
7.040604413210748369e+00 3.997216147721291524e+00
6.452296073181737590e+00 3.570174708495414961e+00
6.696366037020896833e+00 3.798676849821145840e+00
6.540733905236892021e+00 3.613804172161558803e+00
5.595848228162986437e+00 2.796712596726997901e+00
5.972030838173272294e+00 3.184852487899506812e+00
7.382804526176297344e+00 4.441697131163416579e+00
6.018667949999960243e+00 3.182457762778877708e+00
6.997625572957326234e+00 3.970389172770957487e+00
6.522122802331531410e+00 3.480991706505383476e+00
5.632030183257282552e+00 2.869364806845221327e+00
6.880159799541525345e+00 3.846174498910988948e+00
5.773885311707129375e+00 3.125295029533965430e+00
6.698162777927620937e+00 3.554634964008405174e+00
5.483640868260374113e+00 2.696317029285501210e+00
5.553653089355443662e+00 2.605365281300747071e+00
6.189916820175595191e+00 3.247704180349885839e+00
4.692844036277598718e+00 2.116039032119708008e+00
6.502982791754710057e+00 3.525492488757656417e+00
4.757807977639873620e+00 2.061001379160709579e+00
7.570038342776812534e+00 4.472357304261694644e+00
6.311508010695400017e+00 3.379191358981658233e+00
6.926703543229382198e+00 4.000853814803617681e+00
6.219627159208503286e+00 3.375602672366031953e+00
7.240902936654113553e+00 4.160344332512973864e+00
6.187364472597278287e+00 3.523583354076015084e+00
7.737669958868787390e+00 4.513279654334939828e+00
7.477913722761049264e+00 4.270935633087229455e+00
7.447836671096106365e+00 4.174309255496692295e+00
6.831866442114217008e+00 4.015572027795245802e+00
6.787171170963438804e+00 3.676411567147590098e+00
5.504339639384763672e+00 2.706820366800971378e+00
7.067354557076933830e+00 4.076378654021736381e+00
6.892326326227424360e+00 3.696453338053724114e+00
4.581251096440809079e+00 1.977774176566045039e+00
6.298479508168763452e+00 3.376508321896356968e+00
6.799983340869623305e+00 4.060066282306046936e+00
6.736802052199262647e+00 3.757544574752305966e+00
6.746755516503564643e+00 3.738275491098661529e+00
6.354593009398773695e+00 3.457571293460228290e+00
7.735062418277589558e+00 4.700623079901125045e+00
6.810680903599601876e+00 4.003625592368687869e+00
5.259166093067923597e+00 2.403323312250288168e+00
5.015417365345392398e+00 2.354354852607583037e+00
6.418489091955215109e+00 3.452088035193333404e+00
6.604586901442212721e+00 3.746471826895380275e+00
6.395021221351631979e+00 3.382591390906677820e+00
6.465868616700941374e+00 3.480806694986160021e+00
6.855780712083037187e+00 3.862034730969723828e+00
5.670077171050721176e+00 2.828150873860959535e+00
6.765235772126501068e+00 3.900424224146703533e+00
4.846747119487440969e+00 2.319985346266358661e+00
7.160336279509997404e+00 4.125121133683634866e+00
6.642567210749545481e+00 3.684448140818629369e+00
7.097025200442419468e+00 4.137826494831644553e+00
5.302935875087335660e+00 2.606936908292409871e+00
5.789733410139725756e+00 2.841927231294623546e+00
6.688127803795874016e+00 3.826236831195983346e+00
7.705046247677985960e+00 4.607129128026974385e+00
6.639359794355213396e+00 3.686762514538303837e+00
6.759906007114830473e+00 3.755665298778738670e+00
7.406547665770496280e+00 4.436117733666878671e+00
6.388758433485979715e+00 3.433518877191302110e+00
6.071426348862861033e+00 3.264965107861035332e+00
7.114113790845936869e+00 4.005596357117656936e+00
6.178605849076864054e+00 3.279119852678429758e+00
7.066499735651872172e+00 3.976434997769811464e+00
4.917117001267738985e+00 2.263478397189820246e+00
6.722939063423036821e+00 3.669491958570562318e+00
6.721010609454358686e+00 3.812613583349491186e+00
7.190382790324239437e+00 4.101955426107418035e+00
6.881108759192156477e+00 4.068761902915042583e+00
7.073364440520348850e+00 4.031070875875669479e+00
6.264523272718064639e+00 3.392667295788453607e+00
6.969698546424414332e+00 3.920418380483765119e+00
6.818801968938256408e+00 3.834919949945431839e+00
6.975908211020177774e+00 3.996348424976165603e+00
6.945464031584226205e+00 4.014244771306517023e+00
5.419030712087057999e+00 2.545209268863877661e+00
4.891478493335291944e+00 2.209022638764801538e+00
6.214946243173478990e+00 3.301702488300897187e+00
4.964799774506267305e+00 2.268970158928173220e+00
7.016366288955281583e+00 3.899270857629299147e+00
6.926740206574972802e+00 3.906780230228307893e+00
4.734889752334786373e+00 2.223840958837463688e+00
5.040517488365797050e+00 2.447101818964737330e+00
6.711170526640625411e+00 3.783251276245199968e+00
7.246582709532438216e+00 4.330363968724454615e+00
6.893891532425977076e+00 3.839578386287038736e+00
7.018819080681208966e+00 3.880254017425402324e+00
7.578973470753512132e+00 4.468433667009600541e+00
6.379171724483331474e+00 3.542157220792463868e+00
7.225939891374077995e+00 4.537545293248244072e+00
5.795469239816185336e+00 3.177325415872916725e+00
6.360578900019061344e+00 3.439095518821225550e+00
6.329597649158626105e+00 3.521007461657278181e+00
5.540004745105940209e+00 2.753034282811039901e+00
5.766941221799435802e+00 3.026095431330017682e+00
6.451603868251538643e+00 3.683274278040804983e+00
5.276073611576665989e+00 2.492589928622490625e+00
6.498086845956753344e+00 3.629772108680106690e+00
7.216794021342928467e+00 4.242587242025694927e+00
7.204388914410846390e+00 4.334404235717919107e+00
6.831211056133565940e+00 3.737474187185546803e+00
7.060390305330494165e+00 4.008113850157761782e+00
6.209891543586185669e+00 3.373245617483215497e+00
6.159744464022170796e+00 3.157666729059485533e+00
6.192388056137922092e+00 3.270824498349784282e+00
6.260848885954628962e+00 3.284977346808068521e+00
6.640528632948161203e+00 3.811499853877578836e+00
5.150837497526069342e+00 2.550762371427041764e+00
4.874185488917920139e+00 2.270518011899057775e+00
6.653328714501444807e+00 3.614102832648030894e+00
6.336272946927168803e+00 3.454562597039700478e+00
6.735267076677234677e+00 3.750519790155201871e+00
6.418167977539279256e+00 3.451090427148409745e+00
6.544265075203563597e+00 3.744715948123323646e+00
6.733594591723818468e+00 3.803599312376898745e+00
6.852646571157899658e+00 3.847589114323939352e+00
7.288453077315873330e+00 4.192028156397516803e+00
6.398568502584383033e+00 3.521323305420648087e+00
7.025763113469662535e+00 4.117744819136444079e+00
7.194799815243289487e+00 4.145257989188483982e+00
5.865087993559817470e+00 3.017464062440762262e+00
6.906264472949133371e+00 3.807292500000842406e+00
4.999794553563617683e+00 2.353357779847063735e+00
7.237906041085436115e+00 3.952324784082223985e+00
6.274226553603058143e+00 3.234317244708456496e+00
5.560765267133085388e+00 2.694304069789825284e+00
6.936522271524986571e+00 3.952856034964729037e+00
6.603101554894770686e+00 3.704569956979677059e+00
4.784026035159882007e+00 2.239832363469436149e+00
6.716874770612140111e+00 3.728811951441892258e+00
7.245456818146648992e+00 4.166846984350856431e+00
6.303836133812062315e+00 3.455452472900871541e+00
6.670661557898756477e+00 3.628934283643946213e+00
4.636460337149066468e+00 2.072835380393628579e+00
7.158849664327721740e+00 4.103023478446755412e+00
5.295566417537095560e+00 2.532027505768740916e+00
6.895609472990485322e+00 4.030182184203630058e+00
6.111033699955465970e+00 3.298033056629374293e+00
5.163861254283840019e+00 2.464551067472494417e+00
6.255754214433774330e+00 3.322443650410027871e+00
6.737192503784568132e+00 3.618003767079592148e+00
6.901610472445204536e+00 3.701566642091903780e+00
7.715354827039083929e+00 4.888448776320172051e+00
7.355255311009658570e+00 4.213376768970894304e+00
6.491667421947465044e+00 3.358390076626493581e+00
7.559355459344631711e+00 4.685048958150938248e+00
5.814379254922601881e+00 2.808931465791340898e+00
7.969828052785898898e+00 4.880866638420251036e+00
6.904626254044487155e+00 3.901030513163716407e+00
5.719636837458971890e+00 2.847895010839104568e+00
6.462959894772170699e+00 3.473211978038590608e+00
5.762109613388475715e+00 3.087398124499649565e+00
6.688088668849673013e+00 3.930369063587612288e+00
6.089220677704139106e+00 3.307407738014734644e+00
7.124000901142362174e+00 4.028526920125640842e+00
5.915881080923105273e+00 3.047716397724854698e+00
6.487813382764842984e+00 3.598966386377673743e+00
6.614813286283746763e+00 3.625019690169300812e+00
6.782608685023421735e+00 3.860725311338434107e+00
6.445599608257404967e+00 3.616540550283747990e+00
4.804079261670880285e+00 2.183934514457649190e+00
6.598077144044154352e+00 3.554992095681321018e+00
5.196435248563167519e+00 2.546422152375937831e+00
6.510781272894168303e+00 3.614687922689799215e+00
6.534825334500300009e+00 3.675183368689461716e+00
5.344768229283859640e+00 2.728671443234986338e+00
4.805962492162642263e+00 2.225847049227226648e+00
7.473911911939768338e+00 4.402973690783729133e+00
5.833695208211499228e+00 2.993788266900828443e+00
7.343235869578871089e+00 4.111519040207992859e+00
7.252044736033457895e+00 4.282741963323591250e+00
6.446915368327221785e+00 3.458863439644368043e+00
6.589507568248775371e+00 3.594940847961075381e+00
6.830175862378468743e+00 3.905959825225866044e+00
5.809279261014892448e+00 2.941704212008710240e+00
5.825036531856819799e+00 2.812455902564866328e+00
7.001566258500649731e+00 3.999574581653199346e+00
6.475822043450561338e+00 3.503556551936402030e+00
5.974332672655061849e+00 3.255411516883018219e+00
5.096976402976495457e+00 2.386731622669424180e+00
6.168610105366165719e+00 3.332713767622518031e+00
6.791244430691810940e+00 3.733392949063175426e+00
6.509470723833651995e+00 3.563803105933581072e+00
6.649786651477365140e+00 3.724825765292525848e+00
4.910814847364499691e+00 2.166196020111518905e+00
6.422570823626521097e+00 3.443249249078882190e+00
7.086772369989882137e+00 4.276600884350648890e+00
6.077980314563330211e+00 3.260374483933005330e+00
6.825741192126124623e+00 4.008749366203354647e+00
6.962880720799381251e+00 4.009079166487842016e+00
6.816966070277079126e+00 3.722712802454924752e+00
7.858128346179234391e+00 4.645798477581848829e+00
6.589854606072423238e+00 3.506016841950095664e+00
6.976591915759724039e+00 3.899465298876481967e+00
6.893752544240178359e+00 3.820007128095610049e+00
6.524197239562868234e+00 3.385952788292022397e+00
7.407322135795507911e+00 4.273771373577131882e+00
6.654023060914163956e+00 3.527002717882830041e+00
6.533457685598009768e+00 3.695572318117950505e+00
5.882720703917614813e+00 3.085055847114717142e+00
7.754000840072688305e+00 4.776556371006520862e+00
6.571939610493132911e+00 3.604713170010563239e+00
6.923585963657134634e+00 4.071925592430583052e+00
6.918538137163214863e+00 4.021614866067403149e+00
7.608123223601855223e+00 4.500036355573155511e+00
6.315996624416229999e+00 3.418459789527242165e+00
7.098290708731929577e+00 4.239505129568727604e+00
6.940786333805229802e+00 3.839046712191084065e+00
7.580511115880098849e+00 4.651105882673225445e+00
6.688880263758775868e+00 3.652609811501942971e+00
4.438126711297264215e+00 1.800191610436983947e+00
6.942020841608873560e+00 3.926945077738997814e+00
7.400089784582731589e+00 4.375381036115721933e+00
7.149387629743386263e+00 4.396014226169977945e+00
5.133917658452775257e+00 2.572454285986431000e+00
7.568791060342892507e+00 4.398847457782421699e+00
6.177919085380864317e+00 3.333089488738032902e+00
5.947520077861006449e+00 3.034736713846957201e+00
6.930277156708032571e+00 3.726158609557093548e+00
6.702965394675945987e+00 3.859484833487957012e+00
6.649225325384048091e+00 3.595265732283337901e+00
4.590419048416087833e+00 2.007605559648644178e+00
6.725621199549484786e+00 3.531333993164994300e+00
5.826574244102126876e+00 2.937601208686349441e+00
7.034136160395769721e+00 4.015049551354831436e+00
6.784773615467109664e+00 3.797739183691597464e+00
6.743086839834875335e+00 3.932230574043467541e+00
6.701255186139459141e+00 3.707877449037333406e+00
4.763411847605238947e+00 2.160330555161528387e+00
6.898907906269697854e+00 3.956919398867050575e+00
7.196745805582409616e+00 4.355565343932942923e+00
7.379533437292953302e+00 4.338111273881517072e+00
6.483001382240412447e+00 3.633070531307254658e+00
6.091702963256441450e+00 3.317312415591336716e+00
6.687380621274501280e+00 3.888423985760641965e+00
7.084765695673885588e+00 4.235671291890350965e+00
6.092816556165597142e+00 3.167118200751462442e+00
7.153828955284868840e+00 4.097064740987409692e+00
7.428896879580772605e+00 4.536451110017647004e+00
4.692947867438972409e+00 2.120321939471656592e+00
6.660086313968136551e+00 3.735607114578415544e+00
6.718147085558331177e+00 3.824605330509513568e+00
5.496740195726778744e+00 2.825004957387004190e+00
6.805216762526238305e+00 3.695299994667348820e+00
6.981954414153849875e+00 3.897643026732540594e+00
6.458286764327554330e+00 3.350258005874211076e+00
6.393926660065770484e+00 3.461636477545640744e+00
5.472210520433395509e+00 2.756482980975830444e+00
5.569906969696507559e+00 2.871844562783563148e+00
6.080036617159568557e+00 3.371773120542543634e+00
7.110782425157654352e+00 4.238948708652174879e+00
4.826111977024659438e+00 2.211467577377772997e+00
6.591418313903824711e+00 3.715459408768035043e+00
7.513571741714406116e+00 4.633232652197908585e+00
6.565221661484382132e+00 3.627487692210461745e+00
5.044507544704875279e+00 2.435856909735006237e+00
6.621055044331367156e+00 3.693566198247209442e+00
4.910163794406741999e+00 2.234414604313978536e+00
6.525662382571350228e+00 3.351931095392858939e+00
6.558422035389534166e+00 3.604174119224137662e+00
6.836934770580619158e+00 3.854292889400475985e+00
6.357417994136599582e+00 3.332521853789063293e+00
6.666366550379581035e+00 3.749692086087133891e+00
6.482261858722396575e+00 3.619155181791824827e+00
4.802746640116828836e+00 2.141057622737446930e+00
6.806218973693160201e+00 3.719563266683011626e+00
6.817882286039025352e+00 3.933214245720964453e+00
6.053291966828059145e+00 3.105587721684775815e+00
5.596126522879631082e+00 2.757620898918296426e+00
7.236591801486805586e+00 4.230319601680798236e+00
5.043345177135339696e+00 2.420986878949879184e+00
5.630088639726056776e+00 2.892717796247277207e+00
7.719620309777358358e+00 4.727202824338555764e+00
6.796708667403702719e+00 3.832567342580317060e+00
5.084334876482249577e+00 2.498196490779302170e+00
6.317428656423449418e+00 3.309535711882806375e+00
6.116397384983701002e+00 3.377913553036990812e+00
5.655789974865229830e+00 2.843667974111358188e+00
4.694915205811678760e+00 2.264687323947192965e+00
5.805337613143321640e+00 3.077657792803910386e+00
6.100021738155906093e+00 3.112864698437125544e+00
6.638698866177878521e+00 3.744315988339200096e+00
6.635415719336116069e+00 3.586352892542120419e+00
7.154973913842656685e+00 4.084437598147404813e+00
6.154044898550352194e+00 3.198184907505794872e+00
7.022356013115636841e+00 4.115868007812853335e+00
6.816213110844949519e+00 3.759389508812800429e+00
6.518642117468029795e+00 3.724652041740301289e+00
6.873550505545997780e+00 3.832832595388596886e+00
5.175874609281160943e+00 2.583419171354633725e+00
6.698825138204587581e+00 3.870674060249438941e+00
6.673426927880893977e+00 3.774841083592187729e+00
7.296488241764510718e+00 4.252094918096841702e+00
7.055817790212358886e+00 3.957692115493197438e+00
7.262011858170918543e+00 4.299977874003925393e+00
7.066388045222641523e+00 4.276019294427271689e+00
6.910652931314206882e+00 3.772696676700852514e+00
7.154496778777343913e+00 4.259810002877093105e+00
5.417074896487124036e+00 2.661455069452913325e+00
4.513304972623624067e+00 2.028200442850217833e+00
6.605534305005720697e+00 3.771765700083728134e+00
6.476564251105215497e+00 3.574650861650577660e+00
7.113632651400772389e+00 4.112545323476159531e+00
6.198720863121407021e+00 3.366523564955936187e+00
7.128732061765664874e+00 4.127000029701027195e+00
7.349787433166883766e+00 4.378405427464628019e+00
7.532882957900434384e+00 4.400155625120741654e+00
6.134632990864692381e+00 3.331100521240294654e+00
7.220588490036401019e+00 4.064731876082253059e+00
7.526412969128823960e+00 4.319511063842304210e+00
7.137524131877002631e+00 4.273626151813761709e+00
5.296492953107331481e+00 2.532922967058182984e+00
6.277176419579807209e+00 3.419296599406555615e+00
5.044519416191546313e+00 2.282727508000804484e+00
6.550616986409798059e+00 3.779334132154508197e+00
6.894040610749922138e+00 4.001517943757838758e+00
6.597157305962428886e+00 3.621248224626524070e+00
7.586293261125045539e+00 4.506006608695699356e+00
6.287959619385074639e+00 3.343661989726530059e+00
6.556795662453302143e+00 3.482911425335109890e+00
6.996918750780835694e+00 4.176051322910678820e+00
6.767947098822513219e+00 3.659187433874425910e+00
5.628013048427046527e+00 2.736192228260611259e+00
6.435874724229813992e+00 3.563244802821813551e+00
5.007656957543491494e+00 2.323227233383947876e+00
6.607514744842808874e+00 3.811233390556212353e+00
7.592678527208002848e+00 4.817151767103556637e+00
7.466896374265178160e+00 4.572029417109466642e+00
7.306068906139889130e+00 4.296005240198769393e+00
4.571421178543741526e+00 1.983562752022409503e+00
7.457845199350917831e+00 4.193829688025140889e+00
6.746822314179006241e+00 3.796503148678861628e+00
8.069928729016028868e+00 4.950003164434301439e+00
5.579671226512582294e+00 2.846260990927515611e+00
6.663416384122256453e+00 3.813017198160979948e+00
6.622407663050108084e+00 3.635562029967734254e+00
4.599415500923340616e+00 2.103387810187194784e+00
6.578797660360528710e+00 3.699381407605768057e+00
4.890411402935887608e+00 2.154751520946195598e+00
6.520815711145787397e+00 3.627033210160813592e+00
7.134199674568037608e+00 4.114382229070239205e+00
6.601017239036745643e+00 3.751096590380829987e+00
5.565900189956222377e+00 2.794921806041297696e+00
5.979313541233693741e+00 3.245314460856519645e+00
6.828958315706817217e+00 3.705457834303279796e+00
6.740509353841369844e+00 3.797198689351353629e+00
6.423775092774075546e+00 3.442791420104715172e+00
6.339783206543629035e+00 3.456288580607008054e+00
7.069669566980764763e+00 4.249805296738528249e+00
6.612550824885006229e+00 3.545878834421173131e+00
5.326687245085722111e+00 2.589421078622442085e+00
7.410008233694175495e+00 4.243047584441177023e+00
6.960108169786169086e+00 4.136699627595753270e+00
7.006925794818402053e+00 3.923852214079248224e+00
7.202706599347142635e+00 4.335890249709989597e+00
7.103545449167387282e+00 4.053203351409861988e+00
7.217265109719673610e+00 4.123503689445635167e+00
4.648122632555322653e+00 2.105229485453822935e+00
6.214688535661084146e+00 3.402402662231491348e+00
6.834147108522302005e+00 3.752167309233280790e+00
6.369571136898920294e+00 3.385015568239283290e+00
4.928964453960566594e+00 2.233771777664561142e+00
7.013295351435628433e+00 4.150691117876429637e+00
7.271330337974802660e+00 4.442748743446463422e+00
7.236975932297952774e+00 4.406540648573542107e+00
6.441015128821211633e+00 3.534435535158393371e+00
6.994877345417402026e+00 4.000742992893767891e+00
7.146865405398717286e+00 4.115251012891654625e+00
6.939251822682645177e+00 3.785746877825612700e+00
6.944373053864452139e+00 3.923632228081112228e+00
6.240321550231520575e+00 3.268101236994077397e+00
7.007084122848200813e+00 3.945357636119330991e+00
4.930629419232691824e+00 2.365446797103464949e+00
5.372901626246949114e+00 2.520149263085997404e+00
7.337102209169235500e+00 4.292216371507580064e+00
7.127440114590536169e+00 4.032916515560287074e+00
7.106739630038028110e+00 4.117405564176186417e+00
6.332658485937066928e+00 3.552037216867623748e+00
6.245921855114751509e+00 3.426643840430001031e+00
6.850676717783428238e+00 4.001437046050653201e+00
5.480712429256424656e+00 2.807262349521034039e+00
6.740150190532006924e+00 3.724509958165382439e+00
5.705759297358644844e+00 2.794012850738141207e+00
7.199026803673947761e+00 4.017226354033153868e+00
6.274033569090434526e+00 3.477679065496285915e+00
4.968063643853344757e+00 2.309157347837031971e+00
7.059817401052673524e+00 4.325014384456259187e+00
7.219241783895546938e+00 4.475440288776799669e+00
6.750180343227626167e+00 3.984001708470925163e+00
7.089972770372152233e+00 4.337655772112190888e+00
6.780697238979019659e+00 3.686695698852890057e+00
6.575622901137405663e+00 3.614768722702364823e+00
7.307932158319834670e+00 4.374735480495272277e+00
6.544859783264827868e+00 3.554448629134357773e+00
7.142045932672702158e+00 4.099801190017857699e+00
7.131007610246871131e+00 4.088018858249172993e+00
6.076964264987522846e+00 3.088362360289609310e+00
4.640777734158109347e+00 1.858259107446518454e+00
6.501325249480264468e+00 3.537340864861693301e+00
6.855996923882189620e+00 3.914483051672205782e+00
7.003869573183337138e+00 3.809914197843902617e+00
6.611036131856251608e+00 3.644980326313187913e+00
5.953296606160532356e+00 3.141600924019829044e+00
6.898917262204875556e+00 3.957300673104802158e+00
5.886955458257252083e+00 3.050797865584217838e+00
7.286316285561992068e+00 4.077936489905422235e+00
6.158175210249912546e+00 3.200016601228647506e+00
4.817299412466552688e+00 2.203778245362336463e+00
6.817054735637320562e+00 3.798012329284149224e+00
7.059635668323533508e+00 3.933415810452985717e+00
6.336777081455165828e+00 3.455879901867741300e+00
6.488635322470197586e+00 3.717925990512511270e+00
6.703918515295018032e+00 3.675601292160957101e+00
7.329784871260902612e+00 4.385464371628302160e+00
7.051159800793481480e+00 3.978699489274815093e+00
6.211867500399840480e+00 3.407696611291886057e+00
6.007060606691948301e+00 3.230405133343788648e+00
7.301860006092109501e+00 4.327488456962900187e+00
5.954585299479327354e+00 3.190885390675278988e+00
5.233115913131090480e+00 2.461140785223840943e+00
5.545414725733847305e+00 2.661224074006078855e+00
7.337334573412641170e+00 4.366273101103149479e+00
6.446257871605206802e+00 3.490703492802120333e+00
6.065436992313427034e+00 3.242699527431775142e+00
6.300750239637531891e+00 3.516650467183180417e+00
6.194098565347818663e+00 3.371017803400213175e+00
6.774633137689106022e+00 3.808290901925714955e+00
6.927563520248813056e+00 3.929101014921389190e+00
7.263115822840875424e+00 4.371771252244847972e+00
5.202330214136405395e+00 2.485717078621534348e+00
7.046136838941121638e+00 4.106411651608546265e+00
7.213521602370950525e+00 3.984898043000951073e+00
6.262277317570622337e+00 3.290457172841225741e+00
6.886526134908814711e+00 4.030946522930919151e+00
6.715811109559697734e+00 3.637225094117740198e+00
6.971396838147306596e+00 3.771988998205841881e+00
6.371936941832910151e+00 3.488493527658045767e+00
6.224783826178227564e+00 3.517636382599829581e+00
7.236983946695952241e+00 4.360311863412803746e+00
6.872374352704848199e+00 3.965014701379105944e+00
6.592263957145837239e+00 3.615272062863497116e+00
7.206826032197475307e+00 4.073105778998130866e+00
7.203632466102336984e+00 4.483300025613824680e+00
4.915248182478584305e+00 2.250589010075962459e+00
6.722701073575247044e+00 3.713102010000126629e+00
6.777746379867685356e+00 3.832877996361480299e+00
7.305140556620129288e+00 4.183376693497049104e+00
5.683206076270900908e+00 3.124986263139221787e+00
7.285853927518463280e+00 4.226064371741228065e+00
6.549841633495153026e+00 3.607304158856624809e+00
5.013487900849542100e+00 2.330974125710306488e+00
7.096685797945895047e+00 3.803687593874335526e+00
7.057135000883493881e+00 4.357426951076917909e+00
6.744107620204152553e+00 3.590732856114730698e+00
6.943732196251327871e+00 4.119167665640794063e+00
6.574046956941295150e+00 3.649174426584180342e+00
6.990882706076671838e+00 4.036718865133017253e+00
5.988325115231381446e+00 3.098625769329124591e+00
6.566773898225039652e+00 3.587335873890547866e+00
6.823539682045247190e+00 4.074317903810557695e+00
6.678440910656047613e+00 3.717061531317768175e+00
6.626329536763741146e+00 3.553795343243598914e+00
6.655171864031914630e+00 3.786397632649873835e+00
6.128025821461098310e+00 3.219980748572176754e+00
6.809760399027030786e+00 3.830471604713411082e+00
5.014068497803209290e+00 2.331322319008257260e+00
7.631074689860950500e+00 4.580553559729827029e+00
6.216393061945383991e+00 3.286793116412124682e+00
7.358768888692546639e+00 4.480434220993545935e+00
6.917230331187933068e+00 3.816389325310043379e+00
7.138588787797861102e+00 3.947195558816399164e+00
6.146498531039889635e+00 3.455836485259720092e+00
7.449025621769673755e+00 4.287641736140232140e+00
4.778626122863128600e+00 2.184008813573182106e+00
7.306247924868952914e+00 4.167682422169549206e+00
7.130117494946369483e+00 4.123061850469600387e+00
6.187318113492215943e+00 3.251259396497961696e+00
6.152740882974574887e+00 3.490169218550042363e+00
6.520027665639256398e+00 3.703345108503052874e+00
6.796332374627124473e+00 3.745825123573332860e+00
7.304610329561811000e+00 4.310935471185382895e+00
6.649886856132425805e+00 3.806910169374523534e+00
6.161505612910111118e+00 3.207718059512845166e+00
4.448351319046896180e+00 1.534288788623685340e+00
6.421201038974399644e+00 3.655977994714369128e+00
6.567398942731491829e+00 3.638413093343461746e+00
7.202729260096400132e+00 4.166653770128741385e+00
5.704836975592379567e+00 2.753595915785142623e+00
6.754147825399973826e+00 3.689975597190298551e+00
6.572611470585062676e+00 3.519871092702971715e+00
5.437791333762358903e+00 2.580647453350662257e+00
6.966451008974430259e+00 3.899643145060899929e+00
6.408414570296065982e+00 3.607922724518684898e+00
7.649572356601370693e+00 4.570685723753530105e+00
5.267858818139171895e+00 2.515583619525035619e+00
6.855493148563334138e+00 3.899071657096514709e+00
6.736591496928822309e+00 3.840560660361498346e+00
6.686755320087093502e+00 4.012412682747378945e+00
6.842766969626788764e+00 3.731561997637662387e+00
6.428184410560140449e+00 3.461406452163800829e+00
6.491005595470879186e+00 3.506438144005456170e+00
6.777134561740180807e+00 3.766737841441842427e+00
6.605518581173987158e+00 4.036209708034542487e+00
6.362286934672154892e+00 3.682782430485873171e+00
6.530171190031760275e+00 3.592974531416056827e+00
5.937133663905211911e+00 3.188106862941388897e+00
7.214481226433644423e+00 4.110631685815864245e+00
4.640113300600468449e+00 2.188142524549833379e+00
6.781526138399299519e+00 3.832149144545895059e+00
7.381264900561331999e+00 4.165886640762261450e+00
6.698648083904226169e+00 3.777840353081148628e+00
7.531545947781787653e+00 4.716930848249907271e+00
6.983711146088160682e+00 3.838882620804108026e+00
7.377005653440677158e+00 4.310443372536885143e+00
6.644193593591698033e+00 3.557731488754505289e+00
6.523124926669733981e+00 3.664184618010266625e+00
6.753079674358824391e+00 3.644035759810908992e+00
6.920323213434460108e+00 3.940018596886853519e+00
6.915065221624320024e+00 4.102726152424166273e+00
6.122794038186571974e+00 3.035771800668978671e+00
5.839140712681298417e+00 3.108299363959040384e+00
4.715160860824189726e+00 2.090296350525989055e+00
6.068058030531217284e+00 3.246304473340938301e+00
6.335400895253862075e+00 3.505331321236159425e+00
6.387611688756033246e+00 3.506137144426543450e+00
6.945205286281859181e+00 3.810283315908253421e+00
4.678091629488845271e+00 2.068643659807847257e+00
6.505125576287041689e+00 3.713065377384717536e+00
6.563018406460418674e+00 3.682691581375649559e+00
6.635358364027669431e+00 3.838949369226452912e+00
4.699515773940418306e+00 1.958553663436229941e+00
7.091563079674966907e+00 4.140620881413592969e+00
7.199795649534826758e+00 3.943019411113079631e+00
6.842717228245381200e+00 3.993116769229796414e+00
7.245163377102178615e+00 4.283563521385648443e+00
6.850316052377024789e+00 3.835725838822711342e+00
6.641874522680426551e+00 3.621268011653246965e+00
5.900808502988370563e+00 3.165929790878198258e+00
7.008931132285595389e+00 3.994731183565414678e+00
6.697887023665757944e+00 3.716353635117175536e+00
5.453749759545971187e+00 2.650248237071577861e+00
4.734579098109324313e+00 2.168354677827868837e+00
6.129144704754765804e+00 3.150703130623223380e+00
7.240263826034392558e+00 4.393637385186939248e+00
5.918687737096077761e+00 3.117021801322099162e+00
6.037467228312559442e+00 3.267156815446125684e+00
4.704686155566801808e+00 2.068666367797896477e+00
6.730551427557358579e+00 3.640572824019530973e+00
6.938788216095694850e+00 3.872883573251828082e+00
7.136962642995301032e+00 4.149593822045733127e+00
6.829998185892749873e+00 3.834969006618809573e+00
6.628183696741702491e+00 3.561120463950866011e+00
5.711832525701062480e+00 2.976861167996829316e+00
6.202608882476653207e+00 3.314718197947613909e+00
7.512213455396428152e+00 4.424051366412098396e+00
7.067810259461558609e+00 4.025858676851783891e+00
7.114664086038131607e+00 4.018081771336349917e+00
6.772850491674315521e+00 3.771371328762413100e+00
6.108048391525009890e+00 3.163492506205983101e+00
5.631797229913624747e+00 2.840885659470715030e+00
7.307145134143799403e+00 4.282497051375639963e+00
4.574797699245848115e+00 1.981857565082897121e+00
4.890896732827398452e+00 2.133991614630499356e+00
7.533312471149547385e+00 4.643195347478027202e+00
6.284562384938512380e+00 3.332923668246662974e+00
5.496355105816285835e+00 2.759306434773708183e+00
7.839463262537519128e+00 4.748416336408665117e+00
6.447405280141020434e+00 3.649721106097493450e+00
6.817340688145304917e+00 3.751824879415306846e+00
6.670623314202984488e+00 3.825682275867889004e+00
5.586377751630484667e+00 2.875811714452083390e+00
5.996189675979154643e+00 3.107870285696822332e+00
6.437952807393394927e+00 3.471685313942197038e+00
6.664440150726699486e+00 3.790505377989410452e+00
6.922077604154467600e+00 4.058149100685239929e+00
6.560274017155550474e+00 3.751521877533901872e+00
7.692647058243111680e+00 4.589979844151923949e+00
4.969983204918547059e+00 2.475736871848823295e+00
6.679965080707908065e+00 3.713965171199032689e+00
4.871442462227347114e+00 2.237741321708961006e+00
6.772605262824105132e+00 3.800899298572965268e+00
7.146276627732038200e+00 4.309655064997457430e+00
6.252309612227389124e+00 3.425640061447376983e+00
4.697473872456544797e+00 2.040510294239879396e+00
7.116896688250967884e+00 4.327207743908134674e+00
5.203823240330454070e+00 2.680057942141462757e+00
5.924311224640037565e+00 3.243968525270363390e+00
6.154725240520019014e+00 3.177420834326511567e+00
4.931618131076863421e+00 2.220029691124641769e+00
6.417765069562639368e+00 3.469461127773410425e+00
6.145151650200891602e+00 3.336841607904151186e+00
7.090168054405307174e+00 4.015119465212168670e+00
6.591377698399579543e+00 3.657364956217058705e+00
6.675917971822873831e+00 3.636610030078619271e+00
6.335887370117143647e+00 3.326836457619997578e+00
7.043688992034025986e+00 4.192826503367100166e+00
6.242670572715648625e+00 3.353812790549273171e+00
7.068863610866069180e+00 3.867189402157434230e+00
6.933535408524290844e+00 4.013754717745001699e+00
6.994075019215425293e+00 3.977206650670675803e+00
6.730107707275035267e+00 3.997529433166148838e+00
6.549256696339578632e+00 3.553194034791955058e+00
6.304831903666336501e+00 3.584143096584428534e+00
7.061989057046631935e+00 4.159059787755301940e+00
5.003259448536983456e+00 2.342464250060521280e+00
5.435776853400044573e+00 2.717758636625990043e+00
6.680307655504993392e+00 3.615767575655938870e+00
5.712147811016955679e+00 2.992519446516439530e+00
6.506537173459900458e+00 3.570320003512277296e+00
6.397188272781635376e+00 3.589748876526355659e+00
6.718058250495910322e+00 3.859489506941613968e+00
5.561036618988874913e+00 2.839525372913008550e+00
4.867689571203095866e+00 2.181179805114787040e+00
7.544433302393983354e+00 4.523037320328019639e+00
7.269530432351356986e+00 4.197759087551518498e+00
6.245728507992116540e+00 3.396537746429465265e+00
5.472264579001599571e+00 2.720991428011394930e+00
7.167455560515409552e+00 4.140066149945676344e+00
5.258731826351012550e+00 2.488965660453872353e+00
6.433022956731807795e+00 3.647823341172095279e+00
5.883968492314707532e+00 3.177961430400497278e+00
7.028586492602933333e+00 4.082761920468098715e+00
7.020792407713547512e+00 3.962689904653892814e+00
6.559842926830407706e+00 3.843729560913513588e+00
6.995270314278843493e+00 4.151324628920950666e+00
6.117434656230853918e+00 3.329895327139311689e+00
4.741658780821830454e+00 2.161517083721322230e+00
7.475626637647232897e+00 4.576549182404862748e+00
6.343715073799401694e+00 3.599345223985886744e+00
6.823099857663446954e+00 3.749691734676929844e+00
6.986446298818801637e+00 3.923735573668912568e+00
5.783325002895728595e+00 2.891877033821545151e+00
7.361281709712354626e+00 4.336221083703546419e+00
6.850361681707543227e+00 4.084575643771264808e+00
7.150895284245174288e+00 4.485678826345258052e+00
6.483243456784745895e+00 3.435846835802140120e+00
6.088430184733049977e+00 3.277224285484504396e+00
6.255378126594833610e+00 3.403916212343381265e+00
4.904889462340424444e+00 2.174726624960710009e+00
6.529767984285493654e+00 3.529736956997397090e+00
6.729560088621902025e+00 3.590347045674128434e+00
7.285173672159117153e+00 4.465107744767681019e+00
7.188372121563483041e+00 4.397512520934939495e+00
7.531009315755690992e+00 4.678731614747345446e+00
6.563771616836555189e+00 3.768991164937565141e+00
6.633831986230224409e+00 3.570294030250465767e+00
7.284537264983947047e+00 4.395209125034846842e+00
6.305233235843445527e+00 3.495217747419506971e+00
6.647497577551541248e+00 3.858025010699815294e+00
7.237866765180327455e+00 4.262574172243672521e+00
7.090516271838768425e+00 4.071158222644346125e+00
5.895466067107200558e+00 3.184426464751206609e+00
6.584959325795779250e+00 3.584214588163138870e+00
7.536324628211878540e+00 4.543388305304726593e+00
6.683374812021304123e+00 3.805968558157056592e+00
5.912156345519540501e+00 2.990689905154255257e+00
6.585712770770091318e+00 3.571633743784980108e+00
5.270884307983912720e+00 2.477158718518451153e+00
6.718259556578231262e+00 3.861201480218992899e+00
6.077542085517743331e+00 3.178153667553293538e+00
6.073580648610230170e+00 3.249776017009362583e+00
5.285901273526318889e+00 2.616709501127399751e+00
6.525516170084078027e+00 3.674572269845634231e+00
5.860193947452668972e+00 2.977555249165330320e+00
6.469271591015965051e+00 3.585288554998225852e+00
5.465883169297909738e+00 2.565329260205199802e+00
6.722963581567267255e+00 3.748140902599677471e+00
7.508733748978685618e+00 4.503889239606917450e+00
6.563539023512116266e+00 3.769141925404941418e+00
6.026092768546280176e+00 2.926170434851174118e+00
6.059858725555725023e+00 3.276229824730692020e+00
6.821556409915634944e+00 3.914730813236245943e+00
4.969012320594131893e+00 2.378241357721108340e+00
6.700261926457804051e+00 3.737228700874900778e+00
6.706403918925535557e+00 3.768792945580270448e+00
6.702667532800725247e+00 3.887784917050352007e+00
7.189265466585172959e+00 4.238337280203164248e+00
6.763358449712874254e+00 3.835979373422366834e+00
6.984411477139977897e+00 4.042647563864340654e+00
6.760081874154739268e+00 3.814437737197224898e+00
6.545290753645076620e+00 3.543873067161675383e+00
5.709332870539987503e+00 2.843122515510011272e+00
4.427359596402071773e+00 1.809503720725444520e+00
6.575747793363598603e+00 3.823404576226276941e+00
7.368415824084801891e+00 4.238934348934813023e+00
7.050853603303042227e+00 4.251085432327717406e+00
6.708202333659675887e+00 3.839042424708173140e+00
4.698244969819368677e+00 2.019599457327639680e+00
4.725581204339917463e+00 2.132009996625323200e+00
5.765365330016941847e+00 2.991973653186265292e+00
4.624247994135479267e+00 2.080731510679696861e+00
6.020204088269071718e+00 3.224631113858620779e+00
5.629162144117799471e+00 2.773240028484440067e+00
6.158889629521659081e+00 3.219336990259011877e+00
