5.130669783156236896e+00 2.591722052036006474e+00
4.919974033407424230e+00 2.494402044592627377e+00
4.933737885022490666e+00 2.485856607231078819e+00
5.000029767575457917e+00 2.567340424573396174e+00
5.263069581226770488e+00 2.772980531655883762e+00
5.414067818017741729e+00 2.965391988043474925e+00
5.264134947414596866e+00 2.770235829806803274e+00
4.976879263274981646e+00 2.598227609371183355e+00
4.954729876907324027e+00 2.494512969665896307e+00
4.420074491445286746e+00 2.100738125293808878e+00
5.399082788289064183e+00 2.844794788432408517e+00
5.007905387344843362e+00 2.488829242937570463e+00
5.189728503896259504e+00 2.750449083796292271e+00
4.950440744816449801e+00 2.526616533066181169e+00
5.098471912903542957e+00 2.663819756706316433e+00
4.918133814890298439e+00 2.399979510770555713e+00
5.023671160536666846e+00 2.579671393439600724e+00
5.160227769772601114e+00 2.635652717612968932e+00
5.886847123531313564e+00 3.298530656424864205e+00
4.982443847025317396e+00 2.511343309512192867e+00
4.541349650224710821e+00 2.164071236669547815e+00
5.182041318801081431e+00 2.654038904515800379e+00
5.459831529091050406e+00 2.988356100943290627e+00
5.439622095749186315e+00 2.793818436824148321e+00
5.204233422329912706e+00 2.758191982115585805e+00
5.065773584682784048e+00 2.702929416073979851e+00
5.041909248447487002e+00 2.612093531488587139e+00
5.178614141391078896e+00 2.587154025337288221e+00
5.343280946137539011e+00 2.875346238222330264e+00
5.003192403307348712e+00 2.503196527446701403e+00
4.760339526225716433e+00 2.349979893763161076e+00
5.084838832397907460e+00 2.593486535198720411e+00
4.572644186142843736e+00 2.236973799169049482e+00
5.118057118354593094e+00 2.617546402091128321e+00
4.853106644992856822e+00 2.343666846409809157e+00
4.926129983103566090e+00 2.565161478383486404e+00
4.508636428147405617e+00 2.136136727065700125e+00
5.174227120395687329e+00 2.605574464166528603e+00
5.430911143226249571e+00 2.914246627217478292e+00
4.478679862657026334e+00 2.096292745352581477e+00
4.735391536539329316e+00 2.392695165924556555e+00
5.069966497036421771e+00 2.661759353538368345e+00
5.324339704259811512e+00 2.959461281039197367e+00
5.369693456570622025e+00 2.861438747556422246e+00
5.020925426304660100e+00 2.601760662268619129e+00
5.177240276981605938e+00 2.716985826557166472e+00
5.034723151789843421e+00 2.641031218214559217e+00
4.595581888766765211e+00 2.243349471897293057e+00
5.048293497021036025e+00 2.620062794313889221e+00
4.699926976562716519e+00 2.310133616604450602e+00
4.970537519032252938e+00 2.576328303894610539e+00
4.897637332432087653e+00 2.553083840955444828e+00
4.807588095065995049e+00 2.507453063892650214e+00
5.424960541747698706e+00 2.925187828752697783e+00
5.027615933621123467e+00 2.512215262254514858e+00
4.981378534563940974e+00 2.508513804319776330e+00
5.035067961550846682e+00 2.601239516678070185e+00
4.211210861270982875e+00 2.025155528080338385e+00
4.801423252695208532e+00 2.383467961802171686e+00
4.931978022541588125e+00 2.562271550003731857e+00
4.903907864543586292e+00 2.512667363205737914e+00
4.421505225778275872e+00 2.139312886701139949e+00
5.098273948426026436e+00 2.627071675151569252e+00
4.843236163701162944e+00 2.487171375553105079e+00
4.709102991285486262e+00 2.346768867097309030e+00
4.887326689446332750e+00 2.661223519517653457e+00
4.930711684157716768e+00 2.464567313159841344e+00
4.720911996553676993e+00 2.297947867085481821e+00
4.749793812160650219e+00 2.380680877583906785e+00
4.795115547608033602e+00 2.408930417463958751e+00
5.307527878748668826e+00 2.837806040217906389e+00
5.192699648684576452e+00 2.670920195796747443e+00
4.551970480584627055e+00 2.286802234452403937e+00
5.099964734674569122e+00 2.509324165518014293e+00
5.525574000935987051e+00 2.937050910417038807e+00
4.655739186151623521e+00 2.357676760717732023e+00
4.564753031198125477e+00 2.237001871099728589e+00
4.498185313297302201e+00 2.295867873862120767e+00
5.143511387119589884e+00 2.592474237752956157e+00
4.852189927641820333e+00 2.552755664661929824e+00
4.740632027083459654e+00 2.322817535675262057e+00
4.993023925546816955e+00 2.537091690411803491e+00
4.933072234745520035e+00 2.589826576273051906e+00
5.127945666123027380e+00 2.604192842620283166e+00
4.743181772144920316e+00 2.405313635305660558e+00
4.478714025742592142e+00 2.132532752801743037e+00
5.463992246936108188e+00 2.905850136383189231e+00
4.487875953007967489e+00 2.281127849221591841e+00
5.224505263639025898e+00 2.714253717456569071e+00
5.030010098531916718e+00 2.612731388244814212e+00
4.927454996651666086e+00 2.452601494224200707e+00
5.036826837871187124e+00 2.543344063662790422e+00
4.713658577351905521e+00 2.305933847339217913e+00
4.652588611023347198e+00 2.212221464053601316e+00
4.817704485211967480e+00 2.380442771015642389e+00
5.261840003743571970e+00 2.742168065322697412e+00
4.844221603326746006e+00 2.395074487174576383e+00
4.654300495488417511e+00 2.352740083342891086e+00
5.345307032636439359e+00 2.921446217127160683e+00
4.638132881298219878e+00 2.345249557227957027e+00
5.098129554727131030e+00 2.465978175679813589e+00
5.089713471493507058e+00 2.683232061739249108e+00
5.456775150106736305e+00 3.005477392437506445e+00
5.440590211353113048e+00 2.989989461849711372e+00
5.075394141790785518e+00 2.628302259515220562e+00
4.645147888106177625e+00 2.269693284120879895e+00
5.129315382988148819e+00 2.592416934799963268e+00
5.567308883797427832e+00 3.038103104552547062e+00
5.057937221354100288e+00 2.576295753916113096e+00
5.872618958785792209e+00 3.386767859314683715e+00
4.974596824945949791e+00 2.549560292844868403e+00
4.347710197711236901e+00 2.048911515786695503e+00
5.142222276473368936e+00 2.665586072529941841e+00
5.196010304017714354e+00 2.644544192663875304e+00
5.025937382188391034e+00 2.543154287732366292e+00
4.833009527959653440e+00 2.420563592434621381e+00
4.543958870410989448e+00 2.220782203946760180e+00
5.559524011856435521e+00 3.123511777579539128e+00
4.819774497615753717e+00 2.486680609177482459e+00
4.646157211542607968e+00 2.347225348204215134e+00
4.402102233604034964e+00 2.118031348613081288e+00
5.101476063286158436e+00 2.635698056175511450e+00
5.360821039707282409e+00 2.918265401554181349e+00
4.613393234821116629e+00 2.323918875328141009e+00
5.025359160094724942e+00 2.674784493400418572e+00
5.138988661749491094e+00 2.740427263848177475e+00
5.114097611880247918e+00 2.531568640872401410e+00
5.079037851584979890e+00 2.632524408754453482e+00
4.694393239161410492e+00 2.256351704283468429e+00
5.186967094167868275e+00 2.658595561640794358e+00
5.556805933806811204e+00 3.123397169685353081e+00
4.468875151246558985e+00 2.206101737986668976e+00
4.461687671650333087e+00 2.179334482298292741e+00
4.901216553419637023e+00 2.402255737946521474e+00
5.080169030513404849e+00 2.619739675880914387e+00
4.975757739905874111e+00 2.491941982762813090e+00
4.919708551866809998e+00 2.628875682840974282e+00
4.878266314538199921e+00 2.384343987528938058e+00
4.929257007374657107e+00 2.627753089054166491e+00
5.328204562191920068e+00 2.696906947394812182e+00
5.314763756693979602e+00 2.782196988714054964e+00
5.011504079985221516e+00 2.649405831064400640e+00
5.069130595479411916e+00 2.566789649179945787e+00
4.556620643468966669e+00 2.156174170324564265e+00
4.958723939524352531e+00 2.532480612164684786e+00
5.174028752373063256e+00 2.713111767836788868e+00
4.883683587325391429e+00 2.463598673546490758e+00
5.021487434325853094e+00 2.585874086374378766e+00
4.349728921212343558e+00 2.115446654508736923e+00
5.326760690461759928e+00 2.768104804887552284e+00
4.479831714095460882e+00 2.225407980128635721e+00
4.913083255594290044e+00 2.470463063175555973e+00
5.033107614159276544e+00 2.591720302905207607e+00
4.957624675639280554e+00 2.485515052058689278e+00
4.764550303599729197e+00 2.378516746979395968e+00
5.206472859537362829e+00 2.738975661896311919e+00
4.623575938531280016e+00 2.334658606918425860e+00
5.210073070993954225e+00 2.871446898919129520e+00
5.379481496188668999e+00 2.930685172751901657e+00
5.654183546393235282e+00 3.113023756778771745e+00
4.555565577394798282e+00 2.238614265666879266e+00
4.998436011116004885e+00 2.636599783326078583e+00
4.968780233972476701e+00 2.571942988361116456e+00
4.732891378916427527e+00 2.381947121445147975e+00
4.873378623378658681e+00 2.470478793777009408e+00
5.052665711000785542e+00 2.607065750413548599e+00
5.580551728329201211e+00 3.141349448231467889e+00
4.900796166777396046e+00 2.479352193831509510e+00
4.847297884345201702e+00 2.518890821892759480e+00
5.566718636282945276e+00 3.141434852371442599e+00
5.160901533811423469e+00 2.668710233571036650e+00
5.452306066528056050e+00 2.914966134854992230e+00
4.652012717315006540e+00 2.271797490285435206e+00
4.747423090265995071e+00 2.416131804451044918e+00
4.554574180623649937e+00 2.309158219083904839e+00
5.013462135035238632e+00 2.628477366986866848e+00
4.770824065057727381e+00 2.298787811036235862e+00
5.241412353765499965e+00 2.886619854151998954e+00
5.043094267506558204e+00 2.524285800097759047e+00
4.810954432092863442e+00 2.520142908823866268e+00
5.053978744355196007e+00 2.559035510455502926e+00
5.116904947224874434e+00 2.571053449485978692e+00
4.939273880063358213e+00 2.524837434807178038e+00
4.133351383376343335e+00 1.837117224324953835e+00
4.838421478139190768e+00 2.564249992007932022e+00
5.169787873629775099e+00 2.632182071181281113e+00
5.062457487502858733e+00 2.703219938947138079e+00
5.452100944125934490e+00 3.071221873810863201e+00
5.219705144057331658e+00 2.732151254767555937e+00
5.004868600748748619e+00 2.598755513799832606e+00
5.977611410077117604e+00 3.336423042905676262e+00
5.075174784148791751e+00 2.572916331510621823e+00
5.511312227678700992e+00 3.068897103313406038e+00
4.933524123376369808e+00 2.530441981994625777e+00
4.988653879873908181e+00 2.636193612244366768e+00
4.996616744576040325e+00 2.598111756885903567e+00
5.142596098846747843e+00 2.687026764942082924e+00
5.017900797802365531e+00 2.556510740704612150e+00
4.636015232159712340e+00 2.309860083511832141e+00
4.412951164069306209e+00 2.139708339622167443e+00
5.002118375298697295e+00 2.584768225071428116e+00
4.798242021902781040e+00 2.503985657722267444e+00
5.421285608830899605e+00 3.080213603040362180e+00
5.386401939869547739e+00 2.839384911477790929e+00
5.052151263090759237e+00 2.697126306258246675e+00
4.738609707558978812e+00 2.449589589894704211e+00
5.267111725772695152e+00 2.696975326988193977e+00
5.109350692184775333e+00 2.699582166497141777e+00
4.916339012233978956e+00 2.477200747087553001e+00
5.105650342118374319e+00 2.617779511231948852e+00
4.816689938136384797e+00 2.462211702930861446e+00
5.024785021778731320e+00 2.584258338905543351e+00
5.073315647974647291e+00 2.618565666583691165e+00
5.219243976463586954e+00 2.668153798242392849e+00
5.624045118720458980e+00 3.086431969207806603e+00
4.892213885792677353e+00 2.527180943757867393e+00
5.522661995592519801e+00 3.232259336510738823e+00
4.630358443198220542e+00 2.278188036575004904e+00
5.037412163493832473e+00 2.611526563305397008e+00
4.470409863833847197e+00 2.240489087701359683e+00
5.258411337762746385e+00 2.674367372619284033e+00
5.304512583735734310e+00 2.765355996341168243e+00
5.076956176850239366e+00 2.611183081024275321e+00
5.389809447242926765e+00 2.824634510009262023e+00
4.427476372885166711e+00 2.192977083359791024e+00
5.069767254290468372e+00 2.613967731167674557e+00
4.502388904889078169e+00 2.227222882595814024e+00
4.410558888461843630e+00 2.048566734369064779e+00
5.284260486156881598e+00 2.761994135517531035e+00
4.756393575965080167e+00 2.411090648215250543e+00
5.006863550814963482e+00 2.582437896602613137e+00
5.553189457163345111e+00 3.082227404566072249e+00
5.100363442570902350e+00 2.713654090340808178e+00
4.864117944803922455e+00 2.502056218808683230e+00
4.850550385413616716e+00 2.416636514815747372e+00
4.174572440775664361e+00 2.099342818343945538e+00
5.184875141074309468e+00 2.769984806889595585e+00
4.446933139312752914e+00 2.103151417717409988e+00
5.056816049664598189e+00 2.611166619737508743e+00
4.874594557843236586e+00 2.497886016931054609e+00
5.055298146920854663e+00 2.556378335925465262e+00
5.120508575682969798e+00 2.565454601170681137e+00
5.095204114461736822e+00 2.635971661895517570e+00
4.646947695303332182e+00 2.195598082880616531e+00
4.742178345576340881e+00 2.343469656855168726e+00
5.113231446733568220e+00 2.627663112515871813e+00
4.971506777397510568e+00 2.598185241296119052e+00
4.517618840055070528e+00 2.184856322027537878e+00
4.387927585496561811e+00 2.044904941400823351e+00
5.290201609638456759e+00 2.844065316432419444e+00
4.461730530978391229e+00 2.256150728056256494e+00
4.872483039740910904e+00 2.511914300362787955e+00
5.148138335888130079e+00 2.745048974692667620e+00
4.684715951274841750e+00 2.293761896378365250e+00
5.345678407863188930e+00 2.704983743809560970e+00
5.065521707713935839e+00 2.668791358950540538e+00
4.454411144936054612e+00 2.212829966318235364e+00
4.654058976924385860e+00 2.318375825956004554e+00
4.968323453535813172e+00 2.468402749933693574e+00
5.461692546900369649e+00 2.902794872927688896e+00
5.646530882782837324e+00 3.094583475791617300e+00
4.205218582663072802e+00 1.766535567450733923e+00
5.044653277784393985e+00 2.640447448016767673e+00
4.879742054867033829e+00 2.479026995972579694e+00
5.136797038771955037e+00 2.584577908499957388e+00
4.988197772015383613e+00 2.606389937546107483e+00
4.832011935517884993e+00 2.451031093798242022e+00
5.620210192824057316e+00 3.194242257233903981e+00
4.594393229916399868e+00 2.267832768981301150e+00
4.536377452418121514e+00 2.176609379014463830e+00
4.391600757774823727e+00 2.089831632853982768e+00
5.178788209805304632e+00 2.781636281657581478e+00
5.281231121418464625e+00 2.665839395477138662e+00
4.814698946419131431e+00 2.384785922151236193e+00
5.206193730179881740e+00 2.765705466547366598e+00
5.052800133370102031e+00 2.679889804130659581e+00
5.225897628123570726e+00 2.716723491838610727e+00
6.048016405916936122e+00 3.683528867613552915e+00
5.546612990356769579e+00 3.136117203569286804e+00
4.889860206282510724e+00 2.473987611238166018e+00
4.779305020230506074e+00 2.482954718167098118e+00
5.096498086538983507e+00 2.587933236592878661e+00
5.095786742042894168e+00 2.626881893773274079e+00
4.981193698626291244e+00 2.691772259796565869e+00
5.219479620834692746e+00 2.803321756707858103e+00
5.003085475733517029e+00 2.636551076037753738e+00
4.490737059634518857e+00 2.184195943860079758e+00
5.144680660947472006e+00 2.618825047082817825e+00
4.992116166995525184e+00 2.559020225366471557e+00
5.149004391597514996e+00 2.680589601709356895e+00
4.995463946518142961e+00 2.480301310016477245e+00
5.067514383699934122e+00 2.607278685284219133e+00
5.080762296661089472e+00 2.593923825662187710e+00
4.590855421528778457e+00 2.211823543612143173e+00
4.998034597585853334e+00 2.568083731192570163e+00
5.195012766175615582e+00 2.829674975830215100e+00
5.020431686349771994e+00 2.639437158313569398e+00
4.503386351435832324e+00 2.242646335263318580e+00
4.940849513197314025e+00 2.560784665003530858e+00
4.508021118215404854e+00 2.295492690085235488e+00
5.372590490335712232e+00 2.782910176014869119e+00
4.835492762371901065e+00 2.533955653996507351e+00
5.288881344440885535e+00 2.877477454089283349e+00
4.471520663598949064e+00 2.147307999331013573e+00
5.340775338030721464e+00 2.863586232929923980e+00
5.103057712930292311e+00 2.572372789996273390e+00
5.271436517358559115e+00 2.766006772419185022e+00
4.933455519398370903e+00 2.491687055528868822e+00
5.149575405916728243e+00 2.722356733515122418e+00
4.927540852665759807e+00 2.510618572960585659e+00
4.516289362626928927e+00 2.143691281543017801e+00
5.255263876853165428e+00 2.714540615831840142e+00
5.150611674742703983e+00 2.590394197798882470e+00
4.968635058832265194e+00 2.553413407043333638e+00
4.931779776019363126e+00 2.450232626994857554e+00
4.580662364891412430e+00 2.240333851992264869e+00
4.963243060007108021e+00 2.464392761628009687e+00
4.892966807371136539e+00 2.494153540576764527e+00
5.250449863305827414e+00 2.697400278435454712e+00
5.222898921288399166e+00 2.729001871176349958e+00
4.929868506239570181e+00 2.490616601309050715e+00
4.991302787072108060e+00 2.587609032530257203e+00
5.189018685412879250e+00 2.807560225439286405e+00
5.042230141599577387e+00 2.541532030605718528e+00
4.857893674862512334e+00 2.359451552237514349e+00
5.245511978088254423e+00 2.732501316445887785e+00
4.975244726565252407e+00 2.489154502088667176e+00
4.638766864280417401e+00 2.301364777245552773e+00
5.508270091897515819e+00 3.067753931652224431e+00
5.066249852458739156e+00 2.653744060564251939e+00
4.261992158315275780e+00 1.961795155087098452e+00
5.051580558308438995e+00 2.584354766077517684e+00
5.183515794792528553e+00 2.648808632294379350e+00
5.352156261758079125e+00 2.818686039444367797e+00
4.447820808933759196e+00 2.108651350761894250e+00
5.498043041995303248e+00 2.924491947539508363e+00
4.576544934625529137e+00 2.179731136599789565e+00
5.022384129690093069e+00 2.551378604777620129e+00
5.193425066185646699e+00 2.678458151567488343e+00
5.279908625376279474e+00 2.910720579108057926e+00
4.739409520449046731e+00 2.368165958682152183e+00
4.428917427683330743e+00 2.100715211858964260e+00
5.236195077747062498e+00 2.783831776101559630e+00
5.020032417377755962e+00 2.568648693252027382e+00
5.066657929585459463e+00 2.635148578350534621e+00
5.342113851162833882e+00 2.907659222665491594e+00
4.842233478862206120e+00 2.388490674829925720e+00
5.281228630204909180e+00 2.778206621741768245e+00
5.190536343350865778e+00 2.807931926227432928e+00
5.517250326811138805e+00 3.127765226255978082e+00
4.888913917591197311e+00 2.338068672786113300e+00
5.199967740308039765e+00 2.784470445017766416e+00
4.988003573355388021e+00 2.621068494451391562e+00
5.089543165649913270e+00 2.620000292981827350e+00
4.916546840237772997e+00 2.518521051943686917e+00
4.480425950385325429e+00 2.215339982685293307e+00
5.157573718817795694e+00 2.748776379871044284e+00
4.692075895650846817e+00 2.279143081406039162e+00
4.732401090792623499e+00 2.315569978075467272e+00
4.462571406296516940e+00 2.164574539271157061e+00
5.400140550332048761e+00 2.950221306942397703e+00
4.878424957638150872e+00 2.544887624134079207e+00
4.806343574411577890e+00 2.557996668318311961e+00
5.009681292803895403e+00 2.472946690927221525e+00
4.574694899439429641e+00 2.301923270336334149e+00
5.241643062410400233e+00 2.817595837873783982e+00
4.452757096977396856e+00 1.973005898121715784e+00
5.007559187442051751e+00 2.626706586699086188e+00
4.754723334925142986e+00 2.431584043217028146e+00
5.005192736976706414e+00 2.617246243156728269e+00
5.872841483385055739e+00 3.418393685157121276e+00
4.966712110681850589e+00 2.445103307103260182e+00
4.788817720883199236e+00 2.418300652823951680e+00
4.948835497558875751e+00 2.484979054709762547e+00
4.948699480833275821e+00 2.562567947893692466e+00
5.257425744890066532e+00 2.794532336192147248e+00
4.524031142343274858e+00 2.224617981955959500e+00
5.119580566805500332e+00 2.544549778813399943e+00
5.058109234757340644e+00 2.565146963874613384e+00
4.666515198962870592e+00 2.307669651607199501e+00
4.501352156004239546e+00 2.197988735626373202e+00
4.797260682840151169e+00 2.436113653427512293e+00
4.349116005709563026e+00 2.105091343229538392e+00
5.022150791977352036e+00 2.554030221334611994e+00
4.698985516320724365e+00 2.326620958652708016e+00
5.416103106113570043e+00 2.950040830010683290e+00
5.289326542978973755e+00 2.799711817155885019e+00
4.908684302725857762e+00 2.569252432817176413e+00
5.157234327711614164e+00 2.738128379967271542e+00
4.853373328673423970e+00 2.468344320644757506e+00
4.403532559832491700e+00 2.014700094997544877e+00
4.697503332354295402e+00 2.322657244487129624e+00
5.152667089504241460e+00 2.776738047568196421e+00
4.931258542624523677e+00 2.577661368675390197e+00
5.199608150127327910e+00 2.851868370231958938e+00
4.990933284141671145e+00 2.514152531645808875e+00
4.960864495520202588e+00 2.562642517312820445e+00
5.338276709365960215e+00 2.976553472918015419e+00
5.321583026494903557e+00 2.852173322294931701e+00
5.287567951022204227e+00 2.729808600542222408e+00
4.918334100440463708e+00 2.632769001104334095e+00
4.893123538424616115e+00 2.508031884104081843e+00
4.712764297871779640e+00 2.485301748914343190e+00
4.964222864992320794e+00 2.548211489672049801e+00
4.661342607233502910e+00 2.262765660767820375e+00
4.673725681493094086e+00 2.346181532638918377e+00
4.806373435807077321e+00 2.397620904811496256e+00
5.159783590231863393e+00 2.646302584948010850e+00
5.226951358098123279e+00 2.700443525472155937e+00
4.212457474226126486e+00 2.046959334599569136e+00
5.328663055669304427e+00 2.711289126775414005e+00
4.827865817178312646e+00 2.401467770997136153e+00
5.114906214095508830e+00 2.695338694381224087e+00
5.278192430581881034e+00 2.884684472447014869e+00
4.485371170160526333e+00 2.193075450373002777e+00
5.049118573643074370e+00 2.591080687347345091e+00
5.294424158176681772e+00 2.870318546482322208e+00
5.049615968465913873e+00 2.627157652534168886e+00
4.465237881377538187e+00 2.038932408251764361e+00
4.619837985651007450e+00 2.297069207084189379e+00
5.092090522716406831e+00 2.556084839795363273e+00
5.085869956295407945e+00 2.640534034788744044e+00
5.049769863814002946e+00 2.606673282033825867e+00
4.644877314551144387e+00 2.334169069759494342e+00
4.833106686646393868e+00 2.474646561661963506e+00
5.420180653647916458e+00 2.857699909455245102e+00
4.882177772530019944e+00 2.532158047832094638e+00
4.709512554590062905e+00 2.336340468982921692e+00
4.901047423997970220e+00 2.478896306666519500e+00
5.033815859385255997e+00 2.572177121985246284e+00
5.169270889874537644e+00 2.692901786179281665e+00
5.382483849145628163e+00 3.036080676474761653e+00
5.071599481628285666e+00 2.624517570893727392e+00
4.902680977268921936e+00 2.462396454655040756e+00
4.888167111044343649e+00 2.534783111991962379e+00
4.846889137808023662e+00 2.356490141606220057e+00
5.150534487453108490e+00 2.703712736010663864e+00
5.045364658491449106e+00 2.658462230482594446e+00
5.065252552606939851e+00 2.591903558541256647e+00
5.116328721526871348e+00 2.676412443017247789e+00
5.346151276621170290e+00 2.935582745583814823e+00
4.974363856164187858e+00 2.529919568824325893e+00
5.104474071683503311e+00 2.678709098743432548e+00
5.319020646036596744e+00 2.854221367871672577e+00
5.143165462716106973e+00 2.673446730609229327e+00
4.959033318600312157e+00 2.621029140142908442e+00
4.925736521620946107e+00 2.548417607786035877e+00
4.926931733073550923e+00 2.541806984960607529e+00
5.198947223257412098e+00 2.724673777268942665e+00
5.107643699790798131e+00 2.644655128029081315e+00
4.777729808969037428e+00 2.388525784100519633e+00
5.453412319459986612e+00 2.962985628070009092e+00
5.637735460225399287e+00 3.061621614359124166e+00
4.544968318756000158e+00 2.226111752812409250e+00
4.808038994163219115e+00 2.351938587223494803e+00
5.147955345883786116e+00 2.688554487142732707e+00
5.254512203221489486e+00 2.766652146946640300e+00
5.234682774017664464e+00 2.642147633881517077e+00
4.647735562846514235e+00 2.405278069618425718e+00
4.405116645237241002e+00 2.078449066439321147e+00
5.100070569796357312e+00 2.555408037573289270e+00
4.911130411680577623e+00 2.438651360871056273e+00
4.493057035553745138e+00 2.276354366894907333e+00
5.213373894435929579e+00 2.752420781517062931e+00
4.648212604720199259e+00 2.357635017263063570e+00
4.951717052810686859e+00 2.669729664521592660e+00
5.337136671867409810e+00 2.740532106999177930e+00
4.566233746540526717e+00 2.265790502837730980e+00
5.191645306444334196e+00 2.791635093441902082e+00
4.350458544066949429e+00 2.120545830533274501e+00
5.137214768789730712e+00 2.651471707649122767e+00
4.837676246979058625e+00 2.485682093588208463e+00
5.149924256198709749e+00 2.608340214685687553e+00
5.017338644037552697e+00 2.596767764595116823e+00
5.362821441379279186e+00 2.939556493620662625e+00
4.809525107306088287e+00 2.425288836133418169e+00
5.406082318630809347e+00 2.819984254545250479e+00
4.839448536867852368e+00 2.414860514651986811e+00
5.143249922632352700e+00 2.670927371560004371e+00
5.573805851354446617e+00 3.124121381231849348e+00
5.407769704630227103e+00 2.869988232160732622e+00
4.728810161876799256e+00 2.370274080919905657e+00
5.749951621832471105e+00 3.229268553446182022e+00
5.230466550576618801e+00 2.761785617834022322e+00
4.950279543163803808e+00 2.588167256804509986e+00
4.666640727527144428e+00 2.238781728403074656e+00
4.773022311946583329e+00 2.325691464334163516e+00
5.397263544491045728e+00 2.865923616871560498e+00
5.249087164438686948e+00 2.891061406401829625e+00
4.890216192589984523e+00 2.549836702578304415e+00
4.647863259392172708e+00 2.272847906737981205e+00
5.139620731879794846e+00 2.648257961481456757e+00
5.101625324200124822e+00 2.626892673755975238e+00
4.392658579814352926e+00 2.041913636744564275e+00
4.694306193239706992e+00 2.209212302389012450e+00
5.356448160161749961e+00 2.846811762418000047e+00
4.428114655026822888e+00 2.282873021260055868e+00
4.447808322453800756e+00 2.116114926038715094e+00
4.886789050212252405e+00 2.491882228866601157e+00
5.024308451040610635e+00 2.563169526987417068e+00
5.278461765725769084e+00 2.865305038024293260e+00
5.038976003142009219e+00 2.605335939413425894e+00
5.002480959849206599e+00 2.562988692737996121e+00
4.526098454263153492e+00 2.141340019697440589e+00
4.750776677274879845e+00 2.431675967787727100e+00
4.554663217504614003e+00 2.165569811029422365e+00
5.513940219617319727e+00 3.038790793311981986e+00
4.774709629443303349e+00 2.366076974554767620e+00
5.050000134741121194e+00 2.590743406550771066e+00
4.924825107832553783e+00 2.513939898221404956e+00
4.369591576081335305e+00 2.068908020698903893e+00
4.535198919013454955e+00 2.239275466184763363e+00
5.146553951476566802e+00 2.799100170010662136e+00
4.559679325774495418e+00 2.228274927241888026e+00
5.191389597318345928e+00 2.774425176483986011e+00
4.983476955248959506e+00 2.517329507797527732e+00
5.156757454639191884e+00 2.752004608371073413e+00
4.816277497387875250e+00 2.357835391710705331e+00
5.053661523532650968e+00 2.561155407738436640e+00
4.976571711297891554e+00 2.543902633832276994e+00
5.010218478945045462e+00 2.506501328649807014e+00
4.714728239087867756e+00 2.446083905929364644e+00
4.968760326750593315e+00 2.553094598348121469e+00
5.399279020654679684e+00 2.930662214715408442e+00
5.214746606039597054e+00 2.759212158489301903e+00
5.703536920555418277e+00 3.261611300732194518e+00
5.139716998158473160e+00 2.600350134633805599e+00
5.041921383299341031e+00 2.701444122639193424e+00
4.573275093057365126e+00 2.253729842318709320e+00
4.876669931048104978e+00 2.512515162721866258e+00
4.377856510691380265e+00 2.078149363631871083e+00
5.078875269102868018e+00 2.567335511963809935e+00
4.591975105840667482e+00 2.185992082636472489e+00
5.062425774619030427e+00 2.550622674301806558e+00
5.129125621179726480e+00 2.653502055563275341e+00
4.995606246895375691e+00 2.377395242025971633e+00
5.267067071090207442e+00 2.877444717959515952e+00
4.983606022415956183e+00 2.588428504818067299e+00
4.364745488772257431e+00 2.066037374109364944e+00
5.291742004914698150e+00 2.854696359887132662e+00
4.242077509715364236e+00 1.986960821989508519e+00
5.097163138870471677e+00 2.695685812460707709e+00
4.900857298744143442e+00 2.462958970451373464e+00
5.150317767902474309e+00 2.658445336509152046e+00
4.913971182313281005e+00 2.560203633903642473e+00
4.868763140036667103e+00 2.572110573668741740e+00
4.474034867119524250e+00 2.141573101991881778e+00
4.902374557946142630e+00 2.495939926637289918e+00
4.791350787856713644e+00 2.477337557985125116e+00
4.729691436372623237e+00 2.369248330074396947e+00
4.941547150585615000e+00 2.583371686105604415e+00
4.533861195748761119e+00 2.198920868570463760e+00
5.288938854570203851e+00 2.699622077262345154e+00
5.370630883900373576e+00 2.910861619736758055e+00
4.975065773976260708e+00 2.641556587550687230e+00
4.884227462971520772e+00 2.432224078558367086e+00
4.441577889875665264e+00 2.199494739930668796e+00
5.116845738781512054e+00 2.499302457656524368e+00
4.791978667397123637e+00 2.389185093872856935e+00
4.778826072044816797e+00 2.414475664214578376e+00
5.260955413408262338e+00 2.932408705365534107e+00
5.108134080934989107e+00 2.613730270731754235e+00
5.280189462917670440e+00 2.705747573848590548e+00
5.061975020203970388e+00 2.658684185542237177e+00
4.443061625720782004e+00 2.135806508795524472e+00
5.087403388009309246e+00 2.711171231648844326e+00
4.985280021286015995e+00 2.513696499828446562e+00
4.979674940122069238e+00 2.552476208311894812e+00
5.423098468622280066e+00 2.833800907292419513e+00
4.792681358232768751e+00 2.390427598124433839e+00
5.013453745584615540e+00 2.523310189914587109e+00
5.563377422773097436e+00 3.186195630718152039e+00
4.568428004577651080e+00 2.179663883646933975e+00
4.868303646757860648e+00 2.510673147642454417e+00
5.212987379416545330e+00 2.662650623810650430e+00
5.124946416969317298e+00 2.590667243331278069e+00
4.692871616698046644e+00 2.349840878588984161e+00
4.772487339745683066e+00 2.443726751195020253e+00
4.519702317488278887e+00 2.250724031277593351e+00
5.078693764351509543e+00 2.574251831975338689e+00
4.841022424359343823e+00 2.578617741862050838e+00
5.135023614589345975e+00 2.660740960957264090e+00
5.348782925583937420e+00 2.772389032644758000e+00
4.739759691635720529e+00 2.402401477786306305e+00
5.104489021595845166e+00 2.630962984258030435e+00
4.667995309925014880e+00 2.306873076769694109e+00
4.522982182026484388e+00 2.275800486000730150e+00
4.888828008238643719e+00 2.434872705316549091e+00
5.207853104530275168e+00 2.814362538881428843e+00
5.182193519077666899e+00 2.724137593058282292e+00
5.335264833016575281e+00 2.788774264722943208e+00
4.970509979397700562e+00 2.519946907308565631e+00
5.566511588853436443e+00 3.123203903042148344e+00
4.779467559732453630e+00 2.321960283328975638e+00
4.890452339651496949e+00 2.344580258115665394e+00
5.042356964660628549e+00 2.461399448069877316e+00
4.788607440557153261e+00 2.376616981023052411e+00
4.521957141838655936e+00 2.187808676635424998e+00
5.124934331512149832e+00 2.660958129891062729e+00
4.560404776572710261e+00 2.322717867056940833e+00
5.277710104964183024e+00 2.711843394012306785e+00
5.175196893793666320e+00 2.687498475656411756e+00
5.617809887167915406e+00 2.987013165535909565e+00
4.967431701476189509e+00 2.610478481912509086e+00
4.675814994482294651e+00 2.327739353906720154e+00
5.377483525385336804e+00 2.749065970370927037e+00
5.139072825454621629e+00 2.679914803798066902e+00
5.315168112229845754e+00 2.793848145502994651e+00
4.950569961934553120e+00 2.537805638707403055e+00
5.340434606654658189e+00 2.872279655221238404e+00
4.954133423060964603e+00 2.537214830790854858e+00
5.182942481978145999e+00 2.717861362261305480e+00
5.116607542475519743e+00 2.628694669471843159e+00
5.259697629942803765e+00 2.765961688869326363e+00
4.648155065029921928e+00 2.336916943322717710e+00
4.958583776332672777e+00 2.468424283454463186e+00
5.268328079524802199e+00 2.798466074096741085e+00
5.060799921240175081e+00 2.604598557808280201e+00
5.079829344085792009e+00 2.630317924950325015e+00
4.709751100495839893e+00 2.268675230878213878e+00
5.151518427981313764e+00 2.566493211076873227e+00
4.972756580802337290e+00 2.600688879538743059e+00
4.871208593794462693e+00 2.338699761497432750e+00
5.027669781977182062e+00 2.496353891200897124e+00
5.386225378419888798e+00 2.828666670480842527e+00
5.447562523475595775e+00 2.865130000847831759e+00
4.361937932833407139e+00 2.108437073181272936e+00
5.018191788313902890e+00 2.586071089117328192e+00
4.632379191984336231e+00 2.369650811360955345e+00
4.814747562003921288e+00 2.444351419597346808e+00
5.393385645350767810e+00 2.799057621631718895e+00
4.891762205996026402e+00 2.531695479654527237e+00
5.464380638107586563e+00 2.963113421421046390e+00
4.946265995561869744e+00 2.505346672937477148e+00
4.506604906996193094e+00 2.225909504230404234e+00
4.859882216194002957e+00 2.463493435217097183e+00
4.499002897441333637e+00 2.222332297997078765e+00
4.928948291425072625e+00 2.606061036419304866e+00
5.193413384300834323e+00 2.711054747738355086e+00
5.348242989201938968e+00 2.957634700865417798e+00
4.981834673468040542e+00 2.630590568389939321e+00
5.346173771639645800e+00 2.778408805299849682e+00
5.395326370636437829e+00 2.895788486258545014e+00
5.062637486294263134e+00 2.609196578891144647e+00
5.233534821154271377e+00 2.653022516841371914e+00
4.568476493851950870e+00 2.222003963635812873e+00
4.510261732941374113e+00 2.155758828706745955e+00
5.372010664130598023e+00 2.849815185196879153e+00
4.889177395545729610e+00 2.585532201134688624e+00
5.067153729017594976e+00 2.623035020854266985e+00
4.926758156030731861e+00 2.502433288156955982e+00
5.045729397970490915e+00 2.620528438542987004e+00
4.906823493913995193e+00 2.574275868865380623e+00
4.990856769343781529e+00 2.569973372334977579e+00
4.675636684171772472e+00 2.358944029515885887e+00
4.958032955396981301e+00 2.554936260965728234e+00
4.800799232523954352e+00 2.386022619439016612e+00
4.808631914090326198e+00 2.357336578625236267e+00
5.522089566898460866e+00 3.041921682173270192e+00
5.053046634806749537e+00 2.637703534334503441e+00
4.950925925664790839e+00 2.533740884186124198e+00
5.091622538506848983e+00 2.840134635224749626e+00
4.660894156565596802e+00 2.234469403934914222e+00
5.061187755347510198e+00 2.587758440955370443e+00
5.198554033672201591e+00 2.877734604616651648e+00
5.045251779822651272e+00 2.737665373779682998e+00
5.332250446156642454e+00 2.830843564319649897e+00
4.766719379243783195e+00 2.311820940854867779e+00
4.381609954877873747e+00 2.164796239214679119e+00
4.980507929923916777e+00 2.673476496563946370e+00
4.691005883021725609e+00 2.302544432431360200e+00
5.513669382272790465e+00 3.034658938556148211e+00
4.728940905339621636e+00 2.358679356036768482e+00
5.049236205846676206e+00 2.667700969046081561e+00
5.099319941495227049e+00 2.678152006734820123e+00
5.088469202434640515e+00 2.646977171198979573e+00
5.260949928131511300e+00 2.736724915968828054e+00
4.618471237635813686e+00 2.332350450798327479e+00
4.540634317774729922e+00 2.194193288369494343e+00
5.030144932176431993e+00 2.557444766983027584e+00
5.473174452897923814e+00 3.055379397146228193e+00
5.393064357379093288e+00 3.012703651824505613e+00
5.044140758816076264e+00 2.574032609860296805e+00
4.873738175294074715e+00 2.543070333506723291e+00
5.556762682482485616e+00 3.110988232397571718e+00
4.934232417839661267e+00 2.523968482563990978e+00
5.037469622598812258e+00 2.631373105669094326e+00
4.534166795275331729e+00 2.235684990801000804e+00
5.062820532705195831e+00 2.624338721096034277e+00
5.212101729561686270e+00 2.796059756367266669e+00
5.679092316334259039e+00 3.012292151313206379e+00
4.605662533937637804e+00 2.386234590884833473e+00
4.872665691392993104e+00 2.467509318766571980e+00
5.542505574291539894e+00 3.137268705246503586e+00
5.091650111072102192e+00 2.633516418846080676e+00
4.914020921338068781e+00 2.548933822191033816e+00
5.007638532785606778e+00 2.454741168123394157e+00
4.204513843255011096e+00 2.059200173623910057e+00
4.570664395411720093e+00 2.144420774961788290e+00
5.286430915450027967e+00 2.748651479758518423e+00
4.548596972777305680e+00 2.196343823533448703e+00
4.563114886663413472e+00 2.259221993938097750e+00
4.892173451876770329e+00 2.456764568751127698e+00
5.241770755674420634e+00 2.771929889613734321e+00
5.372665909837564868e+00 2.810300688474845821e+00
4.723942299758587815e+00 2.285994452629502405e+00
5.007747120032267851e+00 2.510611225178165373e+00
4.823722445790286528e+00 2.400447415984487964e+00
4.703211227670008654e+00 2.307771738063992828e+00
5.373996148283498364e+00 3.041685309271884741e+00
4.821017749584962431e+00 2.335029571257885905e+00
4.956702053896653304e+00 2.537679598990758123e+00
5.323460702529083655e+00 2.817899102463616856e+00
5.030847443789320472e+00 2.449369624282488278e+00
5.321808404388304048e+00 2.843481109117310890e+00
4.542397538543371027e+00 2.218352522434262841e+00
4.467284612159855506e+00 2.204116127734252473e+00
4.761937410629384360e+00 2.473528422637110147e+00
5.855003509062504108e+00 3.320002051996023607e+00
4.818254959668378135e+00 2.455724151579295356e+00
4.936350857171738937e+00 2.479801406908713535e+00
5.064537342121722574e+00 2.648386491543464949e+00
4.809747689899952050e+00 2.612317352996042175e+00
4.839660714406987196e+00 2.331398630942207895e+00
4.839416856433033765e+00 2.507298747187042043e+00
4.812298292009010936e+00 2.368289073871236550e+00
4.879368153921689988e+00 2.581938298590229497e+00
5.133158931638527989e+00 2.496298212850767584e+00
5.147778988867869998e+00 2.644045451755466569e+00
4.853701932468246660e+00 2.456728662541621144e+00
5.104410441446389335e+00 2.728056373522535605e+00
5.069972900970296514e+00 2.649218613053109017e+00
4.793400806991860108e+00 2.352827540899626868e+00
4.917230314057160712e+00 2.577301597062701788e+00
5.509763622716942422e+00 3.130791258053028159e+00
5.272291669685232662e+00 2.941281808066001258e+00
5.079853336091418647e+00 2.629636850993894548e+00
4.638350754589036562e+00 2.264741568344486922e+00
5.069205697856943971e+00 2.545128061389134277e+00
4.510988963788477690e+00 2.254539171788799035e+00
4.927005888757208574e+00 2.371194455869476414e+00
5.210213885039245874e+00 2.641443325908932938e+00
5.116962182157734240e+00 2.631505321592475521e+00
4.981463818571953972e+00 2.648784825986285618e+00
4.736174483936317792e+00 2.493385754720386593e+00
4.703680655261273102e+00 2.379767669684003994e+00
4.415913890140235942e+00 2.210214111022616112e+00
5.167689180826140927e+00 2.711945351550111738e+00
4.406922075658649796e+00 2.070064160617467675e+00
4.880527806787710254e+00 2.491542945012602317e+00
4.525241166171064755e+00 2.263248883970294223e+00
5.226476515076357465e+00 2.710663501021663091e+00
4.213463375437221714e+00 1.768806760832866809e+00
4.903297556855260808e+00 2.418177667660442065e+00
5.292111226463863893e+00 2.800387273797717569e+00
5.406858131566195880e+00 2.808727180049856997e+00
5.117101840099723908e+00 2.501082864872376632e+00
4.522831565718923308e+00 2.184749265427532006e+00
5.077008105030774487e+00 2.679923623645373620e+00
5.164276980584990184e+00 2.629772500938506674e+00
5.054424485994235994e+00 2.605715281630785807e+00
5.231663052100427258e+00 2.843547258093642061e+00
5.352554886378142029e+00 2.995403179852660802e+00
4.802799768212758558e+00 2.447863822475741191e+00
4.999439285056845428e+00 2.533171779186094597e+00
5.024867189653964950e+00 2.625638188460089673e+00
5.335995966179482686e+00 2.909624466592700021e+00
5.172781286244981125e+00 2.690383451335855547e+00
5.156794445728994702e+00 2.786731064581645434e+00
5.162684313226922228e+00 2.589732326704840215e+00
4.879291918999682842e+00 2.499380611936643071e+00
4.670627962605972350e+00 2.288796745970582247e+00
5.066406438999677242e+00 2.577642294041628368e+00
4.502618540768200006e+00 2.164079405800982236e+00
4.851619057822442294e+00 2.469620330302428002e+00
5.840932640477404014e+00 3.240850835456730472e+00
5.091777619807095867e+00 2.632364177911266978e+00
5.312467093726410461e+00 2.758663300359033066e+00
4.893639669298253558e+00 2.297905494330888754e+00
5.126297332207794710e+00 2.843543668873242058e+00
4.402023325884601768e+00 2.160858546822405746e+00
5.038750920878518613e+00 2.599167917786019633e+00
5.334800563791944228e+00 2.965052942372792710e+00
5.125392781986277235e+00 2.563232846778229490e+00
4.978755005922736565e+00 2.516455393928704432e+00
4.567504825422481041e+00 2.135789603556225824e+00
5.173917975646658896e+00 2.750831012788436336e+00
5.127101633710805295e+00 2.689124923291517977e+00
5.178381166171527106e+00 2.758406284218691162e+00
5.481485832841292982e+00 3.067861787950234120e+00
5.450396728922361156e+00 2.901400214364195485e+00
5.259186861187847839e+00 2.796126903417461396e+00
4.252910115553484083e+00 1.961619040733488584e+00
5.103562001988849239e+00 2.541493315842339396e+00
4.475880394073698199e+00 2.195081242374063990e+00
4.925690254456214667e+00 2.565849665767014010e+00
5.151408458725764028e+00 2.686352192848707077e+00
4.984335794481508763e+00 2.589779065129096391e+00
4.955560221207901073e+00 2.578936312049124435e+00
5.150464337338082288e+00 2.542639067509924633e+00
4.857727353964128802e+00 2.542265657923006295e+00
4.429836717710444738e+00 2.223166974470002000e+00
5.385867129769181361e+00 2.924492279742695100e+00
4.465535017278472019e+00 2.175807663340014741e+00
4.886931183651302746e+00 2.441861696359772793e+00
5.806501350591638300e+00 3.226308142168700321e+00
5.194445933972390073e+00 2.781581090386087585e+00
5.162927948026496239e+00 2.748498022675220032e+00
4.838634065619398683e+00 2.459472443521030005e+00
5.010769520047647418e+00 2.515568969164565072e+00
4.876531135308828979e+00 2.430571122115256610e+00
4.978402476731852211e+00 2.631678546938871044e+00
4.980911500245374768e+00 2.525443748141633193e+00
4.769491906162038219e+00 2.483004500500254785e+00
4.590326513695801580e+00 2.342075896373825739e+00
4.870655176152217436e+00 2.476783651546809573e+00
4.899487502107264802e+00 2.485373781786701652e+00
5.314417310876822675e+00 2.784970453277396452e+00
5.137227840225479625e+00 2.627907952720653029e+00
4.944525696168086348e+00 2.489229526651626667e+00
5.123445257669978936e+00 2.582649906517089367e+00
5.181754459245958344e+00 2.662163858113033132e+00
4.642228438393406265e+00 2.365725041677164686e+00
4.882539363132406329e+00 2.342676610440409757e+00
4.790536459586096640e+00 2.450143804276319059e+00
4.382047389318315389e+00 2.107302319641740418e+00
4.401871029338044750e+00 2.163258050927705067e+00
5.438969568153098955e+00 2.895335316573766526e+00
4.503324443850902803e+00 2.259791857857119890e+00
4.449602818990384456e+00 2.231737974074288200e+00
5.072359362766133195e+00 2.661480015604916982e+00
5.148235476031065794e+00 2.717491858890059842e+00
5.068211799341830748e+00 2.599653830786083475e+00
4.955413338430402881e+00 2.519348372873036812e+00
4.202977011366348492e+00 2.069030515706939077e+00
4.384737734658677333e+00 2.169115750833658929e+00
6.043259666479669612e+00 3.482674516810841503e+00
5.065668751114781543e+00 2.570110574474054221e+00
5.155903948353060429e+00 2.691080323762817361e+00
5.002253099823933624e+00 2.529846219782731165e+00
5.180206452180386556e+00 2.762815664839038288e+00
4.551330919303096856e+00 2.239302743976128607e+00
5.177952139734247616e+00 2.754082979668684317e+00
5.029664068171366686e+00 2.779527575885939239e+00
4.911887430615869299e+00 2.541279589019423302e+00
5.379978567134857670e+00 2.772670278751400819e+00
5.105896994651190290e+00 2.699239389197432892e+00
4.463222989265271501e+00 2.190556966408124584e+00
4.911683558346833678e+00 2.532957166758056822e+00
5.048458498989213616e+00 2.552258170918514590e+00
5.119375613562335836e+00 2.705673061606394203e+00
5.208648189019641883e+00 2.665392281211072412e+00
4.785787400860583851e+00 2.463806650043980362e+00
4.886842600250362878e+00 2.385017228807689182e+00
4.752937796018994021e+00 2.344971157990325850e+00
4.981067681292079996e+00 2.622985396043671980e+00
4.952667323972854696e+00 2.568962835635763664e+00
4.990312754241436721e+00 2.485207820338798168e+00
5.522059099025590889e+00 2.929048591122412670e+00
4.990340070851329024e+00 2.526510405722613317e+00
4.946842330776063612e+00 2.518341178677554026e+00
5.171599398812657178e+00 2.743541451022836863e+00
5.401761694066256503e+00 2.724218269731113029e+00
4.386881288753637698e+00 2.065965978077447751e+00
4.859618787063550549e+00 2.425933102818451648e+00
5.415493122993495945e+00 2.859631114655948547e+00
5.000187165103089804e+00 2.614837003576472974e+00
5.687983265944690281e+00 3.099883885779620485e+00
5.110976862285026456e+00 2.662128794035896195e+00
5.120877633778974314e+00 2.623418224668498944e+00
4.619963116362023392e+00 2.323049792711363803e+00
4.845909625604556403e+00 2.477540426814837993e+00
5.152032571667137795e+00 2.692113200833180287e+00
4.727589126613939818e+00 2.373028502237710669e+00
5.016291675210043266e+00 2.629773319920576835e+00
5.465162231965797979e+00 3.010234727488513062e+00
5.080171687877571784e+00 2.562574733349111789e+00
5.001059510885350612e+00 2.644000074461260841e+00
5.383982886917395128e+00 3.041878416082409498e+00
5.515930347581669224e+00 2.970591296703047224e+00
5.059766580498366473e+00 2.626178848092675544e+00
4.954967455217614614e+00 2.615693945768549522e+00
4.603174429993068806e+00 2.239576415949032118e+00
4.476114918811735954e+00 2.183806360115867484e+00
4.973771136634456802e+00 2.525222162844830365e+00
5.428062083606315369e+00 2.940719583548499383e+00
5.057123613957650754e+00 2.593977893598630402e+00
5.152835079796804330e+00 2.726248597609985946e+00
4.934184947983476732e+00 2.435627378281197686e+00
4.252573260520758680e+00 1.996356366944764593e+00
4.631356837235355961e+00 2.282363605362011327e+00
4.652467169144422598e+00 2.344847127259055419e+00
4.912924676334806229e+00 2.547583190093621663e+00
5.700109645365395217e+00 3.100629054862832579e+00
5.081510046100659039e+00 2.538934858492969848e+00
5.210252937861778122e+00 2.717959167914097307e+00
4.981861523565582317e+00 2.560401658778510559e+00
4.481117395475211040e+00 2.136238558576173840e+00
4.585157812327022242e+00 2.183954875283443009e+00
5.167051475576786679e+00 2.609350043771719641e+00
5.443508997386690140e+00 2.907828056325870492e+00
5.223464588893461880e+00 2.700648698699172900e+00
5.186219409017418513e+00 2.659425503654304190e+00
4.517483320936522162e+00 2.155580885523896484e+00
4.958681014015688504e+00 2.461674414049895621e+00
4.963135458969828662e+00 2.625513596051225917e+00
4.821180670285247771e+00 2.433217820637210149e+00
4.451988044594028082e+00 2.157838237908442203e+00
4.902792230222718040e+00 2.553102371861204034e+00
4.802359956827230825e+00 2.426056822000640878e+00
4.985847179079562430e+00 2.572654478863594552e+00
5.230771564854139299e+00 2.770750639864779874e+00
4.468709358705604373e+00 2.159783414314948136e+00
5.059127293755296684e+00 2.584638110901626984e+00
5.213683017662273933e+00 2.852230186170256587e+00
5.314842678894375894e+00 2.881146741811932532e+00
5.095966926889301973e+00 2.621739895430200029e+00
5.237691932568012909e+00 2.762378042337241268e+00
5.273686708182395044e+00 2.655312726653630051e+00
4.935807001075844802e+00 2.488476068970636224e+00
4.560234921833171029e+00 2.284374400679528794e+00
4.675585143885145456e+00 2.341047335425630038e+00
4.536178836613868448e+00 2.186662893211952507e+00
4.445993298660082971e+00 2.182897230610642225e+00
4.708266885431592108e+00 2.267259699438048504e+00
5.215723522750983498e+00 2.746357572087362975e+00
5.261022593804844050e+00 2.742277271638592584e+00
5.073225009451383549e+00 2.590773668191202805e+00
5.071116510255763821e+00 2.696759101025087535e+00
4.429619245553475970e+00 2.155954471793649407e+00
4.825442604658201518e+00 2.532604397033457744e+00
4.893538807131309731e+00 2.504378008244950937e+00
5.749474174187137798e+00 3.181644077891574884e+00
4.970742625007900983e+00 2.596490484591658543e+00
5.086299648153688402e+00 2.503511171884529318e+00
4.780298102834843910e+00 2.444747301353001223e+00
5.167686645677887824e+00 2.689193512122323604e+00
5.000816300077629784e+00 2.545974916939124810e+00
4.648271943737046108e+00 2.354538541419115116e+00
4.692684475060706184e+00 2.421976011816738161e+00
4.780296721420447703e+00 2.419069616520812538e+00
5.191197158243381793e+00 2.735934888417050459e+00
5.043700339082544559e+00 2.650580499561584258e+00
5.284817767193510818e+00 2.844165467675861869e+00
4.436827319299794681e+00 2.148943678764623666e+00
5.045153839672045670e+00 2.530900657742096715e+00
4.996063218447514664e+00 2.766857215864697128e+00
5.074894012906485230e+00 2.558490773448567790e+00
4.657524497531850827e+00 2.236605159974611290e+00
5.168584331616705718e+00 2.666553103921524226e+00
5.144236091715977288e+00 2.575669600555438699e+00
5.030525057184839888e+00 2.656220495672104942e+00
4.812088485676473404e+00 2.380974509970128938e+00
5.237284854173307025e+00 2.692954495712527763e+00
4.980588197855798427e+00 2.510091886898827340e+00
5.209215404642420388e+00 2.800841403328422796e+00
5.081947911167879361e+00 2.498319692365270406e+00
4.652996056575691597e+00 2.249624183168911884e+00
4.822165698981895510e+00 2.417638701008587798e+00
4.819080756241033825e+00 2.531613417569235747e+00
4.405832258195698792e+00 2.111150117652895286e+00
4.803269885699989139e+00 2.438745832223418120e+00
5.079904613803702951e+00 2.629464922155876572e+00
5.518229534565452177e+00 2.949514301969625052e+00
5.147371420498914496e+00 2.654266978852659609e+00
4.780452358411779734e+00 2.373509621108588430e+00
4.939253964255497564e+00 2.583028996997831950e+00
4.897225236368072387e+00 2.582582405170954054e+00
5.343748005006556667e+00 2.771061843994988561e+00
4.581453582173370620e+00 2.245313585016468938e+00
4.537819912102070141e+00 2.235019425270934335e+00
5.134028356669366744e+00 2.589498948637747766e+00
4.944328341521146974e+00 2.557945248446748199e+00
5.311761881302777155e+00 2.722406175253593297e+00
4.997866476324397844e+00 2.558705368432826255e+00
4.995301757514669205e+00 2.540428978776933633e+00
5.032642756739464929e+00 2.622872258482631835e+00
4.972214935746179343e+00 2.542048444660524265e+00
4.387750907081703566e+00 2.084648650598869946e+00
4.895311467095336155e+00 2.504683898161796041e+00
5.186731632212389975e+00 2.675203058862765992e+00
4.766732266516139127e+00 2.350031347241269941e+00
4.878048797515468493e+00 2.512014018419054917e+00
4.477966528503789512e+00 2.196179474807291143e+00
5.320076274580518572e+00 2.753777716771381279e+00
4.950269337110188239e+00 2.529918785460183006e+00
4.737549079892301229e+00 2.417141696383109384e+00
4.835110443008997727e+00 2.360058907809071460e+00
4.398862966073332714e+00 2.039665134952906023e+00
4.714070948966400110e+00 2.234596027352778957e+00
4.818101646961793882e+00 2.366534455052250685e+00
4.948872180101232310e+00 2.492041836203376270e+00
5.182110862569868637e+00 2.782849515401951468e+00
4.589549785736439347e+00 2.268164622183500789e+00
4.972702162353855648e+00 2.507384618600466464e+00
4.921417727912752227e+00 2.498435755904921507e+00
5.141167980992153552e+00 2.597724432580927445e+00
5.014011221803587048e+00 2.564798253450370602e+00
4.793068039180854001e+00 2.380585101759849387e+00
4.765082655223975117e+00 2.362883830614323166e+00
