3.263218380352761905e+00 8.989071541574789048e-01
2.880384824746915928e+00 7.291162963321857760e-01
3.247357156724705707e+00 8.231305338682300965e-01
3.214842460202501861e+00 8.546248984043725017e-01
3.112337157680407529e+00 7.822044814628764664e-01
3.295596854088169714e+00 8.400550238254477220e-01
3.408826091122574287e+00 9.293920879635872989e-01
3.490360973816119650e+00 9.415100992401552737e-01
3.450347810213824307e+00 9.625189121456810826e-01
3.237326745113643156e+00 8.756066573548709764e-01
3.611193321862304462e+00 1.010358837339043747e+00
3.665195305757676714e+00 9.776528626373544029e-01
3.380624641074769787e+00 9.085584823940436872e-01
3.204797546902323102e+00 7.806650095367805298e-01
3.770922602069408214e+00 1.017584583035945345e+00
3.616379781923344527e+00 1.063113029792208675e+00
3.510924880874739973e+00 1.003065968431052779e+00
3.240921345319837332e+00 8.575756801194223122e-01
3.120500017031030193e+00 8.048662170294671458e-01
3.120269950152513960e+00 8.311970183402872525e-01
3.283445302855750647e+00 8.249841569528516549e-01
3.227621603059260824e+00 8.587959387552044355e-01
3.366732643608942421e+00 8.854037255346949298e-01
4.224385918041414278e+00 1.252382880571030865e+00
3.242412056485922012e+00 8.852570102292167675e-01
3.383988354780924634e+00 8.758073403777180133e-01
7.376295090704433122e+00 3.752733819141011562e+00
3.426680487014124310e+00 8.812940748767774668e-01
3.342630118669351891e+00 9.006871847450420576e-01
3.609965870269708610e+00 9.732983790149071224e-01
3.306996606851737130e+00 8.673947773120734839e-01
3.272612242108097647e+00 8.785598784791923688e-01
6.438174149661423762e+00 2.817379932657543495e+00
4.866713066667871956e+00 1.609464165827102722e+00
3.334563468466981373e+00 8.744345366003438702e-01
3.508337765998584157e+00 9.242852845396382078e-01
7.428853545797373670e+00 3.744466107275996158e+00
3.259558516192076372e+00 8.314999227691020067e-01
3.295845492285339962e+00 8.624370275941314334e-01
3.288488676827808543e+00 8.701841027046073318e-01
3.381799490083635895e+00 8.714343585150228222e-01
3.447795469201803353e+00 9.920059192474245391e-01
3.411138390840829704e+00 9.501462118598773543e-01
3.259278648779249998e+00 8.975198499558693088e-01
3.398350247938423774e+00 9.169403793041304152e-01
3.551282866460429233e+00 9.597586015140319171e-01
3.467397346871587960e+00 9.699611291997374263e-01
3.246537065289959223e+00 8.498030941998150345e-01
3.491086806953254129e+00 9.153969147313647525e-01
3.200648695087303874e+00 8.226937756938760282e-01
3.545150498854123811e+00 9.981211907019937879e-01
4.333469503850260196e+00 1.319701743311336717e+00
3.401033927326269080e+00 9.736225655443477844e-01
3.453530360978485092e+00 9.633052699464391688e-01
3.126269968152554757e+00 8.130709733989971433e-01
3.228246377362633979e+00 8.587452172765064340e-01
3.913907687669687441e+00 1.115011237440401759e+00
3.307421624878427391e+00 9.173762731779548929e-01
4.780485299939782884e+00 1.592436767885416105e+00
3.402032647351012962e+00 9.118710863255131693e-01
3.499862822559221875e+00 9.879710707111589718e-01
3.371058242094534751e+00 8.872640090858686657e-01
3.248531623441520022e+00 8.443428998877694491e-01
3.336935120777449804e+00 9.038425752008175662e-01
3.437421269600450913e+00 8.786991142714936087e-01
4.311097642010867759e+00 1.302196365365665631e+00
3.257007289301584674e+00 8.823260348377822693e-01
4.438575916133630450e+00 1.442632493070272748e+00
3.085612146696429026e+00 8.070895099505390746e-01
3.486931369498893041e+00 9.879756433663601234e-01
3.512566021255464133e+00 9.800647870727833277e-01
3.141236175509089623e+00 8.240701170103282847e-01
3.561375189670043628e+00 9.871010512594778907e-01
3.316728988467488648e+00 8.887017149587527198e-01
3.366521606489320639e+00 9.359043588311833917e-01
3.004149910732293538e+00 7.898432490472699907e-01
3.495555552416259371e+00 9.754816898806299985e-01
3.466726308816349356e+00 9.108995485482425103e-01
4.069903886261438508e+00 1.225621593237530282e+00
3.636438374207635160e+00 9.845583083996214402e-01
3.525084571105353337e+00 9.538212098527674154e-01
3.375276844193708214e+00 9.034139310399615930e-01
3.142001425633052403e+00 8.537478315071892476e-01
3.292079693144079666e+00 8.683699796814113858e-01
3.390949716354200838e+00 8.992685316442814436e-01
4.359311741822557984e+00 1.370160461976712707e+00
3.183772436523163218e+00 8.137491735254784864e-01
3.280718350941738137e+00 8.846781975430622058e-01
3.229736264866262641e+00 7.942709912182809306e-01
3.205674194665690369e+00 8.491018373850968137e-01
4.119226805044390538e+00 1.244445012416713903e+00
3.527464901861124602e+00 1.003664477487916873e+00
4.465395171182142242e+00 1.421230215746607906e+00
6.695661122599380732e+00 3.063386734572250081e+00
3.983576038082955684e+00 1.218169372148555363e+00
3.393893052762989360e+00 9.207324101607322620e-01
3.550513999181072133e+00 1.005037929578247002e+00
3.194233332673358738e+00 8.966427202268043573e-01
3.780532856307937895e+00 1.022228403508481875e+00
3.271198159708388786e+00 8.732648221132004451e-01
3.377472113296613898e+00 8.711897529817310692e-01
3.446532685179655164e+00 9.390462974244675465e-01
4.222145754566542841e+00 1.265398484484017816e+00
4.031782216740553260e+00 1.128681931965411556e+00
3.578791920329991161e+00 9.745229582617507269e-01
3.699480824940494905e+00 1.004157185463065094e+00
3.245935422020109318e+00 8.610183607289533247e-01
3.478276611078730429e+00 9.495750846941919399e-01
4.631990262749893894e+00 1.514665179028605868e+00
3.288374336129692210e+00 8.554045673393477767e-01
7.194344038166010868e+00 3.506538217664517454e+00
3.412154818011069679e+00 9.584797344924264051e-01
3.278147926458194750e+00 8.667171835276198388e-01
3.163250647717328334e+00 8.316310808443049263e-01
3.715520455571552194e+00 1.045052577021422957e+00
3.275248729946845572e+00 8.661806693135929436e-01
3.013867938312799311e+00 7.809204365095183675e-01
3.688672539611401291e+00 9.743148527104550372e-01
3.198572477881198584e+00 8.682275491700987002e-01
3.316371862316153329e+00 8.556779968416575732e-01
2.995752116980083368e+00 8.042341742722075582e-01
3.620058253031616324e+00 1.012746344872713200e+00
3.242797797217483513e+00 8.777479203194796797e-01
3.055955708248308866e+00 7.766116644356043652e-01
3.337270127743464432e+00 8.952376823846754927e-01
3.223862364309541206e+00 8.774238300592687168e-01
3.305417310326404401e+00 9.053225128233219898e-01
3.280536204056865301e+00 8.606072438622408560e-01
3.842235160122902560e+00 1.109187554836696510e+00
4.290171892757408401e+00 1.319139277922761311e+00
3.468549155315996391e+00 9.264296937632384710e-01
4.773123636906524858e+00 1.546171133304026668e+00
3.482380589612001476e+00 9.530973910069641120e-01
3.256394241785603327e+00 8.709744595430811698e-01
3.251538017823850435e+00 8.249215623282561971e-01
3.363767624655280564e+00 9.535741162056621256e-01
4.837289710846214064e+00 1.708344405489534479e+00
3.776176025700705985e+00 1.029878920917040475e+00
3.157867074812946928e+00 7.933425274271644900e-01
4.786321355018991142e+00 1.663037038206516938e+00
3.026459207336693602e+00 7.468297134494648049e-01
3.665263586794165640e+00 1.043377626385416423e+00
4.893729650493748196e+00 1.622275624909578440e+00
3.383975238581869327e+00 9.599291704033051653e-01
3.852051459072542539e+00 1.117991563219517426e+00
4.343496812094171489e+00 1.368280117201878587e+00
3.075848318872654641e+00 8.190921150746349744e-01
3.187124240431118416e+00 8.968929009998568569e-01
3.163580375864531113e+00 8.352158901883838249e-01
3.219220712905570103e+00 8.894089218087547488e-01
3.616295889127653762e+00 1.003107285481655619e+00
4.753700282920648057e+00 1.524888876677166438e+00
3.703970232801265805e+00 9.905119910864627064e-01
3.356901692949925575e+00 8.521567451803686577e-01
2.978232433552776559e+00 7.350873544520065694e-01
4.412081118289380655e+00 1.373746183582886360e+00
3.415095742797116696e+00 9.384220611329829875e-01
3.578226420965940235e+00 1.025493707510359620e+00
3.040463139498553957e+00 8.060939645910716322e-01
3.060585641682778579e+00 7.789734382968668269e-01
3.197840200920427201e+00 8.659053106457706983e-01
4.384585814408758608e+00 1.415618645769683770e+00
3.240967184915501953e+00 8.636890470904958761e-01
4.489144171829384966e+00 1.454500083875813976e+00
3.205497506680527575e+00 8.432809536187061417e-01
4.544249287880783861e+00 1.388202362994540806e+00
3.108451647094489179e+00 8.124982763173402844e-01
3.282765931862299258e+00 8.765858892067560637e-01
4.832288630105133542e+00 1.626797809367078296e+00
4.942968814199297789e+00 1.799885502334587439e+00
3.455225728978782218e+00 9.176239304158489984e-01
3.294703752556052301e+00 8.939150493209135906e-01
3.177393329472055772e+00 8.217194222635497702e-01
3.792653288208044593e+00 1.093654713655936028e+00
3.305722533606027191e+00 8.843730254630799426e-01
3.188991915012790557e+00 8.046156780293480804e-01
4.797016704828445555e+00 1.693158862913947793e+00
3.637064549506284106e+00 1.002396282041511322e+00
3.293789796695913541e+00 8.651966591267287177e-01
3.348575712866291187e+00 8.748735795059051634e-01
3.480277153424802705e+00 9.143412375347711452e-01
3.101410901714745094e+00 8.053210676280024849e-01
3.339305833477472785e+00 8.707302846935104368e-01
3.421843734896611089e+00 9.011484574015004023e-01
3.141173807202155110e+00 8.435865725589027919e-01
3.786263358909397692e+00 1.070606911339845313e+00
3.718819370340131325e+00 1.014484406261536575e+00
3.343392676558122556e+00 9.231905862801117468e-01
3.421827813350240888e+00 9.560533806868255491e-01
3.213609187726528926e+00 8.250458283317423369e-01
3.498847732694048585e+00 9.515942773542516164e-01
6.681547607883521422e+00 3.014978364545215506e+00
3.510777634770609890e+00 9.416123031901874052e-01
4.549048567604859983e+00 1.412238528574217167e+00
3.274533123891628872e+00 8.859283235888486541e-01
3.657529888644062144e+00 1.017603991137887132e+00
4.579909460870994486e+00 1.469839555169825118e+00
3.392888724773534204e+00 8.907908451633393954e-01
3.114776951508312131e+00 8.458870372353501921e-01
4.116163022272879779e+00 1.199361544929974599e+00
3.188131885369533514e+00 8.273617540308623175e-01
3.352116321657398590e+00 9.394280873055067538e-01
3.514294774283115430e+00 9.744348774314524064e-01
3.078722726430232370e+00 8.189879856998791841e-01
3.504289386699855235e+00 9.338697900609764790e-01
4.400042248918388132e+00 1.366490138309984337e+00
3.161466502221311092e+00 8.368588020827781859e-01
3.535375603347608919e+00 1.034558417182493084e+00
3.470298379779222397e+00 9.529920450923858866e-01
3.796163076649937018e+00 1.153805987402539035e+00
4.066765553882511597e+00 1.253219580000561439e+00
3.004669639324995867e+00 7.859976761410075730e-01
3.368855559296445090e+00 8.860834309589109559e-01
3.314573511541460960e+00 9.105280713705725670e-01
4.154544172984977912e+00 1.274634920372140545e+00
3.770906969279592236e+00 9.809038517054042838e-01
3.290328974221087943e+00 8.641435382160145284e-01
3.100112175436055661e+00 8.202061792477940427e-01
3.295941293248261683e+00 9.191438228988543235e-01
3.794124053157606369e+00 1.092701397144726361e+00
3.354728106275303379e+00 8.974474118445101567e-01
3.548835391942679607e+00 9.735850623293696993e-01
3.131671174173054961e+00 8.429444037899272990e-01
3.580186649816435640e+00 1.008033016498875778e+00
3.390797496887130613e+00 9.206238906429782265e-01
4.546293162817002020e+00 1.487772406679321868e+00
3.085824206121809965e+00 8.079528260359786218e-01
3.126411392498524400e+00 8.167640723360075627e-01
6.957008806916785915e+00 3.207693402546704320e+00
4.534633611213639171e+00 1.512151810337679647e+00
3.240738412625955522e+00 9.112615708964155736e-01
4.751444933751718835e+00 1.537014765588870402e+00
3.255649769721935538e+00 8.624891058384837050e-01
3.232763378629250450e+00 8.785822482036751424e-01
2.996637171915307540e+00 7.374057352756530070e-01
3.118753340633072746e+00 8.135744032555054517e-01
4.781949273458837801e+00 1.600423831573345668e+00
3.297722897328601910e+00 8.475275947819053135e-01
3.221320914408382308e+00 8.506307272267776831e-01
3.252009136837962000e+00 8.905965826601116575e-01
4.301798573150872329e+00 1.377059267517893204e+00
3.590340852286661111e+00 9.768739208194389123e-01
3.522424909413979677e+00 9.459733628922738502e-01
3.190736696171900366e+00 8.865932304451908941e-01
3.540233791772890548e+00 9.823015413154786435e-01
3.534722590345078963e+00 9.688473722861947746e-01
3.324543838843755594e+00 9.238177436520815800e-01
4.862832618922280581e+00 1.620958378639478559e+00
4.811145403868787085e+00 1.631348508811674813e+00
3.338367720703859565e+00 9.069144561338100541e-01
3.115006735974895857e+00 8.417418875693718494e-01
4.922469736888081648e+00 1.662602747134157344e+00
2.988671856159411000e+00 7.452785883331907169e-01
3.535690552700511358e+00 1.006791167562607558e+00
3.337639584141065985e+00 9.048325532962049333e-01
3.529283795905370447e+00 9.746565202238915981e-01
3.156899004103304041e+00 8.159000581263480267e-01
3.350580885011379184e+00 9.406819523667246941e-01
3.104022774805708984e+00 7.715892337410580337e-01
3.236529807893550714e+00 8.348535248687249943e-01
3.135710342932436667e+00 8.158678703752421102e-01
4.295468416213550356e+00 1.342144011627735889e+00
3.171640817289499203e+00 8.353067523401754846e-01
3.266373786182855454e+00 8.390536626772400197e-01
3.120765220236672910e+00 8.563444649209532855e-01
3.381658491879619977e+00 9.371741446127987984e-01
3.164321934663055558e+00 8.342819680680048089e-01
3.583487901532012909e+00 9.558936346183546373e-01
3.225008544652129494e+00 8.873016246004798990e-01
3.155086953042390174e+00 8.168282804579797274e-01
3.334615914450941077e+00 8.577400208928667169e-01
3.454738409554054979e+00 8.981942556055662052e-01
3.432712007963247824e+00 9.346006288482103797e-01
3.212879917672310626e+00 8.166588680706474701e-01
3.726735996821334496e+00 1.014697785209345282e+00
3.057841110212620173e+00 7.980207713787399459e-01
4.793908274522173052e+00 1.666280042692737551e+00
3.207788957088956838e+00 8.525311358197791289e-01
4.074815730039562212e+00 1.251282045433203427e+00
3.272138984977774001e+00 9.140785763687240273e-01
3.487289821121612121e+00 9.500032829979075943e-01
3.073629128337299843e+00 8.093499210828173362e-01
3.157337850995098005e+00 7.951676983064102089e-01
3.400004591009507582e+00 8.807075161483135517e-01
3.234484066245692624e+00 8.632369388626075501e-01
3.142681147976741141e+00 8.896662951983775880e-01
4.416181397417664911e+00 1.346422897191018153e+00
3.419775898470406972e+00 9.721000203125843564e-01
6.450553299918443173e+00 2.939786299485737775e+00
3.813110743501287647e+00 1.028665679187806603e+00
3.588602013646573496e+00 9.669969138591959501e-01
4.202440781185203811e+00 1.326206785158834833e+00
3.130752405848954201e+00 7.894039143516489165e-01
3.358152592685912374e+00 8.705417152937025005e-01
3.381543387644225351e+00 8.966210677150884267e-01
3.326564371661643094e+00 9.330967686976868736e-01
3.123828884078079682e+00 8.167875948028414657e-01
4.321835101095396148e+00 1.404381156049134383e+00
3.254687702665373106e+00 8.710113532968216665e-01
6.435180788856131429e+00 2.858756984385006916e+00
3.459701375812954449e+00 9.193117580288724389e-01
3.037553795471424678e+00 7.877055401555886904e-01
3.343753345380827469e+00 9.166080120118221819e-01
4.764083515376267286e+00 1.720723296132899538e+00
3.431009591381064983e+00 8.708587015446767055e-01
3.176978307371585597e+00 8.452056231777865802e-01
3.586248487771513282e+00 9.183407870410329465e-01
3.192819652736183844e+00 8.476590554039756809e-01
3.216305259870644750e+00 8.296260142620500710e-01
3.127403119624410976e+00 8.125650014817779043e-01
3.461638524228251690e+00 9.116437000466887097e-01
3.147801449911611371e+00 8.554275104380028028e-01
3.529089022903693085e+00 9.693596667819310841e-01
3.451608287045915269e+00 9.619747154929096933e-01
3.282988086319609700e+00 8.816989419637013548e-01
3.163999084559216968e+00 8.062324361001440565e-01
4.715677104330991298e+00 1.555735609687323162e+00
4.760213380639339853e+00 1.626794481980708973e+00
3.278695467491307358e+00 8.863030502900489660e-01
4.709545453761871947e+00 1.548318617527310925e+00
3.040025881865913160e+00 7.724078970025147761e-01
3.286215168583041635e+00 9.011845720686824102e-01
3.622803340762909663e+00 9.167248131128479249e-01
3.258431837107464979e+00 8.804544488978472971e-01
3.902022989754978077e+00 1.185434873407119172e+00
3.120827947918284107e+00 7.615209971856259363e-01
3.297394720945454161e+00 8.619509754381771138e-01
4.807951988404586707e+00 1.659084161106586741e+00
3.179972955431378256e+00 8.302055136506945043e-01
3.359876594318455645e+00 9.051450842386369322e-01
4.755436138790282818e+00 1.546399933096149537e+00
3.802352607644460480e+00 1.066892640753837940e+00
4.479393881463042959e+00 1.374681359080568877e+00
3.207638396361788491e+00 8.015561809581813746e-01
3.362910499391363217e+00 9.640461788728462711e-01
3.120762083643527252e+00 8.300479050435863870e-01
3.787320177931358778e+00 1.065990358684741013e+00
3.626559341680963389e+00 9.658574355112302667e-01
3.347773116318686792e+00 9.239763943523731093e-01
3.649973088954900913e+00 1.039718865343281839e+00
3.612475871060365940e+00 1.021589132662684474e+00
6.798676589129319936e+00 3.104360196582987896e+00
3.628627435110228117e+00 1.034197191634584012e+00
3.152524100681533881e+00 8.075017595664928383e-01
3.241540254272345489e+00 8.712798990541131827e-01
3.818284008771582805e+00 1.004230002925878384e+00
4.548341870214199112e+00 1.465110827709197761e+00
3.292567961042478064e+00 9.464030898832191951e-01
3.623104142402719496e+00 1.001659594147487065e+00
3.507806301185859787e+00 9.266419052196699369e-01
3.370801021685753796e+00 8.984334967457050514e-01
3.222334560970308015e+00 8.579860653521725888e-01
3.843637348355004590e+00 1.137890791950846525e+00
3.118681828042029647e+00 8.433193929907981667e-01
5.318233313723870204e+00 2.071429432497098766e+00
4.761047642588541073e+00 1.590399667913085402e+00
3.158198012039645342e+00 8.054736590250757278e-01
3.117528596758542214e+00 8.607263035264692830e-01
6.801779879013593266e+00 3.181868520053681593e+00
3.695124962939349000e+00 1.061151116444944531e+00
3.359163295183427156e+00 8.862287580259892161e-01
3.495328394149814333e+00 9.956713062562060346e-01
4.300892772339864223e+00 1.319845551330272260e+00
3.173220458212505424e+00 8.162603519080274816e-01
4.232299011160894686e+00 1.292743778681069600e+00
3.877574317614354449e+00 1.117497968179036461e+00
3.414883043854376687e+00 9.397911815472352881e-01
3.543525533318206744e+00 1.017885999322838408e+00
4.679219468934424420e+00 1.520287766987204581e+00
3.227419477755156141e+00 8.362888400129362410e-01
4.056710360170807661e+00 1.182303776543554452e+00
3.218299912353693060e+00 8.439762124935988874e-01
3.113915565734902913e+00 8.322334826334628621e-01
4.433334581792647278e+00 1.425392802418657068e+00
3.344535456277770269e+00 9.153511504573812463e-01
3.407418285468724051e+00 9.112187558456870118e-01
3.387453668070535162e+00 9.043526524579376114e-01
4.476847550259653197e+00 1.445118971409129927e+00
3.208080605139255415e+00 8.521851953991896877e-01
4.009918408424526071e+00 1.189595782147815139e+00
3.401555636673387450e+00 9.592879236086802042e-01
4.219693619556511344e+00 1.322596860055821333e+00
3.489446191523748908e+00 9.222492182362556079e-01
3.518613271654450259e+00 9.198195332057762519e-01
3.020113874199223503e+00 7.945733571270322537e-01
3.485985085584808463e+00 9.816024072367914854e-01
3.651113644965786609e+00 1.059227083222937127e+00
3.165256338874478104e+00 8.129256387466551326e-01
3.269722152573262264e+00 8.978166590497166366e-01
3.426698502878658736e+00 9.645872954679474143e-01
3.712983807575460649e+00 1.051525757933618799e+00
3.518056715217315222e+00 9.461384813633880730e-01
3.412987803324480929e+00 9.222989579896154755e-01
3.319273638652126657e+00 8.986600245415772292e-01
3.246242887388478771e+00 8.262650269356355270e-01
3.689072244398420075e+00 1.029892781577049998e+00
3.542519471987429558e+00 9.892837919384670498e-01
3.065124449245133498e+00 8.233964113063483303e-01
3.378323359689904049e+00 9.240920725063183072e-01
3.213501121789092085e+00 8.819893887065535232e-01
3.567331024953102503e+00 9.539581654809761169e-01
3.564863702006872526e+00 9.967025657884784895e-01
3.306211155537317037e+00 8.867821177705481617e-01
3.357702045489389775e+00 8.832649272833997811e-01
3.385069485229816433e+00 8.866529212871333554e-01
3.454229880741173986e+00 9.425926409109848247e-01
2.975476617307548644e+00 7.707145447100467450e-01
3.447362187079288098e+00 8.624415781960174110e-01
7.445357735360287776e+00 3.715391212663093690e+00
3.114401406522940174e+00 7.980030737241381456e-01
4.693021274940628373e+00 1.257273262187541985e+00
3.075780354034794772e+00 7.901728358626509685e-01
3.508317335310468188e+00 8.892332880364983705e-01
3.516517575561592057e+00 9.683546842923412834e-01
3.229930358586075023e+00 8.738962888253358763e-01
3.841824378016717834e+00 1.067714650888007988e+00
3.470377338683031887e+00 9.224416645207791365e-01
3.152350887200291218e+00 8.362642693486932455e-01
3.429898553275025019e+00 9.368508588921032887e-01
3.223861578805146344e+00 8.624306899904120582e-01
7.166653010264815826e+00 3.464966146579022688e+00
4.345167107662448736e+00 1.278331580316453664e+00
3.355831933911959553e+00 9.321280331395429553e-01
3.346930664361866814e+00 8.874631097938340263e-01
3.290159782678589995e+00 8.672788285560025789e-01
3.455058571037023185e+00 9.564937512854936319e-01
3.094527457796893533e+00 8.345876815374455582e-01
3.141421414209698337e+00 8.162850410400592782e-01
3.080534156386038003e+00 8.208871489795358523e-01
3.705996528804355705e+00 1.026729416533528116e+00
3.671950261901024692e+00 1.055439472730183459e+00
3.658980662221391622e+00 1.030876584715778366e+00
3.543417936722689454e+00 1.000117791662548772e+00
3.322223099127197266e+00 8.578561769508297186e-01
3.264653119412808113e+00 8.797675963411477618e-01
3.084488980194412200e+00 8.015898255127349437e-01
3.298989520062634906e+00 9.038850428848653751e-01
3.204321106232661087e+00 8.866315430923815688e-01
3.512417733630895267e+00 1.021988595868198013e+00
4.605296321197968723e+00 1.488307917213760989e+00
3.309794207365486685e+00 9.012822894282666031e-01
4.534697396229103283e+00 1.483025745165658327e+00
3.627435213802211678e+00 9.862645696417650099e-01
3.206413067874792411e+00 8.408817414204199370e-01
2.966826733293167262e+00 8.067821444084392057e-01
3.669579583243914200e+00 9.754444173308246535e-01
3.116278664364041440e+00 8.132234209725875962e-01
3.557927564837378043e+00 1.025831298142501957e+00
4.613338688703633395e+00 1.498225821568079263e+00
3.163891521820361152e+00 8.808778933788157239e-01
3.622584461987600868e+00 1.019632896673912992e+00
3.251496519299085897e+00 8.621801598135689915e-01
3.390973091435014908e+00 9.202370440818834485e-01
3.527179906894486461e+00 9.560185996147286813e-01
4.091509839069659371e+00 1.214695433404601177e+00
3.267685258332141629e+00 8.982566779928603529e-01
3.213943539214037415e+00 8.400342519645670469e-01
3.565467455364434546e+00 1.039814162758113003e+00
3.158578984730654682e+00 8.051388905993258627e-01
4.818097184397108101e+00 1.645232211774885211e+00
4.777441202547447752e+00 1.568900591420375079e+00
3.558460155310223527e+00 1.037655151809266485e+00
3.088254791002517763e+00 7.780105680554829650e-01
3.519243851625224906e+00 9.667508806413245281e-01
3.359719281197965035e+00 9.048705001900073652e-01
3.396332053796336403e+00 9.126242133518629451e-01
3.439308408754532032e+00 9.098342808559299888e-01
3.335885997364818945e+00 9.198305107567008587e-01
6.713018434371165633e+00 3.100481347763540896e+00
3.507054338196806675e+00 9.668777795615771664e-01
6.976012572574153303e+00 3.063418824335901736e+00
3.602829935566329134e+00 9.296542180193779759e-01
6.274835647713472575e+00 2.663448963377328393e+00
3.946670557079964503e+00 1.174568287987446169e+00
3.399384791234493441e+00 9.489004369343154721e-01
3.310638203867708018e+00 8.926399208126433171e-01
4.030826748452845720e+00 1.177677321964139878e+00
3.907115048281774694e+00 1.137533724114071498e+00
3.421581104103642801e+00 8.917315483031943435e-01
3.332179973444487686e+00 9.095719149288291616e-01
3.067366687098555644e+00 7.545897676767958639e-01
3.380827053470909060e+00 9.504736749708836419e-01
3.245346038935264410e+00 8.438939199663275659e-01
3.269710156758945718e+00 9.021287002428757251e-01
3.753003326890949065e+00 1.107276859574455541e+00
3.543066075652389291e+00 9.744717827908858654e-01
3.318568629653268154e+00 8.849172826430318217e-01
3.357216312169131633e+00 9.321524185723066847e-01
3.087181094165743822e+00 8.299173970609229345e-01
3.669238789546818147e+00 1.044555398282128067e+00
3.255914785575730441e+00 8.922168640077431379e-01
3.404043167157292604e+00 8.536639614163916701e-01
4.393499030681415007e+00 1.391992078845551317e+00
3.550992882846614407e+00 9.805706463601926437e-01
3.256459294302609830e+00 8.739503618554265163e-01
3.336416925197246197e+00 8.848066808110560677e-01
3.896255686044621136e+00 1.171663488156149846e+00
3.405545507068393540e+00 9.143691887810558860e-01
3.151906598748358324e+00 8.357941548050029645e-01
4.780670395540071560e+00 1.758857083616051753e+00
3.104830873783205547e+00 7.807059485949919830e-01
3.201260324991231254e+00 8.062074228317015478e-01
4.553434306407291743e+00 1.443699561292156153e+00
3.369230842806161697e+00 9.155251309422167694e-01
3.193737539535015379e+00 8.363500007234067057e-01
3.817518914284700138e+00 1.061255164040518117e+00
3.127441323560891995e+00 8.724578392794744008e-01
6.756476678269406122e+00 3.244360710305603579e+00
3.408057881849362314e+00 8.635429594463226444e-01
3.277216385010063515e+00 8.376175302612487439e-01
3.462883897484549500e+00 9.656735114144467946e-01
3.486719506890477493e+00 1.006998697681444233e+00
3.881347305612095067e+00 1.081812705262453767e+00
3.291096621916145715e+00 8.786629160106332881e-01
3.469849601345419199e+00 9.149316996683699577e-01
3.106435337906422234e+00 8.503316856841524052e-01
3.360383809111325615e+00 8.821481590098650960e-01
3.329624082859546697e+00 8.986467710887042770e-01
2.941780673000898183e+00 8.190575421670598377e-01
4.336861981250695663e+00 1.398661330923876012e+00
3.696676989262387192e+00 1.074718191824697300e+00
3.286906247557520366e+00 8.422238496626706095e-01
3.126143756105109528e+00 7.985117431878969718e-01
3.503721391243243666e+00 9.584135565817633040e-01
3.397194625752174790e+00 9.349606945515845924e-01
3.430581340650514122e+00 9.594553024609443481e-01
7.646230608662055062e+00 3.830678709479076183e+00
3.060705328347474552e+00 8.090651471126953931e-01
3.219108901368494813e+00 8.599023934247439493e-01
3.193380233585958905e+00 8.743968633326506534e-01
3.344599933763312549e+00 9.170034316997771606e-01
3.696738674724324270e+00 1.049267467682969190e+00
3.653041564216520598e+00 1.009999533627045754e+00
3.921394872542662391e+00 1.093545594488267714e+00
3.424786470870430755e+00 8.836861546824610336e-01
3.374872179985587639e+00 8.913203001869060005e-01
3.412916354624062176e+00 9.129865160265168145e-01
3.040407890199025687e+00 7.810894264018547473e-01
3.443767363144631055e+00 9.301775697988684533e-01
3.385036730183472287e+00 8.879132086031962245e-01
3.458917971325365048e+00 9.735787999074196897e-01
4.813688578780507932e+00 1.638025259726734850e+00
4.468429698979432096e+00 1.432585191337029773e+00
3.636426434087694837e+00 9.946369255350676619e-01
3.740595327702068484e+00 1.022744025684965807e+00
4.066996952901326345e+00 1.285442537339195113e+00
3.381647598906451613e+00 9.458616481627342143e-01
3.687976080482615160e+00 1.007207358949984588e+00
4.714466340270592859e+00 1.566790156046041105e+00
3.554186268449518238e+00 1.006221953152023119e+00
7.181081257713977983e+00 3.478918153100626132e+00
3.422021955622388312e+00 8.896255613767172221e-01
3.253269009148620938e+00 8.361584625688780470e-01
3.862737947099911917e+00 1.105202356757468474e+00
5.395491843244162311e+00 2.089502242390863351e+00
4.908205835050081234e+00 1.556006476538468020e+00
3.515964268759709022e+00 9.762319436707878051e-01
3.963495945275241628e+00 1.171575447839117379e+00
4.764003534967523379e+00 1.546318841491311824e+00
3.187994129825840517e+00 8.457905610137863572e-01
3.468374746639309780e+00 1.001856022360073206e+00
7.527470214684197636e+00 3.684867669156585812e+00
3.538747136433702423e+00 8.996527477682003671e-01
3.521656303942726662e+00 9.467981353185941362e-01
3.237250161869546616e+00 8.299790518352533342e-01
5.052151469209889889e+00 1.897435214720500030e+00
3.385795353998932278e+00 9.295526149020750806e-01
3.424489389056910582e+00 8.802131957115877370e-01
3.164226132678269021e+00 8.444328138914044546e-01
3.693939309334413057e+00 1.035146755176052480e+00
7.367882862410604083e+00 3.724443709102610356e+00
3.437045455934961247e+00 9.099747095964518806e-01
4.956521269155186538e+00 1.541517238514035659e+00
4.693337279125106676e+00 1.579763879693702355e+00
4.862619480131127325e+00 1.635053392262169281e+00
3.016224287100015111e+00 7.555988529939777765e-01
3.726158124371064861e+00 1.045081621375217207e+00
3.200336688250874584e+00 8.513354697792657744e-01
3.060687674909554623e+00 8.149432717634296219e-01
3.365965633815473534e+00 9.277331421528287603e-01
4.017524368878191865e+00 1.192421969192123843e+00
3.986826780840449391e+00 1.131839902850665824e+00
6.778069958934301198e+00 3.306339559070422762e+00
3.131640356986384877e+00 8.224245381488246576e-01
3.463415953069543640e+00 1.002640658241710891e+00
2.989728002781629090e+00 8.339133783582786119e-01
3.497179360147073979e+00 9.210087027122577652e-01
3.108520232163811681e+00 8.181872290384610835e-01
4.601933225189188903e+00 1.536459413363046034e+00
3.352729660252651289e+00 9.136633596569705418e-01
3.146455799553788513e+00 8.095731340820104815e-01
3.523758765058520925e+00 9.435940063810048795e-01
3.819351337138296110e+00 1.089876191434858255e+00
3.448363201438597425e+00 9.663343781449222902e-01
3.214219112153680058e+00 8.714924605966701820e-01
3.206027344456491068e+00 8.428535791506747143e-01
3.538508950579891899e+00 1.049284592266170657e+00
3.410029853844756875e+00 8.778143602691659275e-01
3.752397181717031405e+00 1.090969378284590841e+00
3.671811321556000873e+00 1.057844089805240584e+00
3.608907386573652953e+00 1.042572279556200687e+00
4.039143278163733974e+00 1.172081879323497500e+00
3.004787159778184336e+00 7.921523995602810508e-01
3.362071220577924624e+00 9.580500202177677505e-01
4.854226631492255528e+00 1.583304408592139945e+00
3.282016803527528115e+00 8.581814568159571444e-01
4.061644388262107164e+00 1.202431969884964147e+00
3.371552154988287864e+00 9.416667252013064537e-01
4.138901358168230793e+00 1.350680626785712990e+00
3.111662921011908001e+00 8.394763291798593707e-01
2.984973848470132918e+00 7.553405662182174352e-01
3.278018722237720173e+00 8.550105363157787242e-01
3.201641597520232363e+00 8.106388968112874238e-01
3.941519597549046683e+00 1.110375905218575543e+00
2.851337529337253152e+00 7.617301057499353822e-01
3.084816197952449990e+00 8.381124822039291988e-01
3.506885218044990093e+00 9.649972928224699320e-01
3.384357353000513324e+00 9.240089894040068863e-01
3.479201513660191036e+00 9.386637715179436681e-01
3.421263477780443374e+00 9.372009779347418856e-01
3.192291597792054514e+00 8.484236500066580922e-01
3.257417581637370940e+00 9.263957090710938092e-01
2.918674533708819130e+00 7.323192624981381682e-01
3.769371057064716979e+00 1.138173500153869977e+00
3.434804143846339475e+00 8.481448042648523922e-01
4.210425430867171137e+00 1.307009284848916320e+00
3.377295918702067024e+00 9.081849152890780763e-01
3.599824579961229176e+00 1.044299840172424609e+00
3.610281987889652822e+00 9.410677848158640613e-01
3.589315428565369892e+00 9.682754947949104851e-01
3.245657400320686392e+00 8.751078583315315962e-01
3.150759597071906448e+00 8.091792306059150119e-01
3.193515387381312909e+00 8.161784127196528571e-01
3.455328853648074183e+00 9.306762554160951106e-01
4.703101210634533125e+00 1.560651177193162376e+00
3.434170153018301086e+00 9.131189390553219321e-01
3.425996532553900131e+00 8.982965347703071313e-01
3.213600375805204301e+00 8.697639481979394516e-01
3.483532612810279705e+00 9.697146980737484379e-01
3.289864560381918768e+00 9.132268069557271106e-01
3.304481126606841457e+00 9.139163005536432571e-01
4.636819772288303554e+00 1.499409088566317161e+00
3.573060804344529107e+00 1.040102338580993324e+00
3.454204045414540403e+00 9.046593576135091297e-01
3.108150160978256693e+00 8.584791539895991752e-01
3.344615803152631628e+00 9.187477093868186007e-01
4.293225791145691694e+00 1.333044367786334394e+00
7.190689839925977545e+00 3.333858564658567225e+00
4.675693437021642751e+00 1.570780070779320248e+00
3.497025128991273490e+00 9.865225621361207731e-01
7.312214146334898857e+00 3.495181895424160246e+00
2.991491971042882003e+00 8.279916988776059306e-01
3.390268512157919023e+00 9.716592854873213891e-01
3.112400792640514169e+00 7.838478978598195646e-01
3.313904080037853639e+00 8.317168182299048418e-01
3.387039068060420544e+00 9.050914906591949194e-01
3.916736491694848610e+00 1.186381523348077449e+00
4.107430220410218880e+00 1.209517773869298818e+00
3.156673029354217785e+00 8.256505852967531700e-01
4.617307858254387831e+00 1.333895735337432553e+00
3.248289276486220345e+00 8.584530288868731374e-01
3.277805327279244452e+00 8.333570046702211132e-01
3.249214704300133150e+00 8.549603456403009893e-01
3.523294278506130972e+00 9.412527961069158122e-01
3.497176211347643005e+00 9.865361626001336592e-01
4.833155337218424386e+00 1.645045539196949624e+00
3.340057963532450103e+00 8.939947821328737554e-01
3.461192859898830410e+00 8.911693416208928964e-01
3.202939849029434516e+00 8.439682634965067765e-01
3.233769676969306506e+00 8.445946306364481293e-01
4.495274895204591559e+00 1.412305809034595461e+00
3.690646437452255402e+00 1.035518452786031274e+00
3.481985811303265788e+00 9.316279213376436052e-01
3.950681267592906387e+00 1.178090376164175446e+00
3.200832293864091849e+00 8.322760250302541074e-01
3.922400114668969096e+00 1.163401061595537467e+00
3.441341640851637962e+00 9.780176629578630765e-01
3.322999354638353164e+00 9.051993103592431700e-01
3.083542526853585208e+00 8.058091754297301845e-01
4.850028909636777463e+00 1.691322781664703401e+00
3.407450074610586022e+00 8.747281182313548786e-01
3.056140232521081135e+00 8.056753824072500070e-01
3.967455239772688103e+00 1.171195884759187011e+00
3.498672881456304840e+00 9.360710522146478141e-01
4.726468364209853945e+00 1.481506640091079019e+00
3.339511804430403519e+00 8.937796327293326959e-01
3.358087022311495584e+00 8.669381981587466202e-01
3.513998920056862652e+00 9.976414896937092491e-01
3.291537470434124035e+00 8.212022847528304137e-01
3.513671258147231580e+00 9.689108872802003614e-01
3.097299599283159566e+00 7.856688086412676464e-01
4.359711732474417012e+00 1.413268683971699247e+00
4.221093399436162130e+00 1.311609270691331597e+00
2.873044440506300479e+00 7.529002030920102229e-01
4.797240844419552452e+00 1.596662637765587478e+00
4.699407023195566246e+00 1.614191164630879305e+00
3.296136172439665390e+00 8.590494930897379922e-01
3.566469565985485257e+00 9.505160761854086759e-01
3.310033632216872856e+00 8.428549134614266025e-01
4.592891891517774994e+00 1.505556011195236410e+00
3.191245737096827018e+00 8.465138236712848041e-01
3.296966584303321568e+00 7.976659736480742335e-01
3.969612983869628575e+00 1.199862929195699035e+00
4.781058231263534353e+00 1.639829619262241911e+00
4.035411745165075281e+00 1.193115194844156512e+00
3.346917080505074971e+00 8.764458618375827736e-01
3.799492582461869716e+00 1.073962365351685877e+00
3.217646374362275186e+00 8.305536154013425376e-01
3.400363439404137988e+00 9.242631305102949613e-01
3.440056891583697762e+00 9.473626767559595319e-01
3.396826537718591332e+00 8.885111946912581660e-01
3.971655390850397982e+00 1.199941633915177164e+00
3.832910173496347106e+00 1.094151860101930884e+00
3.324356437664834463e+00 9.105765030773026458e-01
3.528943552020670449e+00 9.720222190963532238e-01
3.157508879536569779e+00 8.561127454377465140e-01
4.749083893028900327e+00 1.540008998836064569e+00
3.951479063482823406e+00 1.143965261941918499e+00
4.047367154173640458e+00 1.150038137204205002e+00
3.341939295104825014e+00 8.803499090408883898e-01
3.302338920826584978e+00 8.843317789769388204e-01
4.831391636334769757e+00 1.654524291091820976e+00
3.419617474962151515e+00 8.966842597005851845e-01
3.269873451630548988e+00 8.649019274135263391e-01
4.191610526884121946e+00 1.300935396236597930e+00
3.205746898334980166e+00 8.633479751316547324e-01
3.075702234982827132e+00 8.066369652898809361e-01
3.569585334078734018e+00 9.494364881746815144e-01
4.009043690809424909e+00 1.205954700634397803e+00
3.457550076361452174e+00 9.265958174161266214e-01
3.007575462825207158e+00 7.696126029416289205e-01
4.378269390069958966e+00 1.388746246917672789e+00
4.784647860435375932e+00 1.659816527041781953e+00
3.143062224579888486e+00 7.617304802537389063e-01
3.768096338788017086e+00 1.044125261561293039e+00
4.784043862671008007e+00 1.555694847662124625e+00
3.734961485205146037e+00 1.033802338688062150e+00
3.525348135788309190e+00 9.707216762028495483e-01
3.140621557803460195e+00 8.636271537617110639e-01
3.324020858133241330e+00 8.798400191264057479e-01
3.379784745002461399e+00 9.570035467115440841e-01
3.362494703584055333e+00 9.212164903792687820e-01
3.071819436229030309e+00 8.185962559711065234e-01
6.684810072817712445e+00 3.086722899310677892e+00
3.255684729023764046e+00 8.593326367881942707e-01
3.106761483640639643e+00 8.110114790599034507e-01
3.543411531982804785e+00 9.337685451278321391e-01
3.297546106141592492e+00 8.857450589020666731e-01
3.332527960212777529e+00 9.081260223716542956e-01
3.195544445946552514e+00 8.704183985559552639e-01
4.827992455134869410e+00 1.561606450394838586e+00
3.327137710266174775e+00 8.949719285018993276e-01
4.587131336609592047e+00 1.473843937684167882e+00
3.380221757652169146e+00 9.383191119048523987e-01
4.761141266812325412e+00 1.588573118103235871e+00
3.500764538017951288e+00 9.963570777298706993e-01
3.138083975960967553e+00 8.221965380328321027e-01
4.495387510131953590e+00 1.448811166072656365e+00
3.348468447753737642e+00 8.848844544583670535e-01
3.566466902390044158e+00 9.681866181795718562e-01
3.508073003554500247e+00 9.502728305611712889e-01
3.327463997311455479e+00 9.053650160420374515e-01
3.483001879687316116e+00 9.805192886973341793e-01
2.991988077612245167e+00 7.824932186638928755e-01
3.377801742171139043e+00 9.206754663996281618e-01
3.479344885516745034e+00 9.676577339414232926e-01
2.916658972512129910e+00 7.478145965930818040e-01
3.218276765793919747e+00 8.808134792822009951e-01
3.593909816125635093e+00 9.114324648977873977e-01
3.318684545184891199e+00 9.254217875226450341e-01
3.189450819769046763e+00 8.056100102988482670e-01
2.960137222614083186e+00 7.850331683429765395e-01
3.274120277572070137e+00 8.818066355296824144e-01
3.156026664279764304e+00 8.296326640360028870e-01
3.165998604106516900e+00 8.279584813052272008e-01
3.230661836878016668e+00 8.510535714424262155e-01
3.567732131141621466e+00 9.805716492076967938e-01
3.568816472745210522e+00 9.661003992164203247e-01
3.656333988084186526e+00 1.011237479247167004e+00
3.567020057642074082e+00 1.036616189303118718e+00
3.303642459514287921e+00 8.698823247336014974e-01
3.188020364023889552e+00 8.745228430875905401e-01
7.096971242560095483e+00 3.515291637459094343e+00
3.679402016238103812e+00 1.063626052337568018e+00
3.241066022885369602e+00 8.774623382999291454e-01
3.342757060307932182e+00 8.436283008078379053e-01
3.467722172728269658e+00 9.070545831151100025e-01
3.627621612975962417e+00 1.047441854325090516e+00
3.856009730494029508e+00 1.129266320875538021e+00
4.242493225062105466e+00 1.311766471212726826e+00
2.946921550439880022e+00 7.859389865342425452e-01
3.209105839783041425e+00 8.395178328990841043e-01
3.270614711610497327e+00 9.012467520229927587e-01
3.345486706416526790e+00 8.814571453358159836e-01
3.530921590981660252e+00 9.275043817114111411e-01
7.377328912151721596e+00 3.672928635158872801e+00
4.776838721377567154e+00 1.549287469075147916e+00
3.468152397960534206e+00 9.465673310863433887e-01
4.056949789758285796e+00 1.172630461683440428e+00
3.253572318380485218e+00 9.133917882694331247e-01
3.299927935537925183e+00 9.266893944935504779e-01
3.313367222855764904e+00 8.834724953776625922e-01
3.553690470073759933e+00 1.029251128839159035e+00
3.596403758655186689e+00 9.010245573367430261e-01
3.352483949150177445e+00 8.841122652174089325e-01
4.396756785431461978e+00 1.382420596154464665e+00
5.517053209683806969e+00 2.231745104376706479e+00
3.543355494162681474e+00 9.107013873922622516e-01
3.678697443266781608e+00 1.007858883822988272e+00
3.449999020305584807e+00 9.408939852690740846e-01
3.559563265045876168e+00 9.573362479809478520e-01
3.388880588447505726e+00 8.946373017641910952e-01
3.205210639661624672e+00 8.224275809664599590e-01
5.284950504949858185e+00 2.013641276315336182e+00
3.308588715701056948e+00 9.128666430141676447e-01
4.433017043658649570e+00 1.384663899746408244e+00
3.792868832157284764e+00 1.070051985311811560e+00
3.197601929745468752e+00 8.736449247701534304e-01
7.362117992376804310e+00 3.694559785844647948e+00
3.384548665930963374e+00 9.110415518514233257e-01
3.400737029163551028e+00 9.012012662428071641e-01
7.289693283896261811e+00 3.572531483215363401e+00
3.292698396127652583e+00 8.670466539190262445e-01
3.391950459165580245e+00 9.181093376351929791e-01
3.451554297408919059e+00 9.714164351866272362e-01
3.479726299759903885e+00 9.535740241626912139e-01
4.788373154050355573e+00 1.608816410678805653e+00
3.369251037670452753e+00 9.007448930413353150e-01
3.463442694631504448e+00 9.143109030216304278e-01
3.241023402155569499e+00 8.601720954266154351e-01
3.526299547567960602e+00 9.908742236509380241e-01
3.293041707111759475e+00 9.235481034562110780e-01
3.445801389953774052e+00 9.277366025439027775e-01
3.198517248909497734e+00 8.231701728027225329e-01
3.136149680812974960e+00 8.770983967129268866e-01
4.082143057562345412e+00 1.206137076453314583e+00
3.812143319009604348e+00 1.012835249205771282e+00
3.115904875549919684e+00 7.677579117577989498e-01
4.851320620434381503e+00 1.639758003360986427e+00
3.450347418923503717e+00 9.603578670667604067e-01
3.353739994924897161e+00 8.806187185476063162e-01
3.293200893166198906e+00 8.928343384324211041e-01
3.440307725732946409e+00 9.005428235558596839e-01
3.979404981838621680e+00 1.159864861885827603e+00
4.796101737358974937e+00 1.614093712542979286e+00
3.326192679248034523e+00 9.213241496143955711e-01
3.018633224968918505e+00 7.697470514585057488e-01
3.497004540890619850e+00 9.918139345303708110e-01
3.342740972441945235e+00 8.889733482380363094e-01
3.431223262763943183e+00 9.334410642457948715e-01
4.005020027416709816e+00 1.117698238308497238e+00
4.330919567680897586e+00 1.376970346686591462e+00
4.858123383904644932e+00 1.587848037039868876e+00
4.149097168303410577e+00 1.191490828421981396e+00
3.147833123228441998e+00 8.102069409277281586e-01
4.651026202043242463e+00 1.657460505485381042e+00
3.247756623630916106e+00 8.596160685933291745e-01
3.746414890550288757e+00 1.039672207307646756e+00
3.308095979105200701e+00 9.094933493804560065e-01
3.549286098953573276e+00 1.000367035642468982e+00
3.895103591686610578e+00 1.181639347193591094e+00
3.249311230060946798e+00 8.687305929459357978e-01
3.335441652514251842e+00 8.836214511136329941e-01
3.114386859427706433e+00 8.228899327351443249e-01
4.743011114904021497e+00 1.569063399748944931e+00
3.716018751949442311e+00 1.043955831373210907e+00
2.958152210123457415e+00 7.783580344504065218e-01
3.262754832819809714e+00 8.498628649283096470e-01
3.286354598127844362e+00 9.143494731248904550e-01
3.255571478210068204e+00 8.509581539026879193e-01
3.445634816087507435e+00 9.125834932798232435e-01
2.993429246115058451e+00 7.650261767896714415e-01
3.542376934105155861e+00 9.314470578087410413e-01
6.644134333888126243e+00 2.993268033616719670e+00
3.319455002035208935e+00 8.758151451619173855e-01
3.567868066729621646e+00 9.374219317354418601e-01
3.865014708684884948e+00 1.121451756449024062e+00
3.147910528109622241e+00 8.002078758496335986e-01
3.339002434228436567e+00 8.784771892128949711e-01
3.496322296439307475e+00 8.855752645278311963e-01
4.107433938766692272e+00 1.248754717749228416e+00
3.091650031328070369e+00 7.417174535932353763e-01
3.372051436951748915e+00 9.294701369171515237e-01
3.371766031957458498e+00 8.920325101659984934e-01
4.033161700390085258e+00 1.182144759922367561e+00
3.149760715074082729e+00 8.553789785041618909e-01
2.987241922715591524e+00 7.960574603165011531e-01
3.491287223401799533e+00 9.619344297030802959e-01
2.968821958948841377e+00 7.635073886474460503e-01
3.565494270332839388e+00 1.038407524565981177e+00
3.287860188890600721e+00 8.902588814111023208e-01
3.498941697306051424e+00 9.350356109017220474e-01
3.085306245508330214e+00 7.960919971286405383e-01
7.127458643710041564e+00 3.469859176746553864e+00
3.196413889080231385e+00 8.224299894850740644e-01
7.263961908169775938e+00 3.719649699272650434e+00
3.357760381389335969e+00 9.097845137637954327e-01
3.761701165941317537e+00 1.032899031071814466e+00
3.206202788628144340e+00 7.886583429722698879e-01
3.698423527402412425e+00 1.029883917334066146e+00
4.754280763468091031e+00 1.582355696161636072e+00
3.127944400104214484e+00 7.938048007109687054e-01
3.099159643379299833e+00 7.944244154232683597e-01
3.047003552856120123e+00 7.974533836561430444e-01
7.177499608720953717e+00 3.524870485449399737e+00
3.177124593172742095e+00 8.735792490965847978e-01
3.406793499769155353e+00 8.810306402232582768e-01
3.549382789748564804e+00 9.524780535161309070e-01
4.061365227097151198e+00 1.261084689839319317e+00
3.424838873828705665e+00 8.794397712975505765e-01
3.367985575269869525e+00 8.661114260981058743e-01
3.639297507846084745e+00 9.898790441915122917e-01
3.522651747732601812e+00 9.636764636788051064e-01
3.128123029362300578e+00 8.461500689698351341e-01
3.612142690750292484e+00 9.558317513499511309e-01
3.023516593895899440e+00 7.541869078684435568e-01
4.415810857376530230e+00 1.437961839159839217e+00
3.326218598780794178e+00 8.786120881549901451e-01
7.322723080162290898e+00 3.588310536762888692e+00
3.219093576721322680e+00 9.166433347442780599e-01
4.495966390171731497e+00 1.469958490787887539e+00
3.643283206055328183e+00 1.011607507130267924e+00
3.302627981088701148e+00 8.868863165672432602e-01
3.644087172869171276e+00 9.591144352353844216e-01
3.455337556113649011e+00 9.341636423944007506e-01
4.793686178330730741e+00 1.628988165396173526e+00
3.381122650389112305e+00 9.352664274712834125e-01
3.375272665213506329e+00 8.753195307350393195e-01
3.474064150682022234e+00 9.068434552679937033e-01
3.868546670720453662e+00 1.055484341717524366e+00
4.202892424859944853e+00 1.264645144750303984e+00
4.401391383532972768e+00 1.339256864810851155e+00
7.157828915057678820e+00 3.490951263538292437e+00
3.190371678037053904e+00 8.729833454166944229e-01
7.488379610009042509e+00 3.755157100808571791e+00
7.376981855054292936e+00 3.664652282932558514e+00
3.589893919786589560e+00 9.707198977116253680e-01
3.422938396686317386e+00 8.367340780022126667e-01
7.254568732682691312e+00 3.511775345681163785e+00
3.305499428980543719e+00 8.749229162704706964e-01
4.320155936397164886e+00 1.360464343979773227e+00
6.290176683587833217e+00 2.709380739243886449e+00
3.005499383440459749e+00 7.268639062644340898e-01
3.426881796811561021e+00 9.351455553425583878e-01
3.355587443204702591e+00 8.868214646247272182e-01
2.822345567063616834e+00 7.244332260227809295e-01
3.414644347666194069e+00 9.433763405051163176e-01
3.304756917238231395e+00 8.972428940728676139e-01
3.125192785224910619e+00 8.252192032916754183e-01
4.669921229372411275e+00 1.501462319335041373e+00
4.261756262121257244e+00 1.283549410674307056e+00
3.218254760596902297e+00 8.119082869185922924e-01
3.183419004463535096e+00 8.465349109152838780e-01
3.429476604496588532e+00 9.258333518009908003e-01
3.400794268656005315e+00 9.369960450230239157e-01
4.303550719408445246e+00 1.389446860490908264e+00
3.387519998083315720e+00 8.910824007667288438e-01
4.377432279372644786e+00 1.466223795439952626e+00
4.793321983460236524e+00 1.663824378490983413e+00
3.183021871256121571e+00 8.600431804931090163e-01
3.270044666217274631e+00 8.737127460222218200e-01
3.473324323733950170e+00 8.667476745554982820e-01
3.313659910273181186e+00 8.931689455553887269e-01
3.203905717762185468e+00 8.533935955802119944e-01
3.259971367086643923e+00 8.462559413933531394e-01
4.777763621916312431e+00 1.597099080715671526e+00
3.370776823914400033e+00 9.056143396767170062e-01
4.606331670994600280e+00 1.531846862958495592e+00
5.587779814237620712e+00 2.229393879791190525e+00
3.132241546943377752e+00 8.376729869783577920e-01
3.521197512662238349e+00 9.702368438672597240e-01
3.320570746293740605e+00 8.997365371702735759e-01
3.399396688719696247e+00 9.933259459543710701e-01
3.254432057510173504e+00 8.775344128862825333e-01
3.159597150242297481e+00 8.197846930649090869e-01
3.093031638745919132e+00 8.302922556348313332e-01
3.489176056148867389e+00 8.824685509288283658e-01
4.903112548776927149e+00 1.574993641244885723e+00
4.162808907015470794e+00 1.309549402238386007e+00
3.170547431910309299e+00 8.297414607403489351e-01
7.149075739959309672e+00 3.415345631232947987e+00
5.604350498046716034e+00 2.229710633972274980e+00
3.427475117396421744e+00 9.350787928898074419e-01
3.501949693213175507e+00 9.620355742075165084e-01
3.334751704845626552e+00 9.188650406892509004e-01
3.442487666336177643e+00 9.374181200025406557e-01
3.343719082479862603e+00 9.264775607052169182e-01
3.209581164147276677e+00 9.040813672645581223e-01
3.528299896939866453e+00 9.270670253388004767e-01
3.277302123536676604e+00 9.070670578940766005e-01
3.210924212160533475e+00 8.685234373806779429e-01
5.532762718876851338e+00 2.246170562698240225e+00
3.291711408822623586e+00 9.101490092289734601e-01
3.613202369033832628e+00 1.015991809341075802e+00
3.585822470554066221e+00 9.313936072034475488e-01
3.310577099860030348e+00 8.874030360162892261e-01
3.121855316276828773e+00 8.358156938919927281e-01
3.150192894694454626e+00 8.213654030320395316e-01
3.149522365237724664e+00 8.132562694824874150e-01
3.555097431171553968e+00 9.888026068696612603e-01
