6.287155790369045150e+00 2.286983903234278248e+00
5.938654116258404336e+00 2.109435093217349344e+00
5.748061895685122380e+00 2.011880419604671566e+00
5.801678998261058595e+00 2.090138038238485318e+00
5.722668934289702136e+00 2.018868885601792673e+00
6.228472830863942100e+00 2.297220067265928645e+00
5.639208225357385196e+00 1.949454883902371760e+00
5.352288763246927594e+00 1.846436041910300085e+00
5.653067890996602785e+00 1.949134307980409986e+00
5.019970122206700580e+00 9.742714406577285269e-01
6.133039334175943935e+00 2.217229320679529270e+00
5.915817454078010407e+00 2.063507093054347319e+00
5.652874969321903365e+00 2.021961989822208317e+00
5.819238655829535034e+00 2.119026297797677039e+00
5.452134418077841715e+00 1.950687028207570783e+00
6.494343760565571166e+00 2.328767040213997497e+00
5.414886144596789741e+00 1.872693242410591985e+00
5.156334732539072263e+00 1.811856205354092753e+00
5.739592994521039770e+00 1.905309494207915399e+00
4.861766275876285626e+00 1.117769852604007408e+00
5.315781484092725329e+00 1.805652083095784954e+00
6.176068764098406660e+00 2.199921947509365872e+00
5.229357757187704792e+00 1.725315738724030767e+00
5.601686107553634386e+00 2.026284772409561619e+00
5.567802392708217418e+00 1.976036209301250013e+00
5.522963023449902309e+00 1.904587783265735412e+00
5.597413485724383797e+00 2.024105216172664701e+00
5.370973774631719877e+00 1.830273388081343544e+00
5.601605005546776539e+00 2.015365569809830504e+00
5.802584072401341331e+00 2.063964460788502819e+00
5.801187752290822175e+00 1.954985662220493969e+00
5.708457603486390752e+00 1.925636382844203132e+00
5.883099765086900135e+00 2.188047367800104670e+00
5.326897092698620995e+00 1.838346621161711436e+00
5.821116866666681489e+00 2.109394580563209498e+00
5.450673828633323836e+00 1.888121685664239546e+00
5.829958587587769081e+00 2.106245632770629150e+00
5.928414404626555445e+00 2.132464328118132801e+00
5.197238665588368889e+00 1.799069377558919269e+00
5.794177890189802227e+00 2.034478598020288409e+00
5.535183748416167226e+00 1.958837044429197594e+00
6.014583573746241640e+00 2.106533940100230762e+00
5.038039150032757263e+00 1.639899340385150950e+00
5.539878095144358028e+00 1.960216274285768945e+00
5.995422539489166702e+00 2.183392439276352182e+00
5.411318456572619340e+00 1.937734156444285150e+00
5.838401787597315540e+00 2.083968032607767640e+00
5.723932229854399978e+00 2.017601542260471170e+00
6.215855334360290918e+00 2.201135345855581349e+00
5.604864096108013172e+00 2.002830020970670422e+00
5.982626731888666782e+00 2.179732886865502373e+00
5.503095726759640094e+00 1.890268432930030551e+00
5.256855213317072284e+00 1.821401426096978415e+00
5.496997254935222621e+00 1.946003692060038537e+00
5.933395354297773316e+00 2.089644297720022692e+00
5.800859817249278017e+00 2.089441543398150802e+00
5.831269071724288544e+00 2.166928648424714332e+00
5.443305473690301710e+00 1.926787947028589354e+00
5.968993265693774752e+00 2.123036300725283265e+00
5.600464168465603798e+00 2.016530165218737736e+00
5.992621934295825348e+00 2.076222074311169674e+00
5.119150615725096998e+00 1.754647941389163801e+00
5.636148585587044124e+00 1.966068972561266115e+00
5.862039817297213240e+00 2.078490609341610895e+00
6.054487917041726064e+00 2.187107115212965969e+00
5.689087394358456784e+00 1.954116498235237698e+00
5.885895952548165333e+00 2.046779464616833799e+00
4.391647301357083144e+00 1.058420504115130445e+00
5.813671035317474534e+00 2.066309391024922615e+00
5.816622864969433593e+00 2.105167930053983838e+00
6.033503865766044250e+00 2.160443680788688425e+00
5.597720750592523942e+00 1.990111029654629160e+00
5.275983002294077018e+00 1.844337224167940326e+00
6.041987783050527305e+00 2.181754542134670682e+00
5.855779051363519727e+00 2.098049687361052573e+00
5.888309884933583760e+00 2.078655644913791622e+00
5.154310313886604433e+00 1.860820903790379344e+00
5.794272864866107042e+00 2.013834261440419660e+00
5.223761618927116324e+00 1.901977591193582340e+00
5.533129780324506086e+00 1.941017534522198495e+00
5.635875351354920682e+00 1.968439513888175396e+00
6.109504468649464393e+00 2.208395423996420082e+00
5.192448799375027235e+00 1.787864625734497448e+00
5.363651534931030973e+00 1.778994212720562018e+00
6.354015863154736543e+00 2.274249359737780196e+00
4.734488754900778140e+00 1.245280221408227694e+00
5.927607692041738652e+00 2.026378762122664767e+00
5.524118022040541476e+00 1.980775680359290192e+00
6.071045290965594532e+00 2.081196401374575622e+00
5.475586634820407639e+00 1.876303232359578743e+00
5.585775155460313002e+00 1.990008675312045616e+00
6.271170143465164770e+00 2.233826815461835480e+00
5.841762939092472351e+00 2.110759108731352640e+00
5.860223276867619902e+00 2.082299609887312553e+00
5.738200175759805788e+00 2.073704620819638134e+00
5.821996185664062295e+00 2.107576759111593034e+00
5.285158510884985006e+00 1.854557098043588370e+00
5.666452834244189773e+00 1.960510503076149380e+00
5.256081291354178120e+00 1.872315267371354119e+00
5.350640379162294735e+00 1.728437758423301052e+00
6.098579586110234985e+00 2.162392377315712100e+00
5.762491332353112838e+00 2.018321086510044715e+00
5.365481138269815986e+00 1.835187238899177897e+00
5.824830392588085104e+00 2.076438844332032740e+00
5.800563251005039334e+00 2.084095088451737965e+00
5.574874181797829564e+00 1.968027586884126379e+00
5.830926952728833434e+00 2.130609551975088056e+00
5.612677049633573390e+00 2.044052915496617828e+00
5.560915419077466559e+00 1.933054379605181117e+00
6.170918253024528788e+00 2.210529263829594360e+00
5.946592492499675586e+00 2.100200415488737260e+00
5.543537473863534792e+00 1.952055268345928019e+00
5.016693766344682004e+00 1.433843734346740062e+00
5.462700520694832029e+00 1.925054706096472446e+00
6.109831825579972175e+00 2.179347861416821797e+00
5.877395223646770361e+00 2.104830135370254762e+00
5.596793486842107868e+00 2.042851848942979220e+00
5.556825549949005350e+00 1.996547815309257512e+00
5.945786681325758494e+00 2.144109104297637014e+00
5.785124491884201525e+00 2.027265494844862292e+00
5.567558378092872573e+00 1.958249529687854817e+00
5.893653896387115232e+00 2.131896413544518420e+00
5.575003970166273248e+00 1.972180801829423791e+00
5.436090843163005282e+00 1.922379895093941249e+00
5.749860837478170339e+00 2.045634465999180307e+00
5.515469914036896348e+00 1.919594486422943058e+00
5.645347513922182259e+00 1.968878809941270625e+00
6.367156353614374709e+00 2.392873737874382734e+00
5.886308872452682195e+00 2.032258234841421096e+00
5.508284567867569592e+00 1.923995046817372545e+00
5.990356254023753380e+00 2.110509385834232976e+00
4.679649831229743207e+00 1.164416198867510577e+00
6.042685932796345583e+00 2.165863560578185965e+00
5.904202701694388544e+00 2.127085001062387182e+00
5.468276679425454034e+00 1.911120945868796994e+00
6.346054990312318900e+00 2.279576533613821621e+00
6.000194024776354773e+00 2.129747344498581274e+00
5.790938330569360915e+00 2.117825684375295836e+00
5.744022665626309809e+00 1.979250366487042889e+00
5.774166804762360883e+00 2.076367798764517492e+00
5.975479818276362209e+00 2.115730314738569540e+00
5.404052099551214461e+00 1.879804012355186682e+00
5.617155499755670078e+00 1.989182405087974059e+00
5.608188409002064390e+00 2.039546421720591862e+00
5.525209209937973931e+00 1.955058119224479807e+00
5.267647253708774180e+00 1.778957353362481397e+00
5.307174504548747507e+00 1.845212077758074054e+00
6.416859573531726646e+00 2.279467229183228305e+00
5.603346647774372968e+00 1.922864607883861821e+00
5.338124564536210315e+00 1.842606967631025272e+00
6.000248013000793357e+00 2.143635859699103197e+00
5.482562846142251978e+00 1.912502131881947287e+00
5.727663515361116175e+00 1.994019116906952771e+00
5.669943225970711431e+00 2.023737062817908328e+00
5.386890512294221445e+00 1.924608736322396041e+00
5.233893517632512093e+00 1.826593950689228141e+00
5.905004028237654801e+00 2.139931947044400928e+00
5.870254712326603119e+00 2.118126693491268142e+00
5.608167592152934589e+00 1.966121604769625719e+00
6.030941884534979813e+00 2.181188254022826456e+00
6.053455026089045177e+00 2.254674133194975560e+00
5.830305649006892743e+00 2.079373112491243347e+00
5.774643950312613683e+00 2.093154088542759528e+00
5.475845753444501085e+00 1.948701262178765159e+00
5.373040093441295184e+00 1.884715145489571420e+00
5.070612812396050550e+00 1.732227682182843953e+00
5.664044953252730608e+00 2.047256908121164898e+00
5.112477629187271333e+00 1.788704374508999217e+00
5.526623185931952342e+00 1.967820193595207323e+00
5.547719443400337624e+00 2.005370010151274140e+00
5.182686091678673890e+00 1.831175353810580830e+00
5.527408378759108842e+00 1.900137274667569987e+00
5.770510778064152468e+00 2.104461965648364963e+00
4.833388049209468740e+00 1.142493235836625765e+00
5.797862815064942055e+00 2.149682298227087340e+00
5.657508500160801646e+00 1.954585389385978145e+00
5.888606127915907429e+00 2.050767934681984261e+00
5.653658141829522421e+00 1.997848781136822183e+00
5.343993076354557559e+00 1.851021362256520586e+00
5.160146747545340418e+00 1.768940328978829024e+00
5.826347176906162773e+00 2.128620195115356051e+00
5.779765353361561608e+00 2.102787861638709455e+00
5.786008307894337399e+00 1.970593117092140689e+00
5.597601712499569615e+00 2.013165624625136818e+00
5.968298268127593786e+00 2.079877426876716839e+00
5.530400953735312264e+00 1.987551795534345578e+00
5.456929950841231225e+00 1.932091159916522471e+00
6.025212164757784983e+00 2.181404488341523340e+00
6.047540971297399537e+00 2.185780095702944514e+00
5.262760482360874015e+00 1.851310176915467176e+00
6.286957314485510651e+00 2.287492981561085159e+00
5.653747866828417123e+00 2.006460212334550519e+00
5.864063715774722851e+00 2.060728131947322517e+00
5.453893582276643670e+00 1.866405155025091300e+00
5.849204951088038840e+00 2.070162669125378940e+00
5.926212037652321740e+00 2.132097949395340919e+00
6.149105577094004182e+00 2.202417436287746888e+00
5.479724366825256432e+00 1.906146733108911473e+00
5.595953118116227643e+00 2.058950683800978343e+00
5.583594703946710425e+00 1.927030555774814413e+00
6.126935808218429536e+00 2.231601141280740830e+00
5.818836676416522025e+00 2.044897692589370486e+00
4.339287869132879116e+00 1.065104244005807832e+00
5.795563943568605048e+00 2.067837912411684353e+00
6.018728553846368179e+00 2.140678754458449351e+00
5.775790067029010544e+00 2.126650283050442791e+00
5.909086228124719398e+00 2.131211547190989375e+00
6.257630607777675991e+00 2.314436317896306328e+00
5.672070295340778223e+00 1.961335273709934990e+00
5.699819547526956853e+00 2.000982085693343127e+00
4.787195733571235401e+00 1.579548533711992553e+00
5.344152305666731273e+00 1.782104279670070790e+00
5.533932971262008671e+00 1.933797033100700613e+00
5.678145699052917550e+00 1.977062642411924864e+00
5.809111582856161249e+00 2.121409752315600361e+00
4.822449936946258120e+00 1.635352898869085747e+00
5.612973558974683641e+00 1.985442318882199686e+00
6.070286957331205713e+00 2.180612945072871955e+00
5.085043032045031275e+00 1.744954439703188864e+00
5.599321443862778303e+00 1.953675338639384806e+00
5.579663282962517457e+00 1.892962746446067435e+00
5.870786220570032299e+00 2.130125620830544353e+00
5.671495569152114058e+00 1.991140929062306331e+00
5.544929711267863937e+00 1.938136744122576971e+00
6.059874401321269310e+00 2.164656974524979294e+00
5.778610178572771261e+00 2.013450159943120710e+00
5.925603309320575995e+00 2.080711520892733368e+00
5.567366931327875079e+00 1.908720255198719462e+00
5.833185665813824805e+00 2.081042996761955255e+00
5.697206416871945400e+00 2.006805106242285586e+00
4.833758662809032103e+00 1.551237990234801245e+00
6.038109919601767572e+00 2.185847356809078601e+00
5.887564757582330444e+00 2.089874290595290507e+00
5.721182595245978497e+00 2.082254713662891277e+00
6.368472287144030020e+00 2.287409907872295811e+00
5.569494520730210674e+00 1.920438626578457653e+00
5.628551686107190477e+00 1.997510657963931902e+00
6.377269808176791344e+00 2.311316400373087276e+00
5.749507056976663755e+00 2.027917477459293405e+00
5.372707788089149616e+00 1.878900233010965870e+00
5.477665393894768364e+00 1.931869847320097922e+00
5.682587162406037784e+00 1.974822094407106876e+00
5.483716883451287494e+00 1.919208846747169073e+00
5.366842069109678981e+00 1.885243229492827188e+00
5.787167691091980259e+00 2.080058430448102236e+00
5.878801197727685057e+00 2.089859177173771787e+00
5.314456782672623447e+00 1.848645703351482705e+00
5.646289783853171151e+00 1.961431053625857235e+00
4.997234088354318260e+00 1.729406597014967240e+00
5.439571267378223496e+00 1.869437698829331751e+00
6.694652311891664098e+00 2.660061954632870762e+00
4.769998414574016188e+00 1.549954087132336733e+00
5.947485415756887051e+00 2.115973065258969221e+00
5.690026865204652395e+00 2.029941325863795498e+00
6.223600601791487996e+00 2.263025179945263865e+00
5.547021226984108822e+00 1.952686436963427363e+00
5.978031496745186857e+00 2.070247623946879223e+00
5.866110632074574838e+00 1.990757893010236312e+00
5.705417980575085757e+00 2.046142384377190648e+00
5.330694885674155614e+00 1.875194917855056653e+00
5.891221127298014615e+00 2.086122770778715108e+00
6.100429496883752023e+00 2.197153754095523492e+00
5.966523046239259109e+00 2.110682212630056842e+00
6.017085706046072069e+00 2.163099606392843377e+00
5.535372927804697696e+00 1.915587523452739305e+00
5.575368095236033383e+00 1.899455287800737358e+00
5.981226627692382003e+00 2.162135309212960266e+00
5.567696348201987888e+00 2.012559814160853833e+00
5.646577060895205946e+00 2.072241562914782342e+00
5.987422829201803687e+00 2.110361550241361961e+00
5.652829871233222114e+00 2.009660442928913326e+00
5.942125361729948096e+00 2.186220917179515055e+00
5.507432094329399952e+00 1.792559146799223679e+00
4.454298252861655705e+00 1.060234609478046375e+00
4.330968970249674754e+00 1.089762916160051498e+00
4.534706687365845035e+00 1.090885325613792922e+00
5.995724635832450744e+00 2.180252257740265431e+00
4.375957324858733344e+00 1.045078999669885933e+00
5.506264066158349735e+00 1.901411975781822417e+00
5.803094240900867895e+00 2.055487417648523163e+00
5.984579400624514101e+00 2.155349718766308875e+00
5.362523061516935918e+00 1.913197567172753022e+00
5.992548835786058348e+00 2.176988019735459634e+00
5.625194501819279047e+00 2.008539579986222456e+00
5.158433653521459661e+00 1.798314622534860741e+00
5.319210917171022679e+00 1.830856467422916412e+00
5.002881954972154155e+00 1.747718614218727540e+00
5.663147754566835168e+00 2.010312754103594557e+00
5.915576607238739903e+00 2.129279395724339885e+00
5.677100357832556732e+00 2.060364302224418243e+00
5.656838327119337428e+00 1.994607881464929733e+00
5.660085337838812514e+00 2.021843935089044031e+00
6.126118952267406215e+00 2.172047679190329372e+00
5.982597631918642911e+00 2.132836696126692466e+00
5.645923147160810451e+00 2.027795224512852545e+00
5.702880984088733562e+00 2.008811046090108299e+00
5.834895461485550605e+00 2.034236849066174191e+00
6.043662760255951838e+00 2.099087291279749135e+00
4.373367322992351980e+00 1.061559852489528888e+00
6.130836047084939899e+00 2.106933838826346772e+00
5.907885456504506472e+00 2.058451898948573611e+00
5.169996065300097143e+00 1.797393456656194877e+00
5.625617272207644959e+00 1.964267899689370545e+00
6.106404475611126870e+00 2.143693604249672369e+00
5.556791500479222989e+00 1.936112367314418048e+00
5.049479381065120620e+00 1.727372034385277866e+00
5.392515533208270817e+00 1.938202350456501799e+00
5.300659408448846754e+00 1.802403063739863365e+00
6.077438283469468239e+00 2.147806381372598494e+00
5.289052408750752221e+00 1.813705748079423641e+00
5.772179439545927160e+00 2.071602785724774076e+00
5.525046720150872837e+00 1.973093030605833853e+00
5.860831195173788366e+00 2.170288484377495664e+00
5.929671544060989952e+00 2.101546009859730724e+00
5.991318522382594658e+00 2.146799755995043135e+00
5.489341860264942419e+00 1.940863540920168662e+00
5.193126721722467920e+00 1.837391943845903430e+00
5.858551811740461801e+00 2.116692546731168800e+00
5.840896998172681265e+00 2.099965260542843826e+00
6.002954728952554220e+00 2.191589670424225034e+00
5.576479036590878735e+00 1.946917371000759012e+00
5.520450514396930686e+00 1.821159293672891977e+00
6.046350101671245092e+00 2.205617464255263727e+00
5.836618968467723434e+00 2.107059368879124595e+00
5.616615317727371881e+00 1.920655940917155968e+00
5.828089317882535703e+00 2.109583978352202571e+00
5.775582586686097919e+00 2.055339504027104969e+00
4.799851007246696000e+00 1.561834858211180510e+00
5.400205610098446130e+00 1.804685694496786841e+00
6.453762680644368643e+00 2.410607633801331584e+00
5.672841604434646356e+00 1.937690515583273765e+00
5.634757963261885827e+00 1.998831152316178805e+00
5.873515537738878578e+00 2.097075313876753277e+00
6.044409917673925214e+00 2.222017656973926059e+00
5.937164012301530569e+00 2.137841647849102245e+00
5.847492930433686453e+00 2.112693514054472033e+00
5.686503559220838611e+00 1.964387536682096869e+00
5.887281915706229718e+00 2.073142885736123375e+00
5.569529119612437462e+00 1.927159955415435277e+00
6.246736735157569775e+00 2.250989764300705964e+00
5.392407632865433342e+00 1.827771573859550358e+00
5.620704146913849897e+00 1.963132043101897928e+00
5.601796184310402715e+00 2.012231887007343900e+00
5.945410293881205455e+00 2.178768383663953312e+00
6.214852276058646652e+00 2.238540161744206447e+00
5.656917555818012033e+00 2.019072218381184669e+00
5.714400628671024940e+00 1.974555466004465520e+00
5.852324375589478045e+00 2.068644650243030014e+00
5.617193432170522804e+00 1.927408234352893546e+00
5.490509701859529024e+00 1.891152427234108035e+00
6.025291342159769137e+00 2.162809651454910220e+00
5.956275107863790552e+00 2.150026724053761384e+00
5.921478250126511966e+00 2.148471946237946018e+00
6.415321789890605864e+00 2.371689924701983809e+00
4.887136003344314972e+00 1.648386656750368662e+00
4.973949888760728300e+00 1.769042880397312834e+00
5.881079274998881168e+00 2.140928437258545980e+00
5.811679516930928990e+00 2.058936537214414830e+00
5.516119434907841956e+00 2.001192267801657820e+00
5.479574414330508958e+00 1.925250285959236640e+00
5.756734269605564336e+00 2.056239517148939822e+00
5.777603474230714298e+00 1.978875829448434098e+00
5.678560421985206830e+00 1.940806784760435777e+00
5.976075301947360252e+00 2.114991816744777875e+00
6.274674125640433253e+00 2.281917398983131395e+00
5.599769785805366773e+00 1.935246795723571722e+00
5.508394869721920273e+00 1.857184180268394602e+00
5.967645084766922459e+00 2.161376188738918458e+00
5.868063837541904526e+00 2.099568227514038821e+00
6.157216947044654276e+00 2.214444386810482168e+00
5.489650740838174947e+00 1.904409759128034896e+00
5.082796622054445379e+00 1.861003012187828487e+00
5.685188788592484777e+00 1.975036750334731028e+00
5.976991411344727112e+00 2.117347593021045249e+00
6.087430462915598639e+00 2.143825369398488778e+00
5.881784278451090309e+00 2.066138863346223875e+00
5.665267794804575097e+00 2.007345416644436664e+00
5.118451549075936136e+00 1.779146138101902475e+00
6.016834564846139877e+00 2.105823750656378390e+00
5.029068497588307096e+00 1.783024656538344965e+00
5.993073961313708509e+00 2.149813671704788209e+00
5.293810629321651362e+00 1.768347508040097882e+00
5.276077992038135989e+00 1.862728097466011867e+00
5.673927243522620678e+00 2.022382382334090067e+00
5.614244394343132605e+00 1.936264406897445500e+00
5.928037639825284089e+00 2.155532795027996773e+00
5.362515956987337518e+00 1.888450050759284071e+00
5.555937692119198523e+00 1.969092027973637027e+00
4.787887682159633229e+00 1.686039245071906834e+00
6.047476647045785469e+00 2.119886717864134962e+00
5.710456485224910672e+00 1.970155663870354346e+00
5.589707940819319987e+00 1.953857713100770832e+00
6.170161513652740126e+00 2.342684637128603864e+00
4.530158784196757438e+00 1.159381357860078454e+00
4.733616916946690623e+00 1.245052897404283598e+00
5.610441419755866299e+00 2.025018357245123468e+00
6.062709473293384832e+00 2.180570522925760812e+00
5.521404340432167324e+00 1.969313720479205276e+00
5.624742052285053973e+00 1.976102968646437752e+00
5.828600612996910790e+00 2.070682343746804488e+00
5.736810365150395441e+00 2.049081624016444891e+00
5.420016051725893291e+00 1.855888616198069663e+00
5.699426131545892282e+00 1.967379268041987928e+00
6.088623862409121124e+00 2.167681517108790423e+00
6.142112298293392669e+00 2.160893335723464759e+00
5.499561547297391328e+00 1.915928173503792298e+00
5.919405637285415800e+00 2.140685822457553567e+00
5.542548287603497492e+00 1.913736673701308177e+00
6.037939406436347411e+00 2.095084242835286936e+00
5.488829426108473797e+00 1.940529261032299058e+00
5.917689717689324169e+00 2.080268291697433547e+00
5.363803342234541027e+00 1.793518828426837741e+00
5.735392067202568001e+00 2.052945615930095169e+00
5.258528632083200982e+00 1.787140314134348928e+00
5.443582473094408236e+00 1.839093559391074884e+00
6.101844402357427199e+00 2.187878429063480734e+00
6.074073212119480480e+00 2.122674081826585901e+00
5.124641031054605556e+00 1.869295009031958221e+00
5.674495099837702838e+00 1.975589878146514211e+00
5.656620355652100862e+00 1.989522029442276629e+00
6.212146983700871594e+00 2.228807609961749314e+00
5.806624731539581141e+00 2.018742430718009739e+00
6.043551909932053157e+00 2.145086710225058368e+00
5.167061737185067116e+00 1.798633258157775527e+00
6.029956558360440866e+00 2.152861959464539066e+00
5.600423208890521920e+00 1.902516560384873046e+00
5.793259068746465346e+00 2.088191911093072228e+00
5.840959669477950200e+00 2.046000802279753561e+00
5.128705230040660368e+00 1.786947076266691692e+00
6.079547397104080986e+00 2.153908613552777407e+00
5.603074046147544784e+00 1.959608528641124447e+00
5.857310137217422330e+00 2.059709732758303602e+00
6.121378398949899768e+00 2.139645307392576079e+00
6.414615132318933988e+00 2.318942756419753781e+00
5.806929320361308378e+00 2.068576244399535469e+00
6.189142291486609437e+00 2.220083797285014704e+00
5.984452899100662471e+00 2.111908455816617902e+00
5.305201160816420902e+00 1.812968395404835675e+00
5.770587539152185919e+00 2.004589955380905675e+00
5.549796601787516437e+00 1.940771744584981029e+00
5.676065919871917664e+00 2.007386020468209242e+00
4.861544777428920661e+00 1.138913025729836104e+00
5.851150750422035252e+00 2.072900127957430172e+00
5.562426923376283305e+00 1.918721500508108413e+00
5.578958127688669499e+00 1.923684113444356747e+00
6.010543640547612476e+00 2.126288508175584013e+00
5.734988698801964269e+00 2.038155547490696051e+00
5.104713454895879465e+00 1.781895853106337357e+00
5.198554781880956099e+00 1.817162298344234372e+00
5.275074593172899284e+00 1.761258920419934038e+00
5.444657433797974733e+00 1.880238309951790532e+00
5.745472028530448583e+00 2.119703062071783162e+00
5.905807627374581870e+00 2.118762185286465538e+00
6.051290263859230301e+00 2.197325334436682098e+00
5.769035739392466944e+00 2.058289387049197394e+00
6.259005017006973759e+00 2.256120382781208633e+00
5.603986331842559565e+00 1.962390502201894371e+00
6.042943500051375594e+00 2.196858452570409792e+00
5.543218037398713882e+00 1.943701572312570791e+00
5.918663206126463017e+00 2.073876812263041103e+00
5.945143521889395544e+00 2.160996049261599161e+00
5.899857208546547049e+00 2.145009763494346799e+00
6.147905053736385739e+00 2.175932320979021117e+00
5.898895726357346270e+00 2.114913969647585379e+00
6.380558785030537194e+00 2.380225812808482555e+00
5.425434263423690950e+00 1.907455624135856898e+00
6.519541097622584935e+00 2.365414053556710083e+00
5.729922053400566817e+00 2.061272524566607700e+00
5.361366714837944691e+00 1.853937743707496422e+00
6.150112898919843474e+00 2.180390676346497969e+00
6.248655326344374927e+00 2.274258091353076328e+00
5.198122324435284547e+00 1.805984782755200468e+00
5.602222774175970699e+00 1.967174982867339939e+00
5.430712533651438356e+00 1.917778371489324174e+00
5.873984964774924045e+00 2.130818335105102879e+00
5.304095485778423935e+00 1.828604759180104677e+00
5.846088972158941743e+00 2.109110580649545152e+00
5.602730441366114533e+00 2.014946460077083668e+00
5.219182669699198307e+00 1.873865435062354701e+00
5.826959758503784670e+00 2.042757708368303948e+00
5.766728033402792164e+00 2.068594538043219355e+00
5.896866589013993298e+00 2.135322916675609584e+00
5.488942783541491011e+00 1.981004041844442121e+00
6.087262436435628032e+00 2.162271088168004951e+00
5.887366999837129633e+00 2.040624667844246787e+00
5.965744697684753461e+00 2.174009246710919552e+00
4.995268502753917872e+00 1.719271530076666998e+00
4.903461085672211617e+00 1.589987241709758470e+00
5.884423217398326855e+00 2.054154042678609571e+00
5.578699934832776819e+00 1.956336954192081867e+00
4.581042681132861283e+00 1.156634373665700100e+00
6.129779127965703900e+00 2.268297318082668212e+00
5.846763616556241772e+00 2.048344046443530075e+00
5.430959077046853878e+00 1.936275517797929835e+00
5.914631203644550084e+00 2.036954751291815580e+00
5.921059944352415449e+00 2.075781302531428452e+00
5.575867058369788687e+00 1.914830098649674017e+00
5.564479243925122276e+00 1.993823883260734231e+00
5.823780658492565543e+00 2.072469585383271085e+00
5.431963259266494148e+00 1.932361838495566975e+00
5.463089050118604462e+00 1.945697119616724313e+00
5.709521546345440512e+00 2.054905564354345682e+00
5.994096446094490993e+00 2.118944045031475820e+00
5.688756164962493145e+00 2.048752412581527071e+00
5.466918663951797264e+00 1.864720979065351392e+00
5.713773922556938167e+00 2.128829072730214822e+00
6.338122900556069084e+00 2.328091492279678487e+00
5.794580544750965068e+00 2.113383959581712546e+00
5.846824307188263070e+00 2.079332100732396604e+00
5.651340962561396175e+00 2.054470743010560874e+00
5.519874761906462091e+00 1.926987228031526111e+00
5.794198035143018011e+00 2.056862610562683713e+00
5.216091294177598314e+00 1.894821133239225741e+00
6.045494603500349839e+00 2.114517172241055398e+00
5.863203145046959719e+00 2.094436556158191021e+00
6.034778805813728830e+00 2.161705271422330821e+00
5.639416621963672327e+00 1.999324306138083873e+00
6.050023826109381275e+00 2.231860731806246001e+00
5.214193697966903684e+00 1.794403565045010307e+00
5.201973179002445491e+00 1.863506908230185610e+00
4.941389831631522789e+00 1.755267856202249011e+00
6.062609291278454826e+00 2.124355346988316295e+00
6.293444230771839898e+00 2.283329031733536851e+00
5.859100579070325665e+00 2.127099213811795675e+00
6.170913749703941242e+00 2.113664853203634397e+00
6.101559925441645937e+00 2.195203780842158725e+00
5.374096556851761797e+00 1.900070579393958070e+00
5.186346539879562734e+00 1.764434561445734850e+00
6.037067292642215754e+00 2.146253769370576325e+00
5.853729410983577353e+00 2.114205360099943753e+00
5.577992778861214695e+00 1.971145935202380794e+00
5.771472800332094089e+00 2.017533927532102034e+00
6.167109613900998433e+00 2.153490830765572905e+00
5.882836200628628553e+00 1.992258370348235497e+00
4.937355305383545279e+00 1.733935095226647904e+00
5.969349715943553569e+00 2.132077822243652943e+00
5.815325918504458791e+00 1.988448378891110258e+00
5.702362292224588458e+00 2.043596031808803559e+00
5.297975356380039358e+00 1.815504603201648415e+00
5.316956543417491687e+00 1.857813816663204998e+00
5.385064930767661018e+00 1.823611821617594941e+00
5.907888932566189411e+00 2.073154157898280836e+00
5.788012669430991686e+00 1.992550064760888029e+00
5.401520702278323149e+00 1.969124800122265651e+00
5.362653026036301895e+00 1.809114426905278128e+00
5.843392280793114679e+00 2.114222545283837906e+00
5.979211318549978671e+00 2.138745314231700334e+00
5.607499854395646466e+00 1.937780704057998182e+00
5.710840295402825006e+00 1.916846657079698479e+00
6.431203094863718661e+00 2.380222738805549465e+00
6.307314504261935184e+00 2.288183905208778679e+00
5.809493810208250508e+00 2.053765827284847134e+00
5.889924304495442797e+00 2.090987117272426588e+00
5.905325334795858083e+00 2.057169283305145147e+00
4.915344909564769438e+00 1.555095585960377003e+00
5.596666378075976667e+00 1.946613462509271919e+00
5.769860281643186539e+00 2.087517855179841675e+00
5.874490617279956695e+00 2.073818032756109542e+00
5.216194134288750561e+00 1.755901310364195167e+00
5.840028923019194629e+00 2.118888809664972950e+00
5.798909034956042596e+00 2.055182834336927389e+00
5.880109290383193965e+00 2.085202367483692587e+00
5.038870561429192207e+00 1.814034283769417444e+00
5.605243276403069963e+00 2.008054190953485918e+00
5.731735513663596571e+00 2.086231954490948670e+00
5.799036087780258697e+00 2.068386297530594664e+00
5.860925593284827428e+00 2.078625950908834952e+00
5.984571000460010559e+00 2.136415801816335058e+00
6.045096020598971442e+00 2.166051646933965902e+00
5.049410681589668215e+00 1.739376268486397592e+00
6.066812463064224836e+00 2.133309043725162280e+00
5.810640996705373595e+00 2.033155673079406256e+00
5.236687939878533982e+00 1.867864359924572337e+00
5.683078916729219721e+00 2.061199742108716926e+00
6.031604084082785810e+00 2.189665789566855203e+00
5.879779674755290841e+00 2.052433813957782238e+00
5.155212802216085244e+00 1.815706487106053313e+00
5.594782316538747580e+00 2.027002373220058384e+00
5.923288364847663523e+00 2.076926512347995413e+00
5.649813093707582112e+00 2.022023501986583760e+00
5.756011784904145223e+00 2.008723413065287566e+00
5.496138772689199925e+00 1.911730607068989007e+00
6.031929707894527759e+00 2.093319269734335464e+00
6.023191690919199814e+00 2.176784750837578830e+00
5.715105647760223562e+00 1.981965651869422862e+00
5.705760015286805320e+00 2.023788106120538277e+00
5.304796886725875460e+00 1.806562575201305476e+00
5.128086171356390111e+00 1.613535363179225302e+00
5.655602358952458886e+00 2.014024695678343413e+00
6.338893862018216474e+00 2.310423696551452633e+00
4.440393638493634221e+00 1.089352258525236650e+00
5.543612720003747718e+00 1.962307709059453842e+00
5.144521145058141620e+00 1.804678329726549846e+00
5.656129116930325829e+00 2.060513120335606185e+00
5.866981507186689981e+00 2.057907141135141060e+00
5.758857079265221834e+00 2.073552452070163810e+00
5.877402026034736160e+00 2.018736144851895009e+00
5.649038966275832685e+00 1.956702007628164486e+00
5.554366400685267102e+00 1.967947147728206447e+00
5.249530777705071038e+00 1.815061213561624198e+00
5.026533887823701363e+00 1.569938770091447333e+00
4.883398000819230589e+00 1.100387260238646858e+00
5.614238933572395673e+00 2.001110654028364522e+00
5.753655692862182036e+00 2.075118362998794375e+00
5.606305750492045270e+00 1.962567664041067417e+00
5.208901939737616615e+00 1.815304322035703688e+00
6.055564508420792968e+00 2.193959953241118921e+00
5.859629309902387284e+00 2.152018634219311277e+00
6.018419772450252836e+00 2.204977523054541422e+00
5.538609639875478052e+00 1.909825272396877827e+00
5.641351047604302060e+00 2.008836764362049720e+00
5.406777787639033050e+00 1.855902070113708557e+00
5.826978667296407011e+00 2.109866443283154425e+00
5.936075220428423727e+00 2.073722182233067368e+00
6.402507210259888559e+00 2.333463850983628074e+00
6.158356375349693046e+00 2.211541240835110500e+00
6.072977755400122746e+00 2.127444742183255411e+00
5.118680634492020154e+00 1.763381200064020771e+00
5.995340129257404449e+00 2.097527799495451983e+00
5.593593978134359546e+00 1.976578903064539539e+00
6.304749866299252936e+00 2.218262403314335884e+00
5.813541409575490704e+00 2.074939772151579653e+00
5.794800963131565119e+00 2.025302360685526715e+00
5.593459645664999869e+00 2.004586566939359216e+00
5.604173865469498139e+00 1.943422554994153506e+00
5.006794485124402172e+00 1.573306671673086354e+00
5.979919709454656562e+00 2.163994373632970536e+00
5.406769116618515447e+00 1.873001849631330096e+00
6.275521422530524696e+00 2.245963430057683397e+00
5.551251163909099340e+00 1.990507246108825568e+00
5.389881751526627518e+00 1.890765728859651773e+00
5.632187458242164269e+00 1.989017509336236778e+00
5.456368592817398167e+00 1.918061530324300490e+00
5.725224019006288856e+00 2.054591507629957015e+00
6.092340951208663036e+00 2.143681050581491832e+00
6.337775420924494973e+00 2.290215416438841078e+00
5.647041730512593283e+00 2.011868750236365244e+00
5.863645196822561800e+00 2.072118843334848748e+00
6.068034993353897733e+00 2.195187006412386399e+00
5.443955023592550013e+00 1.910432970266854324e+00
5.417627908753469335e+00 1.928551060700862685e+00
5.555136868430004427e+00 1.968253721936702894e+00
5.623577355003101630e+00 1.970534470940376037e+00
5.591744710808779217e+00 2.020301935047744024e+00
6.036260213398874974e+00 2.135884838617499781e+00
5.779179424943846399e+00 2.069633778423906278e+00
5.245411585043045832e+00 1.805649774129788332e+00
5.789170809916130978e+00 2.034451097198987313e+00
5.948363776903285327e+00 2.097790976542128760e+00
5.535024073880109974e+00 1.926138328804419153e+00
6.006660857373271156e+00 2.094939213052411819e+00
6.388218525010263882e+00 2.336894197509159277e+00
5.380289783993270625e+00 1.912592628677368456e+00
5.847808245241291836e+00 2.082134646534925970e+00
5.528113741885768206e+00 1.959670626980053454e+00
5.796085596184998856e+00 2.063084922914103725e+00
6.074526068184569638e+00 2.226411158827362957e+00
5.674917567274190944e+00 1.968724170462517797e+00
5.924836351158091929e+00 2.135655934649325349e+00
5.768479523537031639e+00 2.044367935138870163e+00
5.994764870264386758e+00 2.197907392129414994e+00
5.729332021054435842e+00 1.990239629226819851e+00
5.700214468507319054e+00 2.134249075667840945e+00
5.776118737499904121e+00 1.964456451624503330e+00
5.541053869657347697e+00 1.941279780501178331e+00
6.097840660025057424e+00 2.234324183785499685e+00
5.578144172317406557e+00 1.982580178453567932e+00
6.031418959988882555e+00 2.164860317497712128e+00
5.753577231556198157e+00 2.040317515773295121e+00
5.319842096032718182e+00 1.835618508853417374e+00
5.729194582140276992e+00 1.981795183204074329e+00
6.057947132806358326e+00 2.229647316521918832e+00
5.595091705476423094e+00 1.927427738826406056e+00
4.497147843041036097e+00 1.083014658334140456e+00
5.291953959292902354e+00 1.796212677529000379e+00
5.508995113657116249e+00 1.929102661448796052e+00
5.921843557975603467e+00 2.102274722877730095e+00
5.591622675923982655e+00 1.978440509196527364e+00
5.846583679871184103e+00 2.034634730267615321e+00
5.741025404110216890e+00 1.965438355178333429e+00
6.036351187014326491e+00 2.202980461751008256e+00
5.398330935860938595e+00 1.799119486825687231e+00
5.744326190697724321e+00 2.010355062990136776e+00
6.069065581100007378e+00 2.236775372858152089e+00
5.943664626695341013e+00 2.153468378736580036e+00
5.983011745961457351e+00 2.128698029692924543e+00
5.926677243826990349e+00 2.095712233723515006e+00
5.456386760535618663e+00 1.904882585465341283e+00
5.604698581220421971e+00 1.924304355807729516e+00
5.873768751487970619e+00 2.062709575897976766e+00
5.985394973553229470e+00 2.133254909939280797e+00
5.431730855779005829e+00 1.835567595185708667e+00
5.693931155131014776e+00 2.036596801367375420e+00
5.792835723049788221e+00 2.122583545540199346e+00
5.453788340745711061e+00 1.910151250063917061e+00
5.969130404749059871e+00 2.124757596110870672e+00
6.324776782484143212e+00 2.238285996988452986e+00
6.097261432806642567e+00 2.214033606782989771e+00
5.850546542585921550e+00 2.037340045007949740e+00
5.226725197423984781e+00 1.770237035770282352e+00
5.712827135681274981e+00 1.960265444271268365e+00
5.921667206038760511e+00 2.121458456637078438e+00
6.397623174575040927e+00 2.335016473569829110e+00
5.786798938983170437e+00 1.997964796891216199e+00
5.957670137873397387e+00 2.092608088332404748e+00
5.972758876639996828e+00 2.104288069553241769e+00
4.789375427075879266e+00 1.234083148563526189e+00
4.792653649369330360e+00 1.673856243393548215e+00
5.297587074769285920e+00 1.827706112960193474e+00
5.444031044690431642e+00 1.889184843987779638e+00
5.216833252970464407e+00 1.757250940072544232e+00
5.949313894077556952e+00 2.172309249885740368e+00
5.705838865556056128e+00 1.978146592318231534e+00
5.691392017133962256e+00 1.985521478172371346e+00
5.974741701493045731e+00 2.170141721984258698e+00
5.670033556828842691e+00 2.012578143944257825e+00
4.850986158079672705e+00 1.605685644390738354e+00
5.597332416955572931e+00 1.996902668847365003e+00
5.633943243804351297e+00 2.004140041616405910e+00
5.677121372531737542e+00 1.979380679664610954e+00
4.327336601916019099e+00 1.059959352692779300e+00
5.867700846092529510e+00 2.092199090289035279e+00
6.176235057810458784e+00 2.188185402051496808e+00
5.514973889763418846e+00 1.966209266227069818e+00
5.659539461348034095e+00 2.019587005244626976e+00
5.822849635581356154e+00 2.051467131113459352e+00
5.407978721066669436e+00 1.973862008515204103e+00
5.668199623683054966e+00 1.986258233491994041e+00
6.126697961702536332e+00 2.098766655813800508e+00
5.829897816894354712e+00 1.999493137653296504e+00
6.058507818571982284e+00 2.130124693683532744e+00
5.738114406469331463e+00 2.101442322050399270e+00
5.834432902246334152e+00 2.082254226748925685e+00
5.253301608288293956e+00 1.832889765109562807e+00
5.224939247218259197e+00 1.755442758932509895e+00
5.088299814217053019e+00 1.766938967094827007e+00
5.066054061731151137e+00 1.740403004879024218e+00
5.784424600701413510e+00 2.019290696620381631e+00
5.292907831304263233e+00 1.867692013556156549e+00
5.677535704475141110e+00 2.045414578613352852e+00
5.804279299516018398e+00 2.039031772432997158e+00
5.872087934185427294e+00 2.085836005393593595e+00
5.568113846234667541e+00 1.965189860708072667e+00
5.621639449025943591e+00 2.010691158480665486e+00
5.938070282519232634e+00 2.131964542257549056e+00
4.239741123747071683e+00 1.010797020174200478e+00
5.837136631577188872e+00 2.063118089703686042e+00
5.414548311349210330e+00 1.927814303244428151e+00
5.863140445728374672e+00 2.101516475635045733e+00
5.097239312451273818e+00 1.720665596292882071e+00
5.798302588411067049e+00 2.066255715070858479e+00
5.905261615086074833e+00 1.962298022746428838e+00
6.192941230389306995e+00 2.183062369190380103e+00
5.402360582337704109e+00 1.894044193301274159e+00
5.157210403575515301e+00 1.795175322737081913e+00
5.771344163088341084e+00 2.041841811038325627e+00
5.226208777834587593e+00 1.805847330408087759e+00
6.127408243178868119e+00 2.327461567873235104e+00
5.050566563785709562e+00 1.791653806913486857e+00
5.916986251638876482e+00 2.090292794862242953e+00
6.237849175164078552e+00 2.245780344671093331e+00
5.401717090490955719e+00 1.892339089725579182e+00
5.828343063790539347e+00 2.110059595621974982e+00
5.890141272209699075e+00 2.144433147853811228e+00
5.583460203967685942e+00 1.955618928309609705e+00
5.600117173644253654e+00 2.025298511334256091e+00
6.089466175139442328e+00 2.174521042374525592e+00
5.176691129055003948e+00 1.297306104063086885e+00
5.835971156015959060e+00 2.100270294091469037e+00
5.816659208324512775e+00 2.022440327972169882e+00
5.711725387120573316e+00 2.019594379224871172e+00
5.789264562491831079e+00 2.052961770273490139e+00
5.632661682952170068e+00 2.105862467509882929e+00
5.534029222279679416e+00 1.978360768390456270e+00
5.827775589294046377e+00 2.103008075602873284e+00
5.144036321061483896e+00 1.701155905411588787e+00
5.537453412414387266e+00 1.971706374306273490e+00
5.895434187275084170e+00 2.111740136039770288e+00
6.014902092918531729e+00 2.173162595963830324e+00
5.524313997840563317e+00 1.884316203871898798e+00
5.324829779005836983e+00 1.839750107559416703e+00
5.452496773675370001e+00 1.812742097047737033e+00
5.885203672593304347e+00 2.030136036581102754e+00
6.209361024826988817e+00 2.224609594582953598e+00
5.788306013683372164e+00 1.977859458711730634e+00
5.482768025233857756e+00 2.019181964674525709e+00
4.740771838899520141e+00 1.141403985501974638e+00
5.474618740260433825e+00 1.890679612039227742e+00
5.162734096503784009e+00 1.748194212055245833e+00
4.834618179091973111e+00 1.491523785869337315e+00
6.110401347579186293e+00 2.144260896702260055e+00
5.473046056844081519e+00 1.951726145833597936e+00
5.493701949522170835e+00 1.850133874456631577e+00
5.392476346776415852e+00 1.883087310122996794e+00
5.542782690248610145e+00 1.965193981257341793e+00
5.890499148422635223e+00 2.142325630040749829e+00
5.505953623776749239e+00 1.972990030489000457e+00
5.592647535723417995e+00 1.970749461326537721e+00
5.523338248070008838e+00 1.946585148250443043e+00
6.005271618417878265e+00 2.129109219488789950e+00
5.656791657668991391e+00 1.938029011595494344e+00
6.260673754793790735e+00 2.290055927644980560e+00
5.510144188073332394e+00 1.854026208785850338e+00
5.665389641038258262e+00 1.988968424044401662e+00
6.098324557706191307e+00 2.182125819953872892e+00
5.859453350017473028e+00 2.138975736404865380e+00
5.810057670629964477e+00 2.074209679347370106e+00
5.503033035279830898e+00 1.943985228589214076e+00
5.634525321173739165e+00 1.923133855528406988e+00
6.180619264721467054e+00 2.218701942564639484e+00
5.486684925115493883e+00 1.853116949677007019e+00
5.363370378975442776e+00 1.906620293217450968e+00
6.141445486176849045e+00 2.202354233834877828e+00
5.751778636233941810e+00 2.026577683845518951e+00
6.061986798867578408e+00 2.191975930380452464e+00
5.311801227435079653e+00 1.903295558081485650e+00
5.380885028595075781e+00 1.864530753165136057e+00
5.493208368162111555e+00 1.881102187780613777e+00
5.219344080749742432e+00 1.770331826537346664e+00
5.465632950177769622e+00 1.902413579801777166e+00
5.772700511091307440e+00 2.091520148188516171e+00
5.859862322990271544e+00 2.157045746054047086e+00
6.175746503232939943e+00 2.262733853322783428e+00
4.963313541060323963e+00 1.742484094742936085e+00
5.808865705511364830e+00 2.023578526183246407e+00
5.898607786308568635e+00 2.129377133405274236e+00
5.372084395923805822e+00 1.864085481320424620e+00
5.933917596873067524e+00 2.064394452450818207e+00
5.312376850365389203e+00 1.865887909078026485e+00
5.832606506030184157e+00 2.092322805716273049e+00
5.640282597897288142e+00 1.945426298576934387e+00
6.255338778307723224e+00 2.231918262401120678e+00
5.963761194106137253e+00 2.130367604663768066e+00
5.772683226831103021e+00 1.894834117956653241e+00
4.529677821213174305e+00 1.141478372124300478e+00
5.607564452695635637e+00 1.988990475464403218e+00
6.136995491922767165e+00 2.180071328134986164e+00
5.756650017292403554e+00 1.944190610142905173e+00
5.806147096877070091e+00 2.023496476496733365e+00
5.530559616846726811e+00 1.908705825189986216e+00
5.853582440544815135e+00 2.133653853791242394e+00
5.275728496412610546e+00 1.873589028177924387e+00
5.956524211197051777e+00 2.139776528924231869e+00
5.737207803950715501e+00 2.003516428347192679e+00
5.484264628498635830e+00 1.874077661985392940e+00
6.199375483685979127e+00 2.201940622865201647e+00
6.087355020422402951e+00 2.117849448546954338e+00
5.141399127524476143e+00 1.762495467509396452e+00
5.971699198252882645e+00 2.080924648952748424e+00
4.803184989967204110e+00 1.219403956235835640e+00
5.313479577726996084e+00 1.864949471744588472e+00
5.814189437761599244e+00 2.101722661762324140e+00
4.758081080729149370e+00 1.575022413588573311e+00
5.839651324302484348e+00 2.025542685216697780e+00
5.149357522341767357e+00 1.705504224750594933e+00
6.019032610765987279e+00 2.165287702117991930e+00
5.129920002995597805e+00 1.742185341711280033e+00
6.071926343989047403e+00 2.200409401567006817e+00
5.835562244500827056e+00 2.104494832299725005e+00
5.398486422581889599e+00 1.936391361340709771e+00
6.099710655363089984e+00 2.208250702106121288e+00
5.773048365139356264e+00 2.087568890065673255e+00
5.594313156267436860e+00 2.044891189306708768e+00
5.953443638309210861e+00 2.136257566781095463e+00
5.544824646324763684e+00 1.893152253377258676e+00
4.450166436765498723e+00 1.115582718749558389e+00
5.496937970807366902e+00 1.908716763256043114e+00
5.788994646719074488e+00 2.115094576609544141e+00
6.199580807224487344e+00 2.249670096837344424e+00
4.526825633229658585e+00 1.097435481562362147e+00
6.110554628388797482e+00 2.161579577667959828e+00
6.130971196570587090e+00 2.235900421724121845e+00
4.572424477084439332e+00 1.059375921340020676e+00
5.569360897921217024e+00 1.984721438072279742e+00
5.892485711230069256e+00 2.061841578761838267e+00
6.257702306985700957e+00 2.304982805099583754e+00
5.882658005328852191e+00 2.181083792703331525e+00
5.513870852641277409e+00 1.902325156552996388e+00
6.047198863125440305e+00 2.135778135231683805e+00
5.735328724254830313e+00 2.049794827967541977e+00
4.828776942163552910e+00 1.530508981564724369e+00
5.232331830099766989e+00 1.771776848712677488e+00
6.028686101597983793e+00 2.167484232505181740e+00
6.019564616998864359e+00 2.175862373203887756e+00
5.907019367834478452e+00 2.159587538745483037e+00
6.114559831329795969e+00 2.141756377027943969e+00
5.475058214299829196e+00 1.874429761715123099e+00
5.495711146241753831e+00 1.949993115508136254e+00
5.556453010004930526e+00 1.977998989989369294e+00
5.962312333523471786e+00 2.096299203510278097e+00
5.435955696755745414e+00 1.902096494085341094e+00
6.323986981710865152e+00 2.279560589713194751e+00
5.861093966584624226e+00 2.102678215101001946e+00
5.749265573353922854e+00 2.015109702106743228e+00
5.942830117274442436e+00 2.107754535743738167e+00
5.505345062220679431e+00 1.933775614147027699e+00
5.388564988547395629e+00 1.907051258277754791e+00
6.351752169037935047e+00 2.304338457834655074e+00
5.481554626918758721e+00 1.846003397602483220e+00
5.266456087245085627e+00 1.873496577538813934e+00
5.892723594596489534e+00 2.044377573341105148e+00
5.644210213117349717e+00 1.983813086163153327e+00
6.132454094322712379e+00 2.190168733773610654e+00
5.527461531829930941e+00 1.992188186921727056e+00
5.561244614818505738e+00 1.960864798410604237e+00
4.607667084446275041e+00 1.645584569394728858e+00
7.332672856918154736e+00 3.035461164624694508e+00
4.820126775865807289e+00 1.626209656485927857e+00
5.734540367861101551e+00 2.050841682736414207e+00
5.953958172537740623e+00 2.119954475301394137e+00
5.994450653356790504e+00 2.061239238386698869e+00
5.939359342026873101e+00 2.130399248518467736e+00
5.981725237819099483e+00 2.129880703099628292e+00
6.023759663649271623e+00 2.144646591534688618e+00
5.703005339913922889e+00 2.060186508789749293e+00
5.725996128332294433e+00 2.055673465646092435e+00
5.850204968167728836e+00 2.109009119299874779e+00
5.418675099038272158e+00 1.851703086964747724e+00
6.251354701676845593e+00 2.278534214528908031e+00
5.488538293934981382e+00 1.964742060926789824e+00
5.309280136868585132e+00 1.885221746430525425e+00
5.512467043504143405e+00 1.915483293425869427e+00
5.486081657704424686e+00 1.862013598682045190e+00
6.099054207779738057e+00 2.204970564860783355e+00
5.275081747755170802e+00 1.845268805326779615e+00
5.880658679573523173e+00 2.055608476501979531e+00
6.206104122462574146e+00 2.214820359832121444e+00
5.552042916449161147e+00 1.993354661071703005e+00
5.749930060562573608e+00 2.112738282944890855e+00
6.236700152363511052e+00 2.221250893630087653e+00
4.936863907386030981e+00 1.323271226761576935e+00
5.532600744730981290e+00 1.934936203334160165e+00
5.344637994759368738e+00 1.891876118306147214e+00
5.623792861206947435e+00 1.980502491866806825e+00
4.467483740086702682e+00 1.055924093522587759e+00
5.121465937998522122e+00 1.825713302328514365e+00
5.419311696700360947e+00 1.922033242724355162e+00
5.837006751211212929e+00 2.044414759261922399e+00
6.161646216913149843e+00 2.181848178985293263e+00
5.862297179503291211e+00 2.060117829962547109e+00
6.015860347755938697e+00 2.121882574082142980e+00
5.299215051048792979e+00 1.833889688001794749e+00
6.435932217446590720e+00 2.293662412655061100e+00
4.920988341964197765e+00 1.676097624733327018e+00
5.960753665795198941e+00 2.103007833221944622e+00
6.479338611053646169e+00 2.318043725317358028e+00
5.705462052420216423e+00 2.035852997026813327e+00
5.336339839489264492e+00 1.904215522639715941e+00
5.693968957872754366e+00 2.047630102922668449e+00
6.041242717356640313e+00 2.118410820580782339e+00
5.818274667619980356e+00 2.100274922935153388e+00
5.035264411120707884e+00 1.593005604778402251e+00
4.817507534631658928e+00 1.185159616388913761e+00
5.854397411140790375e+00 2.065185940119177221e+00
4.916857167624957725e+00 1.476344801802009998e+00
5.924341212285375136e+00 2.165741530863261488e+00
5.692563370246620735e+00 1.989985473746702205e+00
6.173006082382238802e+00 2.238853523887981201e+00
5.585842669308321184e+00 1.931150145933365092e+00
5.329010554841669745e+00 1.898429485626953017e+00
5.736965951829398058e+00 2.026138381557649470e+00
5.804723073555656754e+00 2.062529268778826363e+00
5.524627968984630932e+00 1.850428132189144481e+00
5.432833666799172789e+00 1.910919242302981713e+00
6.273312612291072732e+00 2.234073200873499587e+00
5.440926174462006770e+00 1.881073971499365172e+00
6.131688111453044598e+00 2.244070440504446484e+00
5.752113962837840155e+00 1.983369329236535972e+00
6.143091388087355220e+00 2.229423779206539447e+00
5.666816472348545908e+00 2.040722468173381543e+00
4.624990479349457395e+00 1.130109090280914108e+00
4.763741458611104207e+00 1.219920774482177395e+00
5.795784068178682524e+00 2.165190211311091684e+00
5.567519503354912302e+00 2.029276554529533705e+00
5.909887987503018358e+00 2.139569913496245146e+00
5.257983037242198954e+00 1.799170111975319841e+00
5.904161381496598970e+00 2.083350881541819799e+00
5.816997410000241508e+00 2.045362076731882972e+00
6.375729150911561227e+00 2.320220659423794629e+00
5.160296591319497139e+00 1.844794269378397189e+00
6.265446694447748932e+00 2.267544943188759987e+00
5.606464498613660474e+00 1.937982042352213830e+00
6.431401341444034969e+00 2.334847757671343338e+00
5.334437946097527750e+00 1.871487544697096661e+00
5.923611335289446167e+00 2.186640997169083889e+00
5.908526396221272847e+00 2.104758114096093369e+00
5.299192740771156096e+00 1.854264592673023015e+00
6.200428914689932292e+00 2.229261345841589304e+00
5.519275618932292460e+00 1.888143247146546688e+00
5.600390538539454788e+00 1.937415261941046962e+00
5.503282389860355117e+00 1.950425806579027865e+00
5.965990825264547048e+00 2.155436357426274263e+00
5.947481032405561585e+00 2.120869464836205864e+00
6.103616210295037092e+00 2.138308556623614187e+00
5.943323202690186768e+00 2.158582849980594798e+00
5.969883506650004001e+00 2.162187593372140171e+00
5.719758264275900395e+00 1.968264686770174521e+00
5.694041920229102161e+00 1.989594356731444469e+00
5.345525364425511405e+00 1.863329621080109133e+00
5.828299988104841844e+00 2.074809128060131513e+00
