5.120127919323270937e+00 1.225678111808085724e+00
4.462617893523019852e+00 9.930368000821422347e-01
5.449980040486947175e+00 1.904640403715958108e+00
3.923416965165762882e+00 8.265579818427535308e-01
6.217110480160075170e+00 2.061955340471462783e+00
6.506088268585934031e+00 2.232985683396593757e+00
6.514773292960418516e+00 2.180025592298221682e+00
6.746591631818357193e+00 2.300982861047694339e+00
6.516577973799583035e+00 2.160449909662863544e+00
4.614302568032261576e+00 1.088296535351720440e+00
4.388790330213530488e+00 9.545739170830065401e-01
6.503155307123729578e+00 2.147444610699371204e+00
3.966839103621542240e+00 8.155112791792211713e-01
4.000218920236362941e+00 8.859944157632578809e-01
4.482869757468921357e+00 1.096848217268360015e+00
6.838717292601352860e+00 2.677464023662744719e+00
3.866407452365932862e+00 8.251267504611994319e-01
6.569391497953461112e+00 2.262333729985647857e+00
4.319438091914430622e+00 9.733511728537265206e-01
4.395414017647222060e+00 1.006936066274483954e+00
4.087731920271659547e+00 8.878642500218431044e-01
4.242862201323741367e+00 9.683005603585883581e-01
4.867959382317772921e+00 1.155319142518691500e+00
4.233922086926056316e+00 9.166502672111110916e-01
4.035398539367511361e+00 8.832859573561597788e-01
4.163207219804601955e+00 9.009040851252720916e-01
5.538180420624050804e+00 1.909579764445570760e+00
4.273055395048914740e+00 9.870091817827334468e-01
4.416977224971209814e+00 1.007645510076873085e+00
3.967909356529604636e+00 9.025922414092327761e-01
4.484997275627960356e+00 1.001427882881565479e+00
6.745017010304890981e+00 2.244703655830607936e+00
3.887677700729838648e+00 8.689107581071835451e-01
5.703677985431330200e+00 2.010082335613487814e+00
4.375956868505325836e+00 9.552557189371031487e-01
4.222487578102689376e+00 9.435319405991384745e-01
7.796537292892819160e+00 2.773016368607023718e+00
6.460076054740339302e+00 2.173807376487550957e+00
6.835808977464196801e+00 2.305603266350809477e+00
6.426193057448736923e+00 2.198436780740263163e+00
6.279097362930306403e+00 2.125682789154884400e+00
3.971370151244408842e+00 8.308276294627381375e-01
4.126279612471269509e+00 9.884782149910987803e-01
6.545261280459802933e+00 2.198653363362002899e+00
4.373578490292999277e+00 9.626271147505184311e-01
4.578589004347296765e+00 1.033705969219158805e+00
4.725644044436791091e+00 1.181560098715551232e+00
4.892413170848532999e+00 1.209067691019066082e+00
4.279122533677284679e+00 9.657017048430865946e-01
5.934438034664320405e+00 2.061992677922406259e+00
5.088706276001610185e+00 1.173285558145834129e+00
6.226318577973676938e+00 2.119009005399859369e+00
6.597111226037984721e+00 2.213336486034374051e+00
4.014187039431739379e+00 8.892264059251845376e-01
3.727785343124619732e+00 7.821055862917993817e-01
5.272480087656862047e+00 1.305105324878915951e+00
6.100867000503865434e+00 2.060567688934114461e+00
3.584234915691310697e+00 7.700334371494593766e-01
3.758332865212771434e+00 8.166137063460991996e-01
4.948863868953200296e+00 1.165995045370364247e+00
3.875507805422250485e+00 7.912834043219243441e-01
3.901345450343729482e+00 8.726348509821425514e-01
6.449070330212147262e+00 2.344000180723847304e+00
5.855357561326286486e+00 1.895882570736757700e+00
4.653667186614155682e+00 1.122328342286730507e+00
3.721919380314489434e+00 7.879205989013847722e-01
4.024817130944093435e+00 9.055857861554464927e-01
4.377041253235618434e+00 9.682532521658407942e-01
4.055127615106052019e+00 8.783929289761754911e-01
5.060153109310594033e+00 1.307732460282684750e+00
3.749541591688373199e+00 8.089489771443899579e-01
5.093383552785201829e+00 1.184458289552196009e+00
4.700923865865886953e+00 1.147023452706943614e+00
4.059146248278348246e+00 7.910727153558929636e-01
6.622889210211574174e+00 2.321211428311881875e+00
6.210796773000344828e+00 2.074967804096309987e+00
3.966842280774080187e+00 8.601315112588019396e-01
4.243574182040195986e+00 9.555658806248670256e-01
4.100206638537483350e+00 8.865302685177711695e-01
4.875856271178201418e+00 1.160685397848439049e+00
3.928111958592749531e+00 8.207529774422277491e-01
3.853741400162687292e+00 8.666462945029334008e-01
4.180166558015590006e+00 9.165811634274276809e-01
6.231774571704165488e+00 2.223466250343444361e+00
4.607312684060584473e+00 1.091068192942280746e+00
6.792634639731053525e+00 2.297971812884127552e+00
4.593872133647187717e+00 1.034601202846428647e+00
6.704643571565134685e+00 2.293147828775786046e+00
4.320583033033165599e+00 9.625636331515742272e-01
4.368423840286522974e+00 1.041956892716539462e+00
4.664346610736069820e+00 1.098391079246105795e+00
5.008693968592766055e+00 1.061749405426378967e+00
4.517692500169641079e+00 1.035584499787693291e+00
4.239324109812853791e+00 9.413172007479940762e-01
7.244922158732088668e+00 2.481787115608685923e+00
3.716324448084879162e+00 8.128566502341838529e-01
4.533345060504456292e+00 1.067715380021400096e+00
4.651864850396094653e+00 1.041466047182003196e+00
3.963160114222824770e+00 8.596056028842891106e-01
4.293685201965614873e+00 9.326398331824387045e-01
4.225776383384730828e+00 9.044903479773374055e-01
6.538222031744552076e+00 2.216123211970303597e+00
4.930187914389827952e+00 1.170068749840741829e+00
6.583862394965599663e+00 2.263253284333964110e+00
3.860769487817485857e+00 8.344125447123547090e-01
4.925160457829449001e+00 1.231016190944838051e+00
5.830849151749092130e+00 1.934162061172413516e+00
6.717132975742195811e+00 2.390487307075146450e+00
4.316010457871178652e+00 9.509803776852407964e-01
5.141420776926368674e+00 1.351439971934063511e+00
6.441544625287431991e+00 2.177503343695303961e+00
4.167850396145100333e+00 1.003771350181790423e+00
4.013186381057314733e+00 8.228201638170563603e-01
5.951889180616499075e+00 1.813090996337773264e+00
4.057370467296178340e+00 8.678749472436255719e-01
3.868786671122276033e+00 8.493033329367480899e-01
6.414897363927094531e+00 2.237728975094336104e+00
3.979593013313378780e+00 8.435399804535843593e-01
6.291318919094615936e+00 2.114937105385804372e+00
6.251239069989870778e+00 2.101764819518780580e+00
4.190901354052975591e+00 9.440575200186981375e-01
4.514501173408620005e+00 9.741135536137411899e-01
3.838871859941843656e+00 8.256505745807762864e-01
4.218235689841884017e+00 9.108751534320503884e-01
4.634029998148837315e+00 1.026415614283887390e+00
4.321591449816263975e+00 9.372314997295778660e-01
5.181249151535285868e+00 1.325753686301731182e+00
3.978098923202265880e+00 8.568461306329799854e-01
4.311783761245020052e+00 9.640484485967252271e-01
4.471323539742747322e+00 1.056087112504548786e+00
4.119214453564558731e+00 8.829538778753098782e-01
3.979526574318016596e+00 8.258923161162742277e-01
5.973513018285737886e+00 1.972622029592187909e+00
4.475423002783836424e+00 1.016308291696176314e+00
4.279829056161545076e+00 9.443576672925991788e-01
6.190434631028933765e+00 2.174784980889031605e+00
6.308023271202211291e+00 2.111412065681093075e+00
5.235263018552904768e+00 1.266867908312068858e+00
6.669871536476724039e+00 2.261171711807809181e+00
4.079618081806433594e+00 9.209155464412219771e-01
6.381578217685879295e+00 2.174052042202323953e+00
6.254706211885523004e+00 2.121142569366720743e+00
4.483148597221481957e+00 1.042044191180755641e+00
3.611395881109343176e+00 7.268286371187078210e-01
6.346719829530369950e+00 2.261694397757496144e+00
4.701202383181113831e+00 1.094486027242633774e+00
6.450215515045777614e+00 2.224513117515961813e+00
3.894505664003265810e+00 8.497623508314946505e-01
7.104873865548244183e+00 2.527219267879457387e+00
4.863291281564805502e+00 1.119929005537048550e+00
4.692284344531085338e+00 1.067854859985412963e+00
4.373096589311130877e+00 1.023816476018375887e+00
5.922770484666120439e+00 1.964439659309019204e+00
4.010718432888515927e+00 8.621953447712925600e-01
4.006554009829657481e+00 8.264930294949764944e-01
4.068230183784835141e+00 9.462318435676690953e-01
6.607444432989303174e+00 2.264411604085784457e+00
5.772884930654998747e+00 1.880998266927661478e+00
6.157914632988033432e+00 2.061909135146211991e+00
4.312638626786696960e+00 9.743152276981654758e-01
4.472421151760195279e+00 1.006204730168434924e+00
4.496837574945975469e+00 9.935316549667401187e-01
4.477655213795987521e+00 1.038055018876084645e+00
3.759510565745079358e+00 8.108101349034363414e-01
4.220961306808336033e+00 9.480385551681266287e-01
4.968228309030826573e+00 1.211122909098707012e+00
4.382594156525006390e+00 1.006066350702082612e+00
4.495807285525033059e+00 9.972734584672360292e-01
7.046134327038256373e+00 2.466683047717028288e+00
3.807808795946893365e+00 8.650787477808524750e-01
4.119697810799705096e+00 8.568585961785656346e-01
4.167348104992726121e+00 9.428781549098586012e-01
4.128180846941993387e+00 9.014278097432543158e-01
4.297331077341740802e+00 8.912538921580516194e-01
3.953084350211748532e+00 8.238494526105110127e-01
4.126344256031667435e+00 9.051622570097478393e-01
4.133654726601900364e+00 9.346717296538273878e-01
6.648600023430720540e+00 2.322014488803123111e+00
5.884569529270390120e+00 1.982634510268594941e+00
4.628299704547207405e+00 1.057179604087838065e+00
4.014533516941067859e+00 9.010906720838575135e-01
5.817922471806868501e+00 1.967722693937734579e+00
6.225069706840311134e+00 2.079520690637149283e+00
6.019848593950988480e+00 2.053781728115765315e+00
3.982759638461922158e+00 8.977731570661854343e-01
5.132099741819766692e+00 1.314393200998940525e+00
4.042141149194786287e+00 8.783309478872696197e-01
5.003619830076243780e+00 1.482730847333764368e+00
4.032725316105643998e+00 8.529228686445952112e-01
4.303706710120851930e+00 9.475386603528115348e-01
6.405963008330026298e+00 2.177345514800841819e+00
4.403894432498611344e+00 1.018888808198310958e+00
6.175784653355045783e+00 2.110822874559959317e+00
6.429385822728279187e+00 2.154420788941542764e+00
4.509422824156251508e+00 9.752908645030256007e-01
4.220616903066903625e+00 9.661784672066479063e-01
6.937004885254049569e+00 2.325567779999627493e+00
3.942758358731955681e+00 8.622746134368051152e-01
6.546547994716613417e+00 2.322099834219887526e+00
4.170373783896484277e+00 9.329554866755803699e-01
4.052126231591633321e+00 8.835083866893447269e-01
4.149624030284901899e+00 9.243139294189688382e-01
3.855219084860830758e+00 8.027088578031879029e-01
3.968935039100995876e+00 8.701338902050548274e-01
4.129515089894501223e+00 8.903468181676614801e-01
4.084633455797324508e+00 8.892379217112644785e-01
4.189601314309645552e+00 9.324940221665789508e-01
6.583979627301694393e+00 2.220855022641032850e+00
3.520057214331715034e+00 7.313063074193709712e-01
6.234656005362158915e+00 2.072083862753413719e+00
4.090862588596818838e+00 9.949185536119448114e-01
5.707912078830953639e+00 1.903516408987353969e+00
5.102742159165051916e+00 1.228726036273652733e+00
3.672504538641703231e+00 8.113326485522154297e-01
4.693754519730768848e+00 1.080935828562945344e+00
7.223268472117393202e+00 2.507185547363103506e+00
6.227272940225961229e+00 2.081551042747922242e+00
4.560734702192548617e+00 1.166582260291328943e+00
4.203908969848381361e+00 9.129311698720683488e-01
4.316220993364630054e+00 9.373760902617108703e-01
4.624499975347537983e+00 1.045697268206692510e+00
4.892719239027230493e+00 1.180116991105442770e+00
4.441053579917667804e+00 1.004186073856730976e+00
3.948790747006928115e+00 8.654618663235341680e-01
4.087798688713171202e+00 9.250577869681659848e-01
6.176616179360719272e+00 2.109773825724604368e+00
4.038029020839914551e+00 8.774896425576603765e-01
3.874979370291540270e+00 8.354123532401098728e-01
6.827969574895202953e+00 2.335610900929409262e+00
4.088477841841346994e+00 8.621312818606482464e-01
3.846413399590662419e+00 8.218825623347519871e-01
6.017705204721679912e+00 1.992011507076077104e+00
5.727204651216299958e+00 1.927950956247266756e+00
6.429079503271514895e+00 2.173843785907997539e+00
6.414420158451135556e+00 2.159290291234185144e+00
4.604826071885482541e+00 1.033933635496218750e+00
4.887874739041558669e+00 1.153956561115608181e+00
4.402081610137497769e+00 9.835125953522910747e-01
6.536162644128919119e+00 2.217699989691198414e+00
5.094995180503747889e+00 1.370347588271173755e+00
6.744301862394329383e+00 2.401473834039582478e+00
4.351009798222468028e+00 9.451883909391343153e-01
5.133516603496273589e+00 1.540150605198524980e+00
4.245741801568787999e+00 9.275112044882700690e-01
4.399849827165053462e+00 1.040386395914036699e+00
4.058801928361249978e+00 8.923131762023196467e-01
4.244906008093018102e+00 9.528785012335478921e-01
3.620479654175378759e+00 7.324861555039073879e-01
4.041219430888296493e+00 8.897629957095347653e-01
6.493895885528452538e+00 2.168591627768595931e+00
5.939693277477865685e+00 1.996613222708395918e+00
7.300982949043961945e+00 2.642873250763164705e+00
4.284278502743914530e+00 9.075089301657753849e-01
4.091543023786200273e+00 8.676008678141069463e-01
4.234930356736374080e+00 9.453399754796978360e-01
6.363953965855768224e+00 2.182293113723407174e+00
3.975015796581773397e+00 8.444663706812103321e-01
4.353495048234830911e+00 9.799865551188057244e-01
4.243136992416849829e+00 9.157427317464932326e-01
3.868327938063502280e+00 8.575287976937192580e-01
4.825077765440587640e+00 1.153616109747062746e+00
5.085235484218137536e+00 1.293093492238764908e+00
4.363070082938689254e+00 9.529193028605531524e-01
4.498623753071590237e+00 9.883037230171807241e-01
5.807075002026558685e+00 1.951262908242335614e+00
4.210038866998001339e+00 8.955025286148931007e-01
5.839952131754355236e+00 1.948642545151794803e+00
4.333638695177417510e+00 9.589174794544412794e-01
4.245314899208068482e+00 9.318273530595052589e-01
4.186979121725856956e+00 9.679959675282510112e-01
6.015500406854731530e+00 2.005237043075573933e+00
6.585773230682151258e+00 2.227042360445889546e+00
3.783823175089489510e+00 8.283597941088488570e-01
4.110596784453690589e+00 8.952493998886111859e-01
6.007721510650863905e+00 1.994094801341542489e+00
6.572512079438466159e+00 2.293893874816438583e+00
4.303783450489705231e+00 9.781169573624335367e-01
4.074531017200604843e+00 8.984733626971337372e-01
3.933206920575359256e+00 8.450141199015342997e-01
4.156730664082939342e+00 9.572588256346857838e-01
4.480334679289843969e+00 9.694556380225688441e-01
5.204826791210440895e+00 1.254598278225067309e+00
6.684188206315112346e+00 2.260603297248225285e+00
3.689532530648255815e+00 7.509630875979078635e-01
3.839681424214090200e+00 7.695200839708276064e-01
3.970137158556434898e+00 8.330649631634594598e-01
4.812937338496756645e+00 1.323905638508643845e+00
6.543576487006624198e+00 2.318855419907839277e+00
4.212336566398133364e+00 9.719312944376562458e-01
4.149915567298626762e+00 8.756455589448507437e-01
3.355859713843219350e+00 6.488173344270712350e-01
5.715360972747045132e+00 1.968731059415557372e+00
4.037753739769543770e+00 9.286874902819990396e-01
4.311163639492270327e+00 8.915708011356073825e-01
3.855388698183327634e+00 7.801293982024517515e-01
6.635360132547332590e+00 2.297553136115192185e+00
6.528635865834757190e+00 2.188233671470407149e+00
3.758623870601868422e+00 8.248295184503999788e-01
4.414998615389323255e+00 1.022397684498829618e+00
5.640812018308164255e+00 1.915444504755562605e+00
6.309373397032226549e+00 2.144552954429352454e+00
6.039117570048475159e+00 2.040247702854553591e+00
4.982609721439652084e+00 1.222205166805510501e+00
6.405986576836333768e+00 2.184820246077098016e+00
6.769630853623426425e+00 2.295331990970581604e+00
6.316708396606859566e+00 2.118214769342000814e+00
6.693615950568136519e+00 2.162740274016826003e+00
3.811505783031530648e+00 8.368108268541413208e-01
3.499847753039829090e+00 7.217806542536575609e-01
4.624951311988976244e+00 9.933804072691466702e-01
6.727220585882257353e+00 2.271843022451746297e+00
3.952841307388311076e+00 8.500219335788112840e-01
6.081307076559054003e+00 2.087521926905104408e+00
4.592347619354828936e+00 1.025361066089736095e+00
3.879646999085615278e+00 8.368686042042919881e-01
4.237928213510750552e+00 8.917726798203257088e-01
4.307667193022121310e+00 9.794795751746460111e-01
6.800153023213981740e+00 2.388212088635182528e+00
3.601619974506271582e+00 7.938325370612802079e-01
5.190355418176019420e+00 1.340876469989275899e+00
3.957205174417842475e+00 8.446742718233500868e-01
4.420899353708056090e+00 9.983511776094022849e-01
4.912593521489850623e+00 1.235096487707710633e+00
4.354574209515408967e+00 9.746081818957021969e-01
3.404778729980322272e+00 6.689100652850481499e-01
4.571164660816857683e+00 1.080185782011524820e+00
6.376507704243059571e+00 2.245026071709614879e+00
4.395111109715147180e+00 1.003502377959017977e+00
6.548322646151836679e+00 2.229542169630925663e+00
4.202371065444999054e+00 9.437261280868783908e-01
3.898529615505682333e+00 7.883611911735557420e-01
4.455839919094548129e+00 9.621877443721248424e-01
4.620017743664615040e+00 1.050291760535890573e+00
6.702531639463811253e+00 2.375071328609533516e+00
4.381649106573638264e+00 9.452854106902851550e-01
6.617322423987443969e+00 2.322557129868910941e+00
4.113337450563559372e+00 9.059498611952057079e-01
4.388854049212008057e+00 1.017896519266920041e+00
4.072203154400387604e+00 8.985332798059345594e-01
3.777633223976020638e+00 8.294622118793105736e-01
7.242133689656873763e+00 2.542175169915307897e+00
5.186957004609855204e+00 1.270110056253316522e+00
6.619232761017207700e+00 2.079286366787819418e+00
4.585578421945632144e+00 1.039462629320401454e+00
3.842375753884499812e+00 7.833349899487054291e-01
4.171794507177302158e+00 9.599042097806802509e-01
4.485774815929379322e+00 9.883974741066063885e-01
4.382724565731907163e+00 9.483427239665003228e-01
4.736788727860934856e+00 1.057933054260991712e+00
3.950333829838213795e+00 8.115110666258172900e-01
4.145111533439142626e+00 9.389650552757444757e-01
6.650659510432721966e+00 2.264615191771731872e+00
4.858450720374063891e+00 1.170460096589107213e+00
6.417643085303741834e+00 1.806671858547733045e+00
4.657732093982691168e+00 1.148797164837332296e+00
3.943989799160283471e+00 8.760866576907533343e-01
6.972737774250472143e+00 2.388756439875797444e+00
4.667886404796402822e+00 1.080721286347912313e+00
3.885558764617718985e+00 8.375515364987148326e-01
6.854797901549534167e+00 2.396291188610484291e+00
3.906091636252823740e+00 8.374067410506206288e-01
4.118468148563981579e+00 9.303920984387064053e-01
4.252734946970133656e+00 9.506955136529038342e-01
6.734710854125182777e+00 2.268870979866432602e+00
4.431963202292900306e+00 9.628966323379558601e-01
4.820096881171753722e+00 1.113495021331932122e+00
3.907499816884712374e+00 8.579246879193800357e-01
3.636497954272618571e+00 7.123007536133851847e-01
4.944575030663960646e+00 1.402465421600900708e+00
4.630595743630912864e+00 1.062631205497797993e+00
5.651859723138659142e+00 1.856717789331410629e+00
3.643182266614550358e+00 7.465811661640968655e-01
4.358614304795870531e+00 9.781967450441761969e-01
3.939874034685705073e+00 8.577241279659497675e-01
4.084372486900938348e+00 8.760483371061204005e-01
6.748604847615773394e+00 2.306235743969781371e+00
3.578643349004905438e+00 7.392488028526791322e-01
4.834258384864086544e+00 1.181496141243997489e+00
3.831936088838694854e+00 8.717262944007262426e-01
6.421191689695064930e+00 2.222482991967356547e+00
3.740907200185448200e+00 7.730581091199005828e-01
6.262848607441452664e+00 2.165146660556524605e+00
4.193109977643633357e+00 9.572555040797230408e-01
7.344986586025759934e+00 2.826791091072084150e+00
6.543143763788973999e+00 2.269393861495446973e+00
6.096481510456357000e+00 2.070615278552069505e+00
6.888024168165067351e+00 2.481498086454678287e+00
4.159904684720854284e+00 8.998915766095728630e-01
4.455956148490837876e+00 1.039191014742506081e+00
3.850028258046438889e+00 8.706814041000726645e-01
4.347237472454252405e+00 9.772189318735274854e-01
4.722366542561949210e+00 1.141032508433519554e+00
4.207634057107116021e+00 9.236512942586129205e-01
4.571284090114363430e+00 1.041298554763070205e+00
4.662513654792323159e+00 1.115549795084939122e+00
3.841498733976130175e+00 8.733036942958919413e-01
6.806110905648628417e+00 2.325371141761624738e+00
5.743254687961840688e+00 1.910900105731603960e+00
6.190717317720485724e+00 2.033315900982098245e+00
6.747485355741562607e+00 2.341347240274208819e+00
4.168652937921454082e+00 9.156647850436163694e-01
7.244975068399515550e+00 2.485451804455775626e+00
4.056925619562518293e+00 8.497411812265560638e-01
3.940591020383380716e+00 8.595934099275829299e-01
3.867290567524707789e+00 7.842520951693124909e-01
3.885777981747150722e+00 8.276224226230110004e-01
5.974665990007825833e+00 2.010742338796783102e+00
5.165859815370122732e+00 1.310174867419144462e+00
4.590839831559699213e+00 1.051750875552289965e+00
4.206967990713843975e+00 9.117453153094708940e-01
3.974978145245504635e+00 9.027487136314696903e-01
6.385837489668633182e+00 2.233992885197201073e+00
6.503894648165410963e+00 2.264217577531641101e+00
5.054458337928990908e+00 1.226667212159557208e+00
4.728993882905571766e+00 1.110669073734157131e+00
4.332987104075099793e+00 9.936279402679196737e-01
4.159520193522751264e+00 9.313127450454323775e-01
4.171643484705366944e+00 9.141787576037498919e-01
4.119320502317676436e+00 8.740778892805282085e-01
6.437765532459414075e+00 2.262255010480027639e+00
4.519515848002922276e+00 1.017812563624663991e+00
6.286463855167801817e+00 2.157893475501359237e+00
4.276159996389575113e+00 8.762998962147323656e-01
6.514880641991339871e+00 2.190362197393798560e+00
3.802417229936393639e+00 8.339718432210450061e-01
6.806178861220197440e+00 2.352924623327917963e+00
5.071877856144936914e+00 1.283553355364424053e+00
4.519368394668807909e+00 1.083964388500224141e+00
5.898386610340946135e+00 1.966154339485146618e+00
3.628082579186557410e+00 6.858233117266127055e-01
3.580490916893341424e+00 7.616839002279941484e-01
3.374855808235729615e+00 7.264336372876120107e-01
6.810347382820514994e+00 2.260861679908733102e+00
4.031309632020596112e+00 8.799939755798105168e-01
6.531531628133794065e+00 2.204891384673268728e+00
4.054062806274695951e+00 9.213139159066956463e-01
4.333732946953449350e+00 9.548992128571278659e-01
3.939938402139187890e+00 8.631569090433084401e-01
3.922254678537982375e+00 7.987611670719911849e-01
4.237914884985611863e+00 9.347387399690028076e-01
4.472836042237487320e+00 9.857717525232906342e-01
6.000583916247135718e+00 2.090934816456619050e+00
6.313072759774182252e+00 2.114904811082133129e+00
4.507147257898231452e+00 1.015500038358241319e+00
6.597673434440339157e+00 2.205775929849918437e+00
4.024210982351013044e+00 8.566406333470650836e-01
4.468777867707275142e+00 9.895201017532867516e-01
4.231979750656736705e+00 9.391272578873668397e-01
4.290870845263548006e+00 9.680494385386730904e-01
4.308285165883758872e+00 9.565358965575827543e-01
4.957645336262356928e+00 1.285493599228356265e+00
3.805701320965184209e+00 8.446317189690354388e-01
6.349275116693751997e+00 2.321544192249049843e+00
4.741248624423723079e+00 1.095813488594622243e+00
4.045578865223716569e+00 8.930816865421630224e-01
3.982325064705848128e+00 8.623060409995769726e-01
5.841602645088139312e+00 1.954407998196512564e+00
4.706842428381712296e+00 1.109657342077691178e+00
6.225553617829367781e+00 2.065221997945060117e+00
6.922083555463863114e+00 2.433305853469137858e+00
4.154583169619865402e+00 8.859397696697278723e-01
4.346625973355081385e+00 9.274357118608860251e-01
4.006396522801387583e+00 8.916039085927269792e-01
4.166144962703492993e+00 9.277517369743482067e-01
3.778564326069715040e+00 7.578686685619059338e-01
6.250569846731213630e+00 2.109204767189284624e+00
4.031865070460530553e+00 9.151722145571927758e-01
6.287566447221180965e+00 2.095609563730152836e+00
6.521137223099625402e+00 2.256391247877236772e+00
6.313969570315710378e+00 2.172608378540858975e+00
6.076392581370842372e+00 2.124850327035752606e+00
6.880585538295862058e+00 2.378932479133337718e+00
5.390328757931031944e+00 1.379646899111996783e+00
5.047049390302138505e+00 1.247887630203435849e+00
4.633609620053065647e+00 1.173783406151016617e+00
3.912534052927735040e+00 9.457087794740226538e-01
6.233468293745430877e+00 2.120480661742262019e+00
3.808497147690845797e+00 8.132109411515318076e-01
4.569739789189123158e+00 1.037052488531930550e+00
3.723281961806428342e+00 7.729634393630209210e-01
5.215373265427867722e+00 1.513090227293066192e+00
6.407381495342528765e+00 2.139776742054493308e+00
4.313969333817574636e+00 9.382912597913904973e-01
5.857507954525322802e+00 2.047424699550377536e+00
5.075507446499856634e+00 1.059039199140521692e+00
6.464545839505126956e+00 2.151724807395509753e+00
4.658611671648009711e+00 1.099479206143731513e+00
6.579715864074299425e+00 2.206812007752226634e+00
4.094214348129068703e+00 8.948303279476095273e-01
4.269760281000486657e+00 9.709020264760739316e-01
5.852943779960387616e+00 2.080971026993245765e+00
3.736062981090778834e+00 8.122421063895696181e-01
5.210662750080052419e+00 1.258267320448510862e+00
4.350517537421694669e+00 9.441904222726148488e-01
4.538235596173000097e+00 1.010358539073147321e+00
4.048922494812163819e+00 8.548503018718940361e-01
4.278280804400320214e+00 9.194581367375210812e-01
4.060781355490561850e+00 8.842230850685254273e-01
6.145458343936392787e+00 2.051083776563175753e+00
6.602467776794629373e+00 2.272161196251323734e+00
4.482888223603073818e+00 1.023690951237390845e+00
4.134110555115919183e+00 9.131576574264207435e-01
4.385748933785526660e+00 9.892810959261002512e-01
4.179035354058774132e+00 9.251523833941964758e-01
6.722291072825942848e+00 2.275532878937286174e+00
3.846448390022379371e+00 8.297199413582867500e-01
4.030051041059704353e+00 9.128816914554273021e-01
5.983165156915456251e+00 2.077788955429412443e+00
6.704645830136946039e+00 2.263155126896545966e+00
6.358321081981817890e+00 2.218866659744755498e+00
6.101018350849421346e+00 2.013056374221183553e+00
6.711741590885483610e+00 2.333958313603740287e+00
5.795334485831852511e+00 1.963856862423659866e+00
4.506411430536083174e+00 9.938576267340604176e-01
6.272478454416187788e+00 2.085363792584546072e+00
3.704646782357023937e+00 7.648885350293052054e-01
6.103247707064099359e+00 2.042627927653729802e+00
6.536835267886642598e+00 2.233829880329537332e+00
4.377071885309497645e+00 9.569810945020298387e-01
4.288714124868671540e+00 9.670338125763127124e-01
3.903850432632335998e+00 8.553878723812691209e-01
6.152887908134909267e+00 2.105133144654848909e+00
5.762978310195949305e+00 1.827317621954285043e+00
4.592333132488700009e+00 9.851749156316823575e-01
3.959930233892950735e+00 8.624065252677507454e-01
3.872822747043587643e+00 8.089530014452422924e-01
5.101303461614626222e+00 1.335285734213991216e+00
4.215702740039056096e+00 9.640202890419609094e-01
3.966586826333700966e+00 7.620962375420743395e-01
3.979086094171147003e+00 8.292504520602147489e-01
3.781341350822526870e+00 8.140469170105854024e-01
4.501320842981768600e+00 1.120196446977246518e+00
4.467627354646905857e+00 1.000295653420076425e+00
4.498347363941543442e+00 1.014970720571030105e+00
5.884098969876663254e+00 1.928033078379823850e+00
6.473178287674659970e+00 2.187666512048108469e+00
4.193587746776842096e+00 9.405825416698105901e-01
4.235464003289239443e+00 9.660160730091962300e-01
3.967502366821543003e+00 8.488106405498517804e-01
6.404187988436859769e+00 2.257614624344388865e+00
6.121121747202153962e+00 2.042663069727291170e+00
4.161876203121200213e+00 9.026821776955602505e-01
3.725435653169717920e+00 7.275368778103709078e-01
6.420193256010656491e+00 1.655154872470935068e+00
4.240082430807328606e+00 9.282664349140968829e-01
6.673969591131888812e+00 2.332737504095143688e+00
6.418561029186139244e+00 2.171394825461308908e+00
4.688869374792536959e+00 1.052405130827246849e+00
6.571771877135162754e+00 2.153390487798859887e+00
3.824595329014555123e+00 8.662052502400306997e-01
5.797219460447104566e+00 1.989444486191436212e+00
4.874491056571915060e+00 1.174683461077907998e+00
6.033292492969517973e+00 1.951507622497820948e+00
4.180423466139457034e+00 8.902624332095223636e-01
7.027759621566103121e+00 2.538391898453098428e+00
4.317565952479785807e+00 9.753612641583961906e-01
4.137087707313478191e+00 9.152483226765710800e-01
3.793315387296630981e+00 7.960804166178980790e-01
4.047663312521666334e+00 8.756677075227403684e-01
4.434097088046837776e+00 9.897271057947447659e-01
4.464305811689676773e+00 1.043487593156033011e+00
5.236616243176077212e+00 1.461369920388231103e+00
4.132926856717276998e+00 8.590678107566750432e-01
4.460366372489184883e+00 1.016721831512034324e+00
6.649690480247130608e+00 2.273320998739199350e+00
6.454296096400709004e+00 2.188593940936739202e+00
4.893831777279119777e+00 1.312367271357353316e+00
5.026374573305227855e+00 1.258437523666737556e+00
4.550552370353309506e+00 1.001607589051929370e+00
4.404498441419482546e+00 9.542540333868606561e-01
4.657672586707135132e+00 9.868900162602843862e-01
4.374924098222257030e+00 9.707459899350215915e-01
3.696659677616920714e+00 7.717520818263731153e-01
4.575165470749180230e+00 1.031470743554564473e+00
5.090252309914705009e+00 1.365441962571000811e+00
6.705626905607965149e+00 2.280325907250235318e+00
6.715279088478795622e+00 2.333428114098336614e+00
3.994810368122597488e+00 8.465274898020709315e-01
4.508750107365974813e+00 1.008180037822192121e+00
6.419334769219972259e+00 2.152867293176315311e+00
6.325352706653782242e+00 2.179876833934914604e+00
6.498251953890268773e+00 2.156240744770522078e+00
4.268111667091964101e+00 9.501043051325288591e-01
6.711663544584935082e+00 1.955479217372550149e+00
3.924621511183020939e+00 8.291451516385587306e-01
4.418663018159483258e+00 1.005689742199475489e+00
4.160520948608905201e+00 9.389899283147534748e-01
5.152552727296942692e+00 1.269659926657856541e+00
4.428511613864484886e+00 9.428934432682406497e-01
5.027105899859109606e+00 1.225627419964949283e+00
4.164749922582166697e+00 9.230202601597722323e-01
3.697181325666975216e+00 7.895451379216384957e-01
4.717903081693712863e+00 1.050966634150081180e+00
6.256990773095179925e+00 2.144452801846225665e+00
4.540187946597332491e+00 1.030301873022634096e+00
6.433464673015798496e+00 2.270852765475512847e+00
4.531822744054240459e+00 1.143877242217869794e+00
4.328947729198763916e+00 9.834119749891563345e-01
4.782877018197287278e+00 1.051741762208700637e+00
6.590509121845426144e+00 2.307329195367683550e+00
4.803448175639808859e+00 1.158839636278265361e+00
7.464542085700685448e+00 2.623583925164920228e+00
5.017452306445499666e+00 1.448901097548540573e+00
4.409726293850160239e+00 1.041534703672859496e+00
4.645975563079302262e+00 1.118965047955829739e+00
4.200985769585259710e+00 9.323122907683489835e-01
4.863964563393282425e+00 1.245658535065332417e+00
4.083033785845422869e+00 9.099762268582540781e-01
6.802712070108928089e+00 2.369412892830780049e+00
6.053069856144803751e+00 2.020526959080239937e+00
6.183022322784561986e+00 2.183814499915047502e+00
4.288474790829956085e+00 9.701657323979482328e-01
6.134890928251552467e+00 1.938149726780699966e+00
3.838926316186090038e+00 7.599941561668182022e-01
4.486103201454556100e+00 9.753580201885099221e-01
3.624426280038504089e+00 7.997263671699981202e-01
6.382145528747295238e+00 2.155073494643023224e+00
7.067003394337501909e+00 2.399508622068644126e+00
3.639724077067147068e+00 7.392519978215885690e-01
5.928363307246293346e+00 1.975111733245666912e+00
6.529504633706037176e+00 2.218357231325570833e+00
5.071188562995192939e+00 1.219252524322844700e+00
4.348189442853073849e+00 9.768424523908547652e-01
5.866746713333618857e+00 2.053913520836637474e+00
4.130710377353852714e+00 9.651775322965783221e-01
6.334223932487155651e+00 2.184507096829274353e+00
4.016981754362259238e+00 8.976672481144253313e-01
6.532029581398719920e+00 2.207165237956662640e+00
6.529549062218514166e+00 2.165547176869604407e+00
6.514787730733407223e+00 2.141201007654276012e+00
6.732421032580652387e+00 2.330875160134004975e+00
6.142306402941787091e+00 2.147604264231182114e+00
4.427407463024120915e+00 9.578524861264530177e-01
3.826529818723229059e+00 7.344272622941668827e-01
4.821284218929263510e+00 1.156561515438088383e+00
3.685930647756242351e+00 7.345594985859950077e-01
4.150796267713750431e+00 8.802259342392961816e-01
4.290473840802470740e+00 9.318823209631703630e-01
4.171758409929755551e+00 9.088548714643176485e-01
6.562007765660180070e+00 2.218155530614164928e+00
4.016241368532238454e+00 8.860049333027762986e-01
6.149710268386752610e+00 2.096502011334244298e+00
4.103238401817337788e+00 8.409356023135847735e-01
4.460827423366551692e+00 9.391041836498459361e-01
6.506517965519851288e+00 2.191636864069862245e+00
5.794395435670103289e+00 1.881113273462851510e+00
4.585054359714233030e+00 1.014421859949145910e+00
5.101890453534731584e+00 1.350147981766909533e+00
4.376430884087517015e+00 9.742964930855413375e-01
4.897822146247223785e+00 1.442946221813302010e+00
6.405863188358245530e+00 2.174508426335636901e+00
3.943123503784930151e+00 8.875033314936263684e-01
4.053696467511438861e+00 9.052319359484429784e-01
4.468073209647368316e+00 9.596956350974986671e-01
6.754270489266132493e+00 2.289815974452057201e+00
6.124310802526824027e+00 2.061155391839352369e+00
3.903111777532822568e+00 9.046706552120691303e-01
3.910970477601455109e+00 8.116812000846834740e-01
4.279410921758272757e+00 9.280242700445967552e-01
4.226366704970701882e+00 9.398654975208524665e-01
4.307731790999103971e+00 8.879739668246217077e-01
4.245875398497164888e+00 9.573946087996825227e-01
4.285636158989495570e+00 9.659825968057371703e-01
5.240628085680543613e+00 1.388304363384803786e+00
4.067998183214669439e+00 8.875831260264831490e-01
6.286453884142989779e+00 2.081018675717269506e+00
5.818956368662163037e+00 1.966994520263783741e+00
6.570636745996045747e+00 2.295114191282413785e+00
4.687606289753238009e+00 1.097642838995958048e+00
4.835582242166975853e+00 1.272446615833550565e+00
4.003926651370144363e+00 8.768643409620274776e-01
4.519725798613153600e+00 1.009529964885200526e+00
3.707455843813491025e+00 7.069314862712798853e-01
4.615756747228703993e+00 1.029671686148103005e+00
3.929813096386665094e+00 8.233847950329494791e-01
6.937488476620351285e+00 2.367362485395887006e+00
4.574087330564157838e+00 1.055991955032252738e+00
5.244024548517265849e+00 1.316362906303334190e+00
3.878706311322738021e+00 7.813736953629262239e-01
6.744187872562004138e+00 2.273114990637362443e+00
3.897752401136374445e+00 8.440693566990499219e-01
4.783688073157957632e+00 1.154049534228966278e+00
3.645364110226694265e+00 7.540109248643317441e-01
6.881801167767510385e+00 2.346482579543954561e+00
6.463295763820957163e+00 2.252534862331785348e+00
4.052886588227404552e+00 9.335285018880691288e-01
3.700006880555132049e+00 7.712482655606744952e-01
6.168066624732982284e+00 2.065856857511898514e+00
5.092036243588247579e+00 1.346704789523488488e+00
4.618688224159935629e+00 1.054023223999337677e+00
4.260609336884417786e+00 9.393154323253857241e-01
4.104537863419802868e+00 8.850060236729161423e-01
6.594252210776881284e+00 2.243656727452407740e+00
4.170360168416634927e+00 9.440632705378406708e-01
6.192975719568227788e+00 2.042210604928557771e+00
4.202619179886379008e+00 9.422180949898080193e-01
4.122568107327944098e+00 8.985806831940532646e-01
7.222081461322130025e+00 2.491902947344571739e+00
4.206392224043665529e+00 8.959823141597068608e-01
4.140360814403107881e+00 9.168420495889999522e-01
4.052562204953184199e+00 7.906714914760514246e-01
4.015656086562847449e+00 8.496555896555845200e-01
3.558162420572462015e+00 7.462511032911006703e-01
4.006328644761550706e+00 8.869417594423437690e-01
4.020777909966169794e+00 9.064222716959765558e-01
3.757086625193215568e+00 7.928865180319837336e-01
6.529731678771730330e+00 2.204810291866274419e+00
7.043627656933344028e+00 2.403879823336436239e+00
4.247916873234697910e+00 9.262181534644535752e-01
6.341145903870422096e+00 2.167216007027132463e+00
4.136770420681442850e+00 9.372690716529846755e-01
5.106427764791699353e+00 1.170801662804920484e+00
4.163755419975872840e+00 8.876331450401701018e-01
4.605342589480418525e+00 1.069074124879134224e+00
6.965826738598987156e+00 1.786421517277723581e+00
6.179019467365695739e+00 2.126690343821213691e+00
4.912565161302345551e+00 1.215728818099422348e+00
7.150850526646520322e+00 2.584951689940017783e+00
4.618335344159566702e+00 1.081083246101101070e+00
4.274655761136471277e+00 9.890357281042644333e-01
4.029714892490801503e+00 8.248979916263942114e-01
3.955951075128230965e+00 7.956884380318570704e-01
5.774110609955692475e+00 1.874202041056723056e+00
4.531502556825744321e+00 9.935324768942025431e-01
6.318275569992658269e+00 2.127641751578187357e+00
7.094627434595656368e+00 2.408484783285732789e+00
4.160284715590052862e+00 8.938690872146081157e-01
5.754169272903219223e+00 1.894797308443541439e+00
7.255272419005672546e+00 2.522256248581713489e+00
4.018601505609582958e+00 8.963817249472149085e-01
6.328709807869061343e+00 2.119834772485072794e+00
6.194611753142343247e+00 2.075894258552491767e+00
3.992795768554884717e+00 8.316357687930986398e-01
3.469037958814230382e+00 7.318340697320209198e-01
5.167557671908701522e+00 1.272684026610505503e+00
5.791991626775332414e+00 1.968264838946848894e+00
4.577862965321036981e+00 1.033075902229474652e+00
5.120561228387990660e+00 1.319061642304464987e+00
7.083517469472253580e+00 2.451302067886165226e+00
4.280979997820560712e+00 9.235143312823222983e-01
5.125400919489393914e+00 1.422868113088836317e+00
4.810107831996813132e+00 1.229469569794617190e+00
5.470944797488543010e+00 1.834268529372473422e+00
5.123759338797032825e+00 1.465689518310081318e+00
4.082313450346680916e+00 8.853819178826237701e-01
4.285862882140482277e+00 8.957890187883279509e-01
3.474900228767837884e+00 6.792485165342159181e-01
4.090588815364700537e+00 8.929963581554761776e-01
6.624585831750185783e+00 2.231126883952821771e+00
6.865738850687536754e+00 2.384847130432860229e+00
5.534870600741211177e+00 1.831760263687056245e+00
6.329228971154515548e+00 2.177793401557920561e+00
4.927872084271928799e+00 1.180679991775308801e+00
4.369879433876232788e+00 9.454002515016907138e-01
4.277522554446270497e+00 9.722259699569331115e-01
3.934130628648440098e+00 8.465483879379624987e-01
6.318269966298673879e+00 2.157244419734470675e+00
6.156807551884377894e+00 2.099514498485764324e+00
5.110149976711428010e+00 1.440049853086024401e+00
4.367930289013298939e+00 9.507459049865117917e-01
5.754742672486826471e+00 2.079660406462125355e+00
5.181128216765681138e+00 1.428405609788902186e+00
3.798821154617867180e+00 8.152192546039392917e-01
4.556557563632789964e+00 1.037631235616407466e+00
3.838298644052924757e+00 7.737044879295621458e-01
4.031160968112884824e+00 8.618131628175158543e-01
4.123260293728129078e+00 8.762457245136788808e-01
5.855667302597792556e+00 1.884514480808159531e+00
4.076295727758040499e+00 9.346707119875311554e-01
6.407314438003099077e+00 2.164944108997794547e+00
6.330365299838806692e+00 2.216176874666869523e+00
5.961632077409271702e+00 1.965573311196159523e+00
3.676989938969005500e+00 7.648961239347028540e-01
6.525855966569767297e+00 2.269099283262245415e+00
6.857904451439190474e+00 2.386061400931695164e+00
4.103119791165692476e+00 9.135498037134733851e-01
7.370868881392680372e+00 2.599129342094187223e+00
4.316267658270480645e+00 9.674767649845118500e-01
3.942749191411777154e+00 8.905971874727042215e-01
4.563836312625008773e+00 1.071415560196158356e+00
4.112730515163061540e+00 9.091794250702857072e-01
4.567937905480441430e+00 9.713214024620983045e-01
3.985967562463130331e+00 8.326740785564228364e-01
3.999995365668165714e+00 8.533775434558453776e-01
4.824258523655674757e+00 1.169721639477401709e+00
4.074122529247269142e+00 9.095862223845766481e-01
6.103014292507003447e+00 1.993312969745347996e+00
6.208482806590467362e+00 2.070900617104859176e+00
6.587815797676723761e+00 2.247097793228836071e+00
4.318287202536517988e+00 9.385498865156917114e-01
4.238468369473717523e+00 9.117658272428863508e-01
6.452947016560768745e+00 2.150901708602426243e+00
4.778154033981346416e+00 1.200944334568293526e+00
3.907330531627711601e+00 8.616344642480554539e-01
5.052929218867453720e+00 1.177223061134414328e+00
6.088503502767873776e+00 2.021295407683220358e+00
4.049655366055477934e+00 8.529558898803103473e-01
4.825273501785205532e+00 1.218913557232361944e+00
6.317704598573301134e+00 2.155309144040860936e+00
4.436576794372256494e+00 1.010800845170087836e+00
6.712418618543747328e+00 2.360160840960106032e+00
4.240251911623772685e+00 9.331733912870998626e-01
5.607561062001739316e+00 1.553813911233664635e+00
4.507095536395335778e+00 1.030685240493001809e+00
6.510808456592910076e+00 2.187716704953369451e+00
5.046001237336714240e+00 1.307270592146330568e+00
4.849396298832547636e+00 1.174504852060151538e+00
6.353581239167574779e+00 2.195846200165368689e+00
5.340456751348399145e+00 1.558455261934772018e+00
4.132425790892804152e+00 8.930826107501032007e-01
6.144537616847324912e+00 2.083847041285851187e+00
4.021927262803473901e+00 8.468007432706027293e-01
4.614520598946248775e+00 1.097737921945060924e+00
6.765372949741175645e+00 2.425451712155636042e+00
6.665988141363221153e+00 2.249108836933756628e+00
6.991245775150313868e+00 2.355703005508597236e+00
6.863828771429301590e+00 2.273613542783550656e+00
4.522552536112391941e+00 1.004024415392520631e+00
4.026934130113013488e+00 8.977915190593597217e-01
6.194491529541084063e+00 2.049117791593571880e+00
6.100961876752366564e+00 2.021297069335634689e+00
6.664594847822143286e+00 2.365856976691331326e+00
4.622946494364869707e+00 9.967027015195368822e-01
4.266270710147015421e+00 8.973285727108540888e-01
4.156048883405138561e+00 9.220888535100841832e-01
3.677419304327163907e+00 7.530076741702327325e-01
3.853644086732564311e+00 8.165999152461655974e-01
4.048417520929524116e+00 8.753781871418311322e-01
4.355967769894152575e+00 9.400156305210400909e-01
4.272557945327888795e+00 9.767321281031148272e-01
4.212966934352224690e+00 9.473165055249201938e-01
6.313584975707399849e+00 2.146981501599503517e+00
6.047142153763497952e+00 2.006836185604451650e+00
6.013500609382903761e+00 2.110647255088069052e+00
4.748898541709893451e+00 1.159776356971077504e+00
4.446404845690129726e+00 1.021768982566151118e+00
4.726894618484902999e+00 1.041756635346936077e+00
4.343470988710310010e+00 1.001892737380812193e+00
6.814772882805942622e+00 2.316929032079607875e+00
3.654259107410820384e+00 6.550316189678180301e-01
6.783436973882794874e+00 2.286682927536070942e+00
6.376089582918107901e+00 2.171972408445530967e+00
4.126311732115039099e+00 9.070013362043725103e-01
3.926947673370849490e+00 8.791301979904971864e-01
4.018784891633480072e+00 8.811513116358810072e-01
5.992935073848598471e+00 2.083587867004001115e+00
6.795904746468802493e+00 2.214755615499066632e+00
6.459858482243087785e+00 2.235100120682250946e+00
6.357901237193294364e+00 2.191469162002473769e+00
6.669899208987011718e+00 2.294942852926380006e+00
6.947770435873229289e+00 2.433966036177347192e+00
4.181704786596223578e+00 8.987734616383957764e-01
4.471701792540115683e+00 1.007471625826506845e+00
3.879302900367638696e+00 8.348972269003571700e-01
6.153284339780425327e+00 2.054594680303475140e+00
3.928829742794438751e+00 8.609430598825993375e-01
4.479406440882618412e+00 1.051670112055496542e+00
4.020346286908384137e+00 8.694497053999398206e-01
3.899357422152719632e+00 8.472984440408133366e-01
5.134226199134063862e+00 1.258263543987971911e+00
6.249009145354665229e+00 2.126465009684083807e+00
4.059154721675876765e+00 9.187515974875483105e-01
4.940875150949941563e+00 1.123544450829056185e+00
6.830954953282599718e+00 2.273494259497556680e+00
3.806459206440493848e+00 8.314264983137901188e-01
3.598182817550055645e+00 7.758268079103267656e-01
4.449884259442944412e+00 9.508516444032173442e-01
4.576885304107308983e+00 9.999514955330508492e-01
4.950748570329967180e+00 1.227619170012595795e+00
4.301991262500997060e+00 9.439188313868431823e-01
4.176479982521592582e+00 8.990898375786295915e-01
4.186508897495667902e+00 9.078663728154096058e-01
5.224641340577708348e+00 1.249418053000822981e+00
4.028190000347790622e+00 8.904077931502710763e-01
6.090338395198403809e+00 2.101629827982275156e+00
4.728499059914615721e+00 1.175408097721514444e+00
4.156447012740765778e+00 8.475260091959258002e-01
4.224370658866678951e+00 9.375293817636485283e-01
6.404330064452644855e+00 2.179101592240474616e+00
6.329164016435809614e+00 2.121621017418779953e+00
3.911347269653385528e+00 8.592581935686329775e-01
6.822541769422014291e+00 2.524197035383359822e+00
6.137759854643186408e+00 1.943747215723776289e+00
3.906098164834995057e+00 8.450900493526338764e-01
3.869233487304156505e+00 8.412015304003468419e-01
6.628178773787333000e+00 2.200968433315138473e+00
4.832612575040192482e+00 1.126806974031566488e+00
6.640198618364093086e+00 2.244113046193629391e+00
4.153552056185159991e+00 8.833314811583072856e-01
4.278471507300455556e+00 9.513464820372785624e-01
4.135861977708493065e+00 9.267421404717168798e-01
3.847594721445970922e+00 8.363420496392848236e-01
6.437086163124639882e+00 2.155948995925878187e+00
4.150501722669818427e+00 9.274569189763219867e-01
6.395397637034919036e+00 2.162962089353700268e+00
4.139972195522573450e+00 9.194033528192742111e-01
7.293982940899836898e+00 2.546791722727964835e+00
4.056863023058113527e+00 8.453258072315803506e-01
4.666986253100653848e+00 1.040625709060457371e+00
6.559487223459213645e+00 2.308991753720597728e+00
6.202935248384306099e+00 2.134402379158663710e+00
4.101803265207920823e+00 8.433807424822183929e-01
6.459635087258601693e+00 2.197540173715561540e+00
6.309069679015347099e+00 2.168043692687013468e+00
4.378366851986049468e+00 9.979676880016515872e-01
4.053083698086988207e+00 8.810279275435980439e-01
6.113113172580215249e+00 1.992567831098617903e+00
4.261680339534973605e+00 9.442637934844230196e-01
4.221306493094626688e+00 9.250611668669271870e-01
4.688976477580482083e+00 1.151207101423423529e+00
3.809670676846609538e+00 8.115569253440472197e-01
4.268106712280448356e+00 9.402852734885595032e-01
4.511626841377796460e+00 1.027161352885754164e+00
4.180800340992908204e+00 9.574082840983466625e-01
5.928511005774163678e+00 2.006803590243415591e+00
4.332572106767999642e+00 9.991233525663528736e-01
3.676115153842260952e+00 8.140186776506289634e-01
4.239365144206517222e+00 9.527701985025847087e-01
5.678291092156527498e+00 1.854573788520809785e+00
4.579374818010165882e+00 1.012420293711503438e+00
4.058527286047429072e+00 8.898300531000903346e-01
4.268249533643451166e+00 9.402587699121419673e-01
7.406288412351418771e+00 2.611949754625401798e+00
5.977528690021874702e+00 2.096018811914402313e+00
3.899206739349867945e+00 8.259167191421941112e-01
4.756569916605712045e+00 1.093536811585786195e+00
4.565240568028086976e+00 1.085426367521538538e+00
6.709658943850099533e+00 2.317842223652080591e+00
4.524136847572110653e+00 1.089136713727911987e+00
6.336627900570999117e+00 2.201724038322655286e+00
4.964444180802261464e+00 1.259104471905716727e+00
6.064813654108938579e+00 2.046512393787349726e+00
5.842023453514483045e+00 1.969105999158333509e+00
7.014249160398946970e+00 2.371179618556197966e+00
4.481808565452833015e+00 9.882872743778532421e-01
4.263596714817035505e+00 9.620598713955450521e-01
3.820567587181301406e+00 8.368265825115629442e-01
4.458537058167758360e+00 1.030771232659216219e+00
4.275678691331528114e+00 9.711509142322604093e-01
4.678007199083645595e+00 1.160226692513432356e+00
4.074710088665687735e+00 7.991217609356769946e-01
7.193138005055701889e+00 2.478188834751524183e+00
4.341713072576213861e+00 9.439648344320997753e-01
6.868269928651046463e+00 2.384954801243106992e+00
6.727814732021328403e+00 2.258022242504663435e+00
5.205279867606584787e+00 1.345003312270999229e+00
6.655649699990584978e+00 2.375960764263031155e+00
3.924805451736167683e+00 8.372374305376202308e-01
4.547694460333429944e+00 1.057010733211378950e+00
3.741584911910480926e+00 7.357102109751465502e-01
6.173748189235798378e+00 2.063161979467463603e+00
4.323168888265929155e+00 9.535119856861613563e-01
7.061949116611527799e+00 2.432007654872155200e+00
7.040155458547280531e+00 2.555050566151647384e+00
4.124120784263450190e+00 8.753741513182053957e-01
6.326511664399771639e+00 2.424918087029454217e+00
4.516460036266550127e+00 1.036850095365455582e+00
4.041279059754423031e+00 8.370564660555933623e-01
6.612588791682347811e+00 2.360206156583413151e+00
4.239219508783771850e+00 9.243951759607915708e-01
4.352843894395173940e+00 9.721309475365080832e-01
6.391837044448283933e+00 2.133389948723862339e+00
4.462847109404485479e+00 9.828749426379018717e-01
4.023882847063075197e+00 9.191740454384147441e-01
4.166448608770886075e+00 9.125862591946504176e-01
5.227880768426945046e+00 1.307591646826152587e+00
4.162427612803294430e+00 8.967819399736174368e-01
4.027290600056141479e+00 9.266340560469765730e-01
4.364261668324470378e+00 9.603579196192365552e-01
6.866246153059519131e+00 2.365003008573538512e+00
5.972487373564229429e+00 1.990272505393538394e+00
6.485950287008889426e+00 2.194874262152064937e+00
6.338719629777435749e+00 2.265600343778103820e+00
4.425187139105294598e+00 9.920740209274019339e-01
5.019578540431061775e+00 1.285997057504865149e+00
6.139783895188344331e+00 2.111668854841242116e+00
4.149178946681399971e+00 8.821340696462083297e-01
4.516489604607838437e+00 1.076564676135409737e+00
3.825294366370555643e+00 7.891450348140280902e-01
4.612854060044849547e+00 1.087931099806029867e+00
5.232358556476338407e+00 1.180819476214205910e+00
7.110526571756140335e+00 2.534168795513564110e+00
4.062361251846557053e+00 9.014907466335327912e-01
6.971254070507857392e+00 2.408703041573521553e+00
5.245658907418702555e+00 1.361318920510480979e+00
6.332655505874150492e+00 2.126202863741328386e+00
4.046894610907935785e+00 8.903618919070170890e-01
4.010835785451002167e+00 9.008858135825970059e-01
4.011801755042720075e+00 8.781541907163566973e-01
6.961403924203672489e+00 2.358469855570730633e+00
4.233270138738397748e+00 9.774047038352778882e-01
4.615653604905189056e+00 9.928515322428637102e-01
4.208929353319970090e+00 9.610402557278984181e-01
4.281944880187690039e+00 9.642255668119099621e-01
4.691373571135430076e+00 9.259841594105073792e-01
4.118109535568431845e+00 8.647661676300156808e-01
4.421291759519140108e+00 9.976162859994880394e-01
4.366917715850191506e+00 9.531291281907817714e-01
3.684957453927140580e+00 7.736741948296492755e-01
6.534203698589592157e+00 2.192243935219006623e+00
