1.259805737523664426e+00
1.254260314324721959e+00
1.221854546402710184e+00
1.197598456311341542e+00
1.253266237731391675e+00
1.214459041975669562e+00
1.229837198317332625e+00
1.209205299275875944e+00
1.228602376216264336e+00
1.213635571565189863e+00
1.222224343092678911e+00
1.218811275322196241e+00
1.215101529646504863e+00
1.191063511751863313e+00
1.202343923061764075e+00
1.195792859038743661e+00
1.250428871355260485e+00
1.209012005216275831e+00
1.233186965522162559e+00
1.264063506012249150e+00
1.228191155680322000e+00
1.200398370246616997e+00
1.237998168432796531e+00
1.209767569070593796e+00
1.200936220287734280e+00
1.234509460046117502e+00
1.228037510898666973e+00
1.225460648476897729e+00
1.199475346968661649e+00
1.216819524051410806e+00
1.238626240849907134e+00
1.214597187717044058e+00
1.185611931500373029e+00
1.217308788776945150e+00
1.242286198674785513e+00
1.177791108025709299e+00
1.230732523955297308e+00
1.226728225473735945e+00
1.230188380799094094e+00
1.214151912875488071e+00
1.174659682377446446e+00
1.212324788065047620e+00
1.211647952311046605e+00
1.203568987241899313e+00
1.202952906310623016e+00
1.189658058082677661e+00
1.227209653491610375e+00
1.215562610397653120e+00
1.217474478239776614e+00
1.200711436867168525e+00
1.233185397116050908e+00
1.210064702972379003e+00
1.202211457352338142e+00
1.232715481274135660e+00
1.184280036773487366e+00
1.192100407551183627e+00
1.207083828932210556e+00
1.223798937116027163e+00
1.202091050774493075e+00
1.208474405612302460e+00
1.242162737574011633e+00
1.184804384394999355e+00
1.235675140380047221e+00
1.225063545030801393e+00
1.270337950945589434e+00
1.236148802950052916e+00
1.223149753020907005e+00
1.206010413984075713e+00
1.203706366053967303e+00
1.272181003973207325e+00
1.242026151435137837e+00
1.208342655569133450e+00
1.210777586129054173e+00
1.173125452686904158e+00
1.165845945643766202e+00
1.229127926130204385e+00
1.218780740604325175e+00
1.270085026494959690e+00
1.220249220831118420e+00
1.204149900796644079e+00
1.242727788408483303e+00
1.218218783182181131e+00
1.234481920460094750e+00
1.245639128803274209e+00
1.226435459844373854e+00
1.202204024664328408e+00
1.221398749140182760e+00
1.207705673273859803e+00
1.199405486017874889e+00
1.264078927042201705e+00
1.208249484412710073e+00
1.227151031785597590e+00
1.224399727509234870e+00
1.166921239222145079e+00
1.276798818103371147e+00
1.189862824888481274e+00
1.229933495662571152e+00
1.236935060984057255e+00
1.235751163848709533e+00
1.236219788053749546e+00
1.227989912455867971e+00
1.210438198536924803e+00
1.248510446478446223e+00
1.240774247911577310e+00
1.247009302922646112e+00
1.236280533285018191e+00
1.221794816020634000e+00
1.210271303422777667e+00
1.216628004787144279e+00
1.228498092933337782e+00
1.206477559069232042e+00
1.235267184144906327e+00
1.218704496701875195e+00
1.215357297438129924e+00
1.219085925441826035e+00
1.218828149681096207e+00
1.230411023908402068e+00
1.210166241301429579e+00
1.203995487781855500e+00
1.198737218200209620e+00
1.219846321999332739e+00
1.226290611182736079e+00
1.248716284374595586e+00
1.221566637690746360e+00
1.202294624111888366e+00
1.254180367816978281e+00
1.231256933966769829e+00
1.219954614627199119e+00
1.202594220968532746e+00
1.195330576051346183e+00
1.177571070361646433e+00
1.204500755493592479e+00
1.258239853307718592e+00
1.224847558792695912e+00
1.217269606021776918e+00
1.212382651080369689e+00
1.242783030286334744e+00
1.210510386191878007e+00
1.227099231989458916e+00
1.193079898570339470e+00
1.241439900358003889e+00
1.239416322929722369e+00
1.254167452036662578e+00
1.190385484883459410e+00
1.226540895059351266e+00
1.224897683292555328e+00
1.251540389288633648e+00
1.220094728672655338e+00
1.205542557016627159e+00
1.217294237616557195e+00
1.202330354758097908e+00
1.218133572070208892e+00
1.203327071920803126e+00
1.207009493248577314e+00
1.230611744747576397e+00
1.241939455115626867e+00
1.217023523693171905e+00
1.197334535330562666e+00
1.213210767887275887e+00
1.231464822834128281e+00
1.240297258106667577e+00
1.198193845043004524e+00
1.224204367324200460e+00
1.209063345374600029e+00
1.223851752758785549e+00
1.244592793745909365e+00
1.261529884861362527e+00
1.192192720412897033e+00
1.232064317096995376e+00
1.233233964864350218e+00
1.222324872997612166e+00
1.222758918971694309e+00
1.222293134887571409e+00
1.226938565077491994e+00
1.208100576872551679e+00
1.220409151282568105e+00
1.204230772247865788e+00
1.205083168819717887e+00
1.215583505560877908e+00
1.192024429915130579e+00
1.214841106289576311e+00
1.225897300437945869e+00
1.208029190612431414e+00
1.225317379655733729e+00
1.226261005605935317e+00
1.199106163693541172e+00
1.231631916266407112e+00
1.203702364002298575e+00
1.230064821529502694e+00
1.239353461948605073e+00
1.242477403650081635e+00
1.206974501484535445e+00
1.247084884053184739e+00
1.227267138182887019e+00
1.238081429626616270e+00
1.246481793257869786e+00
1.228121725614404358e+00
1.203327122422815920e+00
1.225180784621489494e+00
1.247459028366297185e+00
1.239679149716786055e+00
1.231360044110802576e+00
1.226997035685050585e+00
1.228587543131567372e+00
1.206796242138320485e+00
1.227753657048757496e+00
1.236014013341601991e+00
1.173432647880494839e+00
1.215268467874794700e+00
1.289102641513682812e+00
1.225984257986239001e+00
1.236904558340755189e+00
1.223175757100326333e+00
1.198158561312260728e+00
1.211244371137436104e+00
1.213157412900685239e+00
1.192281517818676528e+00
1.220178105307034855e+00
1.213607972907058796e+00
1.224564012659783430e+00
1.211743420084799849e+00
1.231699074707707675e+00
1.230833411504836272e+00
1.208475165172341104e+00
1.191207381628231587e+00
1.256591752363923398e+00
1.272637929946371038e+00
1.218129653908188725e+00
1.220005515774623239e+00
1.245981193824114541e+00
1.200616671537106050e+00
1.261774716785186490e+00
1.217266801176882796e+00
1.220094026984771318e+00
1.209446543309200539e+00
1.230440187870179614e+00
1.208186493754776825e+00
1.164039043973818632e+00
1.193302659242922337e+00
1.213368739039877964e+00
1.257256083092764598e+00
1.207089079583461011e+00
1.260296621604081624e+00
1.193118971979887588e+00
1.240044568996421237e+00
1.223632378332083048e+00
1.235132303247813645e+00
1.185333146816940797e+00
1.232863022140580300e+00
1.228616433540051567e+00
1.191519786506881173e+00
1.240484818492731733e+00
1.243986676541850578e+00
1.191908731272285138e+00
1.221555978562632427e+00
1.264531453173902031e+00
1.242998554312068737e+00
1.204387427578339942e+00
1.234736812268113049e+00
1.173385376590504681e+00
1.222302577043934413e+00
1.224667149553185563e+00
1.212407818805235182e+00
1.218981465401321573e+00
1.243783548394344907e+00
1.204862760253271103e+00
1.184592371713054204e+00
1.229514448586207731e+00
1.227873222363294659e+00
1.222237421875389085e+00
1.207685004715489452e+00
1.229679220290971653e+00
1.212370205087947239e+00
1.242326327663071162e+00
1.239879213530440838e+00
1.235067368330818649e+00
1.250043757985190629e+00
1.200926328427246670e+00
1.195263635806564473e+00
1.221300872988505093e+00
1.236597507722843270e+00
1.172518109876952375e+00
1.241568077680603510e+00
1.211341374822972439e+00
1.216862212475926519e+00
1.246032798517605400e+00
1.237296225121638171e+00
1.242971026290290437e+00
1.163930134585902110e+00
1.205474650706789497e+00
1.264898741481053301e+00
1.287789787561186561e+00
1.246840880843895549e+00
1.257133070152585352e+00
1.205495557129578454e+00
1.199440323024829391e+00
1.200438698875764709e+00
1.244220289133367352e+00
1.254017073993172637e+00
1.268787963745414249e+00
1.205985792825324143e+00
1.235350375106361254e+00
1.228598703532997938e+00
1.215241670536986618e+00
1.167291444263730327e+00
1.191198129197747368e+00
1.199385578344627445e+00
1.221894658463252625e+00
1.246209179427178126e+00
1.217566161310984718e+00
1.236173566259395340e+00
1.265725493189610917e+00
1.161712320795619702e+00
1.213400709912231257e+00
1.217312039501204923e+00
1.177422510834305047e+00
1.211795975559994298e+00
1.195342797939989543e+00
1.197431676984338722e+00
1.156642626495957060e+00
1.203825818826119054e+00
1.236807781296254127e+00
1.231527685366618163e+00
1.209333437049918247e+00
1.195861226054223847e+00
1.253212809790034132e+00
1.236728165565697424e+00
1.222037628321168246e+00
1.242797276131932360e+00
1.206154301382912353e+00
1.210055047429728026e+00
1.214850053984244838e+00
1.216342836755901713e+00
1.261998888172898514e+00
1.227423355433844510e+00
1.194843357584074228e+00
1.220510149302781233e+00
1.197709465252907224e+00
1.216487400668379015e+00
1.188955604491174656e+00
1.197436044884999440e+00
1.213567680119466807e+00
1.193236670981593583e+00
1.211708060616485616e+00
1.190330336205904338e+00
1.218273063921863963e+00
1.227043800470896118e+00
1.248398515899720840e+00
1.225236066893732323e+00
1.223770097777022281e+00
1.225351491455103581e+00
1.233501990850338181e+00
1.234789687277871861e+00
1.222212051659611109e+00
1.241537235928248384e+00
1.213149522849729101e+00
1.247710909887943753e+00
1.202870782858010967e+00
1.258536026128410201e+00
1.205494507336550836e+00
1.168183360581018126e+00
1.199289892522512391e+00
1.237058594464651495e+00
1.226914694206608036e+00
1.240878782849601070e+00
1.239959584889866573e+00
1.228894049337336147e+00
1.208542342124811819e+00
1.249800863150849484e+00
1.239118384903118208e+00
1.202376073340975848e+00
1.263680697879674852e+00
1.198137781509159172e+00
1.213052213607425767e+00
1.222033734178596509e+00
1.222064841197899820e+00
1.199779696214004376e+00
1.266784899863029112e+00
1.202453279713808776e+00
1.255846109777808195e+00
1.230330176285543864e+00
1.249902449684107797e+00
1.231615167621405771e+00
1.209046544863112471e+00
1.258427546547546072e+00
1.216308441316749978e+00
1.217897612832010479e+00
1.222116270132471483e+00
1.210408555640721140e+00
1.216972425102538224e+00
1.221046091270466594e+00
1.215979407772269427e+00
1.210783998584883614e+00
1.223243035420478186e+00
1.203896928684067724e+00
1.239874531294993698e+00
1.246542525050955419e+00
1.251913618589341803e+00
1.211394813910270152e+00
1.225851389371774403e+00
1.191481481058047409e+00
1.280246158158476977e+00
1.208342273105171172e+00
1.271845005106101656e+00
1.243479567385048279e+00
1.205124390780380805e+00
1.208195474959043780e+00
1.190999093721302193e+00
1.252381687856838788e+00
1.186996001182842209e+00
1.196533271236054574e+00
1.212268561100766417e+00
1.219972501358121075e+00
1.209586644173859638e+00
1.233947784724478192e+00
1.254424788944501712e+00
1.242095269266197288e+00
1.249205212388764696e+00
1.199072906014704509e+00
1.203199723491741535e+00
1.226469945255807437e+00
1.216491885615706314e+00
1.224323683352762648e+00
1.215179109114530531e+00
1.266403445443563758e+00
1.208564202731192916e+00
1.256604138526502545e+00
1.235005980613861132e+00
1.224366029984204962e+00
1.208203426722350260e+00
1.249446837165196333e+00
1.250974212300156152e+00
1.257155303924829770e+00
1.202482659768925544e+00
1.211836445879287405e+00
1.198527755378440363e+00
1.228086655217584644e+00
1.213274746629265488e+00
1.223786965171078434e+00
1.207181354449431643e+00
1.182527713125277158e+00
1.216735422466738159e+00
1.186962623348854162e+00
1.209879669703877614e+00
1.204000785990666289e+00
1.256475922295018366e+00
1.209795502995148375e+00
1.241745628663810885e+00
1.207644766761586386e+00
1.212689663608001345e+00
1.187623412189044103e+00
1.213386385920367294e+00
1.217880874476184427e+00
1.190790530568669903e+00
1.204785062835487031e+00
1.256062540028160646e+00
1.219793214300468831e+00
1.220139754484624417e+00
1.212352929001486057e+00
1.216955733947902463e+00
1.230683289016518467e+00
1.219885920185326933e+00
1.260481449758983574e+00
1.244600365623211635e+00
1.192620942580016496e+00
1.232902251694702134e+00
1.211804145095867868e+00
1.220390079462704502e+00
1.231620275767061790e+00
1.250587868237373224e+00
1.199239758088350483e+00
1.207636200020809847e+00
1.221628514372078422e+00
1.236094826707650585e+00
1.193840567841296663e+00
1.211646053780035315e+00
1.231275373636895987e+00
1.222138096925815764e+00
1.238893758579186155e+00
1.213258531846668653e+00
1.226553369387036962e+00
1.216608010926384598e+00
1.226565571882550554e+00
1.231702285374711270e+00
1.192180593632434560e+00
1.175609247391681267e+00
1.247635868076196974e+00
1.218293038259649963e+00
1.229864371451605320e+00
1.224224588369157596e+00
1.220892338986389269e+00
1.204562258230407190e+00
1.189216708354897900e+00
1.268387220981851193e+00
1.231212712458374492e+00
1.215598334150829185e+00
1.235925064704673115e+00
1.218602937210680137e+00
1.238932246981476304e+00
1.212859207004014506e+00
1.210157698916549673e+00
1.231621940134312032e+00
1.249654434561151106e+00
1.196401860397487082e+00
1.235899849591433286e+00
1.226525066984563761e+00
1.209593727483560643e+00
1.226851552953193147e+00
1.222794034204224278e+00
1.251884091307032376e+00
1.254340310543636816e+00
1.219607291158279372e+00
1.210439387615960039e+00
1.201547192398715103e+00
1.198337524780893837e+00
1.228401346059289745e+00
1.232064241685067563e+00
1.248641882139372550e+00
1.247172590999473085e+00
1.235048753077588879e+00
1.215217419692969480e+00
1.234216359318426548e+00
1.206282050938201067e+00
1.200193017535266415e+00
1.202389123622636946e+00
1.194660971203103550e+00
1.258585177647348674e+00
1.217315254863541529e+00
1.150801225506944636e+00
1.227088609191154589e+00
1.227494812782752964e+00
1.232838202529345617e+00
1.214362523099264735e+00
1.235945705688003882e+00
1.222668887555431239e+00
1.246263936125270089e+00
1.243328925891498571e+00
1.198164481291724259e+00
1.190592639034182554e+00
1.219541108178187061e+00
1.237591269848837827e+00
1.201917165782351082e+00
1.254438915297476642e+00
1.225495688785557702e+00
1.214260566370918504e+00
1.205893820203595368e+00
1.219183426901485845e+00
1.203810199744030252e+00
1.254690951230145179e+00
1.240163429260950689e+00
1.215046493900446167e+00
1.207257738798150015e+00
1.228771991563038180e+00
1.220460456849600472e+00
1.215811255740651742e+00
1.213883097679417489e+00
1.223475627353882489e+00
1.268032331314975281e+00
1.217312592224107926e+00
1.208608155159156983e+00
1.187084976716476836e+00
1.174295647087851169e+00
1.237211196611133213e+00
1.199540512702923944e+00
1.227382425724278692e+00
1.225009037011115520e+00
1.228603409482575293e+00
1.196217823749286202e+00
1.216995311699746729e+00
1.222771945122974824e+00
1.259707149285101746e+00
1.218166948706472796e+00
1.256192932981979427e+00
1.163846971548729625e+00
1.208028471239792623e+00
1.159333642607895953e+00
1.233833169648158812e+00
1.253301503713249776e+00
1.266631539280241858e+00
1.219375363853033800e+00
1.198317592519050789e+00
1.198150521195503027e+00
1.209677283554674965e+00
1.220188361293418344e+00
1.217657799882810421e+00
1.242425430036685263e+00
1.240492377962120640e+00
1.224820989211283351e+00
1.229108853648438915e+00
1.242483681460845979e+00
1.224721698395022873e+00
1.206840362947892542e+00
1.204961215964329035e+00
1.226646009691671813e+00
1.188353635902128280e+00
1.240642011576028825e+00
1.195345588492034761e+00
1.218380843993841056e+00
1.197793814571622706e+00
1.217947055009046986e+00
1.227487339742082684e+00
1.268470644920832502e+00
1.260206239962528674e+00
1.234845412191946767e+00
1.214800810256844166e+00
1.194872469965834183e+00
1.246827118495490216e+00
1.217002123481836007e+00
1.248258676118164656e+00
1.228542634309633064e+00
1.189815627838283429e+00
1.232189002570294178e+00
1.234697398880876484e+00
1.229660033630385563e+00
1.214328553611539130e+00
1.199914506570140649e+00
1.230327806844051741e+00
1.223147006551190019e+00
1.232784285035936067e+00
1.227903807379985723e+00
1.223484124028284992e+00
1.182561782488557034e+00
1.233930924456547729e+00
1.247152540533116083e+00
1.231604230171507997e+00
1.240041977951650720e+00
1.209255345243387403e+00
1.208359957966939513e+00
1.251910996750873917e+00
1.237758019740687887e+00
1.238052355654649217e+00
1.249507541710727310e+00
1.196303911034232170e+00
1.229847296074180640e+00
1.207236630674647371e+00
1.203305579137077475e+00
1.229944962300688394e+00
1.232639149689949143e+00
1.254425294505349786e+00
1.241202943427226701e+00
1.208793430031724903e+00
1.198438376932306149e+00
1.195847052889711826e+00
1.186476273783020785e+00
1.222029390630825718e+00
1.277267551674757584e+00
1.249028493425150543e+00
1.239544169528930651e+00
1.215097584916752238e+00
1.241684483704612818e+00
1.221041070193091604e+00
1.258760139124786903e+00
1.228631132754186339e+00
1.196684825966727539e+00
1.200117569826555819e+00
1.216066524090522849e+00
1.245910198453632711e+00
1.226464330253041579e+00
1.196391022575677976e+00
1.229814482561745415e+00
1.222180656008985622e+00
1.202539569015289356e+00
1.282672769837716054e+00
1.238214882640698677e+00
1.199997457765903164e+00
1.214744642785403173e+00
1.206490399929018409e+00
1.218667821908795856e+00
1.248314732536344396e+00
1.226896033470382896e+00
1.237395084654007382e+00
1.197156956087114477e+00
1.222726306290778275e+00
1.227433240242695733e+00
1.182378436130865129e+00
1.222909350576226295e+00
1.195477617787003011e+00
1.209105430539510806e+00
1.224401391126543226e+00
1.236536535556315375e+00
1.248164250415583876e+00
1.203583276264046376e+00
1.202439814169513399e+00
1.206920545133997491e+00
1.229213506306591652e+00
1.200021754263866258e+00
1.220637805907616613e+00
1.242659063351150950e+00
1.241838303450866432e+00
1.216205094306556322e+00
1.242108921323762605e+00
1.201079359323550921e+00
1.207839003074950623e+00
1.205652661627979239e+00
1.228155161980786225e+00
1.219000984989011549e+00
1.242328443498898149e+00
1.198896097858961340e+00
1.220726837851195956e+00
1.190257522976168492e+00
1.226912237037075970e+00
1.203687908977937981e+00
1.211169393811151851e+00
1.221771737765800170e+00
1.201969581902097239e+00
1.222655117544954262e+00
1.200886739460143904e+00
1.210137582603913797e+00
1.209741228067646723e+00
1.212217873492554387e+00
1.234236279879600273e+00
1.228724221922949278e+00
1.231225664157160615e+00
1.205788796569588595e+00
1.213288399067340428e+00
1.207033730881719169e+00
1.255449353169169724e+00
1.220405008980982586e+00
1.222952703058012069e+00
1.210640875918301163e+00
1.203566256765018272e+00
1.191122153168673092e+00
1.223406370007001920e+00
1.234787868707007963e+00
1.208901758503727386e+00
1.198958413213690122e+00
1.216733577597417515e+00
1.213354607509904870e+00
1.200601191863216011e+00
1.222335296021469286e+00
1.269519308696611004e+00
1.220291888281829884e+00
1.188981903268937712e+00
1.223580345481907194e+00
1.255657201974825110e+00
1.200626250735090661e+00
1.211060484038645857e+00
1.208233285621467257e+00
1.220645665938175695e+00
1.186963968681430837e+00
1.195765257436521622e+00
1.216915837928465027e+00
1.210000422944519372e+00
1.195047822293672901e+00
1.211359600685969928e+00
1.259341077154732202e+00
1.212558818763872504e+00
1.237097579142850456e+00
1.236820832966255335e+00
1.221780977249626865e+00
1.189245931710547044e+00
1.248605780774697971e+00
1.249407873655549839e+00
1.149420307332740254e+00
1.200092496942444020e+00
1.203698308831458785e+00
1.226937359743577760e+00
1.250428050913794165e+00
1.206840211280342245e+00
1.282625563244468303e+00
1.199281442031244982e+00
1.212556302563429833e+00
1.231776054211969562e+00
1.198312960768019630e+00
1.230851459908026468e+00
1.229872835513989848e+00
1.230902797507469115e+00
1.177727548242469613e+00
1.193497819049971875e+00
1.191812040002570461e+00
1.233735497044609719e+00
1.211062975594539903e+00
1.220157574053276406e+00
1.233925711277308990e+00
1.222005916928201152e+00
1.206086363841474718e+00
1.195509852073024515e+00
1.271885682871613188e+00
1.227867322914136583e+00
1.211108860652214236e+00
1.222192405089907785e+00
1.221442016477267689e+00
1.215423189813956695e+00
1.193206216305039202e+00
1.220960804468696814e+00
1.182124005158216029e+00
1.232155411634027642e+00
1.176720432001608474e+00
1.208259138965899648e+00
1.249939339512644354e+00
1.234409769312569960e+00
1.205339534305508442e+00
1.199644009672732325e+00
1.205877722086326376e+00
1.244477022195637828e+00
1.276304283634368764e+00
1.227572330238697829e+00
1.224443939537266823e+00
1.241732919003874391e+00
1.222682161438917392e+00
1.222365617330635201e+00
1.241203807229374068e+00
1.203876052764992099e+00
1.208032971850019788e+00
1.253661909052244283e+00
1.216348445170881920e+00
1.233459073982230869e+00
1.197942512141331184e+00
1.207765493233823761e+00
1.222279464231371016e+00
1.206697966910041497e+00
1.249602260344687688e+00
1.234516321092280489e+00
1.181977631703019282e+00
1.209429332673727542e+00
1.183202208447200698e+00
1.266051989644881859e+00
1.240639241821585026e+00
1.244095022964934349e+00
1.238413507208687703e+00
1.218333289525166396e+00
1.202122772453139588e+00
1.211396966559948662e+00
1.201370676764283774e+00
1.266561594184105299e+00
1.186386494710927275e+00
1.241822905010431466e+00
1.277467257223069863e+00
1.179627656703742478e+00
1.203189730189008433e+00
1.187715107860350505e+00
1.184820354985665736e+00
1.225455599353903802e+00
1.217697215044477588e+00
1.206862380458435080e+00
1.229780809622599502e+00
1.192617381766131190e+00
1.219914240496059898e+00
1.229711421578714825e+00
1.233086101766908582e+00
1.221806166358494705e+00
1.265484190880637794e+00
1.175597740284151094e+00
1.225845246796652299e+00
1.218816729355592932e+00
1.231191813753613529e+00
1.237049191108471557e+00
1.195721416580928675e+00
1.230469081068095383e+00
1.222520547124720469e+00
1.210935607107560763e+00
1.211752418471195414e+00
1.239101698282546238e+00
1.240592275348064932e+00
1.312819577402652760e+00
1.232978735912760859e+00
1.262369612738704960e+00
1.226612667932788225e+00
1.224885163525329723e+00
1.208218383763609127e+00
1.220593881354681720e+00
1.240002642455492188e+00
1.217398830271436916e+00
1.275143922871394775e+00
1.198932806458207434e+00
1.214333515660369400e+00
1.229602983834781282e+00
1.212923670841530299e+00
1.256536108965900178e+00
1.244457292666973247e+00
1.192868649824135208e+00
1.211438400543483285e+00
1.236095064902545504e+00
1.218452316101121813e+00
1.262525788854132580e+00
1.184619318583749914e+00
1.283603761260467158e+00
1.178039990455159280e+00
1.253708712943338188e+00
1.190511778474660387e+00
1.223667497482289868e+00
1.223168339134750093e+00
1.241790653636250852e+00
1.254370202470156848e+00
1.208238490970110934e+00
1.215951194245148415e+00
1.253405715941025234e+00
1.224203954606346567e+00
1.243618157984998973e+00
1.210527804102321747e+00
1.255951816584122582e+00
1.248723428816544079e+00
1.192067367860162985e+00
1.205536598506296464e+00
1.200492538700410172e+00
1.189634219263426385e+00
1.223633391026299755e+00
1.196312440553546574e+00
1.230602811611749114e+00
1.214693566264274827e+00
1.194700602212112717e+00
1.209147491308838251e+00
1.220584846506828303e+00
1.243050067330573549e+00
1.209260693253996655e+00
1.235873914268114548e+00
1.233273947019037031e+00
1.214289021499090904e+00
1.207361817507773383e+00
1.213314206391115757e+00
1.204975478323679239e+00
1.221538231770022520e+00
1.234219636958547861e+00
1.223613258223685829e+00
1.211164587127679049e+00
1.229753229921463298e+00
1.189512598549153699e+00
1.231231246529032486e+00
1.230085416392182163e+00
1.215012683613579503e+00
1.264655769616764847e+00
1.215295841457304071e+00
1.236293281160038671e+00
1.226603191620596389e+00
1.194921045866107701e+00
1.206564747044872821e+00
1.253199742470633371e+00
1.253544504001780524e+00
1.206402154844146812e+00
1.195639345196497505e+00
1.262963711148574086e+00
1.255867634182416426e+00
1.221826879449565473e+00
1.201105010833373177e+00
1.199611755104502020e+00
1.174119439246938068e+00
1.212554903186201072e+00
1.217442548858652662e+00
1.203930702304144118e+00
1.246149085821826485e+00
1.235604367384208313e+00
1.217096682922732986e+00
1.162758522011063222e+00
1.195633399648196482e+00
1.209493176744751874e+00
1.220429748975505158e+00
1.263573102841736073e+00
1.228416133092526730e+00
1.244848780784751474e+00
1.221389393972884374e+00
1.202019626055497392e+00
1.230376257068294565e+00
1.225935176613060396e+00
1.165260765795469222e+00
1.194687652033638914e+00
1.274819547871137937e+00
1.256273183502895519e+00
1.232919411564674217e+00
1.233629879340522928e+00
1.226557912074575762e+00
1.234525668834484557e+00
1.208153599616643925e+00
1.252539243010961423e+00
1.230455796117149170e+00
1.255465922788407962e+00
1.184933224302347821e+00
1.206779699267864991e+00
1.190669098981257390e+00
1.226076498520801250e+00
1.233935859378877398e+00
1.247659949090941911e+00
1.217432568272650562e+00
1.230098483942611232e+00
1.204378342561272852e+00
1.232502946217407302e+00
1.224165140472565749e+00
1.197944126838561996e+00
1.225360854453892756e+00
1.243720407172894005e+00
1.211863918229691084e+00
1.219476518237500251e+00
1.203606788803277983e+00
1.242799261157977453e+00
1.233486565703078908e+00
1.220402269934564243e+00
1.213280283955854966e+00
1.227951289759966258e+00
1.212827581563387325e+00
1.239167831416108978e+00
1.225811336619398118e+00
1.176274915677987254e+00
1.219229246536160272e+00
1.202712132023575631e+00
1.232803494278225998e+00
1.221728770097357142e+00
1.230040147501484160e+00
1.210376956601044940e+00
1.231291666704353416e+00
1.250798467313750661e+00
1.226863619996647170e+00
