1.228026376245668239e+00
1.236472586324446565e+00
1.212943912355491261e+00
1.212817582698435537e+00
1.270550780682916381e+00
1.188102378081759669e+00
1.196434407511119513e+00
1.227559726167711585e+00
1.197231281889629129e+00
1.193499036492665644e+00
1.191874235676864124e+00
1.244786637462653722e+00
1.241915264926822582e+00
1.242216805230308641e+00
1.233031367891467944e+00
1.229021385995761495e+00
1.217219833639339166e+00
1.227173496706988276e+00
1.236006450430042758e+00
1.250707744609392602e+00
1.197146559265030108e+00
1.201513112133777206e+00
1.228669663726369210e+00
1.255973743421854527e+00
1.215977238008539407e+00
1.250816225274202331e+00
1.202521222497534126e+00
1.210439103521152360e+00
1.239446287867389529e+00
1.190669232980255288e+00
1.216568809020073250e+00
1.238746847593437339e+00
1.231506327742582840e+00
1.241111958265209259e+00
1.244610750611256034e+00
1.254818542716529484e+00
1.213053534565329494e+00
1.229358854515324229e+00
1.134726698016676139e+00
1.241941854920338706e+00
1.215625089385328872e+00
1.239128073390043383e+00
1.201209500130837382e+00
1.236163648490220757e+00
1.234294963405332624e+00
1.222134950461600811e+00
1.255277346566601615e+00
1.203367800299812274e+00
1.212693864633704210e+00
1.237674521609126499e+00
1.259221723617449218e+00
1.217243618609189726e+00
1.209202322812323649e+00
1.223025102836012845e+00
1.227791370898254408e+00
1.211932854346223332e+00
1.217328801677757699e+00
1.258537750668364374e+00
1.213243796939424524e+00
1.263891886898337313e+00
1.190734372238635208e+00
1.207070685971564750e+00
1.238162520628165453e+00
1.231867072534855723e+00
1.266255283193744807e+00
1.198908184870259186e+00
1.234822389250457064e+00
1.237355718731919296e+00
1.214968435398216640e+00
1.193936563485072488e+00
1.222702044531234211e+00
1.195372339346038260e+00
1.234531826969262891e+00
1.202688776537167437e+00
1.210806145146981150e+00
1.205046887208788720e+00
1.192250916956133056e+00
1.208184607709086533e+00
1.196578923799719973e+00
1.258631397329450952e+00
1.236321772083235793e+00
1.176569839102453718e+00
1.208690321839737347e+00
1.204504486197017776e+00
1.201744091123489566e+00
1.229678555427137665e+00
1.238123872047993013e+00
1.185229900820657933e+00
1.216516447382808064e+00
1.208862737330867354e+00
1.205212920001293764e+00
1.211194676971136808e+00
1.215766156362310113e+00
1.261327247375501059e+00
1.189762242397468972e+00
1.214792525492593755e+00
1.217439751087273869e+00
1.207368322749171829e+00
1.246678521516296767e+00
1.214472539412167595e+00
1.238361046673855270e+00
1.207255094314623189e+00
1.200329566460090591e+00
1.232251835479297730e+00
1.251709901503565092e+00
1.240100969074643844e+00
1.193539334980084243e+00
1.254419218975145967e+00
1.234607985301954480e+00
1.226367793942002571e+00
1.227282091045955870e+00
1.237046794896195179e+00
1.209177743898483426e+00
1.181322260956473302e+00
1.199110897734782188e+00
1.225840112573272744e+00
1.202325515347865359e+00
1.238445504873593839e+00
1.195586235555443633e+00
1.250633056060116877e+00
1.228784329330541158e+00
1.201820211369719393e+00
1.232115366051896865e+00
1.190228276993985590e+00
1.183420347223166802e+00
1.246560334221682664e+00
1.200540627457115317e+00
1.242762182498017731e+00
1.193181775499138508e+00
1.253504249720871710e+00
1.233571459092019484e+00
1.191555666688029813e+00
1.232585404154797004e+00
1.249421151154729515e+00
1.244465382958531485e+00
1.236662037504323353e+00
1.192815688118157968e+00
1.233267560351234637e+00
1.228983224660873619e+00
1.220074431935128656e+00
1.209798713638651879e+00
1.230325207893840256e+00
1.203339188794115167e+00
1.216317805823956766e+00
1.208728522949895190e+00
1.221254139240162573e+00
1.220778165426944950e+00
1.234258125228961500e+00
1.234819236418750243e+00
1.207633485831188347e+00
1.279888685822018646e+00
1.189238333379640356e+00
1.252932847471383226e+00
1.228875922404215393e+00
1.206184718050400617e+00
1.211838983651472246e+00
1.228898945685126920e+00
1.200583856493859791e+00
1.250830872676477190e+00
1.216248701305103985e+00
1.224817609609449187e+00
1.203431389823665931e+00
1.212067249985678830e+00
1.215999403945353663e+00
1.239609254941853367e+00
1.231974827666330929e+00
1.208363380282556854e+00
1.207446225705945508e+00
1.263355896016184143e+00
1.215637667536764832e+00
1.259781780371641569e+00
1.220089288862616472e+00
1.237188630078230656e+00
1.251686577188343641e+00
1.228744196594232951e+00
1.220771999609602698e+00
1.262751163490311912e+00
1.212225147884373744e+00
1.220735186704851483e+00
1.220823795837076231e+00
1.169621673814256191e+00
1.208851023204160047e+00
1.229835291140008335e+00
1.229718872763451820e+00
1.246042038950289976e+00
1.218574951886799429e+00
1.232490101487166534e+00
1.222265164645279345e+00
1.235224017806228369e+00
1.238935749256707020e+00
1.223230638659362990e+00
1.204009468746124689e+00
1.185399201466298846e+00
1.221165658177611579e+00
1.230115912047431426e+00
1.219782863995567457e+00
1.202763820126703909e+00
1.229277845021322424e+00
1.230008001772371351e+00
1.211293155102143304e+00
1.222016950100910160e+00
1.201160611767471798e+00
1.235687387708226170e+00
1.203257565795717854e+00
1.238063806701353187e+00
1.217090077226143485e+00
1.236731721354761948e+00
1.230827002262393943e+00
1.256216315211880818e+00
1.219524990906489803e+00
1.220831302602346735e+00
1.207976209134754342e+00
1.212210220970425301e+00
1.252992367290194808e+00
1.211966634460847958e+00
1.227482693777919964e+00
1.243702860147261946e+00
1.193136546958817990e+00
1.236880474770007954e+00
1.253105265043301886e+00
1.249020081820679584e+00
1.234123394959453446e+00
1.167833921880711223e+00
1.199001725028005394e+00
1.248165036995748656e+00
1.205131112072795663e+00
1.221474412893651218e+00
1.241779822866699634e+00
1.238499459015891091e+00
1.205214984084215457e+00
1.221474860902944659e+00
1.203596280798984619e+00
1.243355352293155081e+00
1.213697274489384137e+00
1.178995397175824911e+00
1.202538171172565784e+00
1.257604129601733067e+00
1.265182857375797054e+00
1.207570760875969595e+00
1.249982909912017437e+00
1.171043529208128930e+00
1.225690887035912668e+00
1.223157386795218349e+00
1.221766560518288802e+00
1.203699288029578485e+00
1.220470756426999648e+00
1.244438825013206795e+00
1.232436599556500978e+00
1.249565450019229917e+00
1.197973133883428520e+00
1.231576654529694670e+00
1.192364617400342164e+00
1.237921752580122936e+00
1.218107728747223950e+00
1.238151076686890395e+00
1.221623338299225647e+00
1.219969655258564600e+00
1.259522756289018997e+00
1.240697011395930804e+00
1.208977115296917315e+00
1.219616770849548004e+00
1.214482454232004516e+00
1.187906423379015530e+00
1.220844020347230385e+00
1.209940923693928916e+00
1.209100270540872213e+00
1.214083136085682524e+00
1.215519059514270861e+00
1.192409694357407623e+00
1.269386005369282699e+00
1.244098250287172913e+00
1.229202701657532426e+00
1.236411639388844019e+00
1.229045974309251665e+00
1.223078111646739519e+00
1.199050068954367498e+00
1.215866630252872449e+00
1.239246182721439604e+00
1.196144210535805552e+00
1.217152445554477991e+00
1.226545720921413674e+00
1.207123552370319208e+00
1.219608911097733728e+00
1.246272314130176806e+00
1.202681411799690903e+00
1.223053460459328612e+00
1.249777054679430455e+00
1.216618487458638764e+00
1.207926911697760675e+00
1.255760103264836669e+00
1.251438141322301689e+00
1.218656509033547497e+00
1.229491762759072015e+00
1.191937125948364873e+00
1.249641568189971075e+00
1.244900726095181209e+00
1.240195747643209501e+00
1.204324999438837196e+00
1.228125849995915342e+00
1.234879271340781681e+00
1.231758336964158929e+00
1.188057814449462457e+00
1.185851719596690224e+00
1.249853760019244975e+00
1.214471375088890248e+00
1.215856526570162854e+00
1.217015132989350379e+00
1.251706094949871284e+00
1.214936583259588865e+00
1.211280351631061958e+00
1.260619687572583913e+00
1.228222754253617266e+00
1.239080690586931821e+00
1.225655831670978690e+00
1.217982012041752826e+00
1.223147570612857171e+00
1.161926806950407842e+00
1.227814280371985811e+00
1.191083215936859618e+00
1.214544433522232403e+00
1.221426577001890168e+00
1.210079431476721812e+00
1.198147320976059582e+00
1.225073610000489310e+00
1.182837932676004344e+00
1.199062661870686997e+00
1.228772667607774371e+00
1.234845852457931770e+00
1.296773759219903122e+00
1.225775905704000746e+00
1.199314045182900301e+00
1.269317765181334545e+00
1.211131823362170401e+00
1.199551213708316411e+00
1.233429193732326956e+00
1.245918072940334298e+00
1.217569776030828388e+00
1.200081421656375769e+00
1.203376524677683967e+00
1.213343863410238255e+00
1.252706003184259842e+00
1.228374682046501576e+00
1.224224924264292635e+00
1.215354960094008341e+00
1.218250984292018835e+00
1.216607058356006243e+00
1.209910574651780646e+00
1.188687920837807166e+00
1.193458027826452161e+00
1.243905563748498588e+00
1.224919362555589419e+00
1.250032083246820802e+00
1.196747482955224262e+00
1.227366250430979244e+00
1.242666033816585802e+00
1.210373857085642157e+00
1.261104527744065784e+00
1.232146342538738226e+00
1.274758560065517354e+00
1.209785071919964317e+00
1.219636242929445169e+00
1.244772060950422476e+00
1.212555944851408940e+00
1.224166772010561344e+00
1.232804569549780682e+00
1.248939758642665820e+00
1.238091156714752561e+00
1.227020230544065615e+00
1.191729210901418590e+00
1.187817518067695088e+00
1.250376800966435775e+00
1.214489426783039949e+00
1.273544145166540131e+00
1.199316344201645235e+00
1.213275872289283130e+00
1.236624834540622553e+00
1.255947427413957707e+00
1.229740621753555807e+00
1.202189584425479740e+00
1.233683407089585460e+00
1.204791722861020098e+00
1.232873819469741727e+00
1.227218675976862849e+00
1.212706978233507815e+00
1.269431904656803889e+00
1.251419812824007938e+00
1.237594742685299787e+00
1.231251507666285328e+00
1.252831418835851585e+00
1.189086882676458901e+00
1.215540420325232240e+00
1.239234825954433905e+00
1.198862847257962549e+00
1.238397925954902057e+00
1.203386153911696566e+00
1.281562354349568444e+00
1.193060134658248117e+00
1.191312224909318429e+00
1.271938572036116710e+00
1.237414715201512028e+00
1.206520302575441850e+00
1.253512367774407776e+00
1.228658970154553609e+00
1.197602084762747765e+00
1.209273346153086459e+00
1.230999598111355731e+00
1.167925926348489796e+00
1.210725228378294771e+00
1.220507665403005815e+00
1.248406808424372461e+00
1.196130356581746934e+00
1.203266994822705049e+00
1.230352255767208858e+00
1.273419356161981764e+00
1.230407643939462448e+00
1.254315042486371157e+00
1.218645044146220213e+00
1.215084538424805016e+00
1.210626954494997021e+00
1.229082163843422837e+00
1.235765658439443415e+00
1.250923621947408471e+00
1.233010175162195798e+00
1.234487702324243985e+00
1.217744309825078419e+00
1.194338585598983649e+00
1.251323545576689344e+00
1.196104190443135318e+00
1.236166413869767444e+00
1.207853156170916042e+00
1.241785299668486831e+00
1.192634377049082151e+00
1.223806912691869808e+00
1.210613727446121057e+00
1.250068472208815562e+00
1.215686361313377484e+00
1.252218142237406573e+00
1.247762205341626185e+00
1.225215570069697391e+00
1.254135051282380342e+00
1.229197220695887660e+00
1.210350320975402738e+00
1.237077044507176149e+00
1.228041704769482267e+00
1.230313960532206208e+00
1.248029650089641285e+00
1.199536165889386830e+00
1.229890148120341253e+00
1.224360354460752420e+00
1.204971602852124235e+00
1.209435570370498869e+00
1.237508254095185167e+00
1.256762667076696927e+00
1.202749658735296157e+00
1.210116854551911869e+00
1.197623013911236711e+00
1.250581696062621706e+00
1.230493016640211712e+00
1.223019779691675080e+00
1.212247520709046178e+00
1.196994844885515441e+00
1.210051329666657294e+00
1.218929769850660261e+00
1.232099723741489461e+00
1.224355981238157254e+00
1.288848399599774819e+00
1.233574929154422684e+00
1.235010382034912979e+00
1.250337602762059852e+00
1.229934835642344293e+00
1.242372100754964848e+00
1.229545158269913729e+00
1.200803014899349153e+00
1.212773873445443407e+00
1.206435773442073423e+00
1.244077081284278519e+00
1.190578299827253828e+00
1.260971127036153439e+00
1.187579763623064277e+00
1.244589674137414725e+00
1.207552035527739154e+00
1.221645590966617068e+00
1.201099709880158573e+00
1.205847710853349408e+00
1.243301427024271266e+00
1.221296219997173749e+00
1.226740024432187770e+00
1.241032972376717280e+00
1.221653816929534564e+00
1.229735240742795055e+00
1.234045470502134201e+00
1.196817696544712817e+00
1.240100666064133828e+00
1.216160164016300005e+00
1.204218017349470760e+00
1.235322714213825224e+00
1.233486923883462261e+00
1.177426466757354184e+00
1.193578175312775436e+00
1.216216110209401124e+00
1.216275226322031111e+00
1.203368458175026134e+00
1.240504743698174206e+00
1.229384155611369600e+00
1.210187779833178157e+00
1.266232283145710902e+00
1.169899220037782683e+00
1.189217371060271145e+00
1.201522857511691633e+00
1.222209913107390689e+00
1.193665912129117768e+00
1.260588420483305994e+00
1.225894368272427704e+00
1.217584297081945932e+00
1.235670612613416930e+00
1.206610984833989209e+00
1.224512801172966903e+00
1.170755296157053760e+00
1.232926883489805059e+00
1.178228007949580158e+00
1.224495431566495096e+00
1.223624535742659614e+00
1.179681060301738471e+00
1.207266412647752141e+00
1.220916411103490917e+00
1.229635948219064190e+00
1.263788005145715543e+00
1.192810911610548308e+00
1.229786398420432691e+00
1.200091751632382575e+00
1.229780747033853316e+00
1.256112899984963116e+00
1.230336977490288586e+00
1.268985036036254899e+00
1.181913110105937692e+00
1.243812657018821266e+00
1.234547115723255040e+00
1.221289472442970148e+00
1.265266667351137020e+00
1.216406445688529292e+00
1.205251382480351685e+00
1.215688723304140462e+00
1.213493378506679043e+00
1.180604279211865171e+00
1.260010300133318051e+00
1.248065033201701368e+00
1.216591092329735835e+00
1.234186192424163053e+00
1.226194983757493251e+00
1.245489638346588324e+00
1.239398593879494026e+00
1.249044993238196177e+00
1.258693010470645079e+00
1.162245918847944370e+00
1.205883670305802235e+00
1.243615649471982332e+00
1.219624644002811564e+00
1.246938854829773735e+00
1.176354376129570278e+00
1.250896901469857658e+00
1.244688065847662228e+00
1.203081945100807459e+00
1.212508270759701468e+00
1.222844088109055427e+00
1.234711320737284401e+00
1.205889659325651397e+00
1.190711451622862960e+00
1.243499367416629253e+00
1.194359403733151526e+00
1.233971894159174854e+00
1.239605126685773051e+00
1.187542079520887750e+00
1.202045698520412875e+00
1.281692649295759656e+00
1.255184947453950484e+00
1.241308137848760262e+00
1.216204046942329198e+00
1.234009272848997529e+00
1.243238647039466738e+00
1.218500229362938780e+00
1.212859545131944605e+00
1.208497857981757573e+00
1.238818370866721974e+00
1.215413831046636028e+00
1.213209343600072376e+00
1.234739278712464694e+00
1.210021215206296352e+00
1.222680158859221322e+00
1.262099911254337181e+00
1.261134387744873075e+00
1.218151720628187551e+00
1.215386258063020586e+00
1.189279831822545264e+00
1.238010866225917717e+00
1.214071124326092876e+00
1.191014943333855047e+00
1.217641234761353886e+00
1.228575886232583070e+00
1.254380943654773484e+00
1.170076741209646665e+00
1.234021195565885964e+00
1.208598043483477547e+00
1.227006906753811410e+00
1.237461196380889472e+00
1.223261855068895398e+00
1.264935243261497977e+00
1.220002345130452692e+00
1.219183006006841818e+00
1.220220694275622630e+00
1.227684794188944606e+00
1.211442155546968769e+00
1.225566134532052098e+00
1.252330187105196613e+00
1.238989348048045391e+00
1.208289061126777364e+00
1.202175152656771884e+00
1.204348871515654507e+00
1.211216257101349836e+00
1.214282869656472030e+00
1.222720654244468408e+00
1.247370270089154243e+00
1.222036630501696308e+00
1.196525518127186105e+00
1.224400572831624512e+00
1.184704187286949484e+00
1.210438563784469013e+00
1.250611934586331131e+00
1.254739487926667563e+00
1.228560477146264818e+00
1.223494799242101916e+00
1.241616310158142555e+00
1.236212530641332519e+00
1.192810942346649750e+00
1.241296027146530756e+00
1.228062439735092992e+00
1.202251125798986520e+00
1.223432777174099151e+00
1.204629761000469257e+00
1.240268147716199865e+00
1.271449915192990110e+00
1.216672956335875577e+00
1.214755616983296704e+00
1.221249211765738307e+00
1.224681441073004029e+00
1.222650609432436974e+00
1.229822394690734733e+00
1.239282524712511879e+00
1.237342273170864537e+00
1.210713489911956264e+00
1.235844499116822481e+00
1.210408332754455252e+00
1.187656182503443958e+00
1.214350168196383528e+00
1.200701301453448222e+00
1.212637822431430257e+00
1.194864767193271504e+00
1.220805184832649770e+00
1.199593921119372908e+00
1.201382604575466084e+00
1.234651276474764581e+00
1.245501637523762639e+00
1.191098043217101665e+00
1.216026711526847270e+00
1.209153667317609981e+00
1.225783251049398448e+00
1.197645230688431761e+00
1.219009604491537724e+00
1.188376245310280854e+00
1.223867155550448560e+00
1.182954956038546168e+00
1.221237294153280750e+00
1.202219125519048415e+00
1.215903350099496683e+00
1.202591191663089143e+00
1.215369488605329895e+00
1.240284899101361082e+00
1.221204543595134862e+00
1.224501570337662937e+00
1.223721252734380593e+00
1.218485802514956085e+00
1.224778484108307586e+00
1.213124616788671783e+00
1.187685267135971667e+00
1.270327134803199920e+00
1.215060827879834493e+00
1.211236226399943661e+00
1.184339670889338780e+00
1.236737387164157376e+00
1.238256780617522423e+00
1.202981544907514744e+00
1.256478048890509402e+00
1.235145656054263297e+00
1.229904383372617760e+00
1.192167111119655898e+00
1.210608011542749107e+00
1.229491608647217404e+00
1.187200547346247692e+00
1.210557036815971932e+00
1.228862051439626457e+00
1.163411312606494885e+00
1.191110596357032092e+00
1.235805963696696264e+00
1.237707519904587050e+00
1.235114937645529487e+00
1.207353836521893875e+00
1.222954410552736793e+00
1.243420049687477436e+00
1.191904423673292746e+00
1.212578945391182383e+00
1.248851409603094931e+00
1.246913576913753152e+00
1.239002545873461258e+00
1.225753395537092505e+00
1.244312887777725640e+00
1.244358529759168164e+00
1.216903508157089142e+00
1.247100287679069108e+00
1.224789605751107846e+00
1.239013509580801919e+00
1.183951903325284105e+00
1.256085247032909802e+00
1.241041451649848693e+00
1.203244443660800966e+00
1.203392842569198873e+00
1.209584168902021695e+00
1.215517408670075516e+00
1.216135110492557514e+00
1.233259149225231166e+00
1.220399879337240145e+00
1.239960634143419949e+00
1.201599412849384096e+00
1.212598375080129909e+00
1.189638338217176239e+00
1.203805892913625053e+00
1.238091119314158384e+00
1.180063296918108851e+00
1.224426516263201092e+00
1.221863916880979284e+00
1.163653944289983810e+00
1.250013353820961237e+00
1.221426402568501768e+00
1.194774264602857849e+00
1.241189487510809153e+00
1.232121494465008293e+00
1.183801089905525128e+00
1.223392753144622036e+00
1.194853077021823085e+00
1.194387619082749596e+00
1.207277113836050075e+00
1.188701326277552095e+00
1.187360454080582439e+00
1.230252811447977379e+00
1.214246556728377113e+00
1.255987268052135342e+00
1.217946065305651082e+00
1.219404025996330798e+00
1.215586089977663153e+00
1.224319802865878604e+00
1.219079137625632026e+00
1.263294308572044722e+00
1.202431041702095804e+00
1.218770181092872384e+00
1.224271211753464428e+00
1.213790939756935972e+00
1.217865322040254217e+00
1.193420778201575772e+00
1.224311361982973301e+00
1.215634438617237301e+00
1.215330096329007681e+00
1.201817335342458382e+00
1.218596476394648853e+00
1.218727589281373591e+00
1.224999504553368368e+00
1.207407296317360101e+00
1.197297937771661713e+00
1.193249520478809389e+00
1.239279684893791700e+00
1.245486491872348056e+00
1.224520072683057181e+00
1.219062285453751615e+00
1.239951131256085359e+00
1.180839623641069869e+00
1.204707089395640640e+00
1.192565880781367271e+00
1.243711072370762949e+00
1.225044882331105534e+00
1.184873328378823532e+00
1.233143522867181208e+00
1.233377524777260259e+00
1.213296845866282281e+00
1.223678947705002296e+00
1.201112164059988663e+00
1.236558445023189456e+00
1.212572585842170980e+00
1.230420088477043761e+00
1.241668337682181544e+00
1.205812264911991116e+00
1.207174429422303241e+00
1.242400007397748363e+00
1.192009970225743398e+00
1.207852623544259485e+00
1.226594550964895225e+00
1.247752103613601893e+00
1.238800867377932935e+00
1.232769446847482131e+00
1.241141246739232873e+00
1.204092738270468477e+00
1.209383299994112093e+00
1.210837013027441289e+00
1.204741837584785591e+00
1.216848537659634744e+00
1.229246894881202534e+00
1.187956493172737993e+00
1.251468483755392436e+00
1.234137628973300815e+00
1.243187381321375407e+00
1.201334001834590159e+00
1.238161849875138110e+00
1.207784331747601136e+00
1.221850953596599787e+00
1.228647422783116339e+00
1.253107902722527811e+00
1.215813733911086603e+00
1.243560553414319036e+00
1.267050804551038468e+00
1.205309185684306783e+00
1.196000236745660583e+00
1.239964955753160458e+00
1.224735259775240781e+00
1.204704239238099994e+00
1.238956770593410806e+00
1.219079588036315887e+00
1.250896807720673909e+00
1.200026948337990618e+00
1.203598078030138296e+00
1.205221783987301620e+00
1.217784385453732687e+00
1.226997017314047644e+00
1.232608540727766933e+00
1.227625316620870599e+00
1.228915313755083005e+00
1.209033919474093555e+00
1.201565153650871132e+00
1.251305421248604111e+00
1.209061545071577370e+00
1.221794794949019547e+00
1.207407890441321463e+00
1.243690231761184428e+00
1.244454668692124955e+00
1.203441466180069419e+00
1.200029635435877262e+00
1.201989048672937654e+00
1.201056164569806795e+00
1.230037596193920502e+00
1.229072904128497790e+00
1.218721092658319405e+00
1.208645685332293995e+00
1.210334239601270179e+00
1.237249861985508792e+00
1.229280880340003268e+00
1.237778049862512608e+00
1.251989014266526645e+00
1.227656781536130115e+00
1.227885798726626509e+00
1.257261398154063681e+00
1.206051308170542402e+00
1.174598124366947438e+00
1.201772247543425154e+00
1.196003302079092334e+00
1.172802129007223693e+00
1.230717806062091801e+00
1.226370895358706692e+00
1.203325506195785266e+00
1.243705105077640427e+00
1.223802446145020095e+00
1.236110867423142690e+00
1.248406587874816065e+00
1.225761462457255035e+00
1.209935560736945304e+00
1.248859568390907837e+00
1.226109630612438162e+00
1.247989642485038075e+00
1.198618866662236160e+00
1.241624591722154447e+00
1.215801882867981520e+00
1.207570615000369108e+00
1.213313449337887429e+00
1.208827567691793670e+00
1.187754746805961714e+00
1.242538477299827360e+00
1.237582035903165067e+00
1.177361470464723059e+00
1.219660986133867420e+00
1.246494525458599290e+00
1.224452879534373428e+00
1.242664192120362721e+00
1.216644364461535677e+00
1.225743409135821249e+00
1.229726796592727878e+00
1.208640202971009936e+00
1.234039257356912112e+00
1.198567115772863900e+00
1.220696933745359924e+00
1.243026690342857288e+00
1.184280021415428763e+00
1.215149485458964174e+00
1.219485519693840558e+00
1.201104681273591712e+00
1.198355693285733992e+00
1.207922084526566575e+00
1.231117822128586115e+00
1.227569571179795593e+00
1.205923850256989560e+00
1.228636269960861283e+00
1.181438217285604386e+00
1.231870528040656998e+00
1.222854094686354864e+00
1.228636750166070657e+00
1.233284661844674224e+00
1.241214420728133261e+00
1.202943538096702847e+00
1.230757654541202895e+00
1.216301519590140989e+00
1.193373040319192668e+00
1.216278445556161270e+00
1.213886377572560127e+00
1.225314245083423126e+00
1.231071351965126182e+00
1.224720022671802910e+00
1.214168101375608932e+00
1.235496850508926769e+00
1.246101796265177253e+00
1.252854582942628303e+00
1.232326237499927091e+00
1.222871604948154500e+00
1.202475808135107016e+00
1.245474659895379421e+00
1.254388720583758499e+00
1.237532254037529977e+00
1.213187504185298415e+00
1.255490579572484000e+00
1.224977182445254442e+00
1.230759684220291250e+00
1.217040817091949778e+00
1.277280078712900391e+00
1.229754611250780671e+00
1.234967569343520255e+00
1.223481073974854505e+00
1.193234880947172227e+00
1.186582616414213032e+00
1.218631309020173026e+00
1.231450787348539411e+00
1.207771861056048390e+00
1.217774596950590871e+00
1.181990353684171158e+00
1.217493486214745513e+00
1.286320207130247084e+00
1.233764021484793139e+00
1.217872700009831943e+00
1.208749025170091196e+00
1.176558063815334343e+00
1.240456194368024345e+00
1.184513065985108193e+00
1.253363464162913221e+00
1.222067794821547038e+00
1.238264635415035064e+00
1.133717882016012535e+00
1.204154516001440189e+00
1.211988498032556816e+00
1.261549052807658056e+00
1.211649842523718990e+00
1.258702606962237125e+00
1.202954445556062790e+00
1.178268584325201207e+00
1.237002185035056323e+00
1.249941584444228981e+00
1.218767374099904766e+00
1.223090197369133492e+00
1.203804589969033501e+00
1.244455581195584859e+00
1.207863238911831560e+00
1.218473668012176159e+00
1.167934584974566148e+00
1.212278579700999614e+00
1.216405975616337232e+00
1.234476241729240975e+00
1.247890887874991472e+00
1.234463415218429505e+00
1.251110763756420496e+00
1.174080763973847530e+00
1.237379642123047851e+00
1.255430863540995867e+00
1.215010793438404679e+00
1.219786904009906969e+00
1.241741926277807329e+00
1.209048539816033330e+00
1.236649908631357819e+00
1.217827199712278485e+00
1.209596208300147691e+00
1.225286367440976409e+00
