2.698070287704467773e+00
2.325443029403686523e+00
4.951478958129882812e+00
3.951108932495117188e+00
2.840160369873046875e+00
7.937521934509277344e-01
5.318034648895263672e+00
3.674266576766967773e+00
3.078553915023803711e+00
5.248195648193359375e+00
3.801977634429931641e+00
6.861976623535156250e+00
5.753827571868896484e+00
1.926927208900451660e+00
1.349398612976074219e+00
9.018667340278625488e-01
2.828467607498168945e+00
3.742028474807739258e+00
2.500414133071899414e+00
3.960559844970703125e+00
2.829580068588256836e+00
4.299616813659667969e+00
4.577575206756591797e+00
4.435833930969238281e+00
2.344976425170898438e+00
1.753113746643066406e+00
3.763172149658203125e+00
2.605437755584716797e+00
4.685916900634765625e+00
1.389488458633422852e+00
3.023244142532348633e+00
2.451005697250366211e+00
1.671908974647521973e+00
7.107687473297119141e+00
4.797680854797363281e+00
2.914673328399658203e+00
1.977532625198364258e+00
4.334725856781005859e+00
2.835432767868041992e+00
3.273761034011840820e+00
1.956006050109863281e+00
6.527113437652587891e+00
2.900239706039428711e+00
2.371901273727416992e+00
4.264238357543945312e+00
5.810281753540039062e+00
1.329178214073181152e+00
1.986269354820251465e+00
4.858798503875732422e+00
2.953383684158325195e+00
4.381682872772216797e+00
3.536067724227905273e+00
1.614616036415100098e+00
4.622916698455810547e+00
2.717656850814819336e+00
2.766921997070312500e+00
8.384252548217773438e+00
7.226859927177429199e-01
4.166847705841064453e+00
6.171343803405761719e+00
2.213490009307861328e+00
1.820577025413513184e+00
5.545160770416259766e+00
3.786601781845092773e+00
4.476934432983398438e+00
2.757097959518432617e+00
4.107188701629638672e+00
2.000424385070800781e+00
4.234457015991210938e+00
1.050628542900085449e+00
5.600558280944824219e+00
8.263040781021118164e-01
1.894371390342712402e+00
7.857038378715515137e-01
1.760280847549438477e+00
3.430569887161254883e+00
1.195686697959899902e+00
4.394301891326904297e+00
2.212173223495483398e+00
4.102766990661621094e+00
3.791258573532104492e+00
3.062434196472167969e+00
2.882900953292846680e+00
5.323187351226806641e+00
5.441761970520019531e+00
2.614533901214599609e+00
5.964385509490966797e+00
2.387585401535034180e+00
2.896871566772460938e+00
1.135857820510864258e+00
3.832074880599975586e+00
4.248040676116943359e+00
2.458194494247436523e+00
5.326229095458984375e+00
5.706279277801513672e+00
3.394159793853759766e+00
3.422706365585327148e+00
1.510402441024780273e+00
5.003320693969726562e+00
5.527383327484130859e+00
4.870737552642822266e+00
3.049839735031127930e+00
5.565410256385803223e-01
1.716128587722778320e+00
4.407294750213623047e+00
2.147255182266235352e+00
7.632305026054382324e-01
4.313636302947998047e+00
2.561489820480346680e+00
4.904431343078613281e+00
4.967275142669677734e+00
2.051682233810424805e+00
5.120939254760742188e+00
3.713273763656616211e+00
6.305016040802001953e+00
4.246669292449951172e+00
9.662577509880065918e-01
3.836286306381225586e+00
9.951864480972290039e-01
3.582996368408203125e+00
4.822817802429199219e+00
1.893232941627502441e+00
8.292177319526672363e-01
3.223520994186401367e+00
7.068644046783447266e+00
3.725395679473876953e+00
7.217124462127685547e+00
2.422241210937500000e+00
5.674867153167724609e+00
1.501779437065124512e+00
4.614130496978759766e+00
2.793405771255493164e+00
3.038104534149169922e+00
5.301515102386474609e+00
2.557139873504638672e+00
1.727965354919433594e+00
3.784141302108764648e+00
2.178960561752319336e+00
3.617962598800659180e+00
1.842787146568298340e+00
2.273108959197998047e+00
1.146808743476867676e+00
2.934625148773193359e+00
2.876444101333618164e+00
2.415340185165405273e+00
4.850206851959228516e+00
3.934026002883911133e+00
2.316130876541137695e+00
1.885017991065979004e+00
2.050997495651245117e+00
6.329144954681396484e+00
4.561349391937255859e+00
2.202910661697387695e+00
3.563995838165283203e+00
4.742132723331451416e-01
4.127919673919677734e+00
4.946095943450927734e+00
2.930442333221435547e+00
1.361116170883178711e+00
5.615186691284179688e+00
8.891426920890808105e-01
3.041141271591186523e+00
3.733891725540161133e+00
2.063862562179565430e+00
2.582057714462280273e+00
4.074913978576660156e+00
5.176930427551269531e+00
6.441713809967041016e+00
3.142973661422729492e+00
2.737904787063598633e+00
3.289036989212036133e+00
2.023490428924560547e+00
1.596604704856872559e+00
7.361157536506652832e-01
3.417093992233276367e+00
7.813585758209228516e+00
4.115244388580322266e+00
3.265099048614501953e+00
4.086129665374755859e+00
1.211283564567565918e+00
3.766614198684692383e+00
2.655933618545532227e+00
2.148354530334472656e+00
6.273705005645751953e+00
4.033648490905761719e+00
3.598138570785522461e+00
4.969007015228271484e+00
1.110464453697204590e+00
5.245434761047363281e+00
4.282232761383056641e+00
4.114291191101074219e+00
2.296130180358886719e+00
2.336456775665283203e+00
6.371787548065185547e+00
3.189831018447875977e+00
4.391161441802978516e+00
3.971677541732788086e+00
5.854704380035400391e+00
2.853713274002075195e+00
2.302487850189208984e+00
4.812627315521240234e+00
2.818799495697021484e+00
1.076529383659362793e+00
3.154767274856567383e+00
2.894360303878784180e+00
4.641059398651123047e+00
5.021306991577148438e+00
3.897356033325195312e+00
2.666030645370483398e+00
3.995128631591796875e+00
2.476572751998901367e+00
1.556568503379821777e+00
4.560087203979492188e+00
1.520736694335937500e+00
3.992418289184570312e+00
3.260839462280273438e+00
4.202612400054931641e+00
4.196964263916015625e+00
3.142061471939086914e+00
5.854812622070312500e+00
8.103434562683105469e+00
3.152159452438354492e+00
5.276357173919677734e+00
3.159938335418701172e+00
1.399846315383911133e+00
4.857641696929931641e+00
3.603724718093872070e+00
2.075848340988159180e+00
6.926619052886962891e+00
1.869693994522094727e+00
3.385366916656494141e+00
5.528811812400817871e-01
2.484381914138793945e+00
5.377087593078613281e+00
2.863059759140014648e+00
4.374243259429931641e+00
2.324968576431274414e+00
2.238427162170410156e+00
3.962721347808837891e+00
3.747709035873413086e+00
3.727414369583129883e+00
2.663117885589599609e+00
1.328028678894042969e+00
1.519032478332519531e+00
4.489596843719482422e+00
3.759022951126098633e+00
3.508771657943725586e+00
2.769408702850341797e+00
1.561661481857299805e+00
2.544764280319213867e+00
3.680153608322143555e+00
4.598994255065917969e+00
2.754098653793334961e+00
3.294551849365234375e+00
4.597921371459960938e+00
2.668953657150268555e+00
4.289482593536376953e+00
3.911470413208007812e+00
2.662908554077148438e+00
2.228305101394653320e+00
2.481810092926025391e+00
4.549891948699951172e+00
2.622962236404418945e+00
2.151189088821411133e+00
1.774990081787109375e+00
4.993802547454833984e+00
4.335687160491943359e+00
1.465083003044128418e+00
2.156809329986572266e+00
6.090025424957275391e+00
7.755782604217529297e-01
2.339863061904907227e+00
1.090874075889587402e+00
2.205533742904663086e+00
4.009635448455810547e+00
5.572875022888183594e+00
8.402683138847351074e-01
1.359833359718322754e+00
1.299887657165527344e+00
2.106340646743774414e+00
5.533618450164794922e+00
5.073215484619140625e+00
3.953421831130981445e+00
3.401904344558715820e+00
4.045131206512451172e+00
3.336586475372314453e+00
1.141082167625427246e+00
6.277666568756103516e+00
1.247317075729370117e+00
9.632835388183593750e-01
4.395281791687011719e+00
2.157636642456054688e+00
2.413858175277709961e+00
3.794037580490112305e+00
3.705791950225830078e+00
2.497272253036499023e+00
1.149792075157165527e+00
7.988190054893493652e-01
3.657341003417968750e+00
3.151453495025634766e+00
2.290897369384765625e+00
3.575999021530151367e+00
3.523821353912353516e+00
3.172947406768798828e+00
2.471563100814819336e+00
1.060150384902954102e+00
3.989576101303100586e+00
3.314693927764892578e+00
2.949996471405029297e+00
3.286891698837280273e+00
3.527184009552001953e+00
1.101450324058532715e+00
3.068233489990234375e+00
1.188427805900573730e+00
2.802997350692749023e+00
6.409108638763427734e+00
2.470728874206542969e+00
4.592019557952880859e+00
4.279979228973388672e+00
4.974634647369384766e+00
1.092003464698791504e+00
4.110356867313385010e-01
1.580250501632690430e+00
3.925202608108520508e+00
4.224123001098632812e+00
2.628490686416625977e+00
4.339964866638183594e+00
2.573946475982666016e+00
3.085490942001342773e+00
1.751305818557739258e+00
4.024221897125244141e+00
5.552317619323730469e+00
1.890354990959167480e+00
4.447590827941894531e+00
4.654477596282958984e+00
3.922349691390991211e+00
4.060315132141113281e+00
3.579260349273681641e+00
4.119681358337402344e+00
4.998440742492675781e+00
1.122383236885070801e+00
4.087865352630615234e+00
1.051464080810546875e+00
7.737130165100097656e+00
1.178586363792419434e+00
4.290228843688964844e+00
1.521796226501464844e+00
1.000387191772460938e+00
2.589098453521728516e+00
4.882643699645996094e+00
3.743031024932861328e+00
4.757154464721679688e+00
3.127184629440307617e+00
1.450617909431457520e+00
5.345910549163818359e+00
1.560635447502136230e+00
3.722999334335327148e+00
2.537582397460937500e+00
3.302824497222900391e+00
4.492164611816406250e+00
3.473991394042968750e+00
4.273470401763916016e+00
5.456510066986083984e+00
2.606911420822143555e+00
6.563336372375488281e+00
5.051115155220031738e-01
2.116013050079345703e+00
2.247631788253784180e+00
9.763265848159790039e-01
5.513125419616699219e+00
4.211849689483642578e+00
1.053982734680175781e+00
7.417270660400390625e+00
1.870763659477233887e+00
4.552933692932128906e+00
2.920841932296752930e+00
2.777230262756347656e+00
2.969692468643188477e+00
2.509511947631835938e+00
3.768158435821533203e+00
2.977985382080078125e+00
2.123609304428100586e+00
4.630558013916015625e+00
1.487233042716979980e+00
3.505661010742187500e+00
2.322886228561401367e+00
4.261662960052490234e+00
1.811284303665161133e+00
5.303779125213623047e+00
1.858430504798889160e+00
1.553021311759948730e+00
2.924170732498168945e+00
2.572413921356201172e+00
3.358487844467163086e+00
6.941071510314941406e+00
3.845629215240478516e+00
2.217638731002807617e+00
4.132400989532470703e+00
6.884143352508544922e+00
2.739518404006958008e+00
3.853772878646850586e+00
4.817101955413818359e+00
2.745499372482299805e+00
3.202050447463989258e+00
3.014916181564331055e+00
4.343938827514648438e+00
3.512947082519531250e+00
4.368410587310791016e+00
2.696902036666870117e+00
3.664091587066650391e+00
9.017149925231933594e+00
4.221820354461669922e+00
3.755151748657226562e+00
3.648405075073242188e+00
2.313124895095825195e+00
6.294514656066894531e+00
1.264455199241638184e+00
3.782191038131713867e+00
5.947914123535156250e+00
3.280860900878906250e+00
5.288373470306396484e+00
3.934453248977661133e+00
3.616214513778686523e+00
3.518129825592041016e+00
4.589000225067138672e+00
8.808832168579101562e-01
3.399444580078125000e+00
6.399888992309570312e+00
5.265548229217529297e+00
2.309750318527221680e+00
3.717117071151733398e+00
3.728090763092041016e+00
8.972584724426269531e+00
2.953587770462036133e+00
3.307632446289062500e+00
3.752041578292846680e+00
5.212373256683349609e+00
3.112840414047241211e+00
5.359622478485107422e+00
1.252540946006774902e+00
4.113548278808593750e+00
2.399167299270629883e+00
4.337491035461425781e+00
3.251606702804565430e+00
4.766213893890380859e+00
4.438911437988281250e+00
4.058183193206787109e+00
3.260815382003784180e+00
5.937750816345214844e+00
3.859233856201171875e+00
3.781694173812866211e+00
1.095005750656127930e+00
1.943676590919494629e+00
6.518291473388671875e+00
3.064753770828247070e+00
3.568918943405151367e+00
7.787448763847351074e-01
2.358737945556640625e+00
4.466931343078613281e+00
3.687820196151733398e+00
2.804373264312744141e+00
2.823056459426879883e+00
3.149897813796997070e+00
7.853666543960571289e-01
1.165637135505676270e+00
4.469464778900146484e+00
4.379755496978759766e+00
3.611183166503906250e+00
3.845319509506225586e+00
2.350121021270751953e+00
4.967033863067626953e+00
3.929983139038085938e+00
4.986323833465576172e+00
2.661365509033203125e+00
3.581073522567749023e+00
4.488859176635742188e+00
2.458197593688964844e+00
3.046694040298461914e+00
2.090207099914550781e+00
4.529023647308349609e+00
4.815778255462646484e+00
2.756465911865234375e+00
3.081011533737182617e+00
5.502458572387695312e+00
3.276281118392944336e+00
5.621078014373779297e+00
1.851777076721191406e+00
3.648715257644653320e+00
2.976438283920288086e+00
3.706640720367431641e+00
3.760288715362548828e+00
4.035969257354736328e+00
5.330390453338623047e+00
1.025923132896423340e+00
1.350781798362731934e+00
6.414672374725341797e+00
1.881172418594360352e+00
4.721227169036865234e+00
4.204345226287841797e+00
5.156409740447998047e+00
2.136206388473510742e+00
5.696210384368896484e+00
3.329719543457031250e+00
2.717243909835815430e+00
4.302910327911376953e+00
1.036061167716979980e+00
4.783332824707031250e+00
3.317185163497924805e+00
2.197974920272827148e+00
3.599572896957397461e+00
2.058399915695190430e+00
8.621008992195129395e-01
4.336995124816894531e+00
4.337680816650390625e+00
2.575773239135742188e+00
3.602822542190551758e+00
1.122629642486572266e+00
1.726485252380371094e+00
5.880153179168701172e+00
7.260764241218566895e-01
3.979923725128173828e+00
1.378268718719482422e+00
1.180192589759826660e+00
1.151367545127868652e+00
5.200626373291015625e+00
3.586636066436767578e+00
4.081612586975097656e+00
7.204567909240722656e+00
4.013177394866943359e+00
3.883301496505737305e+00
4.782679557800292969e+00
1.611934065818786621e+00
1.986117720603942871e+00
2.508179426193237305e+00
1.556516885757446289e+00
6.639585018157958984e+00
3.264780044555664062e+00
1.975540518760681152e+00
5.892258644104003906e+00
5.321340084075927734e+00
1.618644356727600098e+00
2.089556217193603516e+00
2.089716434478759766e+00
4.483026504516601562e+00
2.923738956451416016e+00
4.789800167083740234e+00
7.671722173690795898e-01
4.713988304138183594e+00
4.227909564971923828e+00
6.009652137756347656e+00
5.266227245330810547e+00
3.958071231842041016e+00
6.216576576232910156e+00
3.844088315963745117e+00
4.058426380157470703e+00
2.750490903854370117e+00
8.763834834098815918e-01
3.164580583572387695e+00
2.708696126937866211e+00
3.844629049301147461e+00
4.204043865203857422e+00
3.787081480026245117e+00
3.965353727340698242e+00
1.476798295974731445e+00
2.940854549407958984e+00
2.600795984268188477e+00
4.988939285278320312e+00
3.061956882476806641e+00
2.104696035385131836e+00
3.077777624130249023e+00
1.253632783889770508e+00
3.726963043212890625e+00
7.316768765449523926e-01
3.298522949218750000e+00
6.107671260833740234e+00
1.862545013427734375e+00
6.484171748161315918e-01
4.072855949401855469e+00
6.198887825012207031e+00
4.029100418090820312e+00
4.215244770050048828e+00
1.118269324302673340e+00
3.162853956222534180e+00
1.773735880851745605e+00
1.935375809669494629e+00
4.120922565460205078e+00
4.615374088287353516e+00
2.736964702606201172e+00
5.353857994079589844e+00
4.014054298400878906e+00
3.347732543945312500e+00
1.735029816627502441e+00
3.713665008544921875e+00
4.510802745819091797e+00
5.078688621520996094e+00
5.094036102294921875e+00
8.994973182678222656e+00
3.638945341110229492e+00
1.364610552787780762e+00
4.685739994049072266e+00
3.109770536422729492e+00
2.013005018234252930e+00
1.173934102058410645e+00
2.258180379867553711e+00
5.558630943298339844e+00
1.309789657592773438e+00
4.656114101409912109e+00
2.381007671356201172e+00
2.237874269485473633e+00
2.784327030181884766e+00
5.596139430999755859e+00
2.414613246917724609e+00
3.436542272567749023e+00
3.887269258499145508e+00
1.608675003051757812e+00
2.358422517776489258e+00
5.230122566223144531e+00
2.810504198074340820e+00
5.868699550628662109e+00
1.876983880996704102e+00
2.967446088790893555e+00
2.716811418533325195e+00
7.220593929290771484e+00
7.173856258392333984e+00
1.493249773979187012e+00
3.484396457672119141e+00
3.074356555938720703e+00
5.379593849182128906e+00
2.981705427169799805e+00
6.740880012512207031e+00
3.906517744064331055e+00
5.187039375305175781e+00
1.286593556404113770e+00
2.717612981796264648e+00
3.465700864791870117e+00
2.270668745040893555e+00
4.828914642333984375e+00
7.110733032226562500e+00
3.176572799682617188e+00
4.307064056396484375e+00
2.765631198883056641e+00
7.617290019989013672e-01
1.278987526893615723e+00
5.166082382202148438e+00
4.080167293548583984e+00
5.970263481140136719e+00
4.445508956909179688e+00
2.963757276535034180e+00
8.618062138557434082e-01
2.297312259674072266e+00
3.738914251327514648e+00
3.710901737213134766e+00
2.831251621246337891e+00
2.845704317092895508e+00
1.678211092948913574e+00
6.019033908843994141e+00
7.123481273651123047e+00
1.710930466651916504e+00
3.550993680953979492e+00
1.445366501808166504e+00
2.817698717117309570e+00
3.998760223388671875e+00
4.387830257415771484e+00
2.486583232879638672e+00
2.806159734725952148e+00
4.717919826507568359e+00
3.888324022293090820e+00
5.346755981445312500e+00
3.576887607574462891e+00
2.786529302597045898e+00
3.422854661941528320e+00
2.805454254150390625e+00
5.534205913543701172e+00
2.509928226470947266e+00
1.535738825798034668e+00
4.043132781982421875e+00
3.090637922286987305e+00
3.997411012649536133e+00
1.898114442825317383e+00
5.762367248535156250e+00
3.025586843490600586e+00
1.834368944168090820e+00
6.869698524475097656e+00
1.730169892311096191e+00
4.108021259307861328e+00
2.501561164855957031e+00
3.415577411651611328e+00
8.535203933715820312e-01
4.829890727996826172e+00
3.291089296340942383e+00
2.948742389678955078e+00
2.484476566314697266e+00
4.724406719207763672e+00
3.921993017196655273e+00
1.763249635696411133e+00
4.537044525146484375e+00
3.094105958938598633e+00
2.264639377593994141e+00
6.332807064056396484e+00
3.353262424468994141e+00
4.551748275756835938e+00
5.472975254058837891e+00
1.483857154846191406e+00
3.864082336425781250e+00
5.786751270294189453e+00
2.084666013717651367e+00
2.900416612625122070e+00
3.548606872558593750e+00
2.053963422775268555e+00
3.613909244537353516e+00
3.290679693222045898e+00
3.030587434768676758e+00
3.090691089630126953e+00
4.840476036071777344e+00
2.120421171188354492e+00
3.892307043075561523e+00
5.852832794189453125e+00
2.091774940490722656e+00
1.266557693481445312e+00
1.998344302177429199e+00
2.342287778854370117e+00
3.709440708160400391e+00
2.597640514373779297e+00
3.725093841552734375e+00
3.471414566040039062e+00
2.147865772247314453e+00
1.990067481994628906e+00
1.718785285949707031e+00
5.255992412567138672e+00
2.241538047790527344e+00
2.456807136535644531e+00
9.889971613883972168e-01
3.086701869964599609e+00
3.891820907592773438e+00
4.131061553955078125e+00
3.377767324447631836e+00
4.141736507415771484e+00
6.646313667297363281e+00
4.574133396148681641e+00
4.112639904022216797e+00
4.765595436096191406e+00
6.999333381652832031e+00
4.365892887115478516e+00
4.299247264862060547e+00
3.324835538864135742e+00
2.991454601287841797e+00
3.181027412414550781e+00
3.918534040451049805e+00
3.696237564086914062e+00
3.483340978622436523e+00
3.453329563140869141e+00
2.957504034042358398e+00
1.892001032829284668e+00
1.820656657218933105e+00
2.955096721649169922e+00
5.667391300201416016e+00
5.737279653549194336e-01
4.294009685516357422e+00
2.338789701461791992e+00
4.093985557556152344e+00
1.093307614326477051e+00
1.981330513954162598e+00
8.146868705749511719e+00
4.815692424774169922e+00
4.267253398895263672e+00
5.861199855804443359e+00
7.819233894348144531e+00
4.776708126068115234e+00
6.962928771972656250e+00
4.345029830932617188e+00
2.989490509033203125e+00
1.361102700233459473e+00
3.501917362213134766e+00
4.156638085842132568e-01
3.539827346801757812e+00
5.733333110809326172e+00
1.815347075462341309e+00
2.917788505554199219e+00
8.196352958679199219e+00
4.011517524719238281e+00
2.741364479064941406e+00
3.050067663192749023e+00
2.433795928955078125e+00
3.473514556884765625e+00
2.553885221481323242e+00
1.835000872611999512e+00
6.303097724914550781e+00
1.547717928886413574e+00
2.303449630737304688e+00
2.104051351547241211e+00
4.707656860351562500e+00
4.630326271057128906e+00
1.350151419639587402e+00
3.975728273391723633e+00
4.457529544830322266e+00
6.153357505798339844e+00
2.415779829025268555e+00
8.392469286918640137e-01
4.092264652252197266e+00
6.407842159271240234e+00
6.080183506011962891e+00
3.239701986312866211e+00
5.214577674865722656e+00
2.936830759048461914e+00
4.934770584106445312e+00
2.902438879013061523e+00
5.691474437713623047e+00
5.691343307495117188e+00
4.499127864837646484e+00
4.583127498626708984e+00
4.844594478607177734e+00
2.307769298553466797e+00
2.874554395675659180e+00
6.984829902648925781e+00
3.696748495101928711e+00
4.247313499450683594e+00
3.605805635452270508e+00
3.793746232986450195e+00
5.517634868621826172e+00
4.623463153839111328e+00
4.022797584533691406e+00
4.446251392364501953e+00
1.669798731803894043e+00
5.670879840850830078e+00
4.198402881622314453e+00
6.072575569152832031e+00
6.846074581146240234e+00
1.833946228027343750e+00
5.013969898223876953e+00
2.827209234237670898e+00
3.289424180984497070e+00
4.806327342987060547e+00
1.611858248710632324e+00
4.219150066375732422e+00
6.962438225746154785e-01
3.850042104721069336e+00
5.937375426292419434e-01
3.058690071105957031e+00
2.571708440780639648e+00
3.624460220336914062e+00
1.180707931518554688e+00
7.269882559776306152e-01
4.389171600341796875e+00
2.468089818954467773e+00
4.148702144622802734e+00
1.599769234657287598e+00
3.565137624740600586e+00
1.152846574783325195e+00
2.174383640289306641e+00
1.125352263450622559e+00
3.872157812118530273e+00
6.175841331481933594e+00
3.900881528854370117e+00
4.895967960357666016e+00
2.887175559997558594e+00
2.059586286544799805e+00
1.436573386192321777e+00
1.311215043067932129e+00
1.087120890617370605e+00
1.017473578453063965e+00
8.044653892517089844e+00
2.725747585296630859e+00
1.165525794029235840e+00
3.290960311889648438e+00
7.572275996208190918e-01
6.172509193420410156e+00
3.759789228439331055e+00
9.846495985984802246e-01
4.424982070922851562e+00
2.917584896087646484e+00
1.057361006736755371e+00
1.875948190689086914e+00
2.565311193466186523e+00
3.908477783203125000e+00
4.424897670745849609e+00
1.742457985877990723e+00
2.912367820739746094e+00
5.380130410194396973e-01
4.467063426971435547e+00
1.368638873100280762e+00
3.635529279708862305e+00
2.337840080261230469e+00
3.205448865890502930e+00
3.013481855392456055e+00
3.833245992660522461e+00
3.533312320709228516e+00
4.193036556243896484e+00
3.758183240890502930e+00
3.639166593551635742e+00
2.225772857666015625e+00
3.027980566024780273e+00
1.688468575477600098e+00
9.096362113952636719e+00
3.409131288528442383e+00
5.260984897613525391e+00
2.869704484939575195e+00
3.279251813888549805e+00
3.512326955795288086e+00
6.102114200592041016e+00
1.359105706214904785e+00
1.657725214958190918e+00
1.512425780296325684e+00
3.674106597900390625e+00
3.091242790222167969e+00
5.933593273162841797e+00
6.008436679840087891e+00
1.598232388496398926e+00
5.107069492340087891e+00
2.510792493820190430e+00
4.912229061126708984e+00
3.473058700561523438e+00
6.008818149566650391e+00
1.276050448417663574e+00
3.896905899047851562e+00
2.542261838912963867e+00
6.529099941253662109e+00
5.370007514953613281e+00
2.369967699050903320e+00
2.663685083389282227e+00
4.736943721771240234e+00
4.586347103118896484e+00
9.558140039443969727e-01
7.232717037200927734e+00
6.000493049621582031e+00
3.523652791976928711e+00
4.116630077362060547e+00
3.419527530670166016e+00
6.065521240234375000e+00
2.433907270431518555e+00
3.132656574249267578e+00
2.930125236511230469e+00
2.894237518310546875e+00
4.780265331268310547e+00
6.289444923400878906e+00
3.391434907913208008e+00
2.559487104415893555e+00
1.742655754089355469e+00
2.322214841842651367e+00
3.293218374252319336e+00
2.640353918075561523e+00
5.178203105926513672e+00
4.006709098815917969e+00
3.812363862991333008e+00
2.415505170822143555e+00
3.156732559204101562e+00
2.370507001876831055e+00
3.002763271331787109e+00
2.899111509323120117e+00
2.128966569900512695e+00
1.892000555992126465e+00
4.480380535125732422e+00
4.282849311828613281e+00
3.060309410095214844e+00
1.663097262382507324e+00
2.692445993423461914e+00
3.004885196685791016e+00
2.755982398986816406e+00
4.498486518859863281e+00
2.016125202178955078e+00
1.291052699089050293e+00
6.397922515869140625e+00
1.115761280059814453e+00
3.797685623168945312e+00
4.011172771453857422e+00
1.335380554199218750e+00
4.972506999969482422e+00
5.304044723510742188e+00
2.933764696121215820e+00
1.418386816978454590e+00
3.847672700881958008e+00
1.013033509254455566e+00
5.259102344512939453e+00
4.841397762298583984e+00
2.692418813705444336e+00
4.566696643829345703e+00
1.203285574913024902e+00
5.740390300750732422e+00
2.180198907852172852e+00
4.421455860137939453e+00
1.287962317466735840e+00
1.887965798377990723e+00
2.580206155776977539e+00
9.864754080772399902e-01
6.074635982513427734e+00
1.447920441627502441e+00
5.932568073272705078e+00
2.341348648071289062e+00
3.471427679061889648e+00
2.958252429962158203e+00
2.451552152633666992e+00
3.172643184661865234e+00
4.026117801666259766e+00
2.821957349777221680e+00
2.441178560256958008e+00
4.367904663085937500e+00
3.717326879501342773e+00
3.059246778488159180e+00
2.352925062179565430e+00
3.811021089553833008e+00
3.326809406280517578e-01
