3.960274457931518555e+00
4.530085086822509766e+00
1.891668200492858887e+00
3.560708999633789062e+00
3.595970630645751953e+00
4.338407993316650391e+00
4.253314495086669922e+00
6.834159493446350098e-01
3.101488828659057617e+00
2.984428882598876953e+00
1.776503443717956543e+00
2.520000934600830078e+00
1.396804571151733398e+00
3.594049215316772461e+00
5.776889324188232422e+00
3.147952556610107422e+00
2.228598594665527344e+00
2.977396488189697266e+00
2.194720029830932617e+00
6.577263832092285156e+00
7.896849155426025391e+00
1.447491168975830078e+00
3.058434247970581055e+00
1.350719332695007324e+00
6.068447589874267578e+00
3.819454193115234375e+00
5.316397666931152344e+00
1.510976195335388184e+00
5.779457569122314453e+00
1.604128479957580566e+00
5.166379809379577637e-01
6.826913952827453613e-01
2.691648244857788086e+00
1.172637820243835449e+00
2.330115556716918945e+00
1.220908761024475098e+00
8.128389716148376465e-01
2.674144983291625977e+00
3.642382860183715820e+00
6.725618839263916016e+00
2.743740558624267578e+00
3.885047912597656250e+00
3.122421264648437500e+00
3.434566497802734375e+00
5.071315288543701172e+00
2.568221330642700195e+00
2.539997577667236328e+00
5.330032825469970703e+00
2.158047437667846680e+00
3.248811721801757812e+00
1.281633496284484863e+00
6.057551860809326172e+00
4.083760261535644531e+00
4.923796653747558594e+00
1.158888697624206543e+00
1.881273627281188965e+00
2.925622701644897461e+00
1.702154517173767090e+00
6.217576503753662109e+00
3.853848218917846680e+00
1.816704392433166504e+00
3.943823575973510742e+00
5.720563888549804688e+00
2.564093112945556641e+00
1.092958927154541016e+00
1.530186653137207031e+00
1.603389739990234375e+00
5.660333633422851562e+00
2.235874176025390625e+00
2.814581394195556641e+00
3.235424041748046875e+00
2.969234943389892578e+00
1.169162988662719727e+00
2.510433435440063477e+00
4.285193920135498047e+00
5.966187477111816406e+00
2.642425537109375000e+00
2.204015493392944336e+00
1.409313321113586426e+00
1.987810015678405762e+00
1.583130836486816406e+00
5.177212238311767578e+00
5.431349277496337891e-01
5.642033815383911133e-01
9.388292312622070312e+00
3.679394483566284180e+00
5.893514156341552734e+00
4.265642642974853516e+00
5.693311214447021484e+00
6.201657772064208984e+00
3.770807027816772461e+00
3.203121900558471680e+00
3.812621831893920898e+00
2.663362026214599609e+00
2.177530765533447266e+00
2.699916362762451172e+00
3.839375078678131104e-01
4.452509880065917969e+00
2.371480703353881836e+00
1.938248515129089355e+00
3.715502977371215820e+00
2.126190900802612305e+00
2.506602764129638672e+00
1.947321534156799316e+00
5.025335788726806641e+00
4.374160289764404297e+00
3.158508062362670898e+00
7.418210506439208984e+00
1.270843386650085449e+00
9.617598533630371094e+00
5.970521926879882812e+00
1.712190270423889160e+00
3.660056352615356445e+00
2.206755399703979492e+00
8.004633903503417969e+00
4.853088855743408203e+00
2.826977491378784180e+00
5.503523826599121094e+00
1.109829545021057129e+00
3.041586875915527344e+00
2.094404697418212891e+00
1.407064318656921387e+00
2.699370622634887695e+00
3.199454307556152344e+00
2.142080783843994141e+00
4.801451206207275391e+00
6.085944652557373047e+00
6.457886099815368652e-01
2.101258754730224609e+00
4.250894546508789062e+00
1.352613329887390137e+00
5.555350780487060547e+00
3.329182386398315430e+00
4.500596046447753906e+00
4.038043498992919922e+00
5.261404514312744141e+00
4.168992996215820312e+00
3.175223588943481445e+00
2.431785613298416138e-01
3.436659336090087891e+00
1.459287643432617188e+00
3.778357028961181641e+00
5.594982147216796875e+00
2.477825880050659180e+00
3.035828590393066406e+00
8.978361487388610840e-01
3.878958940505981445e+00
3.495077610015869141e+00
3.842288255691528320e+00
5.544232845306396484e+00
4.242315292358398438e+00
3.254159688949584961e+00
2.896781682968139648e+00
4.491548538208007812e+00
5.259027481079101562e+00
1.459187269210815430e+00
3.877099275588989258e+00
4.056830883026123047e+00
2.050614118576049805e+00
6.215445995330810547e+00
2.816294670104980469e+00
1.310469388961791992e+00
4.225982189178466797e+00
2.357312202453613281e+00
3.579858779907226562e+00
2.438640356063842773e+00
2.831399202346801758e+00
4.285809993743896484e+00
5.985592365264892578e+00
4.261582851409912109e+00
2.188308000564575195e+00
4.878316402435302734e+00
2.477142810821533203e+00
3.940741062164306641e+00
5.091469287872314453e+00
3.644937276840209961e+00
3.089602231979370117e+00
2.254764795303344727e+00
2.341297864913940430e+00
2.662452459335327148e+00
4.457475185394287109e+00
4.909091949462890625e+00
3.517211198806762695e+00
5.084494113922119141e+00
2.844886779785156250e+00
2.027442216873168945e+00
5.428989887237548828e+00
1.409889698028564453e+00
1.640995979309082031e+00
2.358391523361206055e+00
1.137737035751342773e+00
3.850949525833129883e+00
3.422222852706909180e+00
4.908054828643798828e+00
2.134241104125976562e+00
4.843028545379638672e+00
2.626799821853637695e+00
4.123682498931884766e+00
2.917048931121826172e+00
1.356213450431823730e+00
2.105885744094848633e+00
5.575538635253906250e+00
3.501445770263671875e+00
2.759000778198242188e+00
7.358226776123046875e-01
5.158333778381347656e+00
5.325206279754638672e+00
2.844625234603881836e+00
6.884230136871337891e+00
4.080524444580078125e+00
5.804826259613037109e+00
3.946627080440521240e-01
4.853211879730224609e+00
3.036356449127197266e+00
4.425518035888671875e+00
4.569290161132812500e+00
9.360440373420715332e-01
1.700661301612854004e+00
6.251305937767028809e-01
4.501322746276855469e+00
2.059221506118774414e+00
5.162654399871826172e+00
4.013585567474365234e+00
3.126911163330078125e+00
3.696745395660400391e+00
3.593434095382690430e+00
3.381492376327514648e+00
1.173189163208007812e+00
2.415251016616821289e+00
6.282670497894287109e+00
2.368409395217895508e+00
2.977015495300292969e+00
1.137584090232849121e+00
4.283389091491699219e+00
1.610352754592895508e+00
1.878119468688964844e+00
3.791904926300048828e+00
2.563681364059448242e+00
1.242942094802856445e+00
3.944582700729370117e+00
2.590715408325195312e+00
5.680309772491455078e+00
3.183684110641479492e+00
5.805505275726318359e+00
2.956334829330444336e+00
2.813840150833129883e+00
2.922949552536010742e+00
1.502080678939819336e+00
1.385307431221008301e+00
4.766417980194091797e+00
1.564279317855834961e+00
1.267883181571960449e+00
3.827790975570678711e+00
5.600009441375732422e+00
1.465236663818359375e+00
6.062617778778076172e+00
2.095292568206787109e+00
5.311185836791992188e+00
4.487522125244140625e+00
1.614453196525573730e+00
8.217961311340332031e+00
3.168939590454101562e+00
3.474376678466796875e+00
3.381685972213745117e+00
1.418391585350036621e+00
5.230614662170410156e+00
2.819369077682495117e+00
4.293734550476074219e+00
1.656844377517700195e+00
4.669469356536865234e+00
1.893979668617248535e+00
4.811649024486541748e-01
2.949412107467651367e+00
2.796116590499877930e+00
3.434528112411499023e+00
7.134363651275634766e+00
2.875474691390991211e+00
4.074700832366943359e+00
4.744616985321044922e+00
4.116642951965332031e+00
1.822661042213439941e+00
9.354094862937927246e-01
5.914919853210449219e+00
1.104400396347045898e+00
3.124130964279174805e+00
5.323014736175537109e+00
5.066549777984619141e+00
1.738179564476013184e+00
6.651495456695556641e+00
6.466200351715087891e+00
7.395940303802490234e+00
8.378780364990234375e+00
2.234724521636962891e+00
4.225752830505371094e+00
2.376442670822143555e+00
3.441980123519897461e+00
2.498999357223510742e+00
4.132237434387207031e+00
2.692521333694458008e+00
3.433906316757202148e+00
4.307674407958984375e+00
4.989608764648437500e+00
2.410465002059936523e+00
2.035094976425170898e+00
3.553711414337158203e+00
3.801415205001831055e+00
2.934048414230346680e+00
1.853382706642150879e+00
2.342145204544067383e+00
6.248258113861083984e+00
4.051920890808105469e+00
4.418388843536376953e+00
6.351119518280029297e+00
5.596521377563476562e+00
3.169956684112548828e+00
4.667233467102050781e+00
3.774393558502197266e+00
1.053859949111938477e+00
3.512802124023437500e+00
4.598811626434326172e+00
2.572397947311401367e+00
4.145662307739257812e+00
3.918459653854370117e+00
3.309518098831176758e+00
4.346459865570068359e+00
4.209680080413818359e+00
4.585868835449218750e+00
3.732580661773681641e+00
6.022096157073974609e+00
1.162178516387939453e+00
1.317467212677001953e+00
4.272719860076904297e+00
6.447484493255615234e+00
3.508643865585327148e+00
1.291315913200378418e+00
1.266038298606872559e+00
4.996577739715576172e+00
2.656720876693725586e+00
1.031486034393310547e+00
4.599600791931152344e+00
3.624409437179565430e+00
5.569625377655029297e+00
1.845176577568054199e+00
4.336361408233642578e+00
3.082695960998535156e+00
2.603754520416259766e+00
1.340095996856689453e+00
4.844487190246582031e+00
3.750582933425903320e+00
2.171988964080810547e+00
1.094374895095825195e+00
3.249926805496215820e+00
3.352028369903564453e+00
1.346505045890808105e+00
2.233187198638916016e+00
3.785494565963745117e+00
4.598044872283935547e+00
1.715780615806579590e+00
2.113138198852539062e+00
4.245530128479003906e+00
3.281970977783203125e+00
1.778118014335632324e+00
1.747951745986938477e+00
8.773468136787414551e-01
2.567024946212768555e+00
1.142633557319641113e+00
2.529240608215332031e+00
4.114770412445068359e+00
2.005701065063476562e+00
3.068691968917846680e+00
3.097657442092895508e+00
1.377058863639831543e+00
3.368496656417846680e+00
6.608820438385009766e+00
8.134127855300903320e-01
4.670201301574707031e+00
4.704740047454833984e+00
4.342418193817138672e+00
5.221533298492431641e+00
3.384689092636108398e+00
1.602294921875000000e+00
1.915485739707946777e+00
3.994581699371337891e+00
3.868724107742309570e+00
6.983565807342529297e+00
7.283257484436035156e+00
4.533590793609619141e+00
5.893791675567626953e+00
5.289452075958251953e+00
5.685213088989257812e+00
4.234670639038085938e+00
4.888873577117919922e+00
1.841808319091796875e+00
4.748534679412841797e+00
5.413205623626708984e+00
3.499418735504150391e+00
6.394691467285156250e+00
3.499672412872314453e+00
5.610000133514404297e+00
4.771246433258056641e+00
3.300917387008666992e+00
4.015595912933349609e+00
2.040223360061645508e+00
4.061766147613525391e+00
3.518824338912963867e+00
1.852562189102172852e+00
3.064234495162963867e+00
3.675566196441650391e+00
5.366455554962158203e+00
5.792808055877685547e+00
5.226567745208740234e+00
2.268596410751342773e+00
4.221982479095458984e+00
4.128123760223388672e+00
2.008212327957153320e+00
2.174487113952636719e+00
7.386995553970336914e-01
1.649443864822387695e+00
1.129863142967224121e+00
4.415066719055175781e+00
2.526688337326049805e+00
3.596361160278320312e+00
2.271152496337890625e+00
4.077216625213623047e+00
4.121997833251953125e+00
5.696329593658447266e+00
5.227306365966796875e+00
3.881397962570190430e+00
3.515081405639648438e+00
5.931899547576904297e+00
9.977971911430358887e-01
3.662936925888061523e+00
3.637095689773559570e+00
2.191477775573730469e+00
3.757910490036010742e+00
2.399247884750366211e+00
6.224407196044921875e+00
5.923946857452392578e+00
5.280164241790771484e+00
3.861844301223754883e+00
1.100998759269714355e+00
3.912646055221557617e+00
4.087334156036376953e+00
2.182384252548217773e+00
3.858779191970825195e+00
4.933326721191406250e+00
3.461269140243530273e+00
6.429945826530456543e-01
3.259709596633911133e+00
4.773092746734619141e+00
2.467766523361206055e+00
4.829223632812500000e+00
1.937627673149108887e+00
1.903399467468261719e+00
4.546199798583984375e+00
1.805582284927368164e+00
4.527608394622802734e+00
6.671209812164306641e+00
1.802492737770080566e+00
3.740382432937622070e+00
5.355130672454833984e+00
1.720892190933227539e+00
2.825755834579467773e+00
3.122607707977294922e+00
8.964756131172180176e-01
2.804602384567260742e+00
3.996295213699340820e+00
3.463609695434570312e+00
2.197153329849243164e+00
4.253000915050506592e-01
5.730633258819580078e+00
4.363008022308349609e+00
8.013469696044921875e+00
4.950961589813232422e+00
2.347818851470947266e+00
4.959449291229248047e+00
1.599383711814880371e+00
3.687247514724731445e+00
1.333075642585754395e+00
2.188523054122924805e+00
4.393706798553466797e+00
3.735011339187622070e+00
7.067854404449462891e+00
3.662711858749389648e+00
3.516484022140502930e+00
5.013934135437011719e+00
2.059088706970214844e+00
3.170093059539794922e+00
1.385901808738708496e+00
2.632472515106201172e+00
2.573611974716186523e+00
1.774101495742797852e+00
5.697840690612792969e+00
3.799609422683715820e+00
4.856227397918701172e+00
7.258682250976562500e+00
2.399965047836303711e+00
3.973648548126220703e+00
3.345706224441528320e+00
5.019004344940185547e+00
1.860696077346801758e+00
5.017967700958251953e+00
3.806191682815551758e+00
2.776123523712158203e+00
1.888594269752502441e+00
3.535950899124145508e+00
4.377244949340820312e+00
5.351482629776000977e-01
1.780245065689086914e+00
3.018142461776733398e+00
8.053791046142578125e+00
5.095857143402099609e+00
4.622290611267089844e+00
5.704097270965576172e+00
3.705084323883056641e+00
4.471745967864990234e+00
4.016112804412841797e+00
2.574787139892578125e+00
4.509610652923583984e+00
4.006416320800781250e+00
1.453081011772155762e+00
2.553767681121826172e+00
7.267465114593505859e+00
2.810938596725463867e+00
4.068925380706787109e+00
6.322869777679443359e+00
2.912996053695678711e+00
2.953914403915405273e+00
1.455869078636169434e+00
1.528492331504821777e+00
2.543505907058715820e+00
3.064597129821777344e+00
2.129219770431518555e+00
5.730782985687255859e+00
4.601613521575927734e+00
7.041548252105712891e+00
5.430663585662841797e+00
1.148350358009338379e+00
5.455724239349365234e+00
4.022290229797363281e+00
4.437440872192382812e+00
5.563328742980957031e+00
9.246334433555603027e-01
3.306972503662109375e+00
4.766031742095947266e+00
3.676192998886108398e+00
6.657643318176269531e+00
2.509788513183593750e+00
4.153111934661865234e+00
2.036154031753540039e+00
1.947151064872741699e+00
8.657057762145996094e+00
4.738939762115478516e+00
3.055370092391967773e+00
3.995420217514038086e+00
4.285204410552978516e+00
4.933139324188232422e+00
2.436921596527099609e+00
2.256521701812744141e+00
3.440399885177612305e+00
1.158140301704406738e+00
4.633986949920654297e+00
3.690781354904174805e+00
3.335402727127075195e+00
2.361119270324707031e+00
3.034922838211059570e+00
1.476354479789733887e+00
2.166565179824829102e+00
1.734397292137145996e+00
2.448119878768920898e+00
3.741330385208129883e+00
3.025690793991088867e+00
2.026415586471557617e+00
6.059812068939208984e+00
3.817229032516479492e+00
4.943585872650146484e+00
4.660521507263183594e+00
2.341787338256835938e+00
1.429517269134521484e+00
5.564323425292968750e+00
2.673784017562866211e+00
2.545316696166992188e+00
4.211131095886230469e+00
2.094548463821411133e+00
1.362890601158142090e+00
3.034446954727172852e+00
5.379392147064208984e+00
2.414061307907104492e+00
2.899069547653198242e+00
4.051206111907958984e+00
3.980033636093139648e+00
3.189123630523681641e+00
3.189216375350952148e+00
3.129636049270629883e+00
2.440561294555664062e+00
3.229251623153686523e+00
7.392890930175781250e+00
1.423157572746276855e+00
4.920853137969970703e+00
1.480310797691345215e+00
5.194371700286865234e+00
2.991736888885498047e+00
2.410827398300170898e+00
5.563827991485595703e+00
1.913192033767700195e+00
5.063483238220214844e+00
4.598987579345703125e+00
2.879945039749145508e+00
3.461089849472045898e+00
2.803780138492584229e-01
3.043405294418334961e+00
3.001451253890991211e+00
1.542564868927001953e+00
5.014076232910156250e+00
1.670297265052795410e+00
3.096847534179687500e+00
3.180457830429077148e+00
4.782288551330566406e+00
2.520483255386352539e+00
4.444468498229980469e+00
1.931221604347229004e+00
3.436178207397460938e+00
2.740666151046752930e+00
4.532351493835449219e+00
4.003504276275634766e+00
7.393379211425781250e+00
3.996235609054565430e+00
2.613035440444946289e+00
2.362163066864013672e+00
3.386228561401367188e+00
6.488873958587646484e+00
1.444248080253601074e+00
4.416604518890380859e+00
4.204061985015869141e+00
5.097116470336914062e+00
5.019593238830566406e+00
2.947191238403320312e+00
6.321622371673583984e+00
5.932313442230224609e+00
4.887291431427001953e+00
5.573219776153564453e+00
3.575902700424194336e+00
4.339649677276611328e+00
2.627444744110107422e+00
3.217287778854370117e+00
1.433413982391357422e+00
3.921047210693359375e+00
4.643130779266357422e+00
6.096681594848632812e+00
4.024425029754638672e+00
3.478324890136718750e+00
4.135787487030029297e+00
5.179931640625000000e+00
5.615248084068298340e-01
3.166296005249023438e+00
2.619642734527587891e+00
7.348996639251708984e+00
4.361854076385498047e+00
1.531351089477539062e+00
2.330507993698120117e+00
3.963219881057739258e+00
2.108681201934814453e+00
8.437935113906860352e-01
2.708081483840942383e+00
6.231004595756530762e-01
3.671585559844970703e+00
2.911424398422241211e+00
2.213046073913574219e+00
8.672758936882019043e-01
2.055330038070678711e+00
3.078972101211547852e+00
1.576543092727661133e+00
4.399581432342529297e+00
1.775774002075195312e+00
2.615955352783203125e+00
3.318627595901489258e+00
3.853983402252197266e+00
4.011157035827636719e+00
1.653311371803283691e+00
4.114914894104003906e+00
3.706909179687500000e+00
5.198022842407226562e+00
1.500223159790039062e+00
4.185985088348388672e+00
4.781857013702392578e+00
4.253066539764404297e+00
4.931728363037109375e+00
3.311785936355590820e+00
4.120384216308593750e+00
3.917183399200439453e+00
1.156901359558105469e+00
2.451516866683959961e+00
3.320449590682983398e+00
6.017119884490966797e+00
3.377545118331909180e+00
1.193378686904907227e+00
9.835768938064575195e-01
2.518240928649902344e+00
5.908570289611816406e+00
3.336248397827148438e+00
4.225298881530761719e+00
3.982755422592163086e+00
4.038924694061279297e+00
1.678529620170593262e+00
2.246662855148315430e+00
2.488962411880493164e+00
3.507662296295166016e+00
2.961603164672851562e+00
2.044039249420166016e+00
1.797330737113952637e+00
3.966417789459228516e+00
4.309021949768066406e+00
4.305866241455078125e+00
8.066977500915527344e+00
2.092154026031494141e+00
3.950489759445190430e+00
3.547475576400756836e+00
2.843557119369506836e+00
2.968757390975952148e+00
1.532519340515136719e+00
1.287070989608764648e+00
2.595789432525634766e+00
2.067509412765502930e+00
2.908153295516967773e+00
3.482843875885009766e+00
4.468089580535888672e+00
6.282908916473388672e+00
1.932348251342773438e+00
4.424370288848876953e+00
3.672199010848999023e+00
1.531356096267700195e+00
3.227317094802856445e+00
3.369452238082885742e+00
5.138988971710205078e+00
2.079309225082397461e+00
3.579216718673706055e+00
4.809028148651123047e+00
3.447877168655395508e+00
2.305541038513183594e+00
7.520759105682373047e-01
4.963110446929931641e+00
2.476785421371459961e+00
3.172687530517578125e+00
4.091273784637451172e+00
3.419838666915893555e+00
3.654651641845703125e+00
3.928632497787475586e+00
4.780808448791503906e+00
5.749811649322509766e+00
4.008899211883544922e+00
3.177601575851440430e+00
3.404972076416015625e+00
5.661868095397949219e+00
2.164070367813110352e+00
3.158470153808593750e+00
1.202063918113708496e+00
3.051344633102416992e+00
2.562457799911499023e+00
5.786207675933837891e+00
1.811962366104125977e+00
4.647186398506164551e-01
4.135402202606201172e+00
4.258568286895751953e+00
5.685665130615234375e+00
1.947624444961547852e+00
7.215824127197265625e-01
3.946653366088867188e+00
1.183989644050598145e+00
3.590551853179931641e+00
2.507242918014526367e+00
2.133253812789916992e+00
4.766684532165527344e+00
1.821647882461547852e+00
8.236573219299316406e+00
1.254049062728881836e+00
2.163870334625244141e+00
3.445354223251342773e+00
2.267604112625122070e+00
3.302689313888549805e+00
4.786554336547851562e+00
2.820932865142822266e+00
2.067229986190795898e+00
1.241529583930969238e+00
4.571275234222412109e+00
2.420007467269897461e+00
5.255272865295410156e+00
4.898904323577880859e+00
6.604510784149169922e+00
4.387643337249755859e+00
3.554466009140014648e+00
4.077415943145751953e+00
2.030737638473510742e+00
1.195394635200500488e+00
3.193343579769134521e-01
4.601821422576904297e+00
4.376363754272460938e+00
5.862391948699951172e+00
3.202273607254028320e+00
1.322122931480407715e+00
5.563672065734863281e+00
5.077397823333740234e+00
1.698188185691833496e+00
4.916980743408203125e+00
2.651310443878173828e+00
6.671657085418701172e+00
6.485459804534912109e+00
5.364455699920654297e+00
2.311627149581909180e+00
3.608169555664062500e+00
3.669326066970825195e+00
2.110137462615966797e+00
3.304751157760620117e+00
5.604728221893310547e+00
5.681584477424621582e-01
7.351278781890869141e+00
2.456784009933471680e+00
2.790625810623168945e+00
1.524443984031677246e+00
4.626250743865966797e+00
2.047356605529785156e+00
2.862579345703125000e+00
4.921937942504882812e+00
3.363756656646728516e+00
3.386107683181762695e+00
4.559879779815673828e+00
4.943372249603271484e+00
2.226384401321411133e+00
1.985982894897460938e+00
3.038331747055053711e+00
1.602569937705993652e+00
3.934222459793090820e+00
3.017383813858032227e+00
3.013235807418823242e+00
4.104864120483398438e+00
5.468885898590087891e+00
2.201448440551757812e+00
3.630269289016723633e+00
3.001599073410034180e+00
3.002266645431518555e+00
2.555270433425903320e+00
2.008069753646850586e+00
3.932571172714233398e+00
2.361539602279663086e+00
4.083719730377197266e+00
4.159795761108398438e+00
1.830948829650878906e+00
4.138601779937744141e+00
4.856943607330322266e+00
3.562444448471069336e+00
5.107536315917968750e+00
8.902050971984863281e+00
1.028695464134216309e+00
4.412431240081787109e+00
2.142235755920410156e+00
3.135161161422729492e+00
2.347019672393798828e+00
1.572762370109558105e+00
5.923012733459472656e+00
2.292127132415771484e+00
2.447909593582153320e+00
1.904341578483581543e+00
5.818412899971008301e-01
5.307022094726562500e+00
3.051353216171264648e+00
1.672797441482543945e+00
3.659917831420898438e+00
3.925387620925903320e+00
2.837878465652465820e+00
2.425514936447143555e+00
5.721314907073974609e+00
4.934754371643066406e+00
2.689311504364013672e+00
4.135509967803955078e+00
1.500757455825805664e+00
8.799268603324890137e-01
1.018592596054077148e+00
4.843301773071289062e+00
3.416973590850830078e+00
2.707845926284790039e+00
3.667986631393432617e+00
1.443553805351257324e+00
3.061912536621093750e+00
2.240997552871704102e+00
2.691672086715698242e+00
6.074555516242980957e-01
3.200527906417846680e+00
1.367678403854370117e+00
4.766927242279052734e+00
2.541909456253051758e+00
2.029532909393310547e+00
5.083791732788085938e+00
3.269339323043823242e+00
4.354557514190673828e+00
3.053752422332763672e+00
3.735104322433471680e+00
4.665880203247070312e+00
3.542671680450439453e+00
2.208554983139038086e+00
2.397900819778442383e+00
2.448718786239624023e+00
2.541503190994262695e+00
1.486618638038635254e+00
3.237581968307495117e+00
2.497480869293212891e+00
2.450734853744506836e+00
4.864457607269287109e+00
3.663131713867187500e+00
4.226758956909179688e+00
4.506589889526367188e+00
4.271824836730957031e+00
4.204954624176025391e+00
2.291244268417358398e+00
1.984337210655212402e+00
1.508996486663818359e+00
5.914224147796630859e+00
5.577931880950927734e+00
2.896240949630737305e+00
2.128750085830688477e+00
6.335735797882080078e+00
4.786414623260498047e+00
1.207773566246032715e+00
6.404485225677490234e+00
3.817225694656372070e+00
5.366745948791503906e+00
5.028892993927001953e+00
3.016934156417846680e+00
3.987616062164306641e+00
5.037632942199707031e+00
5.245975017547607422e+00
2.381615400314331055e+00
1.237036466598510742e+00
9.428616762161254883e-01
4.270084857940673828e+00
1.954445242881774902e+00
2.041492223739624023e+00
1.939946532249450684e+00
6.208355426788330078e-01
2.834607601165771484e+00
2.095916509628295898e+00
4.885756015777587891e+00
2.398738145828247070e+00
3.245449781417846680e+00
3.809250593185424805e+00
4.677003383636474609e+00
4.730689525604248047e+00
3.706926822662353516e+00
2.562336683273315430e+00
6.049714088439941406e-01
2.059663534164428711e+00
1.160931468009948730e+00
4.806610584259033203e+00
2.148392438888549805e+00
4.586944103240966797e+00
2.341881036758422852e+00
2.359780073165893555e+00
3.141470432281494141e+00
6.518345832824707031e+00
4.098916053771972656e+00
5.584327220916748047e+00
3.823679685592651367e+00
3.915974855422973633e+00
3.768311262130737305e+00
3.941659688949584961e+00
2.450731515884399414e+00
5.453380584716796875e+00
7.521354675292968750e+00
3.348060369491577148e+00
2.754864454269409180e+00
2.411311864852905273e+00
4.639867782592773438e+00
2.551760435104370117e+00
2.913006544113159180e+00
4.545694828033447266e+00
4.577058315277099609e+00
4.740756988525390625e+00
4.629542827606201172e+00
1.911223649978637695e+00
5.006753921508789062e+00
8.389576077461242676e-01
5.506104946136474609e+00
1.198513507843017578e+00
1.950503587722778320e+00
3.953759908676147461e+00
9.517297148704528809e-01
4.231907844543457031e+00
3.666564941406250000e+00
1.378196597099304199e+00
5.571894645690917969e+00
3.798431873321533203e+00
1.140738010406494141e+00
4.128414154052734375e+00
3.325014591217041016e+00
3.733592748641967773e+00
4.671398639678955078e+00
3.965116262435913086e+00
5.271049499511718750e+00
4.195788860321044922e+00
9.496251940727233887e-01
5.240052223205566406e+00
3.006261587142944336e+00
