3.043228387832641602e+00
4.126558780670166016e+00
1.694326281547546387e+00
4.330871105194091797e+00
5.849673748016357422e+00
3.258759021759033203e+00
5.908604621887207031e+00
2.368334531784057617e+00
4.789374828338623047e+00
4.491425514221191406e+00
9.374546408653259277e-01
5.419857025146484375e+00
1.984937310218811035e+00
1.600400805473327637e+00
4.901795864105224609e+00
5.068970680236816406e+00
5.675940990447998047e+00
1.800130128860473633e+00
4.116373062133789062e+00
6.800893306732177734e+00
4.258160114288330078e+00
7.839729189872741699e-01
7.470197200775146484e+00
4.332808494567871094e+00
1.722293138504028320e+00
3.925328493118286133e+00
3.051845073699951172e+00
2.020742654800415039e+00
6.437882423400878906e+00
3.212255477905273438e+00
1.773289084434509277e+00
4.766808509826660156e+00
2.852899312973022461e+00
1.851584076881408691e+00
4.926356315612792969e+00
4.495749950408935547e+00
1.197301030158996582e+00
3.289299726486206055e+00
1.789325118064880371e+00
2.555246114730834961e+00
4.806830883026123047e+00
4.155802726745605469e+00
3.624832630157470703e+00
3.086056470870971680e+00
1.582024693489074707e+00
3.221583604812622070e+00
4.109137058258056641e+00
1.823084115982055664e+00
4.630662918090820312e+00
2.136383056640625000e+00
1.336799144744873047e+00
3.071411848068237305e+00
1.072452545166015625e+00
1.145247340202331543e+00
1.684708595275878906e+00
1.632989525794982910e+00
5.362001895904541016e+00
8.255650520324707031e+00
4.427220821380615234e+00
2.987117052078247070e+00
3.258421421051025391e+00
3.166266679763793945e+00
2.649999141693115234e+00
3.670058965682983398e+00
2.620086669921875000e+00
4.325378894805908203e+00
1.222314238548278809e+00
2.327296018600463867e+00
2.564485073089599609e+00
4.531411170959472656e+00
3.578742742538452148e+00
2.988086223602294922e+00
3.377537965774536133e+00
5.019237518310546875e+00
3.561189413070678711e+00
5.686018466949462891e+00
4.241989135742187500e+00
1.048861980438232422e+00
6.192451477050781250e+00
9.317237734794616699e-01
4.604703903198242188e+00
2.310464859008789062e+00
7.036398410797119141e+00
1.339683771133422852e+00
1.275730371475219727e+00
1.810453295707702637e+00
2.927503347396850586e+00
1.351523637771606445e+00
4.187875747680664062e+00
3.395479679107666016e+00
1.756401658058166504e+00
1.798287391662597656e+00
2.120990991592407227e+00
3.401175260543823242e+00
2.882761716842651367e+00
4.529588222503662109e+00
3.577905654907226562e+00
5.569248676300048828e+00
2.999229192733764648e+00
1.311245203018188477e+00
9.394038319587707520e-01
1.850963234901428223e+00
4.361208438873291016e+00
2.237835645675659180e+00
1.278585314750671387e+00
3.738652944564819336e+00
3.010119676589965820e+00
3.036662101745605469e+00
4.127786159515380859e+00
1.778007864952087402e+00
5.539808273315429688e-01
7.821123600006103516e+00
2.279612541198730469e+00
3.209909915924072266e+00
4.873010158538818359e+00
1.836953163146972656e+00
2.162746191024780273e+00
3.211043119430541992e+00
3.109544277191162109e+00
1.464511394500732422e+00
3.141139030456542969e+00
2.529165029525756836e+00
4.875678062438964844e+00
3.045195102691650391e+00
4.052797317504882812e+00
1.612541079521179199e+00
4.569805622100830078e+00
4.145665645599365234e+00
3.702573060989379883e+00
2.637278079986572266e+00
7.123430728912353516e+00
5.208081722259521484e+00
1.022632002830505371e+00
4.462698459625244141e+00
3.176053762435913086e+00
7.909825325012207031e+00
2.540806531906127930e+00
2.153882741928100586e+00
3.811913728713989258e+00
5.435473918914794922e+00
4.588538169860839844e+00
2.146372318267822266e+00
2.839934587478637695e+00
5.683177471160888672e+00
2.677710533142089844e+00
3.858089208602905273e+00
5.048364162445068359e+00
2.312757968902587891e+00
3.236961364746093750e+00
2.858476877212524414e+00
1.346501469612121582e+00
2.991668939590454102e+00
2.810556173324584961e+00
5.366956233978271484e+00
1.935716867446899414e+00
9.144040346145629883e-01
4.349675655364990234e+00
3.926399946212768555e+00
7.720631361007690430e-01
2.180084943771362305e+00
1.462903857231140137e+00
3.797903537750244141e+00
2.728977441787719727e+00
2.711089134216308594e+00
1.993850708007812500e+00
7.270929813385009766e+00
1.205120325088500977e+00
3.959461927413940430e+00
2.937809705734252930e+00
5.504634380340576172e-01
5.948346614837646484e+00
1.788108706474304199e+00
2.458345651626586914e+00
5.941718578338623047e+00
6.677750587463378906e+00
2.597157478332519531e+00
1.490619421005249023e+00
4.054951190948486328e+00
1.708045244216918945e+00
2.929187536239624023e+00
5.481971263885498047e+00
3.930645704269409180e+00
3.648866415023803711e+00
3.531346559524536133e+00
2.094229459762573242e+00
2.845113515853881836e+00
4.875742435455322266e+00
4.025107860565185547e+00
2.743530750274658203e+00
2.869817495346069336e+00
6.354922771453857422e+00
2.165567398071289062e+00
1.361828207969665527e+00
2.651330232620239258e+00
6.903839111328125000e+00
1.902825236320495605e+00
5.290095806121826172e+00
2.908610343933105469e+00
2.818946599960327148e+00
3.166633605957031250e+00
1.394218921661376953e+00
7.660293579101562500e+00
5.211716651916503906e+00
1.789060592651367188e+00
4.729276180267333984e+00
6.861641883850097656e+00
4.347465038299560547e+00
1.209596753120422363e+00
4.776131629943847656e+00
2.865440130233764648e+00
4.756546974182128906e+00
3.786489248275756836e+00
6.782353401184082031e+00
3.129039764404296875e+00
3.774070739746093750e+00
5.211117744445800781e+00
2.947037696838378906e+00
3.777645826339721680e+00
3.023816823959350586e+00
3.661561727523803711e+00
2.923007965087890625e+00
3.372727155685424805e+00
3.933040380477905273e+00
6.912755489349365234e+00
6.945309638977050781e+00
3.946145296096801758e+00
3.582580327987670898e+00
5.865628123283386230e-01
3.814746618270874023e+00
1.782711029052734375e+00
4.430307388305664062e+00
3.066187858581542969e+00
3.391389846801757812e+00
5.427174568176269531e+00
3.154944181442260742e+00
6.697606563568115234e+00
1.827081561088562012e+00
1.346499085426330566e+00
4.767991542816162109e+00
4.207513809204101562e+00
4.694853305816650391e+00
4.984574794769287109e+00
4.849999904632568359e+00
4.927865028381347656e+00
5.435781002044677734e+00
1.594598174095153809e+00
1.136866927146911621e+00
6.374720931053161621e-01
2.762627363204956055e+00
5.536084651947021484e+00
4.950737953186035156e+00
3.414316892623901367e+00
2.768706083297729492e+00
3.324718952178955078e+00
4.565217494964599609e+00
3.347257375717163086e+00
3.554684877395629883e+00
4.411101818084716797e+00
3.039947986602783203e+00
2.113549947738647461e+00
1.691033363342285156e+00
4.922043800354003906e+00
2.725465536117553711e+00
1.972107291221618652e+00
4.758260250091552734e+00
1.967209458351135254e+00
2.661854505538940430e+00
4.199501991271972656e+00
5.668725013732910156e+00
1.585436701774597168e+00
2.113024473190307617e+00
2.521599531173706055e+00
1.643340706825256348e+00
3.835140943527221680e+00
4.629607677459716797e+00
4.262874126434326172e+00
1.944115996360778809e+00
4.910850524902343750e+00
3.743185520172119141e+00
2.323008298873901367e+00
8.622215390205383301e-01
5.529586076736450195e-01
2.925043344497680664e+00
4.236369132995605469e+00
2.668710947036743164e+00
4.371612548828125000e+00
3.524961948394775391e+00
4.886374950408935547e+00
4.794441699981689453e+00
4.671521663665771484e+00
3.419422149658203125e+00
2.433496952056884766e+00
5.251375675201416016e+00
2.588248014450073242e+00
4.184473991394042969e+00
4.169401168823242188e+00
3.374770879745483398e+00
3.357983827590942383e+00
1.312103629112243652e+00
8.167281150817871094e+00
2.142859697341918945e+00
3.920735120773315430e+00
4.218938350677490234e+00
4.022080421447753906e+00
9.221930503845214844e-01
1.868097662925720215e+00
2.951076984405517578e+00
4.574395179748535156e+00
2.054572582244873047e+00
4.054726600646972656e+00
4.537023544311523438e+00
3.917160749435424805e+00
3.152457237243652344e+00
3.064287662506103516e+00
2.505574941635131836e+00
4.174087524414062500e+00
3.244731187820434570e+00
1.567838668823242188e+00
3.200820922851562500e+00
6.753915309906005859e+00
4.605098247528076172e+00
4.600791454315185547e+00
3.493701219558715820e+00
4.491719245910644531e+00
3.965736389160156250e+00
2.656373739242553711e+00
2.678496122360229492e+00
3.542454481124877930e+00
4.653237819671630859e+00
5.375076293945312500e+00
2.985094308853149414e+00
1.820101618766784668e+00
4.264363288879394531e+00
7.567932009696960449e-01
6.224661827087402344e+00
3.224924564361572266e+00
5.435183525085449219e+00
7.563189983367919922e+00
3.307410955429077148e+00
2.610268115997314453e+00
1.268002748489379883e+00
2.870813131332397461e+00
3.869584321975708008e+00
5.516129970550537109e+00
3.330673933029174805e+00
3.794916868209838867e+00
1.148882150650024414e+00
3.813279867172241211e+00
1.941444754600524902e+00
1.611682772636413574e+00
2.514583349227905273e+00
3.769305467605590820e+00
3.744797468185424805e+00
2.521317243576049805e+00
2.273223161697387695e+00
3.347703218460083008e+00
2.047541856765747070e+00
4.009301662445068359e+00
3.151542425155639648e+00
3.043354749679565430e+00
2.707541227340698242e+00
2.408057451248168945e+00
2.299182176589965820e+00
2.388995647430419922e+00
3.468325376510620117e+00
3.542830705642700195e+00
7.651165127754211426e-01
3.884629011154174805e+00
3.920518636703491211e+00
6.951333522796630859e+00
4.173705101013183594e+00
3.514689683914184570e+00
2.599849939346313477e+00
4.982842922210693359e+00
5.535830020904541016e+00
3.497943878173828125e+00
4.421089649200439453e+00
2.125901460647583008e+00
4.267434120178222656e+00
5.922997474670410156e+00
1.526883006095886230e+00
8.848662376403808594e+00
1.288766026496887207e+00
4.567531585693359375e+00
3.195343494415283203e+00
1.802610754966735840e+00
3.399616718292236328e+00
4.569493770599365234e+00
3.195133447647094727e+00
5.991304397583007812e+00
3.979197025299072266e+00
2.502878904342651367e+00
3.331597566604614258e+00
1.361879110336303711e+00
1.738937616348266602e+00
4.051002025604248047e+00
3.895593643188476562e+00
2.868897438049316406e+00
2.432367801666259766e+00
1.807965278625488281e+00
3.814945936203002930e+00
2.849144697189331055e+00
2.035919904708862305e+00
4.074208736419677734e+00
1.473340034484863281e+00
4.829135417938232422e+00
6.209754347801208496e-01
8.751956224441528320e-01
4.782126903533935547e+00
2.284131765365600586e+00
7.264234066009521484e+00
3.811342239379882812e+00
1.056702136993408203e+00
5.467049121856689453e+00
1.938724160194396973e+00
3.991405248641967773e+00
2.050555944442749023e+00
4.594781398773193359e+00
2.968181133270263672e+00
4.931914806365966797e+00
5.246735095977783203e+00
4.620287418365478516e+00
2.659079313278198242e+00
1.122600913047790527e+00
3.498735189437866211e+00
2.316641569137573242e+00
3.524333953857421875e+00
1.133466124534606934e+00
3.975502490997314453e+00
3.305917739868164062e+00
2.269948482513427734e+00
4.825543880462646484e+00
1.504584908485412598e+00
4.539290428161621094e+00
4.184546470642089844e+00
3.902129411697387695e+00
3.145200490951538086e+00
1.637194633483886719e+00
2.029101610183715820e+00
2.612507343292236328e+00
3.757915973663330078e+00
5.487347245216369629e-01
5.372241497039794922e+00
2.922799825668334961e+00
3.810953140258789062e+00
3.379177808761596680e+00
1.755892753601074219e+00
8.228875994682312012e-01
5.570502758026123047e+00
2.837513923645019531e+00
4.138389587402343750e+00
1.794271111488342285e+00
1.566132664680480957e+00
1.813538193702697754e+00
3.801192045211791992e+00
6.054994106292724609e+00
2.225583314895629883e+00
2.039955139160156250e+00
4.389774322509765625e+00
4.629685401916503906e+00
4.299933910369873047e+00
1.877094268798828125e+00
3.795139312744140625e+00
2.916310787200927734e+00
3.972171783447265625e+00
1.428749084472656250e+00
4.578481197357177734e+00
2.719964504241943359e+00
8.706563115119934082e-01
2.323604583740234375e+00
4.450373172760009766e+00
3.387987136840820312e+00
3.957279920578002930e+00
2.369058847427368164e+00
3.984147787094116211e+00
2.379984378814697266e+00
3.074204444885253906e+00
4.213033199310302734e+00
6.277949213981628418e-01
3.582219839096069336e+00
2.206280946731567383e+00
7.190871715545654297e+00
2.142956495285034180e+00
1.948106646537780762e+00
1.909706950187683105e+00
9.810020327568054199e-01
1.887451529502868652e+00
1.485396027565002441e+00
4.302876472473144531e+00
5.609570503234863281e+00
1.468729496002197266e+00
1.657863855361938477e+00
4.609820365905761719e+00
3.098058223724365234e+00
6.091514587402343750e+00
2.856736183166503906e+00
5.422979831695556641e+00
3.829140424728393555e+00
1.313803434371948242e+00
4.358445167541503906e+00
2.709984540939331055e+00
3.807366132736206055e+00
5.518243312835693359e-01
8.941306471824645996e-01
3.602867841720581055e+00
2.755530118942260742e+00
2.927642345428466797e+00
2.655010461807250977e+00
3.684452056884765625e+00
4.198468208312988281e+00
5.090993881225585938e+00
3.384909152984619141e+00
3.770553350448608398e+00
5.296298980712890625e+00
3.894954681396484375e+00
2.860471487045288086e+00
3.611274480819702148e+00
2.616180896759033203e+00
7.239818572998046875e+00
3.095147371292114258e+00
3.712939500808715820e+00
4.974151134490966797e+00
2.843115806579589844e+00
5.843195438385009766e+00
7.101571083068847656e+00
3.753929615020751953e+00
3.998445510864257812e+00
2.761393308639526367e+00
3.771158158779144287e-01
1.088654041290283203e+00
3.625663757324218750e+00
9.575763940811157227e-01
2.610751867294311523e+00
5.326741695404052734e+00
2.797854185104370117e+00
1.136702418327331543e+00
1.489160537719726562e+00
2.922182798385620117e+00
4.961891174316406250e+00
3.981684446334838867e+00
8.424048423767089844e-01
1.857624650001525879e+00
4.642550647258758545e-01
3.805512666702270508e+00
4.007428169250488281e+00
1.550753831863403320e+00
4.789839267730712891e+00
1.042302250862121582e+00
4.074203491210937500e+00
2.077658176422119141e+00
1.357710242271423340e+00
3.364307165145874023e+00
2.561123609542846680e+00
3.850851535797119141e+00
6.448210239410400391e+00
4.181539058685302734e+00
2.900074958801269531e+00
6.585079193115234375e+00
2.799914121627807617e+00
9.173375964164733887e-01
1.021326541900634766e+00
6.335217952728271484e-01
5.470919609069824219e+00
2.642428636550903320e+00
2.864306688308715820e+00
5.324265956878662109e+00
1.152867197990417480e+00
4.096249580383300781e+00
2.835116147994995117e+00
1.420788884162902832e+00
3.883637666702270508e+00
3.249636888504028320e+00
3.834325075149536133e+00
3.614246368408203125e+00
4.650008678436279297e+00
5.988931655883789062e+00
5.093030929565429688e+00
3.350193500518798828e+00
5.474483966827392578e+00
5.527226924896240234e+00
4.176858901977539062e+00
1.196511030197143555e+00
1.748609542846679688e+00
3.357350587844848633e+00
2.942085266113281250e+00
1.097548723220825195e+00
5.110436916351318359e+00
1.396836996078491211e+00
4.148593425750732422e+00
5.394336223602294922e+00
4.206941127777099609e+00
1.970165133476257324e+00
3.161429166793823242e+00
3.622066974639892578e+00
2.851822614669799805e+00
6.254616737365722656e+00
3.896379470825195312e+00
3.782798528671264648e+00
2.894755840301513672e+00
4.484436035156250000e+00
7.498952746391296387e-01
1.821393013000488281e+00
2.703907489776611328e+00
2.630111575126647949e-01
8.689929008483886719e+00
7.599606513977050781e+00
7.522079944610595703e-01
3.623860120773315430e+00
3.474168777465820312e+00
5.398311614990234375e+00
2.924643516540527344e+00
4.948801517486572266e+00
3.030925035476684570e+00
5.987585544586181641e+00
5.213188648223876953e+00
4.253978252410888672e+00
4.625502109527587891e+00
3.952755451202392578e+00
7.470729351043701172e+00
4.573521137237548828e+00
2.479679822921752930e+00
4.343504428863525391e+00
1.898043036460876465e+00
8.224411010742187500e-01
4.060777664184570312e+00
4.506929874420166016e+00
2.822974681854248047e+00
8.642423748970031738e-01
3.890488386154174805e+00
5.070783615112304688e+00
2.434610843658447266e+00
2.842812299728393555e+00
3.312810897827148438e+00
2.587737083435058594e+00
6.356967687606811523e-01
1.208728194236755371e+00
7.574935436248779297e+00
3.484972715377807617e+00
4.499627113342285156e+00
6.472679138183593750e+00
4.039129257202148438e+00
1.888448119163513184e+00
6.153652667999267578e+00
4.169200897216796875e+00
2.284474134445190430e+00
5.263137817382812500e+00
3.117851972579956055e+00
3.184321403503417969e+00
5.011124134063720703e+00
3.452465534210205078e+00
2.463463544845581055e+00
3.587056398391723633e+00
1.719641089439392090e+00
2.372447490692138672e+00
5.264308929443359375e+00
2.958627939224243164e+00
5.496919631958007812e+00
2.350465536117553711e+00
1.645875334739685059e+00
1.179587125778198242e+00
3.685815930366516113e-01
4.166372299194335938e+00
3.191448926925659180e+00
2.906896352767944336e+00
1.776962876319885254e+00
4.544345378875732422e+00
4.787726402282714844e+00
6.384259700775146484e+00
3.041199445724487305e+00
3.095474004745483398e+00
4.068240642547607422e+00
4.442237377166748047e+00
2.645689964294433594e+00
4.588046550750732422e+00
2.520225286483764648e+00
2.157699346542358398e+00
1.334383249282836914e+00
7.139467000961303711e-01
4.082421779632568359e+00
2.593430519104003906e+00
3.302930831909179688e+00
3.684651136398315430e+00
1.128431558609008789e+00
1.439991474151611328e+00
2.294468402862548828e+00
3.903788089752197266e+00
4.483276367187500000e+00
1.249842524528503418e+00
3.054598331451416016e+00
2.855668306350708008e+00
1.469642162322998047e+00
5.546753406524658203e+00
5.067728519439697266e+00
3.164726972579956055e+00
1.400374174118041992e+00
4.031644344329833984e+00
1.682413935661315918e+00
3.639724493026733398e+00
3.112257719039916992e+00
2.409429311752319336e+00
3.335733413696289062e+00
1.942513704299926758e+00
2.455482959747314453e+00
3.797664642333984375e+00
4.835074901580810547e+00
5.679423332214355469e+00
3.667870283126831055e+00
1.547680735588073730e+00
3.611233949661254883e+00
5.790479183197021484e+00
2.594798803329467773e+00
6.226934432983398438e+00
3.596620559692382812e+00
5.077558517456054688e+00
3.633453130722045898e+00
3.554455995559692383e+00
5.800581932067871094e+00
1.670837044715881348e+00
7.228837013244628906e+00
2.625962018966674805e+00
1.602651834487915039e+00
3.774588108062744141e+00
3.556933164596557617e+00
3.901295423507690430e+00
2.917377471923828125e+00
2.907383143901824951e-01
2.921889424324035645e-01
3.361459016799926758e+00
3.790704727172851562e+00
4.235042095184326172e+00
5.914734363555908203e+00
4.249359130859375000e+00
2.515911102294921875e+00
3.885306119918823242e+00
4.125249385833740234e+00
6.511714458465576172e+00
6.705968379974365234e+00
3.560628175735473633e+00
2.165400028228759766e+00
2.459357261657714844e+00
3.396395206451416016e+00
3.047564744949340820e+00
2.642936706542968750e+00
4.873281955718994141e+00
1.976679444313049316e+00
4.407800674438476562e+00
9.472018241882324219e+00
1.432191967964172363e+00
5.242674827575683594e+00
5.120640277862548828e+00
3.704876661300659180e+00
2.311337709426879883e+00
5.058715343475341797e+00
3.582849502563476562e+00
2.931744098663330078e+00
3.575480699539184570e+00
2.200212001800537109e+00
3.241611242294311523e+00
3.611750125885009766e+00
4.230348587036132812e+00
3.049790143966674805e+00
3.405630111694335938e+00
3.812307119369506836e+00
4.473878860473632812e+00
3.271371603012084961e+00
2.451548099517822266e+00
3.572890996932983398e+00
5.243657588958740234e+00
2.864361763000488281e+00
3.261924743652343750e+00
3.646908521652221680e+00
2.806513071060180664e+00
3.889904022216796875e+00
2.451723814010620117e+00
3.242101669311523438e+00
6.853073120117187500e+00
2.129311800003051758e+00
4.551928997039794922e+00
2.881146430969238281e+00
5.193160057067871094e+00
2.837596654891967773e+00
2.967070579528808594e+00
3.124153137207031250e+00
5.717668056488037109e+00
3.131888389587402344e+00
2.869535684585571289e+00
4.671797275543212891e+00
5.000433921813964844e+00
5.250781059265136719e+00
1.982382774353027344e+00
2.740763425827026367e+00
2.670842885971069336e+00
1.522549867630004883e+00
2.868180990219116211e+00
8.895637392997741699e-01
8.144568443298339844e+00
3.363022327423095703e+00
2.552266836166381836e+00
6.230591297149658203e+00
1.831231355667114258e+00
3.197420358657836914e+00
2.088918447494506836e+00
2.429584264755249023e+00
3.286070585250854492e+00
6.438065528869628906e+00
3.745199680328369141e+00
2.432009935379028320e+00
4.229341983795166016e+00
8.887512087821960449e-01
5.008650779724121094e+00
6.036223173141479492e-01
4.720738887786865234e+00
3.802303075790405273e+00
2.352192640304565430e+00
4.850022792816162109e+00
1.959640741348266602e+00
3.645904302597045898e+00
1.960312724113464355e+00
5.635797023773193359e+00
4.867370128631591797e+00
2.548184394836425781e+00
2.090793132781982422e+00
2.576084613800048828e+00
8.314912796020507812e+00
3.708260774612426758e+00
2.126116514205932617e+00
2.572399139404296875e+00
1.963474273681640625e+00
3.507414340972900391e+00
4.099629878997802734e+00
2.224149942398071289e+00
1.918513655662536621e+00
3.693431854248046875e+00
4.703011512756347656e+00
3.406975269317626953e+00
3.337978839874267578e+00
8.232971429824829102e-01
3.733381271362304688e+00
3.568369388580322266e+00
3.530439376831054688e+00
4.547226428985595703e+00
6.554785251617431641e+00
1.569889426231384277e+00
4.626230239868164062e+00
5.126934528350830078e+00
2.511042594909667969e+00
4.164097785949707031e+00
3.542597293853759766e+00
4.936458587646484375e+00
5.215241909027099609e+00
2.919483661651611328e+00
2.163181066513061523e+00
6.679198741912841797e+00
6.594349741935729980e-01
3.528785705566406250e+00
4.001477241516113281e+00
2.934892892837524414e+00
2.970872402191162109e+00
1.893630981445312500e+00
2.300849676132202148e+00
2.532250642776489258e+00
1.101391077041625977e+00
5.516735315322875977e-01
4.559333324432373047e+00
2.206444740295410156e+00
2.999926567077636719e+00
5.548590183258056641e+00
1.660763978958129883e+00
4.086541175842285156e+00
5.413632869720458984e+00
3.306601762771606445e+00
2.566181898117065430e+00
4.593006134033203125e+00
1.587733507156372070e+00
2.544168710708618164e+00
5.056890010833740234e+00
5.914797782897949219e+00
1.542031407356262207e+00
3.254730939865112305e+00
3.140149116516113281e+00
2.043969154357910156e+00
3.652778387069702148e+00
2.498969793319702148e+00
3.225801467895507812e+00
3.578692197799682617e+00
5.894060134887695312e+00
3.009503126144409180e+00
2.465234041213989258e+00
2.109408378601074219e+00
4.950222969055175781e+00
5.025112152099609375e+00
1.562186837196350098e+00
4.118050575256347656e+00
5.197838783264160156e+00
3.425596714019775391e+00
5.300779819488525391e+00
4.992751121520996094e+00
1.939630150794982910e+00
3.706782579421997070e+00
2.378889083862304688e+00
2.573848009109497070e+00
1.243762135505676270e+00
4.379838466644287109e+00
4.141613006591796875e+00
5.471308708190917969e+00
2.454566240310668945e+00
1.609806418418884277e+00
2.884533643722534180e+00
3.653673648834228516e+00
4.403895378112792969e+00
4.688201427459716797e+00
3.227603197097778320e+00
1.845979332923889160e+00
8.309137344360351562e+00
1.937878608703613281e+00
2.381801605224609375e+00
4.389933109283447266e+00
3.574450254440307617e+00
3.991766691207885742e+00
3.073843479156494141e+00
3.178505420684814453e+00
2.762732028961181641e+00
1.354318618774414062e+00
4.992419242858886719e+00
1.196420073509216309e+00
1.746033906936645508e+00
2.919327735900878906e+00
4.674115180969238281e+00
5.260770320892333984e+00
5.093277931213378906e+00
1.068508028984069824e+00
7.353151798248291016e+00
2.745372295379638672e+00
5.703263759613037109e+00
1.491314530372619629e+00
6.598730564117431641e+00
4.832091808319091797e+00
3.423890829086303711e+00
3.327359914779663086e+00
3.654642105102539062e+00
1.773651719093322754e+00
6.429077148437500000e+00
7.559964060783386230e-01
1.703151583671569824e+00
3.329622030258178711e+00
3.939456939697265625e+00
2.104155302047729492e+00
9.387087821960449219e-01
3.990512132644653320e+00
2.432633638381958008e+00
3.483000993728637695e+00
3.494555234909057617e+00
1.610028147697448730e+00
2.588979721069335938e+00
1.156322836875915527e+00
1.383538365364074707e+00
2.199025392532348633e+00
2.902442693710327148e+00
4.713534832000732422e+00
3.933746099472045898e+00
2.404393672943115234e+00
3.014536142349243164e+00
1.490989208221435547e+00
5.384438991546630859e+00
4.262621402740478516e+00
2.860936880111694336e+00
4.457408428192138672e+00
3.726233243942260742e+00
4.601131916046142578e+00
1.985135912895202637e+00
2.531101703643798828e+00
9.013895988464355469e-01
1.720445275306701660e+00
1.913041710853576660e+00
1.924175143241882324e+00
3.245593309402465820e+00
4.429423332214355469e+00
1.813850402832031250e+00
1.547003149986267090e+00
4.131457328796386719e+00
1.536562204360961914e+00
3.563180208206176758e+00
3.431319952011108398e+00
2.845340013504028320e+00
4.470761775970458984e+00
3.102826595306396484e+00
3.638699293136596680e+00
2.512914419174194336e+00
2.464976787567138672e+00
4.651548385620117188e+00
1.493554949760437012e+00
3.840629339218139648e+00
2.948371648788452148e+00
7.498397827148437500e-01
4.364123821258544922e+00
4.025501728057861328e+00
5.453433394432067871e-01
4.147370815277099609e+00
2.726146459579467773e+00
5.064317703247070312e+00
