5.341550350189208984e+00
2.542462825775146484e+00
5.763627052307128906e+00
1.948584794998168945e+00
3.806023120880126953e+00
3.084120273590087891e+00
4.962402820587158203e+00
4.900594711303710938e+00
2.045802831649780273e+00
3.797753572463989258e+00
5.240257740020751953e+00
1.597520112991333008e+00
1.256665110588073730e+00
4.723585605621337891e+00
4.006756782531738281e+00
2.176329374313354492e+00
2.619888305664062500e+00
3.593862295150756836e+00
3.155621051788330078e+00
4.397360801696777344e+00
7.531666159629821777e-01
1.821754693984985352e+00
2.614998817443847656e+00
2.958993911743164062e+00
5.175694942474365234e+00
6.182763099670410156e+00
5.267997264862060547e+00
1.749801278114318848e+00
4.420716285705566406e+00
5.352248549461364746e-01
5.416705131530761719e+00
4.993239402770996094e+00
2.128342628479003906e+00
3.643296957015991211e+00
1.793912768363952637e+00
3.661879301071166992e+00
2.757505655288696289e+00
4.074234485626220703e+00
3.390506029129028320e+00
1.402289509773254395e+00
1.159029483795166016e+00
1.860882759094238281e+00
7.783402919769287109e+00
3.375835180282592773e+00
5.673134803771972656e+00
1.392838835716247559e+00
2.921527147293090820e+00
3.670879125595092773e+00
3.322032213211059570e+00
4.356451988220214844e+00
2.510813474655151367e+00
4.900550842285156250e+00
3.919219732284545898e+00
2.357579469680786133e+00
1.377180695533752441e+00
4.113315105438232422e+00
3.448884248733520508e+00
2.219498395919799805e+00
3.841063022613525391e+00
1.744453787803649902e+00
6.326710700988769531e+00
4.092885971069335938e+00
2.458628892898559570e+00
2.789837598800659180e+00
4.941515922546386719e+00
2.470349788665771484e+00
6.886223793029785156e+00
1.166762113571166992e+00
4.100152492523193359e+00
3.908216476440429688e+00
2.970640659332275391e+00
3.504348039627075195e+00
2.658723831176757812e+00
5.289838314056396484e+00
3.699741363525390625e+00
1.999676942825317383e+00
2.248812437057495117e+00
2.751664400100708008e+00
1.832283377647399902e+00
2.080800056457519531e+00
7.586827874183654785e-01
1.723811388015747070e+00
1.672265648841857910e+00
4.181097507476806641e+00
2.712364196777343750e+00
1.320525646209716797e+00
6.672146797180175781e+00
2.529697179794311523e+00
3.151843309402465820e+00
2.919656753540039062e+00
1.814373016357421875e+00
2.140269041061401367e+00
4.608546257019042969e+00
3.180323839187622070e+00
5.388320446014404297e+00
4.992143154144287109e+00
2.375451803207397461e+00
4.421676158905029297e+00
3.792500734329223633e+00
4.407971858978271484e+00
3.076181173324584961e+00
2.986036300659179688e+00
3.091050863265991211e+00
3.753838777542114258e+00
5.822880864143371582e-01
2.641650438308715820e+00
3.104410886764526367e+00
3.128689527511596680e+00
5.391631126403808594e+00
3.829079866409301758e+00
1.678476333618164062e+00
2.616678476333618164e+00
1.994870543479919434e+00
2.577136754989624023e+00
3.207983493804931641e+00
1.153636217117309570e+00
3.264900922775268555e+00
3.845222949981689453e+00
4.924005031585693359e+00
1.105426669120788574e+00
3.797182083129882812e+00
3.047007560729980469e+00
2.833203554153442383e+00
6.946466922760009766e+00
3.112609624862670898e+00
4.171220302581787109e+00
3.046212911605834961e+00
4.370213031768798828e+00
1.814731955528259277e+00
3.556493759155273438e+00
4.792552471160888672e+00
3.765783309936523438e+00
1.104439616203308105e+00
4.565640449523925781e+00
3.867944478988647461e+00
2.685230731964111328e+00
5.998375892639160156e+00
5.208184242248535156e+00
1.772943735122680664e+00
2.289559841156005859e+00
3.000301837921142578e+00
1.921105265617370605e+00
3.242373228073120117e+00
2.753035306930541992e+00
4.357720851898193359e+00
3.337715148925781250e+00
4.511394023895263672e+00
2.931062698364257812e+00
3.547126770019531250e+00
4.551427364349365234e+00
3.611611127853393555e+00
3.992903947830200195e+00
1.712152481079101562e+00
1.091022729873657227e+00
2.076230525970458984e+00
2.363371610641479492e+00
3.388624191284179688e+00
3.301979541778564453e+00
1.392921328544616699e+00
4.254237651824951172e+00
4.041635990142822266e+00
2.200271606445312500e+00
2.589737653732299805e+00
5.727706432342529297e+00
3.722176790237426758e+00
1.938138961791992188e+00
1.094570517539978027e+00
4.972922325134277344e+00
4.934723377227783203e+00
1.994353532791137695e+00
3.815658569335937500e+00
6.669311523437500000e+00
1.747867465019226074e+00
9.046144485473632812e-01
2.760164141654968262e-01
1.681066751480102539e+00
2.798832654953002930e+00
5.453214168548583984e+00
2.289079427719116211e+00
2.470256328582763672e+00
7.828814983367919922e-01
4.475801467895507812e+00
2.027627706527709961e+00
3.891741991043090820e+00
4.603516101837158203e+00
5.856171131134033203e+00
3.334368944168090820e+00
2.945909738540649414e+00
3.102559089660644531e+00
2.668034076690673828e+00
3.907130002975463867e+00
2.666376829147338867e+00
1.934892654418945312e+00
3.008374452590942383e+00
8.660051226615905762e-01
3.458826065063476562e+00
1.552476763725280762e+00
2.856142759323120117e+00
5.964703083038330078e+00
1.809854149818420410e+00
3.246896743774414062e+00
5.919095516204833984e+00
3.609678268432617188e+00
2.951139450073242188e+00
2.241717100143432617e+00
1.516155242919921875e+00
3.735311269760131836e+00
3.416524648666381836e+00
3.120654344558715820e+00
3.619759798049926758e+00
3.533332824707031250e+00
4.244090080261230469e+00
2.181330919265747070e+00
3.226061582565307617e+00
3.274257659912109375e+00
4.757447242736816406e+00
4.483761787414550781e+00
3.566986799240112305e+00
4.641547679901123047e+00
5.804806232452392578e+00
6.966855049133300781e+00
3.566742658615112305e+00
3.669368743896484375e+00
3.135197639465332031e+00
2.238661527633666992e+00
4.305358886718750000e+00
3.835491180419921875e+00
4.611146450042724609e+00
2.554523944854736328e+00
4.896589756011962891e+00
6.919396877288818359e+00
3.343149662017822266e+00
5.569600582122802734e+00
3.251118183135986328e+00
1.948674559593200684e+00
4.493245601654052734e+00
7.715941905975341797e+00
1.548213243484497070e+00
4.240003108978271484e+00
3.361085653305053711e+00
2.965660810470581055e+00
5.692548274993896484e+00
3.589637756347656250e+00
3.947306156158447266e+00
1.799574851989746094e+00
3.589473009109497070e+00
4.287131786346435547e+00
2.810202598571777344e+00
5.033272266387939453e+00
2.216222286224365234e+00
6.178645133972167969e+00
2.461371421813964844e+00
3.000525951385498047e+00
4.967567443847656250e+00
4.006098270416259766e+00
5.117074966430664062e+00
3.042876482009887695e+00
3.355044126510620117e+00
2.525593519210815430e+00
3.327955961227416992e+00
2.638029575347900391e+00
3.850861787796020508e+00
4.506088733673095703e+00
3.821810245513916016e+00
4.542962074279785156e+00
5.927873611450195312e+00
5.327955722808837891e+00
3.606832981109619141e+00
3.711999177932739258e+00
1.024020552635192871e+00
3.925637006759643555e+00
3.411421298980712891e+00
3.638024568557739258e+00
1.584096074104309082e+00
3.519509077072143555e+00
3.088620901107788086e+00
2.803028821945190430e+00
7.252613902091979980e-01
4.802272796630859375e+00
4.188636302947998047e+00
4.177915096282958984e+00
4.265440940856933594e+00
9.193796515464782715e-01
3.984050512313842773e+00
1.422949671745300293e+00
5.591467380523681641e+00
2.719903469085693359e+00
6.067175865173339844e+00
7.637551426887512207e-01
2.941088199615478516e+00
4.237830162048339844e+00
4.984337329864501953e+00
2.563010692596435547e+00
2.995474100112915039e+00
1.720242500305175781e+00
4.601649284362792969e+00
2.362148761749267578e+00
1.951458573341369629e+00
5.788679599761962891e+00
2.707902193069458008e+00
3.817618131637573242e+00
2.670037031173706055e+00
1.580326318740844727e+00
3.122432470321655273e+00
2.900589704513549805e+00
2.745373249053955078e+00
2.392181634902954102e+00
2.257354974746704102e+00
5.048329353332519531e+00
2.823023796081542969e+00
5.879019260406494141e+00
2.143068075180053711e+00
1.445342063903808594e+00
4.496149063110351562e+00
3.907965183258056641e+00
1.770276904106140137e+00
5.027233600616455078e+00
1.452708601951599121e+00
1.431985735893249512e+00
2.571449279785156250e+00
5.645985126495361328e+00
1.427754402160644531e+00
2.037966251373291016e+00
3.815710783004760742e+00
4.229144573211669922e+00
2.853907823562622070e+00
1.024900794029235840e+00
3.712923526763916016e+00
8.088080286979675293e-01
1.198381304740905762e+00
3.226899385452270508e+00
4.465579509735107422e+00
4.418317794799804688e+00
2.887758493423461914e+00
5.113769769668579102e-01
2.422582387924194336e+00
3.752227067947387695e+00
4.747632503509521484e+00
2.951423645019531250e+00
6.813348293304443359e+00
4.770766735076904297e+00
1.377687096595764160e+00
2.116204500198364258e+00
4.487725257873535156e+00
4.472477436065673828e+00
6.893630027770996094e-01
3.876520633697509766e+00
4.124849796295166016e+00
2.281977415084838867e+00
1.394510865211486816e+00
5.065589427947998047e+00
3.522216081619262695e+00
7.417685031890869141e+00
4.862554073333740234e+00
5.352190494537353516e+00
4.308309078216552734e+00
1.083358287811279297e+00
3.954051256179809570e+00
4.436295986175537109e+00
5.746358871459960938e+00
1.133097052574157715e+00
4.174397468566894531e+00
3.166702985763549805e+00
3.970654010772705078e+00
3.952407121658325195e+00
2.008350849151611328e+00
1.979785799980163574e+00
5.106502532958984375e+00
6.835558414459228516e+00
2.238381147384643555e+00
2.811633586883544922e+00
2.216006517410278320e+00
3.160562515258789062e+00
1.011766672134399414e+00
1.710002183914184570e+00
6.677834987640380859e+00
2.326748609542846680e+00
2.484218358993530273e+00
2.377770423889160156e+00
2.679672479629516602e+00
2.214995384216308594e+00
2.683198451995849609e+00
6.260737419128417969e+00
5.059053421020507812e+00
1.805852890014648438e+00
2.339110136032104492e+00
5.613917350769042969e+00
2.860324382781982422e+00
7.528401851654052734e+00
2.925528049468994141e+00
6.962823867797851562e-01
3.001245260238647461e+00
7.385686039924621582e-01
3.033141851425170898e+00
5.599051475524902344e+00
3.034683942794799805e+00
4.997907161712646484e+00
4.988642215728759766e+00
4.932504653930664062e+00
3.460276365280151367e+00
1.814820885658264160e+00
1.707784295082092285e+00
5.352874279022216797e+00
3.674711942672729492e+00
2.019514322280883789e+00
2.276085376739501953e+00
4.165456295013427734e+00
2.035245180130004883e+00
3.184090614318847656e+00
3.903987884521484375e+00
3.668537616729736328e+00
1.214747786521911621e+00
3.106508255004882812e+00
2.967310190200805664e+00
4.714663982391357422e+00
4.685187816619873047e+00
8.137874603271484375e-01
4.379531383514404297e+00
1.473855972290039062e+00
3.053337097167968750e+00
3.724301576614379883e+00
6.114146113395690918e-01
3.370085239410400391e+00
3.995088577270507812e+00
9.988418817520141602e-01
2.506151914596557617e+00
5.879071712493896484e+00
1.355880975723266602e+00
4.286010742187500000e+00
5.013200759887695312e+00
2.906953811645507812e+00
2.114836454391479492e+00
4.863002300262451172e+00
2.829031229019165039e+00
3.023792028427124023e+00
4.809829235076904297e+00
1.925414681434631348e+00
5.331649780273437500e+00
3.099870443344116211e+00
6.329316616058349609e+00
1.137766718864440918e+00
4.678105831146240234e+00
3.525974988937377930e+00
4.653746604919433594e+00
4.565778732299804688e+00
5.981821060180664062e+00
2.290496349334716797e+00
4.957191944122314453e+00
3.062922716140747070e+00
2.112471818923950195e+00
6.952379941940307617e-01
5.891043186187744141e+00
3.539712190628051758e+00
3.769769668579101562e+00
4.063488483428955078e+00
5.409009933471679688e+00
3.546799421310424805e+00
3.688212156295776367e+00
1.840381503105163574e+00
4.801448345184326172e+00
4.415137290954589844e+00
2.184334278106689453e+00
3.927060842514038086e+00
3.378581762313842773e+00
4.880815505981445312e+00
4.521691799163818359e+00
1.631426811218261719e+00
8.618852496147155762e-01
3.237982273101806641e+00
3.475413084030151367e+00
1.691437602043151855e+00
7.721782684326171875e+00
3.458949804306030273e+00
5.055824279785156250e+00
3.074269056320190430e+00
3.235614776611328125e+00
9.342042207717895508e-01
7.235782146453857422e+00
1.489380598068237305e+00
3.317238330841064453e+00
4.430670261383056641e+00
2.392274618148803711e+00
6.090629100799560547e+00
4.049342632293701172e+00
7.060195803642272949e-01
8.976592063903808594e+00
4.544087886810302734e+00
4.135286331176757812e+00
4.348109722137451172e+00
3.234090805053710938e+00
6.323697566986083984e+00
1.684308290481567383e+00
5.120155811309814453e+00
1.325054407119750977e+00
5.956947803497314453e+00
5.044484138488769531e+00
1.741706490516662598e+00
5.068792819976806641e+00
2.867185831069946289e+00
3.456320464611053467e-01
4.004729747772216797e+00
4.807989299297332764e-01
4.378766059875488281e+00
4.775564670562744141e+00
1.652129173278808594e+00
2.314855337142944336e+00
3.517131567001342773e+00
4.012818932533264160e-01
5.045514583587646484e+00
2.634231090545654297e+00
4.010962963104248047e+00
1.704872488975524902e+00
3.786747694015502930e+00
8.553326725959777832e-01
5.786092281341552734e+00
4.586825847625732422e+00
2.884638547897338867e+00
4.512707710266113281e+00
2.456015110015869141e+00
6.499773502349853516e+00
4.651637077331542969e+00
1.731679201126098633e+00
5.940203666687011719e+00
2.899082899093627930e+00
3.778990507125854492e+00
5.025907039642333984e+00
3.626158237457275391e+00
5.212999820709228516e+00
1.624202132225036621e+00
2.749613523483276367e+00
2.401579380035400391e+00
3.094221115112304688e+00
1.038675785064697266e+00
2.961699247360229492e+00
5.357668995857238770e-01
2.484999418258666992e+00
6.267355918884277344e+00
5.370738506317138672e+00
2.805814981460571289e+00
2.598813056945800781e+00
3.117090702056884766e+00
3.377430677413940430e+00
2.358804464340209961e+00
3.563353300094604492e+00
2.068140029907226562e+00
4.386209487915039062e+00
2.655195951461791992e+00
3.524199008941650391e+00
3.707885503768920898e+00
5.664186000823974609e+00
1.428012132644653320e+00
3.989009618759155273e+00
2.256873846054077148e+00
3.751339435577392578e+00
4.337036132812500000e+00
3.083972930908203125e+00
3.731434583663940430e+00
2.920967817306518555e+00
3.943361043930053711e+00
3.741208791732788086e+00
2.020183324813842773e+00
4.682456493377685547e+00
8.351742744445800781e+00
3.355193853378295898e+00
7.894975185394287109e+00
3.128220796585083008e+00
1.307334303855895996e+00
2.505002260208129883e+00
3.496830463409423828e+00
3.077060461044311523e+00
4.680802822113037109e+00
2.027807712554931641e+00
2.571667194366455078e+00
6.396750807762145996e-01
1.169243931770324707e+00
4.549934387207031250e+00
2.295373201370239258e+00
1.046708226203918457e+00
2.226051807403564453e+00
5.579105854034423828e+00
6.811933994293212891e+00
3.026629209518432617e+00
5.254724025726318359e+00
9.469095468521118164e-01
3.587461471557617188e+00
2.201633453369140625e+00
4.967732906341552734e+00
1.644738435745239258e+00
2.191804409027099609e+00
4.513051509857177734e-01
2.070178985595703125e+00
4.793097019195556641e+00
4.180433750152587891e+00
2.136492967605590820e+00
6.300023555755615234e+00
5.330465793609619141e+00
1.735330373048782349e-01
4.269460201263427734e+00
6.121266841888427734e+00
2.001053571701049805e+00
2.773063182830810547e+00
4.065310955047607422e+00
6.257588386535644531e+00
2.541451215744018555e+00
2.651563644409179688e+00
1.793778061866760254e+00
3.572822570800781250e+00
5.063832759857177734e+00
6.047086119651794434e-01
2.993072986602783203e+00
5.798129439353942871e-01
2.535091638565063477e+00
2.977216243743896484e+00
3.597844362258911133e+00
3.010451078414916992e+00
2.610991477966308594e+00
4.622733116149902344e+00
1.443146944046020508e+00
5.793742656707763672e+00
5.144956588745117188e+00
3.362185001373291016e+00
2.774188995361328125e+00
2.334209203720092773e+00
2.566429853439331055e+00
5.389572143554687500e+00
4.820159912109375000e+00
5.883877754211425781e+00
3.778546094894409180e+00
4.159179210662841797e+00
9.959308505058288574e-01
3.386266708374023438e+00
9.652895927429199219e+00
3.269030809402465820e+00
4.873058319091796875e+00
4.144114971160888672e+00
4.069173336029052734e+00
4.497178554534912109e+00
5.647525787353515625e+00
2.689197063446044922e+00
5.783318519592285156e+00
2.675400257110595703e+00
6.376784801483154297e+00
1.907105803489685059e+00
2.222700834274291992e+00
1.256134986877441406e+00
3.252037763595581055e+00
4.829223155975341797e+00
4.768093109130859375e+00
2.274583101272583008e+00
1.216185688972473145e+00
3.791811704635620117e+00
1.759685397148132324e+00
5.106621742248535156e+00
1.389711499214172363e+00
2.105503082275390625e+00
2.229523420333862305e+00
1.793359994888305664e+00
2.393463850021362305e+00
4.338714122772216797e+00
3.731472492218017578e+00
3.265254259109497070e+00
6.565131664276123047e+00
3.801511764526367188e+00
4.459278106689453125e+00
2.018891572952270508e+00
1.062877416610717773e+00
2.067140579223632812e+00
2.241836309432983398e+00
2.615439176559448242e+00
1.844414114952087402e+00
5.701626777648925781e+00
2.688485145568847656e+00
2.837449312210083008e+00
4.339387416839599609e+00
2.391796827316284180e+00
4.009276390075683594e+00
3.741613388061523438e+00
4.036294460296630859e+00
4.399896144866943359e+00
3.843014955520629883e+00
5.203787803649902344e+00
2.852563619613647461e+00
1.156638979911804199e+00
2.762507915496826172e+00
3.879673719406127930e+00
2.277179002761840820e+00
6.773321628570556641e+00
5.198360443115234375e+00
3.885865449905395508e+00
2.136735439300537109e+00
3.277999639511108398e+00
3.616710424423217773e+00
4.784735202789306641e+00
6.086738109588623047e+00
1.393335700035095215e+00
3.954989671707153320e+00
3.928244829177856445e+00
6.359145641326904297e+00
5.898134708404541016e+00
1.535212159156799316e+00
3.217402696609497070e+00
4.341881752014160156e+00
4.727365016937255859e+00
1.694087386131286621e+00
3.306744813919067383e+00
3.393798112869262695e+00
7.415116786956787109e+00
3.621215820312500000e+00
4.684534072875976562e+00
5.352157115936279297e+00
5.559591650962829590e-01
5.789038658142089844e+00
6.031472206115722656e+00
2.691111803054809570e+00
2.119686365127563477e+00
3.693842411041259766e+00
2.216092109680175781e+00
4.494746685028076172e+00
3.005585432052612305e+00
3.392847776412963867e+00
4.050582885742187500e+00
6.066096782684326172e+00
2.095725774765014648e+00
1.027527332305908203e+00
3.321650028228759766e+00
4.479829788208007812e+00
7.624890804290771484e-01
1.278357863426208496e+00
2.662971258163452148e+00
4.394201278686523438e+00
4.920361518859863281e+00
2.649356842041015625e+00
5.083610057830810547e+00
4.304527282714843750e+00
3.547827482223510742e+00
3.940305709838867188e-01
5.964060783386230469e+00
2.314848661422729492e+00
2.946891069412231445e+00
4.795367717742919922e+00
2.595045804977416992e+00
3.889953613281250000e+00
4.273138046264648438e+00
3.736720323562622070e+00
3.047342300415039062e+00
4.544870376586914062e+00
3.056515932083129883e+00
4.027715206146240234e+00
4.430849075317382812e+00
1.381178498268127441e+00
1.729728937149047852e+00
1.123766422271728516e+00
4.221168041229248047e+00
3.095435380935668945e+00
4.451649665832519531e+00
3.228369474411010742e+00
6.079318523406982422e+00
2.993739128112792969e+00
3.536626577377319336e+00
3.937413930892944336e+00
1.038489103317260742e+00
1.304133415222167969e+00
5.126826286315917969e+00
2.645654439926147461e+00
2.544117689132690430e+00
4.086637496948242188e+00
4.795504093170166016e+00
1.596422672271728516e+00
6.011797428131103516e+00
3.471718311309814453e+00
2.613790273666381836e+00
1.555450439453125000e+00
3.094343900680541992e+00
3.479803800582885742e+00
1.322550177574157715e+00
2.692298650741577148e+00
3.164845228195190430e+00
1.957672357559204102e+00
3.383448123931884766e+00
2.126585960388183594e+00
1.927383303642272949e+00
5.391835689544677734e+00
9.119331240653991699e-01
2.529757022857666016e+00
2.648800611495971680e+00
2.645066022872924805e+00
3.947640657424926758e+00
2.961718082427978516e+00
5.047508716583251953e+00
6.554601192474365234e+00
6.975001692771911621e-01
4.321727752685546875e+00
4.707089900970458984e+00
4.747180461883544922e+00
6.387139320373535156e+00
3.723325490951538086e+00
2.395907402038574219e+00
4.040802478790283203e+00
2.287708044052124023e+00
5.166460037231445312e+00
2.502069234848022461e+00
3.062733411788940430e+00
3.204692840576171875e+00
3.204628705978393555e+00
2.389201879501342773e+00
3.408207416534423828e+00
4.445790767669677734e+00
3.467531681060791016e+00
2.247360944747924805e+00
5.701236724853515625e+00
1.857314467430114746e+00
1.972699761390686035e+00
2.137725830078125000e+00
1.559984564781188965e+00
1.776387810707092285e+00
2.928415060043334961e+00
2.087590932846069336e+00
5.299014091491699219e+00
3.585785388946533203e+00
2.909579753875732422e+00
1.669681906700134277e+00
6.315906047821044922e+00
2.971400022506713867e+00
4.451837539672851562e+00
5.301977634429931641e+00
2.366830587387084961e+00
3.864047765731811523e+00
4.179426670074462891e+00
2.919548034667968750e+00
3.779227495193481445e+00
6.929645061492919922e+00
2.275272846221923828e+00
4.921426773071289062e+00
1.932347536087036133e+00
3.554807424545288086e+00
2.758510351181030273e+00
5.597001552581787109e+00
2.693503618240356445e+00
1.613693237304687500e+00
2.897245645523071289e+00
2.425597667694091797e+00
5.675494670867919922e+00
1.804413080215454102e+00
4.161324977874755859e+00
6.633967876434326172e+00
3.456322908401489258e+00
5.593090534210205078e+00
5.763512849807739258e-01
2.638722181320190430e+00
4.594647884368896484e+00
4.237187862396240234e+00
6.511186122894287109e+00
2.989647626876831055e+00
4.711288928985595703e+00
2.345389604568481445e+00
2.188229799270629883e+00
2.338432073593139648e+00
2.648145198822021484e+00
3.843911409378051758e+00
1.533542990684509277e+00
3.732255935668945312e+00
4.157357215881347656e+00
3.477323293685913086e+00
3.964691877365112305e+00
5.544415473937988281e+00
2.532928228378295898e+00
4.674719810485839844e+00
2.210912466049194336e+00
4.097819805145263672e+00
4.416207313537597656e+00
5.256474018096923828e+00
4.215980052947998047e+00
3.794171571731567383e+00
4.217725753784179688e+00
1.890885233879089355e+00
5.652950286865234375e+00
4.365980625152587891e+00
3.035058975219726562e+00
5.219785213470458984e+00
6.658241271972656250e+00
3.243082046508789062e+00
1.143271565437316895e+00
4.509879589080810547e+00
3.342283010482788086e+00
3.264261007308959961e+00
4.498220920562744141e+00
2.330603837966918945e+00
1.580797553062438965e+00
4.803480625152587891e+00
5.923661708831787109e+00
3.546849489212036133e+00
1.311018228530883789e+00
3.415372133255004883e+00
5.722268581390380859e+00
2.567951679229736328e+00
4.141383647918701172e+00
2.683679342269897461e+00
2.386415243148803711e+00
2.095877170562744141e+00
1.880817651748657227e+00
2.905306100845336914e+00
3.143699645996093750e+00
6.121574401855468750e+00
3.758979558944702148e+00
3.992206335067749023e+00
2.072764635086059570e+00
2.184740304946899414e+00
7.017214298248291016e+00
2.863678216934204102e+00
4.813854217529296875e+00
6.047513008117675781e+00
3.797882080078125000e+00
3.822956085205078125e+00
2.261894941329956055e+00
1.998978257179260254e+00
3.778519153594970703e+00
2.043921232223510742e+00
5.156778335571289062e+00
2.943938493728637695e+00
1.595529198646545410e+00
2.461363315582275391e+00
1.636299133300781250e+00
2.714867830276489258e+00
2.100838422775268555e+00
4.848992824554443359e+00
3.402333498001098633e+00
1.718492507934570312e+00
9.515275955200195312e-01
4.021269321441650391e+00
5.773404121398925781e+00
3.319723606109619141e+00
3.280379533767700195e+00
3.772649765014648438e+00
7.785531520843505859e+00
4.775753498077392578e+00
4.257431507110595703e+00
4.730294704437255859e+00
2.768620491027832031e+00
6.936717987060546875e+00
4.668681621551513672e+00
2.403267860412597656e+00
2.939215898513793945e+00
3.197450637817382812e+00
2.097124814987182617e+00
2.859126329421997070e+00
3.914787292480468750e+00
1.853441476821899414e+00
1.044393181800842285e+00
4.082357883453369141e+00
1.946962237358093262e+00
2.454376459121704102e+00
6.231059551239013672e+00
4.369095325469970703e+00
4.728228092193603516e+00
3.020582199096679688e+00
2.814876556396484375e+00
2.387224912643432617e+00
2.961834669113159180e+00
3.163263082504272461e+00
4.765336513519287109e+00
1.434067368507385254e+00
3.755922079086303711e+00
1.981332659721374512e+00
1.748041749000549316e+00
3.368041753768920898e+00
4.077355384826660156e+00
1.284409403800964355e+00
9.097759127616882324e-01
3.805621385574340820e+00
3.756774187088012695e+00
4.645827770233154297e+00
3.160394430160522461e+00
2.886544704437255859e+00
2.863830327987670898e+00
1.333282709121704102e+00
2.318941831588745117e+00
3.831458330154418945e+00
5.435398101806640625e+00
4.533078670501708984e+00
2.308820962905883789e+00
5.165773391723632812e+00
1.349203944206237793e+00
4.209019184112548828e+00
4.178258419036865234e+00
2.251687288284301758e+00
1.258591175079345703e+00
3.508684873580932617e+00
3.298599720001220703e+00
5.206554889678955078e+00
2.369347810745239258e+00
5.596200466156005859e+00
4.401558876037597656e+00
4.871644496917724609e+00
3.289274215698242188e+00
5.617968559265136719e+00
1.388549208641052246e+00
5.129860877990722656e+00
6.449846029281616211e-01
1.365434885025024414e+00
5.936538219451904297e+00
