6.102472782135009766e+00
3.794458389282226562e+00
2.504417896270751953e+00
3.539559602737426758e+00
8.478471636772155762e-01
4.505929470062255859e+00
2.627758026123046875e+00
5.735670566558837891e+00
5.444670677185058594e+00
3.041340589523315430e+00
5.269701004028320312e+00
2.654357433319091797e+00
2.306252241134643555e+00
1.262778282165527344e+00
2.239731788635253906e+00
4.768652915954589844e+00
3.095501661300659180e+00
1.693547606468200684e+00
1.973472595214843750e+00
6.059613227844238281e+00
2.748799085617065430e+00
2.172490358352661133e+00
1.785247802734375000e+00
2.356504678726196289e+00
3.977300405502319336e+00
1.836283087730407715e+00
2.420050382614135742e+00
4.806608200073242188e+00
2.729998588562011719e+00
2.395325422286987305e+00
3.727427721023559570e+00
4.277906894683837891e+00
4.215492248535156250e+00
2.940476417541503906e+00
3.666737079620361328e+00
4.816021919250488281e+00
5.615117549896240234e+00
4.971074581146240234e+00
1.291023254394531250e+00
1.952334403991699219e+00
1.704853057861328125e+00
1.706117987632751465e+00
5.884350299835205078e+00
3.990602970123291016e+00
3.201728820800781250e+00
3.739220380783081055e+00
1.277659893035888672e+00
3.016751289367675781e+00
8.191310763359069824e-01
4.039091587066650391e+00
5.402652263641357422e+00
4.510966777801513672e+00
4.763009071350097656e+00
3.958737611770629883e+00
9.721342325210571289e-01
3.670336961746215820e+00
6.827194213867187500e+00
2.911154508590698242e+00
5.551037311553955078e+00
2.125169277191162109e+00
6.412995338439941406e+00
3.376939535140991211e+00
3.087925672531127930e+00
1.780999779701232910e+00
3.585657596588134766e+00
1.971924781799316406e+00
3.110780239105224609e+00
2.411969900131225586e+00
3.463125944137573242e+00
1.315191864967346191e+00
5.334931850433349609e+00
1.108610987663269043e+00
1.241539835929870605e+00
1.672718405723571777e+00
2.720062971115112305e+00
4.570679664611816406e+00
2.565275192260742188e+00
4.960080623626708984e+00
2.806893110275268555e+00
3.774078369140625000e+00
3.723940610885620117e+00
3.030747890472412109e+00
5.417870521545410156e+00
8.440371513366699219e+00
5.141119480133056641e+00
2.472193479537963867e+00
6.395107269287109375e+00
2.893909215927124023e+00
2.223307371139526367e+00
1.058758378028869629e+00
2.733942031860351562e+00
1.606715202331542969e+00
2.885856151580810547e+00
4.881326198577880859e+00
3.484225034713745117e+00
4.358365535736083984e+00
4.601653575897216797e+00
1.636986017227172852e+00
4.684083461761474609e+00
3.517729997634887695e+00
2.473324775695800781e+00
3.052919626235961914e+00
2.793039321899414062e+00
2.612206697463989258e+00
3.271546125411987305e+00
4.404107570648193359e+00
6.160429954528808594e+00
2.242914199829101562e+00
4.346435070037841797e+00
6.247317790985107422e+00
3.790361166000366211e+00
3.871714353561401367e+00
4.995289802551269531e+00
6.110808849334716797e-01
2.435402631759643555e+00
2.480871438980102539e+00
2.648066282272338867e+00
3.568129301071166992e+00
4.116045951843261719e+00
2.604766607284545898e+00
1.279747962951660156e+00
3.756598234176635742e+00
5.699744701385498047e+00
5.414240837097167969e+00
5.334253311157226562e+00
5.090676784515380859e+00
3.608803272247314453e+00
4.443226337432861328e+00
3.373038053512573242e+00
4.528927326202392578e+00
7.573611736297607422e+00
3.986821889877319336e+00
5.088665008544921875e+00
4.372760295867919922e+00
2.597346305847167969e+00
3.672203779220581055e+00
2.850240707397460938e+00
3.875865697860717773e+00
3.095994710922241211e+00
4.268485546112060547e+00
3.546450853347778320e+00
4.505403518676757812e+00
3.105228185653686523e+00
4.371011257171630859e+00
1.568179726600646973e+00
2.934329271316528320e+00
1.515774965286254883e+00
2.721170186996459961e+00
4.766069889068603516e+00
4.306568622589111328e+00
5.251524925231933594e+00
4.740270614624023438e+00
5.552017211914062500e+00
2.887183904647827148e+00
6.063333034515380859e+00
4.657249927520751953e+00
2.654322147369384766e+00
1.443939328193664551e+00
4.381848812103271484e+00
2.131772756576538086e+00
2.726237297058105469e+00
5.758109569549560547e+00
4.241599082946777344e+00
1.855471849441528320e+00
1.324164390563964844e+00
3.413372039794921875e+00
1.228463411331176758e+00
3.849491596221923828e+00
4.210155963897705078e+00
5.401500225067138672e+00
3.224911212921142578e+00
1.308187365531921387e+00
3.718032598495483398e+00
4.407437801361083984e+00
4.562829017639160156e+00
4.859775066375732422e+00
3.324670553207397461e+00
1.845834016799926758e+00
2.448937177658081055e+00
4.046472549438476562e+00
3.697564840316772461e+00
3.741074323654174805e+00
7.236130714416503906e+00
3.791893482208251953e+00
6.329755187034606934e-01
6.277219772338867188e+00
1.922666430473327637e+00
3.153995990753173828e+00
1.322129011154174805e+00
1.793160080909729004e+00
3.469354391098022461e+00
2.551249027252197266e+00
2.699426889419555664e+00
5.029789924621582031e+00
4.939521312713623047e+00
4.808244705200195312e+00
1.194549441337585449e+00
3.479164838790893555e+00
3.353783130645751953e+00
4.444136619567871094e+00
3.405694723129272461e+00
4.404490947723388672e+00
2.226772785186767578e+00
1.694045662879943848e+00
3.691793203353881836e+00
3.691044569015502930e+00
2.458274126052856445e+00
2.331832408905029297e+00
3.295413255691528320e+00
6.368574500083923340e-01
4.416722297668457031e+00
2.292648315429687500e+00
2.835638284683227539e+00
1.082962274551391602e+00
1.463738322257995605e+00
2.415222167968750000e+00
4.215597152709960938e+00
3.696026325225830078e+00
2.019057512283325195e+00
6.843121647834777832e-01
3.333472013473510742e+00
5.680287837982177734e+00
2.420346736907958984e+00
3.839289903640747070e+00
1.567963957786560059e+00
5.316647052764892578e+00
3.961479187011718750e+00
3.465500354766845703e+00
5.152456760406494141e+00
5.458146572113037109e+00
2.965972423553466797e+00
1.638204306364059448e-01
3.271038055419921875e+00
5.101755619049072266e+00
5.471014976501464844e+00
3.233021497726440430e+00
3.598436355590820312e+00
4.215389728546142578e+00
4.768094539642333984e+00
5.146985530853271484e+00
3.280379533767700195e+00
4.068408012390136719e+00
1.116174221038818359e+00
5.088361740112304688e+00
3.357689619064331055e+00
5.126609325408935547e+00
2.632640600204467773e+00
6.005456447601318359e+00
3.174534559249877930e+00
7.685340642929077148e-01
4.239070892333984375e+00
3.386738538742065430e+00
1.651718139648437500e+00
3.613964557647705078e+00
3.258829832077026367e+00
2.029124021530151367e+00
2.844245433807373047e+00
3.525049924850463867e+00
7.827743887901306152e-01
5.560326576232910156e+00
2.460878372192382812e+00
3.675682544708251953e+00
1.799171447753906250e+00
4.977355480194091797e+00
2.090804576873779297e+00
8.204368591308593750e+00
3.578294038772583008e+00
3.566533803939819336e+00
2.609725952148437500e+00
2.772490978240966797e+00
6.057541370391845703e-01
2.872176885604858398e+00
3.158335447311401367e+00
5.982333183288574219e+00
4.828332424163818359e+00
2.911549329757690430e+00
4.991999149322509766e+00
2.467893362045288086e+00
4.664742946624755859e+00
2.667434692382812500e+00
2.941106796264648438e+00
2.225188493728637695e+00
1.983758926391601562e+00
2.461032629013061523e+00
4.024067878723144531e+00
2.859050512313842773e+00
5.225852489471435547e+00
3.256990194320678711e+00
1.243064761161804199e+00
2.976079702377319336e+00
2.839314699172973633e+00
3.865348815917968750e+00
5.418376445770263672e+00
7.250481605529785156e+00
3.195758581161499023e+00
3.287710666656494141e+00
2.699905157089233398e+00
7.251430511474609375e+00
1.316105842590332031e+00
2.862250566482543945e+00
8.595334887504577637e-01
5.295451641082763672e+00
5.333573818206787109e+00
3.022766828536987305e+00
5.711225509643554688e+00
8.155116438865661621e-01
2.215701341629028320e+00
1.913777947425842285e+00
5.014605998992919922e+00
5.614220619201660156e+00
3.907417058944702148e+00
4.947971820831298828e+00
1.224762201309204102e+00
1.555891156196594238e+00
5.711462020874023438e+00
2.140444040298461914e+00
2.426837682723999023e+00
1.987845063209533691e+00
5.053962230682373047e+00
3.539093017578125000e+00
4.844498634338378906e+00
3.020480632781982422e+00
3.320046186447143555e+00
1.560352206230163574e+00
2.758563756942749023e+00
6.132540225982666016e+00
3.015785694122314453e+00
2.538403272628784180e+00
2.640796422958374023e+00
5.066834926605224609e+00
4.225274562835693359e+00
3.314550876617431641e+00
2.547692060470581055e+00
2.860709190368652344e+00
3.120508909225463867e+00
1.105239748954772949e+00
1.371478319168090820e+00
4.902513027191162109e+00
1.574395298957824707e+00
2.451944828033447266e+00
4.471818447113037109e+00
2.421173095703125000e+00
1.600479364395141602e+00
9.043884277343750000e-01
7.510055065155029297e+00
1.764354348182678223e+00
1.965803146362304688e+00
1.523962259292602539e+00
4.491240978240966797e-01
4.164237022399902344e+00
4.566716670989990234e+00
8.944344520568847656e+00
4.842957019805908203e+00
1.871597290039062500e+00
1.290375590324401855e+00
2.434280872344970703e+00
3.174088954925537109e+00
3.601674795150756836e+00
4.559112548828125000e+00
4.635723590850830078e+00
4.851844310760498047e+00
3.266075134277343750e+00
3.919785022735595703e+00
3.465176105499267578e+00
3.924829483032226562e+00
4.757814407348632812e+00
5.032061576843261719e+00
2.901187658309936523e+00
4.788363456726074219e+00
5.765069484710693359e+00
8.345994949340820312e-01
4.556729793548583984e+00
4.337648868560791016e+00
9.068741202354431152e-01
2.325332403182983398e+00
3.493267059326171875e+00
4.270960807800292969e+00
3.450761795043945312e+00
5.360616683959960938e+00
4.258653163909912109e+00
1.260594129562377930e+00
3.875022172927856445e+00
5.937913894653320312e+00
4.245252609252929688e+00
2.472217798233032227e+00
6.109033107757568359e+00
2.391052484512329102e+00
8.494421839714050293e-01
2.547882795333862305e+00
2.894425868988037109e+00
3.792746782302856445e+00
4.708390235900878906e+00
2.506025075912475586e+00
3.844858169555664062e+00
4.913208961486816406e+00
2.646629095077514648e+00
5.940814971923828125e+00
6.673697829246520996e-01
4.091256618499755859e+00
2.862894296646118164e+00
4.686819076538085938e+00
2.839608907699584961e+00
4.780165672302246094e+00
3.133421659469604492e+00
4.470305442810058594e+00
2.691566467285156250e+00
3.838575124740600586e+00
3.977351427078247070e+00
1.012352466583251953e+00
2.908932447433471680e+00
2.929151058197021484e+00
1.920371651649475098e+00
4.125065326690673828e+00
5.050538063049316406e+00
2.609185457229614258e+00
3.655348300933837891e+00
2.652378559112548828e+00
1.811945915222167969e+00
8.170795440673828125e-01
2.994534254074096680e+00
3.314383268356323242e+00
2.798825979232788086e+00
4.176486492156982422e+00
1.157341957092285156e+00
5.489024639129638672e+00
1.153746604919433594e+00
2.988935232162475586e+00
2.395536899566650391e+00
4.770396232604980469e+00
6.927565932273864746e-01
4.299237728118896484e+00
1.289202094078063965e+00
5.390359759330749512e-01
3.515828371047973633e+00
3.589863300323486328e+00
4.134498119354248047e+00
3.364531040191650391e+00
4.192790985107421875e+00
4.193789482116699219e+00
1.455592751502990723e+00
2.690917015075683594e+00
2.031650066375732422e+00
3.625136613845825195e+00
2.457556009292602539e+00
1.371205449104309082e+00
2.625288963317871094e+00
4.118590831756591797e+00
4.002198696136474609e+00
2.952030658721923828e+00
5.402374744415283203e+00
3.556856632232666016e+00
1.550373077392578125e+00
4.679452419281005859e+00
3.643072605133056641e+00
5.302408218383789062e+00
7.751303195953369141e+00
4.286592483520507812e+00
3.719087362289428711e+00
2.623157262802124023e+00
4.307596683502197266e+00
4.037694454193115234e+00
9.999377131462097168e-01
3.596505880355834961e+00
1.230403900146484375e+00
2.962498903274536133e+00
1.173687338829040527e+00
9.001287817955017090e-01
2.059475660324096680e+00
4.354346752166748047e+00
1.836818099021911621e+00
2.572015047073364258e+00
3.582438707351684570e+00
5.925122737884521484e+00
3.100177526473999023e+00
2.652300596237182617e+00
6.090534687042236328e+00
4.166882991790771484e+00
6.762938976287841797e+00
7.299470305442810059e-01
5.282222270965576172e+00
1.730768203735351562e+00
3.632945775985717773e+00
6.153533935546875000e+00
3.583840131759643555e+00
4.363541603088378906e+00
2.559768199920654297e+00
1.415126085281372070e+00
4.018411159515380859e+00
1.971894621849060059e+00
6.638984203338623047e+00
3.010763883590698242e+00
2.882133007049560547e+00
2.727972745895385742e+00
1.536970019340515137e+00
3.846300125122070312e+00
2.786087512969970703e+00
6.174429416656494141e+00
1.648264169692993164e+00
5.143267154693603516e+00
2.870083093643188477e+00
6.017805099487304688e+00
2.201749563217163086e+00
2.858391284942626953e+00
4.264363288879394531e+00
2.364620208740234375e+00
3.852705717086791992e+00
6.753708124160766602e-01
2.148728132247924805e+00
2.857944726943969727e+00
5.585288047790527344e+00
3.347589969635009766e+00
2.170474529266357422e+00
1.492545247077941895e+00
4.823297023773193359e+00
2.162638425827026367e+00
3.761761426925659180e+00
6.763004064559936523e-01
2.407166242599487305e+00
5.787091732025146484e+00
1.297358870506286621e+00
4.947534084320068359e+00
2.837389230728149414e+00
5.276439666748046875e+00
2.669714450836181641e+00
6.184027194976806641e-01
3.025894641876220703e+00
7.684457302093505859e+00
4.045981884002685547e+00
2.699151039123535156e+00
7.112511396408081055e-01
2.090609073638916016e+00
1.963433861732482910e+00
3.159688711166381836e+00
5.974340915679931641e+00
5.102616786956787109e+00
3.769240617752075195e+00
4.407289505004882812e+00
3.152437925338745117e+00
2.952678442001342773e+00
2.901296377182006836e+00
2.984814643859863281e+00
4.885135173797607422e+00
1.520307421684265137e+00
2.260265350341796875e+00
1.464665174484252930e+00
4.198903560638427734e+00
5.694270610809326172e+00
1.495423793792724609e+00
2.799858808517456055e+00
1.634829401969909668e+00
6.217683315277099609e+00
2.268298864364624023e+00
1.657425880432128906e+00
4.987248897552490234e+00
1.021012544631958008e+00
4.457308769226074219e+00
7.469297051429748535e-01
2.745950460433959961e+00
4.692447185516357422e+00
1.473183989524841309e+00
4.369085311889648438e+00
3.065871477127075195e+00
3.421843051910400391e+00
2.986087322235107422e+00
5.490766048431396484e+00
3.579312562942504883e+00
2.647669553756713867e+00
1.770808815956115723e+00
5.076632022857666016e+00
5.330160617828369141e+00
1.612774252891540527e+00
2.505104064941406250e+00
3.296160936355590820e+00
4.113366603851318359e+00
3.551235675811767578e+00
1.507311224937438965e+00
3.098569869995117188e+00
5.799385070800781250e+00
4.081341266632080078e+00
1.067027091979980469e+00
2.695678472518920898e+00
2.156597614288330078e+00
1.932112574577331543e+00
2.413119077682495117e+00
3.083415746688842773e+00
2.465479373931884766e+00
5.950347423553466797e+00
3.026849508285522461e+00
3.821900606155395508e+00
7.707824707031250000e+00
2.396920919418334961e+00
5.813476562500000000e+00
2.184571504592895508e+00
1.567787081003189087e-01
5.263181686401367188e+00
1.714851737022399902e+00
9.017046093940734863e-01
6.767199993133544922e+00
1.853669762611389160e+00
4.469619750976562500e+00
9.415584564208984375e+00
3.740459918975830078e+00
4.308746337890625000e+00
6.797299861907958984e+00
2.995936393737792969e+00
8.614403605461120605e-01
9.149431586265563965e-01
1.963184595108032227e+00
9.566165804862976074e-01
3.407218217849731445e+00
5.143736839294433594e+00
5.425776958465576172e+00
9.502167105674743652e-01
3.946139574050903320e+00
3.114456892013549805e+00
3.542508363723754883e+00
3.998175859451293945e+00
2.880151987075805664e+00
9.088221788406372070e-01
2.482341527938842773e+00
1.337801218032836914e+00
2.036957502365112305e+00
3.222130537033081055e+00
2.357607603073120117e+00
2.261231184005737305e+00
5.525220870971679688e+00
4.249162197113037109e+00
2.678953409194946289e+00
2.793785810470581055e+00
1.967782020568847656e+00
1.337955713272094727e+00
1.601274728775024414e+00
2.644700527191162109e+00
3.030741453170776367e+00
4.161472797393798828e+00
4.102718353271484375e+00
3.948962450027465820e+00
1.280720710754394531e+00
5.705728530883789062e+00
2.424736738204956055e+00
5.357468605041503906e+00
4.272870540618896484e+00
2.317677259445190430e+00
3.035002708435058594e+00
3.142628431320190430e+00
1.542126536369323730e+00
1.707801818847656250e+00
2.506655216217041016e+00
1.644218444824218750e+00
2.992417573928833008e+00
4.879003047943115234e+00
6.959369659423828125e+00
2.973573446273803711e+00
4.217282772064208984e+00
7.303955554962158203e-01
2.140588521957397461e+00
1.494623422622680664e+00
5.162330150604248047e+00
4.680833339691162109e+00
5.118324756622314453e+00
7.519115805625915527e-01
3.764847993850708008e+00
2.598600864410400391e+00
4.536360740661621094e+00
1.940233111381530762e+00
4.079293251037597656e+00
3.957836151123046875e+00
4.596703052520751953e+00
5.559492588043212891e+00
1.371745944023132324e+00
5.670441150665283203e+00
3.039345026016235352e+00
1.070064306259155273e+00
5.931519508361816406e+00
4.610958099365234375e+00
6.223577976226806641e+00
4.099774837493896484e+00
3.907011747360229492e+00
2.287771463394165039e+00
3.496988773345947266e+00
1.321386337280273438e+00
1.641183257102966309e+00
1.885091185569763184e+00
3.008933782577514648e+00
4.168388366699218750e+00
3.083550930023193359e+00
5.665953636169433594e+00
3.704219579696655273e+00
2.568379878997802734e+00
3.294158935546875000e+00
2.660876035690307617e+00
6.911422252655029297e+00
6.928724646568298340e-01
5.841639518737792969e+00
5.016324520111083984e+00
3.921623229980468750e+00
2.537440538406372070e+00
3.607898473739624023e+00
2.002258062362670898e+00
2.932903051376342773e+00
3.821813583374023438e+00
5.059024810791015625e+00
3.092754125595092773e+00
9.084708094596862793e-01
6.622485637664794922e+00
3.611557722091674805e+00
1.175901055335998535e+00
1.300642728805541992e+00
6.122170448303222656e+00
8.513848185539245605e-01
1.329491138458251953e+00
3.024538040161132812e+00
4.845341682434082031e+00
1.535844206809997559e+00
4.111835956573486328e+00
3.239744186401367188e+00
3.159171819686889648e+00
7.882917523384094238e-01
2.153832435607910156e+00
8.234204649925231934e-01
3.503147602081298828e+00
2.571583271026611328e+00
3.212682008743286133e+00
1.222926378250122070e+00
3.555898427963256836e+00
3.486082553863525391e+00
5.741478919982910156e+00
5.793631076812744141e+00
2.643263578414916992e+00
2.770118236541748047e+00
2.335912227630615234e+00
4.886047363281250000e+00
3.056545019149780273e+00
4.670399188995361328e+00
1.830693125724792480e+00
7.175435066223144531e+00
6.025895118713378906e+00
5.069286346435546875e+00
5.589150428771972656e+00
2.007444620132446289e+00
2.461977005004882812e+00
6.160214900970458984e+00
8.438743948936462402e-01
4.677218437194824219e+00
1.998272538185119629e+00
4.761457443237304688e-01
2.363025426864624023e+00
3.129000425338745117e+00
3.408117294311523438e+00
1.586862444877624512e+00
3.070477008819580078e+00
2.195976734161376953e+00
3.841569185256958008e+00
1.884962081909179688e+00
3.939564466476440430e+00
4.311933040618896484e+00
2.609009265899658203e+00
1.374731063842773438e+00
5.008460521697998047e+00
2.234130144119262695e+00
1.791204452514648438e+00
5.957917690277099609e+00
3.419879198074340820e+00
4.526120185852050781e+00
2.921762943267822266e+00
4.483072280883789062e+00
2.412567377090454102e+00
1.282335519790649414e+00
3.541691303253173828e+00
2.125979423522949219e+00
1.726792216300964355e+00
2.129039049148559570e+00
2.283353567123413086e+00
3.082128524780273438e+00
7.198814749717712402e-01
3.989507436752319336e+00
2.274904727935791016e+00
2.659018039703369141e+00
5.135151863098144531e+00
5.953415870666503906e+00
1.951204538345336914e+00
1.881121635437011719e+00
3.067229986190795898e+00
6.421480655670166016e+00
2.073939800262451172e+00
6.585102081298828125e+00
5.114008426666259766e+00
3.301685333251953125e+00
2.640818834304809570e+00
2.906104803085327148e+00
2.720598459243774414e+00
1.679809451103210449e+00
4.020323753356933594e+00
2.861048221588134766e+00
3.174540281295776367e+00
4.217106342315673828e+00
1.959898233413696289e+00
3.026150465011596680e+00
6.210942745208740234e+00
3.470616579055786133e+00
5.705355405807495117e-01
4.345221042633056641e+00
4.450422763824462891e+00
2.965907335281372070e+00
6.307862401008605957e-01
6.024560928344726562e+00
6.304911136627197266e+00
3.373539686203002930e+00
3.133321046829223633e+00
1.995620369911193848e+00
6.020081520080566406e+00
9.350655674934387207e-01
2.361088037490844727e+00
4.414128303527832031e+00
1.861951470375061035e+00
4.956754684448242188e+00
1.839839577674865723e+00
2.776607751846313477e+00
4.176980018615722656e+00
3.066107749938964844e+00
6.608962535858154297e+00
3.892175674438476562e+00
3.432646274566650391e+00
2.121025562286376953e+00
4.863632202148437500e+00
9.494760513305664062e+00
8.301693201065063477e-01
3.410926580429077148e+00
1.669095277786254883e+00
5.052502155303955078e+00
4.479005813598632812e+00
3.467023611068725586e+00
3.891274690628051758e+00
3.713136672973632812e+00
4.697024822235107422e+00
3.742982625961303711e+00
1.186316490173339844e+00
3.505728960037231445e+00
5.995587825775146484e+00
2.923826217651367188e+00
1.927151918411254883e+00
2.943477153778076172e+00
1.983868479728698730e+00
2.211052894592285156e+00
7.663134098052978516e+00
4.113534450531005859e+00
6.265211105346679688e-01
4.932456016540527344e+00
1.026399374008178711e+00
2.052568435668945312e+00
3.051250457763671875e+00
3.370535373687744141e+00
2.062954187393188477e+00
8.377628326416015625e-01
3.106156587600708008e+00
5.889223098754882812e+00
5.483534336090087891e+00
7.819771766662597656e+00
9.578366279602050781e-01
6.863265991210937500e+00
4.214781761169433594e+00
5.010392189025878906e+00
2.350620746612548828e+00
1.291386485099792480e+00
5.301062107086181641e+00
2.729147911071777344e+00
3.798441648483276367e+00
7.874902248382568359e+00
5.948229789733886719e+00
4.604998111724853516e+00
4.611138820648193359e+00
1.208660721778869629e+00
3.978558778762817383e+00
5.621836185455322266e+00
2.888378858566284180e+00
6.197536945343017578e+00
3.714372634887695312e+00
4.478751182556152344e+00
2.105406999588012695e+00
7.856215834617614746e-01
8.091877937316894531e+00
1.691678404808044434e+00
1.736239671707153320e+00
5.118211269378662109e+00
2.392249107360839844e+00
2.720549345016479492e+00
5.910029888153076172e+00
4.542768001556396484e+00
4.966776371002197266e+00
6.120364665985107422e+00
5.203376293182373047e+00
2.618364095687866211e+00
4.151407241821289062e+00
3.675117492675781250e+00
3.885877370834350586e+00
2.727601766586303711e+00
3.589956045150756836e+00
3.613041639328002930e+00
6.945896148681640625e+00
2.093700647354125977e+00
4.771000385284423828e+00
5.143016815185546875e+00
4.211810111999511719e+00
3.513625860214233398e+00
2.179368019104003906e+00
5.578693389892578125e+00
1.309280395507812500e+00
5.250241279602050781e+00
1.314749598503112793e+00
1.028661251068115234e+00
1.756590843200683594e+00
5.233439445495605469e+00
1.992730140686035156e+00
3.001885175704956055e+00
5.454749107360839844e+00
2.863224267959594727e+00
2.272664785385131836e+00
4.752518177032470703e+00
4.186639308929443359e+00
3.276569366455078125e+00
2.669003248214721680e+00
3.788288831710815430e+00
1.850875139236450195e+00
1.883947730064392090e+00
5.034608364105224609e+00
1.019225716590881348e+00
5.558387756347656250e+00
3.977683305740356445e+00
7.001063823699951172e+00
6.511987209320068359e+00
3.189337730407714844e+00
1.614711403846740723e+00
4.091434478759765625e+00
2.715909719467163086e+00
1.451149463653564453e+00
2.549511671066284180e+00
3.279090642929077148e+00
6.808414459228515625e+00
5.891383886337280273e-01
2.685363054275512695e+00
2.082017183303833008e+00
3.766864538192749023e+00
3.287801027297973633e+00
5.925443172454833984e+00
3.447329044342041016e+00
2.344680547714233398e+00
6.401246070861816406e+00
2.126677036285400391e+00
2.275107383728027344e+00
2.352135181427001953e+00
2.721369028091430664e+00
2.735341548919677734e+00
3.622414112091064453e+00
3.255324602127075195e+00
1.221318960189819336e+00
1.605131149291992188e+00
4.546578884124755859e+00
5.459960937500000000e+00
1.780109643936157227e+00
3.465905427932739258e+00
6.609111785888671875e+00
4.263187885284423828e+00
2.744449853897094727e+00
1.779627203941345215e+00
5.184363365173339844e+00
3.646494626998901367e+00
1.778642535209655762e+00
4.578164100646972656e+00
3.250327825546264648e+00
4.853326320648193359e+00
2.934828042984008789e+00
6.407811045646667480e-01
1.456862568855285645e+00
3.659634113311767578e+00
1.604037523269653320e+00
6.865483283996582031e+00
4.558465957641601562e+00
4.182332038879394531e+00
4.539050579071044922e+00
4.583219528198242188e+00
4.096571922302246094e+00
2.275124311447143555e+00
4.528373241424560547e+00
3.789481401443481445e+00
2.646258592605590820e+00
1.175656318664550781e+00
4.004005908966064453e+00
5.386623859405517578e+00
2.154113054275512695e+00
4.168667793273925781e+00
7.271994113922119141e+00
3.149583339691162109e+00
3.798844575881958008e+00
3.937337875366210938e+00
3.433256626129150391e+00
5.202183246612548828e+00
1.932039141654968262e+00
3.217838048934936523e+00
3.184570550918579102e+00
1.683831453323364258e+00
