2.749819040298461914e+00
4.320201396942138672e+00
6.903405666351318359e+00
5.348006248474121094e+00
3.905955076217651367e+00
6.207814216613769531e+00
2.832978963851928711e+00
5.287220954895019531e+00
3.455456256866455078e+00
6.633668422698974609e+00
4.646283149719238281e+00
3.003306388854980469e+00
2.629762649536132812e+00
2.796066999435424805e+00
4.142365455627441406e+00
6.068910121917724609e+00
1.498622894287109375e+00
3.257990360260009766e+00
8.268300056457519531e+00
1.769694924354553223e+00
2.083328962326049805e+00
2.948534011840820312e+00
1.899080872535705566e+00
2.948024511337280273e+00
3.309448242187500000e+00
2.543362140655517578e+00
4.339789867401123047e+00
3.302671194076538086e+00
3.363723516464233398e+00
9.973673820495605469e+00
4.030673980712890625e+00
4.424799442291259766e+00
3.806384801864624023e+00
3.312181234359741211e+00
4.208594262599945068e-01
5.271539211273193359e+00
1.661161780357360840e+00
2.959409475326538086e+00
1.297820448875427246e+00
5.483075141906738281e+00
3.431150913238525391e+00
7.673165202140808105e-01
7.989484071731567383e-01
1.195904612541198730e+00
2.577688932418823242e+00
2.092786788940429688e+00
3.949223041534423828e+00
2.074495792388916016e+00
6.960204601287841797e+00
1.707350969314575195e+00
5.519466876983642578e+00
5.244908332824707031e+00
6.220608711242675781e+00
1.923524856567382812e+00
3.038712263107299805e+00
1.311471939086914062e+00
2.389238595962524414e+00
1.445975661277770996e+00
9.536620378494262695e-01
6.013814449310302734e+00
2.113727331161499023e+00
3.300559282302856445e+00
2.258337259292602539e+00
2.227721452713012695e+00
5.516746044158935547e+00
3.625506162643432617e+00
4.688350200653076172e+00
4.005870342254638672e+00
2.994764328002929688e+00
4.439119815826416016e+00
1.996950507164001465e+00
3.427141666412353516e+00
3.378147840499877930e+00
2.904335021972656250e+00
3.718447446823120117e+00
1.035869479179382324e+00
5.704020977020263672e+00
1.920355439186096191e+00
1.262202620506286621e+00
4.180740833282470703e+00
4.939601421356201172e+00
3.501640796661376953e+00
9.870199561119079590e-01
1.699462532997131348e+00
4.768286705017089844e+00
3.472635746002197266e+00
6.085064411163330078e+00
2.626346588134765625e+00
3.208286762237548828e+00
3.361063480377197266e+00
4.568583011627197266e+00
4.366189002990722656e+00
5.073571205139160156e+00
2.340725421905517578e+00
3.661656141281127930e+00
3.223147630691528320e+00
3.273108720779418945e+00
3.238891363143920898e+00
2.238489866256713867e+00
5.274688243865966797e+00
7.397995948791503906e+00
5.688321113586425781e+00
3.908591508865356445e+00
4.058088779449462891e+00
1.241165280342102051e+00
3.784318923950195312e+00
3.786336898803710938e+00
5.075501441955566406e+00
4.384112834930419922e+00
4.585439682006835938e+00
2.214097976684570312e+00
1.478123068809509277e+00
2.224014520645141602e+00
2.259508848190307617e+00
2.615907907485961914e+00
1.744378089904785156e+00
5.949594020843505859e+00
3.724964141845703125e+00
2.846104860305786133e+00
6.359692573547363281e+00
3.215246677398681641e+00
3.287754058837890625e+00
1.821966052055358887e+00
2.153769254684448242e+00
6.493553161621093750e+00
5.612956047058105469e+00
4.203544139862060547e+00
4.347011566162109375e+00
3.819683551788330078e+00
1.853829383850097656e+00
3.749008655548095703e+00
2.751072406768798828e+00
2.884107112884521484e+00
2.608461141586303711e+00
3.588747739791870117e+00
2.491753339767456055e+00
3.189785242080688477e+00
1.681020617485046387e+00
5.489594936370849609e+00
2.232356786727905273e+00
2.031961679458618164e+00
1.661148667335510254e+00
4.230779647827148438e+00
2.589215993881225586e+00
3.487839937210083008e+00
3.639889240264892578e+00
1.881168723106384277e+00
3.212511062622070312e+00
4.591320991516113281e+00
4.008767127990722656e+00
3.024865627288818359e+00
2.560959577560424805e+00
3.670455932617187500e+00
3.181413412094116211e+00
4.535509109497070312e+00
5.069874286651611328e+00
5.363860607147216797e+00
3.536063909530639648e+00
1.186920285224914551e+00
1.252703666687011719e+00
2.664448499679565430e+00
5.266175270080566406e+00
7.708918452262878418e-01
2.482732772827148438e+00
3.482990026473999023e+00
3.112036705017089844e+00
6.881726741790771484e+00
2.209544658660888672e+00
3.791154623031616211e+00
3.903700590133666992e+00
3.552473783493041992e+00
4.753826618194580078e+00
2.341172933578491211e+00
2.823194265365600586e+00
4.166864395141601562e+00
5.241226196289062500e+00
9.797102808952331543e-01
3.010791301727294922e+00
3.728195905685424805e+00
4.545332431793212891e+00
8.374770283699035645e-01
2.157534360885620117e+00
2.491675376892089844e+00
2.858287572860717773e+00
3.785772323608398438e+00
4.437877178192138672e+00
2.575271844863891602e+00
5.129063129425048828e+00
2.553372144699096680e+00
2.975533246994018555e+00
2.340009450912475586e+00
2.774399518966674805e+00
3.789765596389770508e+00
2.503428220748901367e+00
3.384118795394897461e+00
5.901453495025634766e+00
4.914612293243408203e+00
4.255877494812011719e+00
2.867900133132934570e+00
1.830353975296020508e+00
2.018609762191772461e+00
6.197203159332275391e+00
1.939224481582641602e+00
3.944399356842041016e+00
6.895089626312255859e+00
3.902597904205322266e+00
3.163791656494140625e+00
2.625605344772338867e+00
5.594460964202880859e+00
4.287349224090576172e+00
4.999355316162109375e+00
6.705360412597656250e+00
4.341600894927978516e+00
2.491077423095703125e+00
2.405252933502197266e+00
4.925485134124755859e+00
4.268834590911865234e+00
3.726232528686523438e+00
4.445472717285156250e+00
1.478938460350036621e+00
3.691273927688598633e+00
3.229916095733642578e+00
4.845968246459960938e+00
4.180530548095703125e+00
3.235785007476806641e+00
5.895700931549072266e+00
3.778853118419647217e-01
1.326435804367065430e+00
1.685167908668518066e+00
1.925837159156799316e+00
2.145086288452148438e+00
4.382542610168457031e+00
4.452948570251464844e+00
3.169292211532592773e+00
4.930105686187744141e+00
4.012499809265136719e+00
4.212743759155273438e+00
2.368087291717529297e+00
6.069051027297973633e-01
3.307240009307861328e+00
5.366807937622070312e+00
4.911948204040527344e+00
5.575098037719726562e+00
8.420335054397583008e-01
1.774734854698181152e+00
6.070165157318115234e+00
8.300682902336120605e-01
1.188942790031433105e+00
5.116996288299560547e+00
2.716869115829467773e+00
1.761886596679687500e+00
1.749346137046813965e+00
2.269430398941040039e+00
3.380627393722534180e+00
3.274547576904296875e+00
4.021789073944091797e+00
1.918112635612487793e+00
1.248416662216186523e+00
6.766766548156738281e+00
3.850972414016723633e+00
2.420584917068481445e+00
2.034888267517089844e+00
2.128323078155517578e+00
3.483705997467041016e+00
2.589655637741088867e+00
1.471027731895446777e+00
3.953733921051025391e+00
5.912839889526367188e+00
1.754224658012390137e+00
6.873632669448852539e-01
4.532270431518554688e+00
4.095143318176269531e+00
4.123525619506835938e+00
3.080625295639038086e+00
2.209982872009277344e+00
3.727249860763549805e+00
5.679343223571777344e+00
4.328671932220458984e+00
3.568010091781616211e+00
2.793645381927490234e+00
3.949130773544311523e-01
7.457389354705810547e+00
5.501382350921630859e+00
2.405996084213256836e+00
2.550689458847045898e+00
1.445084214210510254e+00
3.036834239959716797e+00
1.538673281669616699e+00
4.826190948486328125e+00
2.775116682052612305e+00
2.780696630477905273e+00
2.983449935913085938e+00
2.055484771728515625e+00
6.822383880615234375e+00
4.570544242858886719e+00
1.144107580184936523e+00
3.167906284332275391e+00
3.787307024002075195e+00
4.976607799530029297e+00
3.144639968872070312e+00
4.582621097564697266e+00
4.358394145965576172e+00
2.378028631210327148e+00
2.857438802719116211e+00
4.275712966918945312e+00
4.197017669677734375e+00
4.199833869934082031e+00
1.918925642967224121e+00
3.001534223556518555e+00
3.487589359283447266e+00
1.936524629592895508e+00
2.172765493392944336e+00
1.632399797439575195e+00
6.992827892303466797e+00
1.644281387329101562e+00
4.557918548583984375e+00
4.187465190887451172e+00
8.396558165550231934e-01
4.247911453247070312e+00
5.130994319915771484e+00
2.979075193405151367e+00
9.535069465637207031e-01
3.155576229095458984e+00
3.478962421417236328e+00
6.014654159545898438e+00
3.819295883178710938e+00
4.028706550598144531e+00
5.497163295745849609e+00
9.454525113105773926e-01
3.285805225372314453e+00
5.218841075897216797e+00
2.256315708160400391e+00
7.205575704574584961e-01
3.902256488800048828e+00
2.487720489501953125e+00
1.105137944221496582e+00
2.113634824752807617e+00
4.004070758819580078e+00
1.430603027343750000e+00
6.206404685974121094e+00
5.058904170989990234e+00
3.031729698181152344e+00
4.666044414043426514e-01
2.366315364837646484e+00
5.216195106506347656e+00
6.851469874382019043e-01
2.459838390350341797e+00
3.800965070724487305e+00
2.599518537521362305e+00
5.856341838836669922e+00
3.430230379104614258e+00
2.787878751754760742e+00
3.123922109603881836e+00
6.123725414276123047e+00
3.899562835693359375e+00
5.077876091003417969e+00
3.585575103759765625e+00
2.562039852142333984e+00
6.330097675323486328e+00
2.368616580963134766e+00
4.159103393554687500e+00
5.037522315979003906e+00
7.899122714996337891e+00
4.347770214080810547e+00
2.778264999389648438e+00
5.890913963317871094e+00
4.132830142974853516e+00
3.821694612503051758e+00
1.954501509666442871e+00
2.809955835342407227e+00
5.316466808319091797e+00
1.654241442680358887e+00
3.997322559356689453e+00
3.743602037429809570e+00
3.788843870162963867e+00
2.209550619125366211e+00
3.473464250564575195e+00
5.186727046966552734e+00
1.627109885215759277e+00
3.490926504135131836e+00
3.975513458251953125e+00
2.480770826339721680e+00
5.806048870086669922e+00
1.273225188255310059e+00
4.859358787536621094e+00
1.698331236839294434e+00
5.577185153961181641e+00
3.141001462936401367e+00
2.952090501785278320e+00
2.494417190551757812e+00
1.090095281600952148e+00
3.217720746994018555e+00
2.107112407684326172e+00
4.630845069885253906e+00
1.521379351615905762e+00
2.803542375564575195e+00
3.909191131591796875e+00
4.463536262512207031e+00
9.339729547500610352e-01
2.356656074523925781e+00
3.059058189392089844e+00
3.318482637405395508e+00
3.391289234161376953e+00
4.537158489227294922e+00
2.263909578323364258e+00
4.464791297912597656e+00
3.715653181076049805e+00
4.161661624908447266e+00
2.178609609603881836e+00
3.832192122936248779e-01
1.895724892616271973e+00
3.818373441696166992e+00
4.370019435882568359e+00
1.185824751853942871e+00
4.399281978607177734e+00
1.118604898452758789e+00
4.453568458557128906e+00
1.988858461380004883e+00
3.594320774078369141e+00
3.979221343994140625e+00
3.653957366943359375e+00
5.030095577239990234e+00
2.890123128890991211e+00
3.442298173904418945e+00
2.910513639450073242e+00
3.846029758453369141e+00
2.518019437789916992e+00
3.941309452056884766e+00
3.242689847946166992e+00
4.615463733673095703e+00
1.900883078575134277e+00
4.631718158721923828e+00
2.134333610534667969e+00
1.464542269706726074e+00
4.896886348724365234e+00
1.422081947326660156e+00
2.410958051681518555e+00
2.881830692291259766e+00
1.238531470298767090e+00
1.303101181983947754e+00
2.115424871444702148e+00
5.248454570770263672e+00
4.747949123382568359e+00
1.660373330116271973e+00
5.267513275146484375e+00
6.166666507720947266e+00
1.717722177505493164e+00
1.514800190925598145e+00
1.903892397880554199e+00
1.256896972656250000e+00
1.505054950714111328e+00
3.887042284011840820e+00
2.291559934616088867e+00
3.733028411865234375e+00
5.072806835174560547e+00
2.292206525802612305e+00
7.202388286590576172e+00
2.013797521591186523e+00
3.971929311752319336e+00
1.314681172370910645e+00
4.813909530639648438e+00
1.061552882194519043e+00
1.695116400718688965e+00
3.026884555816650391e+00
5.728912353515625000e+00
3.796489477157592773e+00
1.314313411712646484e+00
5.636300086975097656e+00
1.671352624893188477e+00
1.026041507720947266e+00
5.907998561859130859e+00
4.323699951171875000e+00
2.800765752792358398e+00
4.145664215087890625e+00
1.573365569114685059e+00
4.398961544036865234e+00
5.018790721893310547e+00
1.132317304611206055e+00
1.345451235771179199e+00
6.400807857513427734e+00
3.010163068771362305e+00
3.348558902740478516e+00
2.770717620849609375e+00
2.015149354934692383e+00
1.096467375755310059e+00
1.940926909446716309e+00
5.415370464324951172e+00
3.870906114578247070e+00
3.135315895080566406e+00
4.792946815490722656e+00
3.708576679229736328e+00
3.045374631881713867e+00
2.556603193283081055e+00
1.493938326835632324e+00
2.023497343063354492e+00
5.938577175140380859e+00
1.973773360252380371e+00
3.887768268585205078e+00
3.752007007598876953e+00
4.936463832855224609e+00
4.277856349945068359e+00
6.351897716522216797e+00
1.236710309982299805e+00
1.370978593826293945e+00
3.991430044174194336e+00
8.720181584358215332e-01
2.832912445068359375e+00
4.836114406585693359e+00
3.125985383987426758e+00
1.973609924316406250e+00
2.003140211105346680e+00
2.450826406478881836e+00
7.949146628379821777e-01
4.155460357666015625e+00
4.289288997650146484e+00
4.238223552703857422e+00
5.283696651458740234e+00
4.412073612213134766e+00
2.140221834182739258e+00
3.641388654708862305e+00
6.455117702484130859e+00
2.391502141952514648e+00
6.561752319335937500e+00
1.786343216896057129e+00
1.620480775833129883e+00
2.431123971939086914e+00
2.399508476257324219e+00
5.062312602996826172e+00
5.662670612335205078e+00
2.223518848419189453e+00
3.965958356857299805e+00
2.471848487854003906e+00
7.210408687591552734e+00
1.878462791442871094e+00
3.221450805664062500e+00
4.341707706451416016e+00
3.642599582672119141e+00
4.095435619354248047e+00
4.944203853607177734e+00
5.225232601165771484e+00
3.758251667022705078e+00
3.478013753890991211e+00
3.637556791305541992e+00
5.246521949768066406e+00
2.953702926635742188e+00
7.058171272277832031e+00
7.048375606536865234e+00
2.523596763610839844e+00
2.960368156433105469e+00
6.275538206100463867e-01
4.252741813659667969e+00
7.080895304679870605e-01
3.773186206817626953e+00
3.491275787353515625e+00
3.902578115463256836e+00
3.346748828887939453e+00
4.113015651702880859e+00
4.317255973815917969e+00
2.155037403106689453e+00
1.349133133888244629e+00
2.492540359497070312e+00
2.542481184005737305e+00
5.376990318298339844e+00
4.535461425781250000e+00
5.291833400726318359e+00
4.715961456298828125e+00
1.535670280456542969e+00
2.716335535049438477e+00
1.378045439720153809e+00
4.829182147979736328e+00
3.406906843185424805e+00
2.684170007705688477e+00
4.886405944824218750e+00
2.431806325912475586e+00
2.002487659454345703e+00
1.602710366249084473e+00
3.684822559356689453e+00
5.006518840789794922e+00
6.459833621978759766e+00
2.124146223068237305e+00
4.742944240570068359e+00
1.036743402481079102e+00
3.386703491210937500e+00
7.286962985992431641e+00
3.254313230514526367e+00
6.011064052581787109e+00
2.640516042709350586e+00
4.659424304962158203e+00
5.680416107177734375e+00
3.144575119018554688e+00
2.745115995407104492e+00
1.860631346702575684e+00
3.906052827835083008e+00
4.928653717041015625e+00
1.177623033523559570e+00
3.634221792221069336e+00
1.875367999076843262e+00
4.344216346740722656e+00
5.728389263153076172e+00
2.514392137527465820e+00
3.239236176013946533e-01
9.121473312377929688e+00
6.739947795867919922e+00
9.956786036491394043e-01
1.987615942955017090e+00
5.349542140960693359e+00
4.328163146972656250e+00
2.659486055374145508e+00
1.496959567070007324e+00
1.607111811637878418e+00
3.631995916366577148e+00
1.655193328857421875e+00
4.383588314056396484e+00
3.266504049301147461e+00
9.115927815437316895e-01
1.846992135047912598e+00
1.183535456657409668e+00
2.297156095504760742e+00
3.478601217269897461e+00
6.092783212661743164e-01
2.800135850906372070e+00
4.137105941772460938e+00
2.923491954803466797e+00
2.119537115097045898e+00
2.372292041778564453e+00
3.607105016708374023e+00
2.901229143142700195e+00
2.566817760467529297e+00
2.958949327468872070e+00
3.222918272018432617e+00
2.915729284286499023e+00
5.060807228088378906e+00
2.062414884567260742e+00
1.241367101669311523e+00
2.692629098892211914e+00
3.190418720245361328e+00
4.382010459899902344e+00
2.282462835311889648e+00
2.091657638549804688e+00
3.553703069686889648e+00
5.069880485534667969e+00
2.895152330398559570e+00
3.012999773025512695e+00
5.936554431915283203e+00
3.142961978912353516e+00
4.598125457763671875e+00
1.388706684112548828e+00
5.831803321838378906e+00
4.281553268432617188e+00
8.430258035659790039e-01
3.529926061630249023e+00
3.787950515747070312e+00
1.183065414428710938e+00
8.579581379890441895e-01
5.105877876281738281e+00
2.065637350082397461e+00
6.708294868469238281e+00
5.057223796844482422e+00
2.032642364501953125e+00
4.328069210052490234e+00
1.808530807495117188e+00
2.160827875137329102e+00
5.364098548889160156e+00
1.963057756423950195e+00
2.700347185134887695e+00
1.836138725280761719e+00
3.648052215576171875e+00
2.697046041488647461e+00
2.704672574996948242e+00
4.130036354064941406e+00
2.102079868316650391e+00
2.117537021636962891e+00
2.036251783370971680e+00
2.562407016754150391e+00
3.133363246917724609e+00
6.022609233856201172e+00
8.364856719970703125e+00
3.600838899612426758e+00
3.296408176422119141e+00
3.499380826950073242e+00
4.989171028137207031e+00
4.713548183441162109e+00
3.668538331985473633e+00
1.066617846488952637e+00
2.627225875854492188e+00
1.812649369239807129e+00
3.016506195068359375e+00
3.462181091308593750e+00
1.531767487525939941e+00
1.425666451454162598e+00
3.782536745071411133e+00
5.923226833343505859e+00
3.710685729980468750e+00
2.936672449111938477e+00
4.906314849853515625e+00
3.976280927658081055e+00
3.360981702804565430e+00
4.244020938873291016e+00
1.619433283805847168e+00
1.265538334846496582e+00
3.054923534393310547e+00
4.972039222717285156e+00
5.264163970947265625e+00
5.805269718170166016e+00
2.597169160842895508e+00
5.771088123321533203e+00
2.320125341415405273e+00
5.784682035446166992e-01
4.520789623260498047e+00
2.257964372634887695e+00
5.201348304748535156e+00
2.264079570770263672e+00
7.124783992767333984e-01
5.699840545654296875e+00
2.640543460845947266e+00
4.546877861022949219e+00
3.113860368728637695e+00
4.843126773834228516e+00
1.571620583534240723e+00
1.144279599189758301e+00
4.983210563659667969e+00
2.007487058639526367e+00
1.823398947715759277e+00
2.670437097549438477e+00
1.907380461692810059e+00
2.276859045028686523e+00
4.581502437591552734e+00
3.132338285446166992e+00
1.808346390724182129e+00
4.178633213043212891e+00
3.460304975509643555e+00
1.697928309440612793e+00
1.279526352882385254e+00
4.059488475322723389e-01
2.292845487594604492e+00
3.045052289962768555e+00
5.155112743377685547e+00
3.254873037338256836e+00
4.000727176666259766e+00
3.064253091812133789e+00
3.825631380081176758e+00
3.866453886032104492e+00
3.203046083450317383e+00
3.098374128341674805e+00
5.155011653900146484e+00
4.594369888305664062e+00
7.107629179954528809e-01
3.628146409988403320e+00
2.369962453842163086e+00
4.090886116027832031e+00
3.039406538009643555e+00
2.107506513595581055e+00
5.218517780303955078e+00
3.437485218048095703e+00
5.705261230468750000e-01
4.281315803527832031e+00
1.399952769279479980e+00
2.546489715576171875e+00
3.578508853912353516e+00
2.478597640991210938e+00
3.869479417800903320e+00
2.282170295715332031e+00
2.635350704193115234e+00
3.758980274200439453e+00
1.632041931152343750e+00
1.899773836135864258e+00
6.557534694671630859e+00
2.551796674728393555e+00
2.001197576522827148e+00
2.809214353561401367e+00
5.567528247833251953e+00
3.278756856918334961e+00
4.122850894927978516e-01
5.709092617034912109e+00
8.433628082275390625e-01
3.494743824005126953e+00
4.253980159759521484e+00
1.776228904724121094e+00
3.410829544067382812e+00
6.116860508918762207e-01
4.893942832946777344e+00
2.006984233856201172e+00
5.101195812225341797e+00
1.374113440513610840e+00
2.980834484100341797e+00
7.855395078659057617e-01
1.386264562606811523e+00
1.915123224258422852e+00
2.652520895004272461e+00
4.683873653411865234e+00
2.259837627410888672e+00
4.048577785491943359e+00
4.791140556335449219e+00
4.202193260192871094e+00
3.152243137359619141e+00
3.933520078659057617e+00
5.326757907867431641e+00
1.861225485801696777e+00
4.921132564544677734e+00
2.711051702499389648e+00
1.849386572837829590e+00
4.570589542388916016e+00
3.778635501861572266e+00
3.963515520095825195e+00
1.402707338333129883e+00
4.722332477569580078e+00
4.679525852203369141e+00
2.753955841064453125e+00
4.568898677825927734e+00
3.840430974960327148e+00
6.611728072166442871e-01
7.877588272094726562e-01
7.712700843811035156e+00
6.732612609863281250e+00
5.355996489524841309e-01
4.114951133728027344e+00
5.566401481628417969e+00
2.538292884826660156e+00
3.288964986801147461e+00
2.224030494689941406e+00
4.923891067504882812e+00
5.252801418304443359e+00
1.656314134597778320e+00
4.020933151245117188e+00
1.613933563232421875e+00
6.257302761077880859e+00
3.934633016586303711e+00
4.370427608489990234e+00
4.024487495422363281e+00
5.905763149261474609e+00
1.398924827575683594e+00
3.079352140426635742e+00
9.084957242012023926e-01
2.132334470748901367e+00
4.713269710540771484e+00
6.673446655273437500e+00
5.130440235137939453e+00
1.681304335594177246e+00
3.503427505493164062e+00
5.203919887542724609e+00
1.938391923904418945e+00
5.457835197448730469e+00
5.273850917816162109e+00
1.491610288619995117e+00
1.934965133666992188e+00
4.637842655181884766e+00
8.827056884765625000e-01
5.779843807220458984e+00
4.444775104522705078e+00
3.145405530929565430e+00
2.809855222702026367e+00
4.193110466003417969e+00
3.716639041900634766e+00
6.441308021545410156e+00
5.376193046569824219e+00
1.518008589744567871e+00
4.451781272888183594e+00
2.510818958282470703e+00
2.000970602035522461e+00
4.697799205780029297e+00
4.957112789154052734e+00
7.258944034576416016e+00
3.078879833221435547e+00
1.065928220748901367e+00
5.062316417694091797e+00
3.995862960815429688e+00
3.618998050689697266e+00
3.627048492431640625e+00
5.007712364196777344e+00
2.299086093902587891e+00
4.441135883331298828e+00
5.032986164093017578e+00
4.464690685272216797e+00
7.427562713623046875e+00
4.987124443054199219e+00
3.662150621414184570e+00
2.496692895889282227e+00
5.041373729705810547e+00
3.548567295074462891e+00
2.085335016250610352e+00
3.515805959701538086e+00
3.820520162582397461e+00
2.696082353591918945e+00
1.211438059806823730e+00
5.095684528350830078e+00
2.932147026062011719e+00
3.411958694458007812e+00
4.924909591674804688e+00
4.159925937652587891e+00
5.588772773742675781e+00
2.710097789764404297e+00
5.072808742523193359e+00
3.461318254470825195e+00
1.987027764320373535e+00
4.707921028137207031e+00
2.430389165878295898e+00
6.855575561523437500e+00
3.871857166290283203e+00
2.689741849899291992e+00
2.972070932388305664e+00
1.225596785545349121e+00
1.022602081298828125e+00
2.945218563079833984e+00
3.101078987121582031e+00
1.968442320823669434e+00
4.431780815124511719e+00
1.028954029083251953e+00
3.242973089218139648e+00
3.039728879928588867e+00
5.950210571289062500e+00
4.445159912109375000e+00
4.055101394653320312e+00
1.015158653259277344e+00
2.493346184492111206e-01
4.714759826660156250e+00
5.207131862640380859e+00
9.840723872184753418e-01
3.393693685531616211e+00
7.623427510261535645e-01
2.301367282867431641e+00
3.491703748703002930e+00
3.705435991287231445e+00
5.752004146575927734e+00
5.642477512359619141e+00
6.181891918182373047e+00
2.387697696685791016e+00
2.854489088058471680e+00
5.871393203735351562e+00
2.470899343490600586e+00
2.351564407348632812e+00
8.438399314880371094e+00
3.417800664901733398e+00
2.354755163192749023e+00
3.748872041702270508e+00
3.962116003036499023e+00
5.927066326141357422e+00
1.704365730285644531e+00
8.770673871040344238e-01
3.513031482696533203e+00
3.861687898635864258e+00
3.837845563888549805e+00
5.360306262969970703e+00
3.317925691604614258e+00
3.364374876022338867e+00
5.070601940155029297e+00
2.166301965713500977e+00
2.155813455581665039e+00
2.593124151229858398e+00
4.062528133392333984e+00
3.424085617065429688e+00
7.328964471817016602e-01
4.365549087524414062e+00
2.526395797729492188e+00
6.541240811347961426e-01
1.890272974967956543e+00
1.844916939735412598e+00
3.843463182449340820e+00
4.038417816162109375e+00
2.417993783950805664e+00
3.919294834136962891e+00
3.566536664962768555e+00
4.276181697845458984e+00
2.549774885177612305e+00
1.439724087715148926e+00
1.958827853202819824e+00
1.011759996414184570e+00
5.088933467864990234e+00
3.867182254791259766e+00
1.606672883033752441e+00
4.683263778686523438e+00
3.384393692016601562e+00
3.729351460933685303e-01
2.284792661666870117e+00
1.527288317680358887e+00
3.886262893676757812e+00
3.545443773269653320e+00
4.490747928619384766e+00
2.152680635452270508e+00
3.928610563278198242e+00
2.686664819717407227e+00
1.597118735313415527e+00
4.762424945831298828e+00
6.414325237274169922e+00
3.862781524658203125e+00
4.504826962947845459e-01
6.256947517395019531e+00
5.425137996673583984e+00
3.302871704101562500e+00
5.236287593841552734e+00
2.929608106613159180e+00
3.505653142929077148e+00
2.403385639190673828e+00
4.623338699340820312e+00
1.504517674446105957e+00
5.058615207672119141e+00
8.599815368652343750e-01
2.087769269943237305e+00
2.793551206588745117e+00
2.840689897537231445e+00
4.111432075500488281e+00
