5.595573902130126953e+00
1.148417949676513672e+00
2.489387273788452148e+00
4.693028450012207031e+00
2.685128211975097656e+00
1.900419235229492188e+00
5.098391532897949219e+00
5.518932938575744629e-01
2.977544069290161133e+00
2.226039648056030273e+00
7.046490669250488281e+00
3.090341806411743164e+00
2.675067901611328125e+00
6.130915880203247070e-01
1.049732446670532227e+00
1.944575190544128418e+00
4.898831844329833984e+00
6.803047180175781250e+00
4.721312999725341797e+00
4.737595081329345703e+00
3.442509889602661133e+00
8.252241134643554688e+00
2.563855648040771484e+00
1.828184962272644043e+00
4.831266403198242188e+00
2.961067199707031250e+00
2.658108472824096680e+00
2.838169574737548828e+00
3.201782941818237305e+00
6.936565637588500977e-01
6.077196121215820312e+00
3.086748361587524414e+00
3.926078796386718750e+00
2.917006492614746094e+00
1.114687323570251465e+00
4.247525215148925781e+00
4.974112987518310547e+00
3.440891981124877930e+00
5.117225170135498047e+00
2.008861064910888672e+00
3.407175540924072266e+00
3.677309513092041016e+00
3.760429859161376953e+00
4.765666484832763672e+00
3.536314010620117188e+00
2.956968545913696289e+00
3.230693817138671875e+00
3.262987136840820312e+00
4.663774013519287109e+00
1.520573496818542480e+00
3.620227575302124023e+00
3.262739658355712891e+00
1.761680841445922852e+00
3.163105487823486328e+00
7.143049716949462891e+00
1.575994491577148438e+00
2.822324752807617188e+00
4.026021957397460938e+00
4.938800811767578125e+00
2.894973516464233398e+00
1.243939757347106934e+00
2.303333044052124023e+00
3.451159238815307617e+00
2.733110904693603516e+00
1.990892410278320312e+00
6.447282433509826660e-01
2.636357545852661133e+00
1.950554490089416504e+00
5.541699409484863281e+00
3.530233383178710938e+00
2.372641324996948242e+00
5.117707729339599609e+00
3.173957109451293945e+00
3.852039098739624023e+00
3.158694028854370117e+00
4.143487930297851562e+00
2.429501295089721680e+00
3.646152496337890625e+00
1.092757940292358398e+00
4.550879955291748047e+00
2.430763244628906250e+00
5.068482756614685059e-01
1.228896975517272949e+00
5.056358337402343750e+00
2.172118186950683594e+00
3.243560075759887695e+00
8.923703432083129883e-01
3.112272739410400391e+00
4.959240913391113281e+00
3.456007003784179688e+00
2.300275802612304688e+00
5.355131149291992188e+00
8.311097025871276855e-01
5.031015396118164062e+00
3.332717895507812500e+00
2.438921689987182617e+00
2.993863105773925781e+00
4.009059429168701172e+00
2.573790073394775391e+00
4.238043785095214844e+00
2.279665708541870117e+00
2.583307027816772461e+00
4.496579170227050781e+00
2.263720273971557617e+00
3.197936058044433594e+00
5.100167751312255859e+00
2.294811487197875977e+00
2.888510227203369141e+00
5.696530818939208984e+00
3.023438215255737305e+00
4.156566143035888672e+00
2.739380359649658203e+00
2.806240320205688477e+00
3.166775941848754883e+00
5.160489082336425781e+00
7.849249362945556641e+00
2.737637996673583984e+00
6.539512157440185547e+00
3.437454700469970703e+00
3.470768451690673828e+00
5.503332614898681641e+00
6.108170986175537109e+00
2.716636180877685547e+00
3.974521398544311523e+00
3.199911117553710938e+00
8.218412399291992188e+00
1.268270969390869141e+00
6.114189147949218750e+00
9.395210266113281250e+00
4.175886154174804688e+00
3.009443283081054688e+00
4.460008144378662109e+00
8.666373491287231445e-01
2.996818780899047852e+00
5.442486286163330078e+00
3.226713657379150391e+00
2.254786252975463867e+00
4.226186275482177734e+00
6.740220546722412109e+00
1.199901103973388672e+00
2.854457855224609375e+00
2.583140373229980469e+00
3.447267293930053711e+00
4.344194412231445312e+00
3.821244001388549805e+00
3.605670690536499023e+00
4.158219814300537109e+00
5.272119522094726562e+00
3.448060750961303711e+00
4.513525009155273438e+00
3.017078876495361328e+00
3.262630224227905273e+00
4.394057273864746094e+00
1.909659981727600098e+00
5.945683956146240234e+00
3.196192979812622070e+00
3.920970201492309570e+00
5.609380602836608887e-01
5.394378662109375000e+00
5.450730800628662109e+00
1.648436546325683594e+00
1.382222056388854980e+00
3.436714887619018555e+00
3.420933961868286133e+00
3.420141935348510742e+00
5.435117244720458984e+00
9.057224392890930176e-01
4.339255809783935547e+00
4.201210021972656250e+00
4.066817760467529297e+00
4.663013517856597900e-01
3.530324697494506836e+00
2.900882959365844727e+00
3.375685930252075195e+00
2.898939847946166992e+00
1.496207356452941895e+00
6.881131649017333984e+00
1.764738678932189941e+00
4.072124481201171875e+00
4.338996887207031250e+00
3.228979825973510742e+00
2.901860237121582031e+00
2.949503898620605469e+00
4.113955974578857422e+00
4.376629352569580078e+00
3.606850385665893555e+00
3.007650375366210938e+00
4.897640228271484375e+00
9.736825823783874512e-01
5.276412487030029297e+00
1.197399973869323730e+00
2.626226186752319336e+00
5.242805004119873047e+00
1.317900180816650391e+00
4.808014869689941406e+00
3.565705537796020508e+00
3.775321245193481445e+00
5.265624046325683594e+00
6.163086891174316406e+00
3.022925138473510742e+00
4.387407779693603516e+00
4.127441406250000000e+00
4.506597042083740234e+00
2.528269767761230469e+00
2.927092313766479492e+00
4.144323825836181641e+00
4.130088329315185547e+00
2.886125802993774414e+00
1.612541079521179199e+00
3.635639190673828125e+00
5.966506481170654297e+00
4.113376617431640625e+00
2.261817693710327148e+00
1.505492091178894043e+00
3.439027786254882812e+00
2.447295665740966797e+00
3.230348348617553711e+00
1.891106486320495605e+00
6.309752464294433594e+00
2.450859546661376953e+00
2.620225906372070312e+00
4.093749523162841797e+00
2.623974084854125977e+00
1.582758784294128418e+00
6.126793861389160156e+00
2.847137451171875000e+00
4.357786178588867188e+00
4.553509235382080078e+00
4.071849346160888672e+00
5.187922954559326172e+00
4.928814411163330078e+00
5.554944992065429688e+00
2.381843090057373047e+00
4.000370025634765625e+00
3.520870208740234375e+00
2.496153354644775391e+00
4.533517360687255859e+00
5.194031715393066406e+00
1.549558281898498535e+00
6.197205543518066406e+00
2.007044315338134766e+00
3.427188158035278320e+00
6.098163127899169922e+00
4.440886974334716797e+00
2.413090944290161133e+00
4.909102916717529297e+00
6.819540500640869141e+00
3.890217542648315430e+00
2.732367277145385742e+00
4.860049247741699219e+00
2.966683149337768555e+00
2.397299051284790039e+00
2.997723579406738281e+00
4.309568405151367188e+00
1.813518524169921875e+00
3.645051717758178711e+00
2.541988134384155273e+00
4.433389663696289062e+00
1.729109644889831543e+00
3.465675354003906250e+00
6.490796089172363281e+00
3.474571704864501953e+00
3.675430774688720703e+00
2.638348340988159180e+00
4.764738559722900391e+00
3.660888433456420898e+00
3.466178655624389648e+00
1.646853685379028320e+00
2.658199071884155273e+00
3.492175340652465820e+00
3.161688089370727539e+00
5.394799709320068359e+00
3.402488470077514648e+00
4.211266517639160156e+00
2.633231878280639648e+00
3.863506078720092773e+00
2.279228687286376953e+00
7.081623077392578125e+00
4.061196804046630859e+00
4.039153099060058594e+00
1.840254187583923340e+00
1.717415690422058105e+00
5.101146221160888672e+00
5.105755805969238281e+00
4.386735439300537109e+00
3.545393705368041992e+00
5.157041072845458984e+00
3.770530700683593750e+00
3.491294860839843750e+00
4.246324062347412109e+00
2.809861898422241211e+00
5.906188488006591797e-01
5.635434985160827637e-01
2.150745153427124023e+00
3.072513580322265625e+00
1.857600092887878418e+00
1.196147322654724121e+00
3.698133230209350586e+00
4.495668888092041016e+00
3.650418043136596680e+00
4.880767345428466797e+00
4.934635162353515625e+00
5.758436322212219238e-01
4.803001880645751953e+00
4.079120159149169922e+00
3.611131429672241211e+00
6.714996695518493652e-01
6.287596225738525391e+00
4.675373077392578125e+00
3.163412570953369141e+00
4.299117088317871094e+00
3.461891174316406250e+00
4.911235332489013672e+00
4.259490489959716797e+00
3.619461059570312500e+00
2.702279806137084961e+00
4.410299777984619141e+00
2.712166547775268555e+00
4.777461051940917969e+00
4.676181793212890625e+00
1.769902825355529785e+00
2.701062917709350586e+00
2.993572711944580078e+00
3.230005025863647461e+00
2.206910610198974609e+00
4.311227321624755859e+00
4.053358554840087891e+00
2.391979217529296875e+00
3.713760137557983398e+00
5.655537605285644531e+00
7.169942259788513184e-01
3.258957386016845703e+00
4.720448970794677734e+00
1.167239546775817871e+00
6.566536903381347656e+00
4.621943950653076172e+00
2.081615209579467773e+00
2.292268037796020508e+00
1.950369834899902344e+00
1.844469428062438965e+00
1.858641266822814941e+00
7.562633037567138672e+00
3.292948961257934570e+00
5.291629791259765625e+00
4.108815193176269531e-01
2.655703306198120117e+00
2.328655719757080078e+00
1.245339274406433105e+00
5.126495838165283203e+00
2.729396343231201172e+00
2.649840116500854492e+00
9.313092231750488281e-01
2.870219230651855469e+00
4.283941745758056641e+00
2.791854381561279297e+00
5.622760772705078125e+00
2.804107427597045898e+00
3.057485103607177734e+00
1.262518286705017090e+00
6.262621283531188965e-01
1.247612118721008301e+00
1.727392077445983887e+00
3.795063495635986328e+00
3.800771474838256836e+00
3.955627202987670898e+00
1.348474502563476562e+00
3.967574834823608398e+00
1.870062112808227539e+00
4.532979488372802734e+00
5.875867366790771484e+00
2.752395868301391602e+00
4.757107257843017578e+00
3.347539663314819336e+00
3.841989278793334961e+00
1.906076669692993164e+00
5.474567413330078125e+00
4.002759456634521484e+00
7.023044824600219727e-01
2.751444578170776367e+00
1.813872933387756348e+00
2.320612192153930664e+00
2.253335714340209961e+00
1.408650875091552734e+00
4.911167144775390625e+00
4.303997993469238281e+00
1.292366385459899902e+00
2.015936613082885742e+00
4.480602741241455078e+00
3.223635435104370117e+00
4.210431098937988281e+00
1.930833697319030762e+00
3.400332212448120117e+00
2.775988340377807617e+00
2.461107015609741211e+00
4.138087749481201172e+00
2.296804189682006836e+00
1.996700167655944824e+00
3.820026874542236328e+00
3.454995751380920410e-01
2.946902275085449219e+00
6.624216556549072266e+00
2.378760576248168945e+00
2.983867168426513672e+00
2.430124282836914062e+00
5.418157577514648438e+00
7.377568244934082031e+00
3.380182266235351562e+00
3.056311368942260742e+00
2.470474243164062500e+00
2.838052749633789062e+00
3.402390241622924805e+00
3.915646314620971680e+00
3.214134216308593750e+00
4.902924060821533203e+00
3.447233915328979492e+00
2.277991533279418945e+00
5.343892097473144531e+00
3.020470380783081055e+00
1.918741226196289062e+00
5.348259449005126953e+00
3.220683336257934570e+00
3.235334157943725586e+00
6.393278121948242188e+00
2.654772758483886719e+00
4.462441504001617432e-01
2.898436784744262695e+00
1.616711020469665527e+00
2.013946294784545898e+00
1.598365187644958496e+00
1.777905106544494629e+00
7.539915442466735840e-01
2.763885259628295898e+00
4.648956775665283203e+00
3.183418989181518555e+00
2.571243524551391602e+00
1.210219502449035645e+00
2.920320749282836914e+00
4.234820842742919922e+00
3.922795534133911133e+00
3.509149312973022461e+00
1.909001946449279785e+00
2.889366388320922852e+00
3.508505344390869141e+00
3.151950597763061523e+00
4.742542743682861328e+00
3.621927022933959961e+00
4.605346202850341797e+00
7.314350008964538574e-01
1.666870117187500000e+00
1.529726505279541016e+00
3.081480741500854492e+00
5.490498542785644531e+00
2.102451086044311523e+00
3.971996307373046875e+00
5.247367858886718750e+00
6.856398105621337891e+00
4.164653301239013672e+00
9.311235547065734863e-01
2.777040719985961914e+00
3.833410739898681641e+00
4.149592399597167969e+00
2.362977981567382812e+00
4.485630512237548828e+00
3.759540557861328125e+00
5.402591228485107422e+00
2.486989974975585938e+00
1.080288052558898926e+00
1.901775956153869629e+00
3.858189105987548828e+00
4.974841594696044922e+00
4.222813129425048828e+00
1.030272722244262695e+00
6.828819274902343750e+00
2.245770215988159180e+00
5.505120754241943359e+00
3.747152805328369141e+00
5.663234233856201172e+00
3.121124744415283203e+00
4.081718921661376953e+00
2.230795621871948242e+00
4.179644286632537842e-01
1.405184626579284668e+00
1.799367547035217285e+00
1.780029654502868652e+00
3.833158969879150391e+00
4.266109943389892578e+00
2.147904396057128906e+00
5.063754558563232422e+00
4.561761856079101562e+00
3.174347639083862305e+00
2.336264848709106445e+00
1.646530389785766602e+00
3.627516984939575195e+00
4.707947731018066406e+00
3.675264835357666016e+00
6.120221614837646484e+00
3.337599992752075195e+00
1.988946199417114258e+00
1.296798586845397949e+00
4.344506740570068359e+00
3.510002613067626953e+00
3.770835876464843750e+00
1.823500037193298340e+00
5.095635890960693359e+00
1.846616983413696289e+00
3.729389905929565430e+00
2.776481628417968750e+00
3.400542974472045898e+00
6.804553508758544922e+00
5.419098854064941406e+00
5.460201263427734375e+00
2.627215623855590820e+00
3.053201675415039062e+00
8.548969626426696777e-01
5.320320606231689453e+00
2.672362089157104492e+00
3.535522937774658203e+00
3.629100084304809570e+00
1.396067976951599121e+00
6.254426836967468262e-01
2.612553119659423828e+00
7.459097385406494141e+00
1.485839486122131348e+00
2.239746570587158203e+00
2.142376661300659180e+00
2.248471021652221680e+00
2.626103639602661133e+00
5.004030704498291016e+00
4.674327850341796875e+00
7.027812480926513672e+00
2.746226072311401367e+00
2.751389265060424805e+00
2.865282773971557617e+00
3.589236497879028320e+00
1.868798136711120605e+00
5.616052627563476562e+00
1.799650192260742188e+00
3.336932897567749023e+00
4.544874191284179688e+00
7.245150208473205566e-01
3.731114149093627930e+00
2.205332040786743164e+00
2.229306221008300781e+00
5.627018809318542480e-01
2.524612665176391602e+00
2.208587408065795898e+00
1.035273790359497070e+00
2.440162420272827148e+00
4.401622295379638672e+00
3.841714620590209961e+00
5.482427120208740234e+00
2.160573244094848633e+00
4.103441238403320312e+00
4.946527481079101562e+00
7.851748943328857422e+00
9.881311655044555664e-01
9.149196743965148926e-01
2.526438951492309570e+00
3.411643743515014648e+00
1.835260748863220215e+00
4.842011928558349609e+00
4.220948696136474609e+00
6.424434185028076172e+00
2.128308773040771484e+00
3.586327791213989258e+00
1.321304917335510254e+00
5.365301132202148438e+00
3.316380023956298828e+00
3.051003932952880859e+00
3.055810451507568359e+00
4.853998661041259766e+00
5.868161678314208984e+00
3.042112827301025391e+00
3.923411130905151367e+00
4.439340114593505859e+00
4.450072765350341797e+00
4.944465160369873047e+00
1.508023262023925781e+00
4.917049884796142578e+00
3.781076908111572266e+00
2.424265146255493164e+00
3.834117889404296875e+00
3.712266206741333008e+00
4.078130245208740234e+00
1.023774623870849609e+00
1.927709579467773438e+00
5.104705810546875000e+00
1.813640475273132324e+00
1.669928550720214844e+00
4.069035530090332031e+00
6.257258892059326172e+00
9.877272844314575195e-01
7.322131991386413574e-01
2.300582408905029297e+00
2.816969156265258789e+00
2.324089288711547852e+00
2.539424896240234375e+00
1.390966296195983887e+00
1.101745009422302246e+00
1.152003407478332520e+00
3.116915702819824219e+00
1.933827996253967285e+00
5.444493293762207031e+00
2.702104568481445312e+00
2.857216835021972656e+00
3.356858491897583008e+00
6.698711514472961426e-01
3.724218845367431641e+00
3.562968492507934570e+00
3.014499664306640625e+00
1.565898418426513672e+00
6.143691539764404297e+00
1.868291735649108887e+00
3.987844944000244141e+00
6.222803592681884766e-01
2.879093408584594727e+00
3.793565034866333008e+00
1.648374199867248535e+00
4.189070701599121094e+00
4.761804580688476562e+00
3.126236200332641602e+00
2.809504270553588867e+00
5.532410621643066406e+00
6.242623805999755859e+00
1.762738823890686035e+00
5.918321132659912109e+00
2.771815538406372070e+00
4.225749492645263672e+00
4.089476585388183594e+00
3.482214689254760742e+00
3.250376939773559570e+00
3.270139455795288086e+00
3.472778081893920898e+00
3.244485616683959961e+00
3.012219190597534180e+00
4.810295581817626953e+00
4.662414073944091797e+00
2.520480155944824219e+00
3.969458103179931641e+00
5.196454524993896484e+00
4.857187271118164062e+00
3.291483640670776367e+00
3.008207559585571289e+00
3.243154287338256836e+00
5.499534130096435547e+00
2.859292745590209961e+00
3.068592548370361328e+00
3.839591264724731445e+00
2.896945714950561523e+00
4.026088237762451172e+00
3.676049947738647461e+00
2.942720174789428711e+00
2.594040870666503906e+00
3.191306114196777344e+00
4.724339485168457031e+00
1.451984167098999023e+00
5.172302722930908203e-01
3.374639272689819336e+00
5.415579080581665039e-01
3.780754089355468750e+00
5.037421584129333496e-01
1.676482081413269043e+00
5.090734481811523438e+00
1.959425210952758789e+00
2.909206390380859375e+00
7.925247192382812500e+00
4.683095455169677734e+00
5.693112850189208984e+00
2.489941596984863281e+00
3.626536607742309570e+00
3.003546476364135742e+00
1.188640952110290527e+00
4.507402479648590088e-01
1.884929656982421875e+00
5.696063518524169922e+00
4.053638935089111328e+00
3.385350942611694336e+00
3.250061035156250000e+00
2.484773635864257812e+00
2.061239957809448242e+00
2.848119497299194336e+00
1.707025766372680664e+00
3.815978288650512695e+00
4.496773242950439453e+00
1.987675070762634277e+00
4.589826583862304688e+00
1.568912148475646973e+00
5.819951534271240234e+00
2.691962718963623047e+00
2.954879522323608398e+00
6.734961986541748047e+00
3.175131559371948242e+00
1.020903944969177246e+00
6.452178478240966797e+00
5.488618373870849609e+00
2.854478597640991211e+00
5.983291149139404297e+00
5.862172603607177734e+00
3.301783323287963867e+00
2.790095329284667969e+00
2.543779134750366211e+00
3.610343933105468750e+00
3.239281415939331055e+00
3.512044191360473633e+00
1.507591605186462402e+00
1.421172499656677246e+00
6.594661235809326172e+00
7.681590914726257324e-01
3.803203344345092773e+00
2.810828685760498047e+00
7.431410551071166992e-01
6.919780254364013672e+00
3.785177707672119141e+00
2.730473041534423828e+00
4.733781814575195312e+00
1.832801222801208496e+00
3.630613803863525391e+00
4.094165802001953125e+00
1.834182620048522949e+00
5.244967937469482422e+00
2.746447324752807617e+00
4.762768268585205078e+00
2.699724912643432617e+00
8.785611391067504883e-01
1.890814185142517090e+00
3.000879764556884766e+00
5.860146999359130859e+00
2.327002048492431641e+00
6.825246334075927734e+00
3.239729404449462891e+00
2.359452247619628906e+00
2.959461212158203125e+00
2.433717966079711914e+00
3.028602838516235352e+00
2.378483772277832031e+00
3.012809038162231445e+00
3.915570497512817383e+00
2.597399473190307617e+00
5.735054969787597656e+00
3.753163576126098633e+00
1.750227928161621094e+00
1.313127994537353516e+00
3.404566526412963867e+00
5.622850418090820312e+00
3.836315155029296875e+00
4.109775543212890625e+00
3.666814565658569336e+00
1.617979645729064941e+00
2.024544239044189453e+00
3.607484817504882812e+00
1.942624092102050781e+00
2.106602430343627930e+00
4.158477306365966797e+00
2.848483800888061523e+00
2.231377124786376953e+00
4.247263073921203613e-01
4.963109493255615234e+00
3.906206607818603516e+00
1.730224490165710449e+00
1.790855646133422852e+00
1.808993697166442871e+00
3.903728961944580078e+00
1.077257990837097168e+00
1.531499028205871582e+00
5.688066005706787109e+00
7.500911712646484375e+00
3.988974809646606445e+00
2.215661048889160156e+00
3.218758344650268555e+00
1.478309988975524902e+00
4.963841915130615234e+00
5.255251407623291016e+00
4.030895709991455078e+00
3.189254760742187500e+00
2.627741336822509766e+00
3.444129228591918945e+00
1.731791853904724121e+00
2.059748411178588867e+00
2.538926601409912109e+00
4.409519672393798828e+00
5.146857261657714844e+00
4.141359329223632812e+00
1.537823557853698730e+00
3.557992935180664062e+00
3.421809434890747070e+00
3.511180877685546875e+00
5.144248485565185547e+00
6.096455574035644531e+00
3.357990026473999023e+00
2.588051557540893555e+00
3.755190372467041016e+00
4.540978908538818359e+00
4.919828891754150391e+00
4.677924156188964844e+00
3.183974981307983398e+00
6.383159637451171875e+00
2.229923963546752930e+00
4.187082767486572266e+00
3.554154634475708008e+00
2.111019372940063477e+00
2.787006616592407227e+00
2.784901142120361328e+00
3.686492204666137695e+00
5.123405456542968750e+00
3.012715101242065430e+00
3.383911609649658203e+00
4.323735713958740234e+00
4.186378955841064453e+00
2.239741832017898560e-01
1.908854365348815918e+00
5.599475860595703125e+00
3.549976825714111328e+00
2.718139410018920898e+00
2.433646917343139648e+00
3.125533580780029297e+00
2.015300273895263672e+00
2.466766119003295898e+00
6.800974369049072266e+00
6.915689110755920410e-01
4.775287628173828125e+00
4.703452587127685547e+00
2.550377607345581055e+00
3.584579467773437500e+00
1.972342729568481445e+00
3.505760192871093750e+00
4.041234016418457031e+00
2.210486888885498047e+00
4.021962642669677734e+00
3.782878160476684570e+00
4.407865047454833984e+00
4.785111904144287109e+00
3.180230379104614258e+00
3.504937887191772461e+00
2.746763706207275391e+00
7.268722057342529297e+00
4.034683704376220703e+00
3.446606874465942383e+00
1.226734399795532227e+00
2.126956462860107422e+00
3.785656452178955078e+00
2.642482280731201172e+00
4.328923225402832031e+00
3.025559902191162109e+00
6.015773296356201172e+00
4.027871608734130859e+00
6.123653411865234375e+00
3.393070220947265625e+00
3.471202135086059570e+00
2.120796680450439453e+00
3.994857788085937500e+00
6.740017533302307129e-01
4.597469806671142578e+00
1.676152110099792480e+00
2.310599088668823242e+00
2.778979063034057617e+00
6.949844956398010254e-01
5.186752676963806152e-01
1.073380589485168457e+00
4.083817958831787109e+00
5.119329929351806641e+00
3.446817159652709961e+00
1.738224625587463379e+00
5.144163131713867188e+00
3.896468877792358398e+00
1.315400362014770508e+00
7.486104488372802734e+00
1.920517325401306152e+00
1.769095778465270996e+00
4.189874172210693359e+00
2.184283971786499023e+00
2.360848426818847656e+00
1.885418176651000977e+00
2.312880992889404297e+00
2.311859607696533203e+00
4.862984180450439453e+00
8.986404538154602051e-01
4.933648109436035156e+00
3.970996141433715820e+00
5.273911952972412109e+00
1.813555955886840820e+00
2.924748182296752930e+00
3.695675373077392578e+00
6.309198856353759766e+00
4.810664653778076172e+00
2.939932584762573242e+00
2.932732582092285156e+00
2.545945644378662109e+00
3.438001632690429688e+00
5.129274845123291016e+00
5.604480266571044922e+00
1.614716887474060059e+00
3.786421298980712891e+00
4.421009063720703125e+00
7.996343970298767090e-01
5.041955947875976562e+00
2.402814149856567383e+00
5.296743869781494141e+00
4.921182632446289062e+00
5.460205078125000000e+00
4.495134353637695312e+00
6.511520385742187500e+00
5.443076133728027344e+00
1.284773230552673340e+00
2.183376789093017578e+00
6.298465728759765625e+00
4.442172527313232422e+00
1.658309221267700195e+00
2.629469633102416992e+00
1.861029982566833496e+00
4.283898353576660156e+00
2.334015607833862305e+00
5.640523433685302734e+00
2.252933502197265625e+00
1.580599665641784668e+00
7.498709201812744141e+00
2.284054517745971680e+00
2.308431386947631836e+00
3.353232622146606445e+00
5.067236423492431641e+00
4.364304065704345703e+00
2.435055494308471680e+00
5.383989810943603516e+00
2.784907341003417969e+00
2.363024234771728516e+00
4.893480300903320312e+00
3.714770078659057617e+00
2.611323118209838867e+00
4.723517894744873047e-01
2.794298410415649414e+00
3.741606235504150391e+00
4.783133566379547119e-01
4.885299205780029297e+00
2.864847898483276367e+00
1.313957214355468750e+00
4.482344150543212891e+00
5.729319095611572266e+00
1.311056137084960938e+00
3.677117586135864258e+00
2.139176130294799805e+00
2.207706928253173828e+00
3.987062454223632812e+00
3.274214982986450195e+00
4.420172214508056641e+00
4.309352874755859375e+00
3.717579603195190430e+00
1.859463095664978027e+00
3.436369419097900391e+00
5.024003505706787109e+00
2.946072578430175781e+00
5.007700443267822266e+00
1.419889807701110840e+00
3.652479171752929688e+00
4.192997455596923828e+00
5.097264766693115234e+00
3.638983964920043945e+00
1.946301698684692383e+00
2.335127830505371094e+00
5.322343349456787109e+00
2.389172792434692383e+00
3.484587192535400391e+00
4.169647693634033203e+00
4.082608699798583984e+00
5.103024482727050781e+00
4.000041484832763672e+00
3.216731309890747070e+00
4.093712806701660156e+00
2.749813318252563477e+00
1.672923445701599121e+00
5.299594879150390625e+00
5.455670833587646484e+00
5.719207763671875000e+00
3.927554368972778320e+00
2.109427213668823242e+00
4.714446067810058594e+00
3.941284894943237305e+00
2.635943889617919922e+00
3.267324924468994141e+00
4.142470836639404297e+00
8.417445421218872070e-01
2.486184120178222656e+00
4.089103221893310547e+00
1.423646688461303711e+00
6.527565956115722656e+00
2.313185453414916992e+00
2.677259922027587891e+00
1.236895084381103516e+00
3.379733324050903320e+00
6.201655864715576172e+00
4.713275432586669922e+00
5.100892543792724609e+00
6.094188213348388672e+00
3.895311832427978516e+00
2.737462520599365234e+00
1.420189023017883301e+00
2.915417432785034180e+00
5.229052066802978516e+00
4.224871635437011719e+00
6.462467193603515625e+00
8.396598815917968750e+00
1.995566368103027344e+00
