4.004207134246826172e+00
3.962771177291870117e+00
2.296406507492065430e+00
3.990443944931030273e+00
6.249389171600341797e+00
3.903788089752197266e+00
2.683667182922363281e+00
4.397239685058593750e+00
2.048686265945434570e+00
6.934322357177734375e+00
4.075389385223388672e+00
4.622624874114990234e+00
4.107085227966308594e+00
2.595338106155395508e+00
3.285311460494995117e+00
2.790909051895141602e+00
7.350665330886840820e-01
2.267561197280883789e+00
4.786861419677734375e+00
2.011651992797851562e+00
3.388221025466918945e+00
5.003023624420166016e+00
4.307067871093750000e+00
3.997908115386962891e+00
2.933680772781372070e+00
1.396479725837707520e+00
3.984379291534423828e+00
2.648178815841674805e+00
7.004409313201904297e+00
8.342084884643554688e-01
6.297046184539794922e+00
2.887114524841308594e+00
3.397018194198608398e+00
4.203989505767822266e+00
2.596213817596435547e+00
5.934342861175537109e+00
3.117957353591918945e+00
2.011819601058959961e+00
4.663524150848388672e+00
4.012468814849853516e+00
4.077487945556640625e+00
1.641749382019042969e+00
2.233780622482299805e+00
4.251952648162841797e+00
3.928111791610717773e+00
6.101489067077636719e-01
2.022562980651855469e+00
1.153877139091491699e+00
3.644901990890502930e+00
7.372647762298583984e+00
1.180736303329467773e+00
2.411607027053833008e+00
3.301596164703369141e+00
2.811009168624877930e+00
2.266561031341552734e+00
4.733105182647705078e+00
2.499902248382568359e+00
3.565744400024414062e+00
4.257883071899414062e+00
3.659879446029663086e+00
3.551861524581909180e+00
7.253148078918457031e+00
7.191507816314697266e+00
4.166282176971435547e+00
2.707677602767944336e+00
6.790977001190185547e+00
3.877454519271850586e+00
2.461057901382446289e+00
3.509330749511718750e+00
5.295855998992919922e+00
1.458453059196472168e+00
2.718045711517333984e+00
4.597640991210937500e+00
4.803746700286865234e+00
1.828817009925842285e+00
1.847915291786193848e+00
6.750889778137207031e+00
6.394607543945312500e+00
2.801981687545776367e+00
4.900742530822753906e+00
4.447596549987792969e+00
4.760091304779052734e+00
3.635750293731689453e+00
2.267550468444824219e+00
3.715299367904663086e+00
3.881900787353515625e+00
4.873132228851318359e+00
2.122505187988281250e+00
1.417882323265075684e+00
3.072679281234741211e+00
2.972927808761596680e+00
1.359234452247619629e+00
4.528606414794921875e+00
5.127519130706787109e+00
6.719802379608154297e+00
3.533894062042236328e+00
3.656608581542968750e+00
4.577079296112060547e+00
2.600945949554443359e+00
4.336926460266113281e+00
2.057740688323974609e+00
1.268080592155456543e+00
6.770231723785400391e+00
6.761158943176269531e+00
2.284839153289794922e+00
5.762576103210449219e+00
5.524802207946777344e-01
1.384135127067565918e+00
4.793031215667724609e+00
5.190144062042236328e+00
2.290407896041870117e+00
1.807726860046386719e+00
3.879871368408203125e+00
1.701048254966735840e+00
4.876328468322753906e+00
4.397269248962402344e+00
5.598077297210693359e+00
3.129360437393188477e+00
2.087229490280151367e+00
2.317085981369018555e+00
3.385726928710937500e+00
5.797202110290527344e+00
2.880879640579223633e+00
3.993774175643920898e+00
3.584972321987152100e-01
2.114373922348022461e+00
4.863404750823974609e+00
4.463371753692626953e+00
3.238527297973632812e+00
3.376960515975952148e+00
2.541038513183593750e+00
2.801588535308837891e+00
5.991616725921630859e+00
3.739505052566528320e+00
2.501190662384033203e+00
2.117802143096923828e+00
2.940562963485717773e+00
2.859163522720336914e+00
2.697204589843750000e+00
2.465288877487182617e+00
4.898435592651367188e+00
1.082750916481018066e+00
4.970539093017578125e+00
4.636931419372558594e+00
3.482100009918212891e+00
3.942929983139038086e+00
3.631636857986450195e+00
2.597511768341064453e+00
2.822895526885986328e+00
3.047539234161376953e+00
4.285809516906738281e+00
2.904903411865234375e+00
3.389315843582153320e+00
5.844426631927490234e+00
5.609860420227050781e+00
8.083072900772094727e-01
3.304676532745361328e+00
4.888014793395996094e+00
3.027802944183349609e+00
3.085840463638305664e+00
3.773190259933471680e+00
6.353412151336669922e+00
2.065555095672607422e+00
4.275357723236083984e+00
3.905391693115234375e+00
2.877460241317749023e+00
3.491437673568725586e+00
5.155651569366455078e+00
3.273256063461303711e+00
2.628435611724853516e+00
2.046676158905029297e+00
5.729270458221435547e+00
3.344889402389526367e+00
2.508780956268310547e+00
1.331632971763610840e+00
2.217404127120971680e+00
9.930720329284667969e-01
4.190656661987304688e+00
2.086162090301513672e+00
3.914352178573608398e+00
3.904234647750854492e+00
2.621320486068725586e+00
3.089746236801147461e+00
3.837238311767578125e+00
6.864245891571044922e+00
3.401249408721923828e+00
1.332180142402648926e+00
3.277155399322509766e+00
3.254565000534057617e+00
3.274710416793823242e+00
2.991526365280151367e+00
4.690587043762207031e+00
2.714540958404541016e+00
3.843459367752075195e+00
4.431750297546386719e+00
2.123143911361694336e+00
5.207117080688476562e+00
4.079554557800292969e+00
1.763899445533752441e+00
3.897260665893554688e+00
3.474893569946289062e+00
4.549715518951416016e+00
3.481593370437622070e+00
2.773896694183349609e+00
2.749472379684448242e+00
2.414405345916748047e+00
3.147217035293579102e+00
4.203138351440429688e+00
4.927541732788085938e+00
2.178085327148437500e+00
4.012641429901123047e+00
1.742231726646423340e+00
3.305288076400756836e+00
4.800292968750000000e+00
3.535500764846801758e+00
3.874321460723876953e+00
5.513753414154052734e+00
1.423932433128356934e+00
1.019430518150329590e+00
1.788761019706726074e+00
2.856887578964233398e+00
2.400955200195312500e+00
2.801801681518554688e+00
3.838357925415039062e+00
2.397143125534057617e+00
3.900281906127929688e+00
4.440009593963623047e+00
4.057291984558105469e+00
4.938516139984130859e+00
4.861714363098144531e+00
3.235001325607299805e+00
2.263940334320068359e+00
6.743728637695312500e+00
1.521935224533081055e+00
1.452200651168823242e+00
1.669388651847839355e+00
3.011604785919189453e+00
6.864747524261474609e+00
1.147733449935913086e+00
5.155660152435302734e+00
2.858021259307861328e+00
1.710591197013854980e+00
4.683270454406738281e+00
3.946259260177612305e+00
7.041469216346740723e-01
4.423841953277587891e+00
1.746279358863830566e+00
6.094157695770263672e+00
2.595719814300537109e+00
5.428845405578613281e+00
3.239236593246459961e+00
4.741982936859130859e+00
6.155154228210449219e+00
4.633024692535400391e+00
5.118715763092041016e+00
2.019449949264526367e+00
2.436961412429809570e+00
1.353452563285827637e+00
8.407790064811706543e-01
1.859423995018005371e+00
2.365758657455444336e+00
2.952707290649414062e+00
4.096143245697021484e+00
6.857782840728759766e+00
3.446700811386108398e+00
4.871164798736572266e+00
5.768196105957031250e+00
2.423774480819702148e+00
5.237627506256103516e+00
3.046387434005737305e+00
4.034011363983154297e+00
1.309798598289489746e+00
4.252147674560546875e+00
4.879155635833740234e+00
4.750738143920898438e+00
4.833261013031005859e+00
9.469246864318847656e-01
3.725529909133911133e+00
2.059410810470581055e+00
4.716245174407958984e+00
2.627441167831420898e+00
2.909046173095703125e+00
3.722951650619506836e+00
2.766206502914428711e+00
2.068558931350708008e+00
4.437966346740722656e+00
1.418913841247558594e+00
3.530764341354370117e+00
1.779852867126464844e+00
2.821633338928222656e+00
4.674190998077392578e+00
4.575037002563476562e+00
1.548233985900878906e+00
1.222918152809143066e+00
4.162871837615966797e+00
3.091567754745483398e+00
3.810036420822143555e+00
2.074900627136230469e+00
2.996703624725341797e+00
5.358411788940429688e+00
3.667503356933593750e+00
2.736997127532958984e+00
4.561911106109619141e+00
1.473039627075195312e+00
6.577497005462646484e+00
5.790400981903076172e+00
3.109048604965209961e+00
7.105354070663452148e-01
5.086266040802001953e+00
2.907909154891967773e+00
3.802808761596679688e+00
1.273194432258605957e+00
2.177036046981811523e+00
5.610436916351318359e+00
5.257712841033935547e+00
1.484408617019653320e+00
9.906776547431945801e-01
2.315078496932983398e+00
4.592954158782958984e+00
4.446599483489990234e+00
1.315589308738708496e+00
2.681169748306274414e+00
3.133407115936279297e+00
4.634675025939941406e+00
1.534665346145629883e+00
3.419583082199096680e+00
3.808100223541259766e+00
5.021761894226074219e+00
2.875201225280761719e+00
1.956789612770080566e+00
5.932760238647460938e+00
5.282205104827880859e+00
6.403832435607910156e+00
6.726679325103759766e+00
5.445857524871826172e+00
3.592417955398559570e+00
2.167102575302124023e+00
2.215922594070434570e+00
4.549559593200683594e+00
3.454526662826538086e+00
1.754273414611816406e+00
2.288928508758544922e+00
6.418700695037841797e+00
3.648625612258911133e+00
3.778409242630004883e+00
2.495155096054077148e+00
4.568567276000976562e+00
7.456980347633361816e-01
1.754827737808227539e+00
2.974571943283081055e+00
1.258286595344543457e+00
1.550219416618347168e+00
2.752976179122924805e+00
4.149716854095458984e+00
6.540700435638427734e+00
3.641595840454101562e+00
5.626686573028564453e+00
5.539161205291748047e+00
3.494747161865234375e+00
4.592157840728759766e+00
1.606293320655822754e+00
2.178697824478149414e+00
3.905184507369995117e+00
4.994967460632324219e+00
5.550540924072265625e+00
3.055158376693725586e+00
3.788295745849609375e+00
2.534115552902221680e+00
4.303453922271728516e+00
5.011356353759765625e+00
2.244318008422851562e+00
4.487298011779785156e+00
2.015798091888427734e+00
4.468636989593505859e+00
3.138105154037475586e+00
4.218475818634033203e+00
4.261898517608642578e+00
1.941268563270568848e+00
5.412829875946044922e+00
5.487894058227539062e+00
8.509579658508300781e+00
8.922948241233825684e-01
4.303575515747070312e+00
1.529397845268249512e+00
2.528966903686523438e+00
2.436878681182861328e+00
3.188952207565307617e+00
5.353421688079833984e+00
5.829092979431152344e+00
3.753653049468994141e+00
5.444352626800537109e-01
1.891663193702697754e+00
1.525555610656738281e+00
3.953968763351440430e+00
3.476213455200195312e+00
2.660603046417236328e+00
2.992433071136474609e+00
4.274944305419921875e+00
3.888635635375976562e+00
2.854618310928344727e+00
2.607195615768432617e+00
5.869484901428222656e+00
3.223703861236572266e+00
5.908080577850341797e+00
1.213318467140197754e+00
4.383172988891601562e+00
4.007738590240478516e+00
3.172945022583007812e+00
4.797230243682861328e+00
3.525902509689331055e+00
3.223108291625976562e+00
3.076394796371459961e+00
4.292461872100830078e+00
5.177304744720458984e+00
1.130740880966186523e+00
9.386855363845825195e-01
3.530585527420043945e+00
4.081124782562255859e+00
2.039422750473022461e+00
1.215929269790649414e+00
4.742658138275146484e+00
2.590436697006225586e+00
2.335675239562988281e+00
3.999792575836181641e+00
2.596891164779663086e+00
3.892160177230834961e+00
9.644652605056762695e-01
3.328207492828369141e+00
4.830842494964599609e+00
5.132154464721679688e+00
2.457771062850952148e+00
3.490791797637939453e+00
2.573163509368896484e+00
7.321596145629882812e-01
2.304850339889526367e+00
3.645922422409057617e+00
4.691822528839111328e-01
3.501873016357421875e+00
4.906954288482666016e+00
1.274563312530517578e+00
9.627914428710937500e-01
7.098762035369873047e+00
4.192710399627685547e+00
1.305406570434570312e+00
2.851224660873413086e+00
2.644023895263671875e+00
4.708157539367675781e+00
2.473158121109008789e+00
4.498673915863037109e+00
4.472682476043701172e+00
3.322362899780273438e+00
2.187898874282836914e+00
4.450847148895263672e+00
5.284510135650634766e+00
3.671172857284545898e+00
1.825631022453308105e+00
4.315962791442871094e+00
2.044489145278930664e+00
1.975654602050781250e+00
8.567278981208801270e-01
4.740053176879882812e+00
4.373908996582031250e+00
4.584590435028076172e+00
2.630575895309448242e+00
1.200548887252807617e+00
7.481362342834472656e+00
9.985377192497253418e-01
4.812393665313720703e+00
4.381856441497802734e+00
5.004158973693847656e+00
2.875955104827880859e+00
2.299068212509155273e+00
2.452848434448242188e+00
4.355482578277587891e+00
3.266271352767944336e+00
5.059001922607421875e+00
1.239929080009460449e+00
6.014176845550537109e+00
6.671013832092285156e+00
2.911063432693481445e+00
6.035424709320068359e+00
3.012356519699096680e+00
2.530419826507568359e+00
2.280056715011596680e+00
3.279729604721069336e+00
6.056334972381591797e+00
4.155827999114990234e+00
3.568296194076538086e+00
2.257464885711669922e+00
1.118137359619140625e+00
5.829039096832275391e+00
2.459786891937255859e+00
3.462715864181518555e+00
4.133456230163574219e+00
2.756880283355712891e+00
4.173438549041748047e+00
3.094840049743652344e+00
3.201611757278442383e+00
1.171106100082397461e+00
5.270968437194824219e+00
3.851070165634155273e+00
6.813387393951416016e+00
4.509402751922607422e+00
1.456860184669494629e+00
2.103456020355224609e+00
3.454026460647583008e+00
2.415020465850830078e+00
4.200074672698974609e+00
1.637284874916076660e+00
1.275200247764587402e+00
4.119327545166015625e+00
3.691880464553833008e+00
3.968782186508178711e+00
2.552144289016723633e+00
5.243083000183105469e+00
2.835690021514892578e+00
9.245983362197875977e-01
2.954260587692260742e+00
1.633363366127014160e+00
1.153841257095336914e+00
5.211109161376953125e+00
4.100438594818115234e+00
3.393916845321655273e+00
6.747308254241943359e+00
3.473177433013916016e+00
3.613209486007690430e+00
2.847088813781738281e+00
2.643296957015991211e+00
2.853323936462402344e+00
2.189544677734375000e+00
3.036050081253051758e+00
1.247472643852233887e+00
3.195696353912353516e+00
7.123088359832763672e+00
4.002814769744873047e+00
3.450930833816528320e+00
3.274414062500000000e+00
1.812998056411743164e+00
2.989173412322998047e+00
4.827878475189208984e+00
2.816209554672241211e+00
4.207536697387695312e+00
5.516723990440368652e-01
1.420757651329040527e+00
3.336083650588989258e+00
3.693701267242431641e+00
2.535402297973632812e+00
3.026656389236450195e+00
1.402467846870422363e+00
3.299484729766845703e+00
6.075724601745605469e+00
8.077755928039550781e+00
1.674225449562072754e+00
1.101199626922607422e+00
2.030542612075805664e+00
4.628853321075439453e+00
1.697452783584594727e+00
4.321048259735107422e+00
1.935714960098266602e+00
3.478418827056884766e+00
3.059170722961425781e+00
2.154911994934082031e+00
2.278667211532592773e+00
1.339695811271667480e+00
3.675690174102783203e+00
3.431611299514770508e+00
5.773917198181152344e+00
1.899883151054382324e+00
1.227680563926696777e+00
2.840470552444458008e+00
2.607647418975830078e+00
3.504241704940795898e+00
4.318922519683837891e+00
7.165310859680175781e+00
1.427430868148803711e+00
3.328831195831298828e+00
1.339892148971557617e+00
3.319927930831909180e+00
4.801162242889404297e+00
3.321954488754272461e+00
2.500232458114624023e+00
2.543621778488159180e+00
2.460890531539916992e+00
4.111966609954833984e+00
4.500693798065185547e+00
5.510268688201904297e+00
3.191971480846405029e-01
4.217442989349365234e+00
2.700495958328247070e+00
5.711766242980957031e+00
3.585979938507080078e+00
4.867997169494628906e+00
4.956129550933837891e+00
4.377817153930664062e+00
7.607000827789306641e+00
3.551414251327514648e+00
1.161289691925048828e+00
3.020082235336303711e+00
2.047526121139526367e+00
2.727391958236694336e+00
2.858977556228637695e+00
1.429163336753845215e+00
1.671472191810607910e+00
2.843176841735839844e+00
3.127595901489257812e+00
4.796082973480224609e+00
1.677494406700134277e+00
4.263108730316162109e+00
6.361217021942138672e+00
3.492336273193359375e+00
2.555972337722778320e+00
4.763156414031982422e+00
2.842345476150512695e+00
5.758758068084716797e+00
2.918352842330932617e+00
1.513518452644348145e+00
3.314588546752929688e+00
4.782486915588378906e+00
2.959500789642333984e+00
1.880471229553222656e+00
4.323537349700927734e+00
2.912121534347534180e+00
2.485814809799194336e+00
2.745980262756347656e+00
3.214930295944213867e+00
2.075859546661376953e+00
2.033467054367065430e+00
1.555812716484069824e+00
2.838270902633666992e+00
6.558631420135498047e+00
4.700493335723876953e+00
1.417651534080505371e+00
5.863454341888427734e+00
1.246269106864929199e+00
1.878193736076354980e+00
1.039808392524719238e+00
3.145660161972045898e+00
1.949947595596313477e+00
4.911595344543457031e+00
2.550882577896118164e+00
3.249429702758789062e+00
4.917556285858154297e+00
5.941166877746582031e+00
3.333465576171875000e+00
2.567587614059448242e+00
1.668274283409118652e+00
2.762611627578735352e+00
2.652825117111206055e+00
9.755306243896484375e-01
1.328630328178405762e+00
2.585919141769409180e+00
3.072013378143310547e+00
4.030592441558837891e+00
2.876095533370971680e+00
2.182200670242309570e+00
7.032638788223266602e-01
2.255132913589477539e+00
4.624627590179443359e+00
4.072402000427246094e+00
4.847624301910400391e+00
4.184234142303466797e+00
4.209489345550537109e+00
2.796943664550781250e+00
3.761578083038330078e+00
6.171692848205566406e+00
1.412882208824157715e+00
2.326214551925659180e+00
3.462516546249389648e+00
4.165612697601318359e+00
4.860790252685546875e+00
2.627888917922973633e+00
2.171917438507080078e+00
3.355938673019409180e+00
2.860388040542602539e+00
1.791546821594238281e+00
1.171682119369506836e+00
4.293892860412597656e+00
3.064143657684326172e+00
1.356868505477905273e+00
3.186413049697875977e+00
4.950538635253906250e+00
4.286529064178466797e+00
2.017757415771484375e+00
3.370653867721557617e+00
4.030931472778320312e+00
2.760667800903320312e+00
5.610826015472412109e+00
4.194781780242919922e+00
4.488336563110351562e+00
6.034308433532714844e+00
6.685312390327453613e-01
1.602045655250549316e+00
4.346648693084716797e+00
3.753586530685424805e+00
3.839758396148681641e+00
4.071637630462646484e+00
1.678131103515625000e+00
4.302134990692138672e+00
5.311437129974365234e+00
2.927126169204711914e+00
4.187048912048339844e+00
2.981814384460449219e+00
2.444573402404785156e+00
5.744680881500244141e+00
6.839782238006591797e+00
4.560395717620849609e+00
1.181481480598449707e+00
4.696454524993896484e+00
2.304355382919311523e+00
4.446503639221191406e+00
4.859118461608886719e+00
4.988795757293701172e+00
2.247333288192749023e+00
3.382369279861450195e+00
2.677807807922363281e+00
2.667461156845092773e+00
3.964263677597045898e+00
3.244950532913208008e+00
2.606491565704345703e+00
2.207402944564819336e+00
3.539348602294921875e+00
2.761981725692749023e+00
2.359209537506103516e+00
4.113346576690673828e+00
7.008304595947265625e-01
4.874621868133544922e+00
6.134096145629882812e+00
1.436114430427551270e+00
5.135397911071777344e+00
3.973226308822631836e+00
5.940585613250732422e+00
4.064787864685058594e+00
3.166185140609741211e+00
2.772953748703002930e+00
1.543805122375488281e+00
5.741195678710937500e+00
3.132408618927001953e+00
2.007355451583862305e+00
1.440530300140380859e+00
1.409398913383483887e+00
4.589520931243896484e+00
5.802771568298339844e+00
2.761554479598999023e+00
4.485388278961181641e+00
3.869827747344970703e+00
7.207355499267578125e+00
3.919110536575317383e+00
1.070991873741149902e+00
1.335930705070495605e+00
2.136876344680786133e+00
1.758446931838989258e+00
6.584168910980224609e+00
2.161595106124877930e+00
4.062338352203369141e+00
2.916411399841308594e+00
7.761605739593505859e+00
2.523230314254760742e+00
3.793749570846557617e+00
6.207283139228820801e-01
2.502667903900146484e+00
2.544305562973022461e+00
2.498331308364868164e+00
5.003312587738037109e+00
3.028507471084594727e+00
4.252098083496093750e+00
3.196982622146606445e+00
2.086792469024658203e+00
4.024226665496826172e+00
2.643956661224365234e+00
3.921202182769775391e+00
4.002759456634521484e+00
1.926214218139648438e+00
1.311165213584899902e+00
3.811347961425781250e+00
2.604595899581909180e+00
4.223678588867187500e+00
3.200806140899658203e+00
1.731759071350097656e+00
2.733857870101928711e+00
4.356901645660400391e+00
2.939572811126708984e+00
4.496901988983154297e+00
3.077411413192749023e+00
3.664784669876098633e+00
2.938420772552490234e+00
1.535422801971435547e+00
3.937719345092773438e+00
6.355619907379150391e+00
1.776644587516784668e+00
2.930174589157104492e+00
1.182005405426025391e+00
3.616973638534545898e+00
5.406528472900390625e+00
3.730142593383789062e+00
5.267332077026367188e+00
3.007911205291748047e+00
2.630871236324310303e-01
1.637746214866638184e+00
2.196538925170898438e+00
7.170048713684082031e+00
1.482305526733398438e+00
5.592589855194091797e+00
4.461629390716552734e+00
3.512103319168090820e+00
4.051693916320800781e+00
3.560237884521484375e+00
7.102220058441162109e+00
2.453894376754760742e+00
1.154437541961669922e+00
1.835399866104125977e+00
1.151758790016174316e+00
2.736494064331054688e+00
2.577844142913818359e+00
2.314996004104614258e+00
1.457384467124938965e+00
4.038283824920654297e+00
4.949281215667724609e-01
4.348145961761474609e+00
7.794156670570373535e-01
2.144601583480834961e+00
1.263278961181640625e+00
3.531977891921997070e+00
1.145004272460937500e+00
6.050835132598876953e+00
2.893891096115112305e+00
3.338262319564819336e+00
3.468068838119506836e+00
4.585961341857910156e+00
4.191700458526611328e+00
1.853389978408813477e+00
3.697261095046997070e+00
1.949751257896423340e+00
5.635322570800781250e+00
2.538782358169555664e+00
4.103894233703613281e+00
3.041122436523437500e+00
2.381004095077514648e+00
3.406854391098022461e+00
2.709293127059936523e+00
5.172809600830078125e+00
2.223979711532592773e+00
4.805585384368896484e+00
1.594996333122253418e+00
1.988220572471618652e+00
4.023526668548583984e+00
3.169689893722534180e+00
4.258138656616210938e+00
1.091229319572448730e+00
5.569612026214599609e+00
5.085828304290771484e+00
3.657724380493164062e+00
1.232979416847229004e+00
6.204000949859619141e+00
3.254371643066406250e+00
3.344131469726562500e+00
7.421773433685302734e+00
2.628312587738037109e+00
1.617109179496765137e+00
1.246840238571166992e+00
2.899412870407104492e+00
1.882238268852233887e+00
3.991303205490112305e+00
4.147339820861816406e+00
3.882222890853881836e+00
4.792212963104248047e+00
5.190098285675048828e+00
5.319625377655029297e+00
4.369524955749511719e+00
1.829845309257507324e+00
4.547985076904296875e+00
5.609040260314941406e+00
1.163554310798645020e+00
3.691690206527709961e+00
3.742056369781494141e+00
1.929381728172302246e+00
5.464873790740966797e+00
1.166953921318054199e+00
7.164541721343994141e+00
3.623754262924194336e+00
3.220340728759765625e+00
2.925439357757568359e+00
4.036700725555419922e+00
7.117091655731201172e+00
3.815931797027587891e+00
1.856221079826354980e+00
4.682368755340576172e+00
4.409390449523925781e+00
2.230015277862548828e+00
3.199430704116821289e+00
5.219627857208251953e+00
2.325234174728393555e+00
7.366353034973144531e+00
2.941546440124511719e+00
6.813323974609375000e+00
3.236116409301757812e+00
4.343741893768310547e+00
3.865717649459838867e+00
2.715408086776733398e+00
3.776432037353515625e+00
3.306060075759887695e+00
4.482421875000000000e+00
3.495892286300659180e+00
2.091075181961059570e+00
1.939741969108581543e+00
1.407507658004760742e+00
2.887439727783203125e+00
5.296613693237304688e+00
4.179242134094238281e+00
3.522225618362426758e+00
1.818520426750183105e+00
3.136561632156372070e+00
3.529726743698120117e+00
6.176015377044677734e+00
4.076913356781005859e+00
4.458908081054687500e+00
3.771194219589233398e+00
3.478521823883056641e+00
7.635503292083740234e+00
2.462156295776367188e+00
5.019195079803466797e+00
2.855484962463378906e+00
2.159357786178588867e+00
1.146515607833862305e+00
2.021131277084350586e+00
2.679828643798828125e+00
3.860130786895751953e+00
5.358679294586181641e+00
4.640928268432617188e+00
6.010636806488037109e+00
2.494639396667480469e+00
2.517042160034179688e+00
3.627789020538330078e+00
2.642085790634155273e+00
3.512850522994995117e+00
2.736169576644897461e+00
5.314412593841552734e+00
3.024995088577270508e+00
3.073791980743408203e+00
1.702937483787536621e+00
4.092128276824951172e+00
2.866433858871459961e+00
4.643569469451904297e+00
1.608934402465820312e+00
4.130758762359619141e+00
8.014561653137207031e+00
4.022285461425781250e+00
2.335503578186035156e+00
2.438730478286743164e+00
3.488744497299194336e+00
3.192445039749145508e+00
1.058238625526428223e+00
6.100687980651855469e+00
3.288918018341064453e+00
4.348719120025634766e+00
3.999718189239501953e+00
3.688028812408447266e+00
3.694454908370971680e+00
2.341177701950073242e+00
3.550098419189453125e+00
5.510384559631347656e+00
2.863586902618408203e+00
4.094634532928466797e+00
3.541669130325317383e+00
7.377506256103515625e+00
3.688330888748168945e+00
4.129623889923095703e+00
5.448688030242919922e+00
4.232336997985839844e+00
1.784529089927673340e+00
3.008937597274780273e+00
2.652882099151611328e+00
4.722258567810058594e+00
2.506309747695922852e+00
1.515791773796081543e+00
1.904506325721740723e+00
4.860951900482177734e+00
6.939042568206787109e+00
3.377130508422851562e+00
2.634362936019897461e+00
5.329365730285644531e+00
6.588454723358154297e+00
1.391094803810119629e+00
6.866195201873779297e+00
9.769441485404968262e-01
4.794333934783935547e+00
3.362482070922851562e+00
2.392003059387207031e+00
5.418350696563720703e+00
2.658171653747558594e+00
2.345363616943359375e+00
4.828771591186523438e+00
3.643619537353515625e+00
2.762177228927612305e+00
3.376194715499877930e+00
5.180179119110107422e+00
3.709640979766845703e+00
5.332065582275390625e+00
2.972770452499389648e+00
3.758175611495971680e+00
5.128891944885253906e+00
