3.235199689865112305e+00
8.792017102241516113e-01
5.063939094543457031e+00
2.869639158248901367e+00
6.713006496429443359e+00
2.221605539321899414e+00
4.821397304534912109e+00
1.614848136901855469e+00
7.689704418182373047e+00
1.638781547546386719e+00
2.644749164581298828e+00
4.829397201538085938e+00
3.745487689971923828e+00
2.381375789642333984e+00
3.785201311111450195e+00
2.392893791198730469e+00
2.683630943298339844e+00
1.407079100608825684e+00
3.241456985473632812e+00
4.549452364444732666e-01
6.027098178863525391e+00
5.933159351348876953e+00
3.543579578399658203e+00
5.700668334960937500e+00
1.163827180862426758e+00
6.094459056854248047e+00
3.571749925613403320e+00
6.027129292488098145e-01
1.276440024375915527e+00
1.255187869071960449e+00
5.326818943023681641e+00
2.187712192535400391e+00
8.207108378410339355e-01
3.629477262496948242e+00
2.205259323120117188e+00
1.912295699119567871e+00
4.333366870880126953e+00
4.210938930511474609e+00
1.922682642936706543e+00
2.859230756759643555e+00
5.559058189392089844e+00
3.069113731384277344e+00
6.079353809356689453e+00
2.615779399871826172e+00
4.504718303680419922e+00
7.339338779449462891e+00
3.526389837265014648e+00
1.647009134292602539e+00
6.386605262756347656e+00
3.270574569702148438e+00
2.466481447219848633e+00
3.609487295150756836e+00
2.870672225952148438e+00
4.655082225799560547e+00
3.298774719238281250e+00
2.402105808258056641e+00
2.790531635284423828e+00
2.016550779342651367e+00
4.277832031250000000e+00
3.434100389480590820e+00
1.822506785392761230e+00
2.912131071090698242e+00
3.305936098098754883e+00
5.499843358993530273e-01
4.413356781005859375e+00
5.918594837188720703e+00
2.838376283645629883e+00
1.498231649398803711e+00
4.541452884674072266e+00
2.647336244583129883e+00
1.532064795494079590e+00
2.642547369003295898e+00
6.172568321228027344e+00
2.386123418807983398e+00
1.945178985595703125e+00
2.384527921676635742e+00
6.782067775726318359e+00
2.920556306838989258e+00
1.103491783142089844e+00
5.023954391479492188e+00
3.412168979644775391e+00
6.833587646484375000e+00
1.090013146400451660e+00
4.435925483703613281e+00
1.800356864929199219e+00
7.127930641174316406e+00
3.714202642440795898e+00
1.605102181434631348e+00
4.588033199310302734e+00
5.000127315521240234e+00
1.839954972267150879e+00
1.956214904785156250e+00
1.692059397697448730e+00
6.841315746307373047e+00
4.096801280975341797e+00
4.238502979278564453e+00
3.425053358078002930e+00
3.233002185821533203e+00
4.460156440734863281e+00
8.718726158142089844e+00
7.621260881423950195e-01
2.967388153076171875e+00
4.731262207031250000e+00
6.538743019104003906e+00
2.783884525299072266e+00
2.671250581741333008e+00
2.459649801254272461e+00
4.023219585418701172e+00
3.394502401351928711e+00
5.804287433624267578e+00
3.194892644882202148e+00
6.929749488830566406e+00
4.744575023651123047e+00
9.439991116523742676e-01
3.545511245727539062e+00
2.837187051773071289e+00
2.838568449020385742e+00
1.660133361816406250e+00
2.617985963821411133e+00
4.557402610778808594e+00
1.341843605041503906e+00
5.143045902252197266e+00
2.066262245178222656e+00
2.337829113006591797e+00
1.736218810081481934e+00
5.523044586181640625e+00
3.341515302658081055e+00
1.442082285881042480e+00
3.478114366531372070e+00
9.105555415153503418e-01
2.992760419845581055e+00
4.009546756744384766e+00
4.616304874420166016e+00
5.188755035400390625e+00
1.090512990951538086e+00
1.748312354087829590e+00
1.680781602859497070e+00
4.569526195526123047e+00
2.710966110229492188e+00
2.614569187164306641e+00
6.198585510253906250e+00
3.073507547378540039e+00
5.554352760314941406e+00
5.083863735198974609e+00
4.033353328704833984e+00
2.962951660156250000e+00
1.796802878379821777e+00
2.865468263626098633e+00
3.461131811141967773e+00
4.416522502899169922e+00
1.446851849555969238e+00
3.265904188156127930e+00
6.301871776580810547e+00
4.624942302703857422e+00
4.325492382049560547e+00
1.532439589500427246e+00
2.555510282516479492e+00
2.148643732070922852e+00
4.028931617736816406e+00
2.455047130584716797e+00
1.752310991287231445e+00
6.291196346282958984e-01
2.539204120635986328e+00
3.835749387741088867e+00
4.613844394683837891e+00
1.871484398841857910e+00
4.511635780334472656e+00
1.824275016784667969e+00
4.238875865936279297e+00
2.547582626342773438e+00
3.647248983383178711e+00
2.973121643066406250e+00
3.752469778060913086e+00
5.257395267486572266e+00
3.562379121780395508e+00
2.840583324432373047e+00
2.924533367156982422e+00
6.005096912384033203e+00
2.142447233200073242e+00
3.440710604190826416e-01
1.072155952453613281e+00
2.179302930831909180e+00
3.738457918167114258e+00
4.504788398742675781e+00
1.011471152305603027e+00
5.049640178680419922e+00
4.672652244567871094e+00
5.928290843963623047e+00
4.376076698303222656e+00
5.350249767303466797e+00
4.111951828002929688e+00
2.197793722152709961e+00
4.655300617218017578e+00
5.301276683807373047e+00
4.430183887481689453e+00
3.863691091537475586e+00
5.986510753631591797e+00
3.650841474533081055e+00
4.927355289459228516e+00
1.601851701736450195e+00
5.398597240447998047e+00
2.389764070510864258e+00
4.463451802730560303e-01
3.940501511096954346e-01
4.405593395233154297e+00
3.797120809555053711e+00
6.910871982574462891e+00
2.844663143157958984e+00
5.455700874328613281e+00
2.572246551513671875e+00
2.807157278060913086e+00
4.935665607452392578e+00
2.427663564682006836e+00
1.283417105674743652e+00
5.324233531951904297e+00
7.665303349494934082e-01
4.547824859619140625e+00
3.770723342895507812e+00
5.888788700103759766e+00
2.582674980163574219e+00
1.178668260574340820e+00
1.707738757133483887e+00
1.178350806236267090e+00
2.744317293167114258e+00
5.485543608665466309e-01
5.175838470458984375e+00
1.999750733375549316e+00
3.502198457717895508e+00
3.308140516281127930e+00
3.112599134445190430e+00
1.045227646827697754e+00
4.596641540527343750e+00
3.545879125595092773e+00
9.021859169006347656e+00
2.073730707168579102e+00
5.679975032806396484e+00
4.236864566802978516e+00
3.564465761184692383e+00
3.777158498764038086e+00
4.221751689910888672e+00
1.310137748718261719e+00
2.717086791992187500e+00
4.686295032501220703e+00
5.018557310104370117e-01
5.029755592346191406e+00
3.303355932235717773e+00
1.984843134880065918e+00
2.872377157211303711e+00
3.037292957305908203e+00
5.779391765594482422e+00
5.640215873718261719e+00
3.184383869171142578e+00
1.055621743202209473e+00
1.547869205474853516e+00
1.137044787406921387e+00
3.338171482086181641e+00
3.628213405609130859e-01
5.257796764373779297e+00
6.703248023986816406e+00
5.327310562133789062e+00
3.554717302322387695e+00
2.030220270156860352e+00
4.589181423187255859e+00
4.998729228973388672e+00
2.325624227523803711e+00
1.019032359123229980e+00
2.676872968673706055e+00
3.927455902099609375e+00
3.978500366210937500e+00
1.193409323692321777e+00
3.260250806808471680e+00
2.383843183517456055e+00
4.371456623077392578e+00
6.066923618316650391e+00
2.466652870178222656e+00
1.893868088722229004e+00
1.845924615859985352e+00
1.426427721977233887e+00
6.180642127990722656e+00
1.900713920593261719e+00
2.996303319931030273e+00
1.419497489929199219e+00
4.135093688964843750e+00
3.135365486145019531e+00
8.140284419059753418e-01
3.991150617599487305e+00
1.278664350509643555e+00
5.233229160308837891e+00
2.566789388656616211e+00
4.079314708709716797e+00
4.938430309295654297e+00
4.777510643005371094e+00
2.164330482482910156e+00
2.557879447937011719e+00
3.372284650802612305e+00
3.022381544113159180e+00
2.891216516494750977e+00
4.498166561126708984e+00
5.574137210845947266e+00
5.902113914489746094e-01
4.508900165557861328e+00
1.958403825759887695e+00
4.231076240539550781e+00
1.536928176879882812e+00
3.879943132400512695e+00
6.669349074363708496e-01
2.237027168273925781e+00
5.636756420135498047e+00
5.095919609069824219e+00
2.814789295196533203e+00
1.441692829132080078e+00
4.235702037811279297e+00
5.732879638671875000e+00
3.135872364044189453e+00
2.843431234359741211e+00
2.718229055404663086e+00
3.092841625213623047e+00
5.153008937835693359e+00
3.709782361984252930e+00
3.784370422363281250e+00
2.406313180923461914e+00
3.363573074340820312e+00
3.296419620513916016e+00
3.095880270004272461e+00
9.234670996665954590e-01
3.379787206649780273e+00
4.601148128509521484e+00
5.738643169403076172e+00
1.105965256690979004e+00
7.098491668701171875e+00
3.239938497543334961e+00
6.265586376190185547e+00
4.877883911132812500e+00
4.781587123870849609e+00
1.569401144981384277e+00
3.020031929016113281e+00
2.242923498153686523e+00
6.713819980621337891e+00
3.713808774948120117e+00
6.523431301116943359e+00
2.920714139938354492e+00
5.457488894462585449e-01
1.930654883384704590e+00
3.598512411117553711e+00
2.128823041915893555e+00
3.789662599563598633e+00
4.809330940246582031e+00
3.436698198318481445e+00
2.498580455780029297e+00
8.961982727050781250e-01
1.448878645896911621e+00
8.393965721130371094e+00
3.229116201400756836e+00
1.816818237304687500e+00
4.162681102752685547e+00
2.772226095199584961e+00
3.288459062576293945e+00
4.788331985473632812e+00
2.784502983093261719e+00
3.883244276046752930e+00
4.063825130462646484e+00
3.619791507720947266e+00
1.212078809738159180e+00
1.048348426818847656e+00
2.111943960189819336e+00
4.556129932403564453e+00
3.282257795333862305e+00
5.845129966735839844e+00
2.401202917098999023e+00
4.643050193786621094e+00
3.984092712402343750e+00
3.121300458908081055e+00
3.892349243164062500e+00
3.702847242355346680e+00
1.702754855155944824e+00
3.129434108734130859e+00
3.938170194625854492e+00
1.478117585182189941e+00
1.694573640823364258e+00
2.940629720687866211e+00
2.800192594528198242e+00
3.267687559127807617e+00
3.400232076644897461e+00
4.714939594268798828e+00
8.023772239685058594e-01
2.649036645889282227e+00
6.574378490447998047e+00
3.056197881698608398e+00
4.529762268066406250e+00
4.235285282135009766e+00
3.579105377197265625e+00
1.762095093727111816e+00
2.996079444885253906e+00
1.990756034851074219e+00
3.092870712280273438e+00
5.342592000961303711e-01
5.321202754974365234e+00
2.165160894393920898e+00
1.641186356544494629e+00
6.016739368438720703e+00
1.610877990722656250e+00
6.325402259826660156e+00
5.655456542968750000e+00
2.128048896789550781e+00
5.239025115966796875e+00
5.163125991821289062e+00
3.018588542938232422e+00
1.356940269470214844e+00
6.833494901657104492e-01
5.591945171356201172e+00
2.095022439956665039e+00
2.568823575973510742e+00
4.978809833526611328e+00
3.011147975921630859e+00
2.924868345260620117e+00
4.820314884185791016e+00
1.921908617019653320e+00
2.270098924636840820e+00
2.181346654891967773e+00
1.714322328567504883e+00
4.006602287292480469e+00
3.152107954025268555e+00
4.871414661407470703e+00
6.222283840179443359e+00
5.173669338226318359e+00
5.972288131713867188e+00
1.273748636245727539e+00
2.110346794128417969e+00
3.710032701492309570e+00
3.231958866119384766e+00
2.671184301376342773e+00
3.551897764205932617e+00
2.357772588729858398e+00
7.977367043495178223e-01
6.907033443450927734e+00
2.673354625701904297e+00
3.000653982162475586e+00
3.671050310134887695e+00
2.455826282501220703e+00
1.744613051414489746e+00
1.481241703033447266e+00
2.799927234649658203e+00
2.530435800552368164e+00
2.410397052764892578e+00
3.189502239227294922e+00
1.117236018180847168e+00
2.915091276168823242e+00
6.638659000396728516e+00
5.470711231231689453e+00
5.706476688385009766e+00
3.359339952468872070e+00
4.111389160156250000e+00
2.042395353317260742e+00
2.741297245025634766e+00
7.227147579193115234e+00
3.061059713363647461e+00
4.994517326354980469e+00
4.927796363830566406e+00
1.625674247741699219e+00
2.022759199142456055e+00
4.982948005199432373e-01
3.605119705200195312e+00
5.417994022369384766e+00
2.621420621871948242e+00
4.158860206604003906e+00
9.140588045120239258e-01
3.121201753616333008e+00
4.119721889495849609e+00
2.345112562179565430e+00
2.143423795700073242e+00
3.713920593261718750e+00
4.954365730285644531e+00
5.433143138885498047e+00
3.561878204345703125e+00
4.853076934814453125e+00
3.978965044021606445e+00
3.361288070678710938e+00
1.616183876991271973e+00
2.156960725784301758e+00
4.393805980682373047e+00
3.185322284698486328e+00
5.137447834014892578e+00
2.979083776473999023e+00
6.747567176818847656e+00
2.791694879531860352e+00
2.940822362899780273e+00
2.367581844329833984e+00
3.861540317535400391e+00
2.435960769653320312e+00
6.171363353729248047e+00
2.935073614120483398e+00
2.649967908859252930e+00
2.358021497726440430e+00
3.372219800949096680e+00
1.859286904335021973e+00
5.362931728363037109e+00
1.913991570472717285e+00
4.171754360198974609e+00
2.976686000823974609e+00
2.152222394943237305e+00
2.765233755111694336e+00
5.295650959014892578e+00
2.675112962722778320e+00
6.091533660888671875e+00
1.308594584465026855e+00
2.504896879196166992e+00
2.136082410812377930e+00
4.526320934295654297e+00
3.818433761596679688e+00
2.343934297561645508e+00
2.519877672195434570e+00
3.223527908325195312e+00
4.092844963073730469e+00
3.416640520095825195e+00
2.131599426269531250e+00
4.827701091766357422e+00
2.130117416381835938e+00
2.381165266036987305e+00
3.970415115356445312e+00
2.977476835250854492e+00
1.472334742546081543e+00
2.204586982727050781e+00
2.065305471420288086e+00
2.445071220397949219e+00
4.271776199340820312e+00
4.002010345458984375e+00
3.307756423950195312e+00
3.654516220092773438e+00
6.963901042938232422e+00
7.098774313926696777e-01
3.828241348266601562e+00
2.648271560668945312e+00
5.606014728546142578e+00
6.537902355194091797e+00
1.549153566360473633e+00
2.582058191299438477e+00
3.053222656250000000e+00
7.547158598899841309e-01
2.766104221343994141e+00
1.812015891075134277e+00
3.200286149978637695e+00
3.038173675537109375e+00
4.294436931610107422e+00
2.122436285018920898e+00
2.240452527999877930e+00
2.771624088287353516e+00
5.504792690277099609e+00
7.073427438735961914e-01
3.602133512496948242e+00
1.870712280273437500e+00
1.254724860191345215e+00
6.075939655303955078e+00
5.545241832733154297e+00
2.700010776519775391e+00
5.868299961090087891e+00
5.637191295623779297e+00
1.396912217140197754e+00
3.803173542022705078e+00
1.492600202560424805e+00
5.531604766845703125e+00
4.401905059814453125e+00
3.748564481735229492e+00
5.448441982269287109e+00
3.268304109573364258e+00
2.127771139144897461e+00
3.289165496826171875e+00
2.477782011032104492e+00
2.323454380035400391e+00
3.251754760742187500e+00
1.104432940483093262e+00
2.522553205490112305e+00
5.736116886138916016e+00
3.385860443115234375e+00
3.845489263534545898e+00
4.527012348175048828e+00
1.826628088951110840e+00
3.116034269332885742e+00
2.898604393005371094e+00
4.302865982055664062e+00
3.285859823226928711e+00
5.093595981597900391e+00
4.033753395080566406e+00
1.800066351890563965e+00
5.243024349212646484e+00
1.898255586624145508e+00
4.443744182586669922e+00
2.533946514129638672e+00
3.281686544418334961e+00
4.875218868255615234e+00
1.815843582153320312e+00
3.034857034683227539e+00
5.337527751922607422e+00
3.652981519699096680e+00
5.988173484802246094e+00
4.090983390808105469e+00
1.673263192176818848e+00
1.476451754570007324e+00
3.827725172042846680e+00
3.401615142822265625e+00
2.237095355987548828e+00
3.314498186111450195e+00
4.598095417022705078e+00
4.272283554077148438e+00
5.578524589538574219e+00
5.266631603240966797e+00
2.683329820632934570e+00
4.015638828277587891e+00
3.684468507766723633e+00
1.506529450416564941e+00
2.956321239471435547e+00
5.526904463768005371e-01
4.848240375518798828e+00
4.689755916595458984e+00
1.238250255584716797e+00
3.053510427474975586e+00
2.039186000823974609e+00
2.453835725784301758e+00
1.289159655570983887e+00
9.597361683845520020e-01
4.756417751312255859e+00
1.592571616172790527e+00
4.067312240600585938e+00
2.528515100479125977e+00
2.786023855209350586e+00
3.281811952590942383e+00
8.128979682922363281e+00
2.609772443771362305e+00
4.122100830078125000e+00
1.771176934242248535e+00
2.730563879013061523e+00
4.968722343444824219e+00
4.320353984832763672e+00
2.168099164962768555e+00
3.434112548828125000e+00
2.622222900390625000e+00
5.804161071777343750e+00
1.077845096588134766e+00
2.959880352020263672e+00
1.052129507064819336e+00
1.121879339218139648e+00
1.354617595672607422e+00
2.714725255966186523e+00
2.490653753280639648e+00
2.090295553207397461e+00
7.335475921630859375e+00
2.899339675903320312e+00
2.625251531600952148e+00
4.256331920623779297e+00
2.356051206588745117e+00
3.020628690719604492e+00
5.683729648590087891e+00
4.236183166503906250e+00
1.944949507713317871e+00
2.391723394393920898e+00
1.957032442092895508e+00
3.355159759521484375e+00
7.688255906105041504e-01
3.597009658813476562e+00
7.838851809501647949e-01
2.361109495162963867e+00
1.429385066032409668e+00
3.903278350830078125e+00
3.869873046875000000e+00
2.856037855148315430e+00
4.971448421478271484e+00
4.256157398223876953e+00
2.824208974838256836e+00
3.498827457427978516e+00
2.483214378356933594e+00
4.708494186401367188e+00
3.130882024765014648e+00
5.078417301177978516e+00
4.849449634552001953e+00
4.631453990936279297e+00
3.029718160629272461e+00
3.469300985336303711e+00
6.055956840515136719e+00
5.039439678192138672e+00
8.292738199234008789e-01
3.331969499588012695e+00
1.483077645301818848e+00
2.329597711563110352e+00
2.583885431289672852e+00
4.413777828216552734e+00
3.591581821441650391e+00
1.641552209854125977e+00
3.342855453491210938e+00
6.363482475280761719e+00
1.864911675453186035e+00
4.125634670257568359e+00
7.520703792572021484e+00
3.342115879058837891e+00
7.106353759765625000e+00
3.297106266021728516e+00
6.513131141662597656e+00
1.858655214309692383e+00
3.872342348098754883e+00
1.342561006546020508e+00
3.643646001815795898e+00
3.307096481323242188e+00
3.127202033996582031e+00
4.261403560638427734e+00
1.744682669639587402e+00
3.725606679916381836e+00
4.022222042083740234e+00
2.240333795547485352e+00
3.277857542037963867e+00
2.688414335250854492e+00
3.929175138473510742e+00
3.549083471298217773e+00
4.381377696990966797e+00
2.240324497222900391e+00
4.476685523986816406e+00
1.073392987251281738e+00
1.547964930534362793e+00
3.254498004913330078e+00
1.780808091163635254e+00
2.127460479736328125e+00
3.271589279174804688e+00
5.018265247344970703e+00
3.240573644638061523e+00
2.523106098175048828e+00
5.715373039245605469e+00
1.143431425094604492e+00
4.571341514587402344e+00
5.034247398376464844e+00
3.594007968902587891e+00
4.395736694335937500e+00
4.267828464508056641e+00
3.836685895919799805e+00
3.536704301834106445e+00
6.836139559745788574e-01
3.385778188705444336e+00
2.577909469604492188e+00
2.357862710952758789e+00
3.338996648788452148e+00
4.807622909545898438e+00
1.407657384872436523e+00
4.654777050018310547e+00
3.659847974777221680e+00
2.259271383285522461e+00
3.399265766143798828e+00
3.215359926223754883e+00
3.674975156784057617e+00
5.938678264617919922e+00
2.690018415451049805e+00
2.141537904739379883e+00
2.275277137756347656e+00
3.052268743515014648e+00
6.050560474395751953e+00
8.007355928421020508e-01
2.343832731246948242e+00
6.612049102783203125e+00
6.315705776214599609e+00
8.069514274597167969e+00
7.002843379974365234e+00
5.953874588012695312e+00
5.734764099121093750e+00
2.015879869461059570e+00
2.701190710067749023e+00
2.452699422836303711e+00
4.422069072723388672e+00
1.911745905876159668e+00
6.463261604309082031e+00
3.629493474960327148e+00
8.403162360191345215e-01
3.967009782791137695e+00
2.512152433395385742e+00
4.350202560424804688e+00
5.440114021301269531e+00
3.706470966339111328e+00
2.028207063674926758e+00
2.414582729339599609e+00
5.914440631866455078e+00
3.343712329864501953e+00
3.076246023178100586e+00
4.135390758514404297e+00
4.053582668304443359e+00
1.631129503250122070e+00
1.886483430862426758e+00
1.538738965988159180e+00
2.407673597335815430e+00
5.759583115577697754e-01
7.624446749687194824e-01
4.961729049682617188e+00
5.763221263885498047e+00
1.066266059875488281e+00
4.413453578948974609e+00
2.005389690399169922e+00
4.328586101531982422e+00
4.922738552093505859e+00
2.374074935913085938e+00
4.495983600616455078e+00
3.573693037033081055e+00
1.490787506103515625e+00
4.379007339477539062e+00
1.336876392364501953e+00
3.218282461166381836e+00
4.485946655273437500e+00
3.757052659988403320e+00
1.965777397155761719e+00
4.567678928375244141e+00
5.584683418273925781e+00
2.141246795654296875e+00
2.062546730041503906e+00
2.652588605880737305e+00
1.381359338760375977e+00
6.375162601470947266e+00
2.335445165634155273e+00
5.148229122161865234e+00
1.546799182891845703e+00
2.815568685531616211e+00
2.066606283187866211e+00
2.845736503601074219e+00
5.947414875030517578e+00
2.663913965225219727e+00
2.949853658676147461e+00
3.293571233749389648e+00
3.891462326049804688e+00
2.431767225265502930e+00
2.503920316696166992e+00
5.084156036376953125e+00
3.177383422851562500e+00
2.462891817092895508e+00
2.970491170883178711e+00
4.917690753936767578e+00
3.414174318313598633e+00
2.689295768737792969e+00
4.041405677795410156e+00
5.072648525238037109e+00
1.541581630706787109e+00
3.841213703155517578e+00
1.323664903640747070e+00
4.365175247192382812e+00
6.398334980010986328e+00
3.194262742996215820e+00
4.184941291809082031e+00
1.265363693237304688e+00
3.910777330398559570e+00
5.078287124633789062e+00
3.356166601181030273e+00
7.652637004852294922e+00
2.601435422897338867e+00
4.575017452239990234e+00
2.554970502853393555e+00
3.813287734985351562e+00
1.267834663391113281e+00
3.369096755981445312e+00
6.455938816070556641e+00
3.891729116439819336e+00
1.554575324058532715e+00
2.532740592956542969e+00
6.854884624481201172e+00
8.497231483459472656e+00
1.742132067680358887e+00
3.369493961334228516e+00
3.161909580230712891e+00
4.232940673828125000e+00
6.482800483703613281e+00
4.955968856811523438e+00
1.996532678604125977e+00
3.524024248123168945e+00
3.006619691848754883e+00
3.536936521530151367e+00
4.368766784667968750e+00
3.648712158203125000e+00
5.765862464904785156e+00
2.708828449249267578e+00
4.068168640136718750e+00
3.731594085693359375e+00
3.633895158767700195e+00
4.362473964691162109e+00
5.989557266235351562e+00
1.089028239250183105e+00
1.308912992477416992e+00
4.425977706909179688e+00
2.306629657745361328e+00
4.656504631042480469e+00
4.159481048583984375e+00
1.033818721771240234e+01
2.492384672164916992e+00
5.787508010864257812e+00
4.538655757904052734e+00
4.616998195648193359e+00
2.791092157363891602e+00
5.187021732330322266e+00
1.247847914695739746e+00
3.341156721115112305e+00
3.785050153732299805e+00
6.042059898376464844e+00
2.445451498031616211e+00
3.899023056030273438e+00
2.697995901107788086e+00
3.082098484039306641e+00
3.627452611923217773e+00
6.881660461425781250e+00
4.957632064819335938e+00
3.696293592453002930e+00
1.497236371040344238e+00
3.686125516891479492e+00
4.547196865081787109e+00
4.502460002899169922e+00
2.799201250076293945e+00
3.020405530929565430e+00
3.637305021286010742e+00
3.190953016281127930e+00
3.201426267623901367e+00
7.069334506988525391e+00
2.825966835021972656e+00
4.623489379882812500e+00
2.822843551635742188e+00
6.575109362602233887e-01
4.061839580535888672e+00
3.266835927963256836e+00
4.813840866088867188e+00
4.858797073364257812e+00
2.027960538864135742e+00
2.523484468460083008e+00
3.235413789749145508e+00
2.947857856750488281e+00
2.886647462844848633e+00
1.377275347709655762e+00
5.158547401428222656e+00
3.359630584716796875e+00
1.456746816635131836e+00
7.504525184631347656e+00
4.640500545501708984e+00
1.416009068489074707e+00
7.348432540893554688e-01
6.099684715270996094e+00
3.535197973251342773e+00
4.769029617309570312e+00
1.146601319313049316e+00
3.997300863265991211e+00
5.157618999481201172e+00
2.746004343032836914e+00
5.347061634063720703e+00
3.424415588378906250e+00
1.068262815475463867e+00
5.554461956024169922e+00
4.466310977935791016e+00
2.801391124725341797e+00
4.468264579772949219e+00
2.832496404647827148e+00
2.616926670074462891e+00
3.195304632186889648e+00
3.214443922042846680e+00
2.388484716415405273e+00
1.211297392845153809e+00
4.478949546813964844e+00
1.808054924011230469e+00
1.026335239410400391e+00
7.626556158065795898e-01
1.116652846336364746e+00
2.603991508483886719e+00
3.360772848129272461e+00
3.713566303253173828e+00
1.609702944755554199e+00
6.162571430206298828e+00
2.884849071502685547e+00
4.961680889129638672e+00
5.167458534240722656e+00
4.936310291290283203e+00
3.762143373489379883e+00
3.024752378463745117e+00
2.890181779861450195e+00
1.165837168693542480e+00
1.929030776023864746e+00
8.237692832946777344e+00
5.452170848846435547e+00
1.727081298828125000e+00
9.274116754531860352e-01
1.438766241073608398e+00
1.960949778556823730e+00
4.367764949798583984e+00
5.846688747406005859e+00
4.565715789794921875e+00
4.669105052947998047e+00
2.602332830429077148e+00
4.849835872650146484e+00
4.354451656341552734e+00
2.799786329269409180e+00
2.916957139968872070e+00
1.728563308715820312e+00
3.173226833343505859e+00
3.739730834960937500e+00
4.718835830688476562e+00
5.771672725677490234e+00
1.763902544975280762e+00
2.323613882064819336e+00
1.693809747695922852e+00
3.744972229003906250e+00
3.122275352478027344e+00
1.563129782676696777e+00
6.524898052215576172e+00
2.033218622207641602e+00
5.010123848915100098e-01
4.248950481414794922e+00
2.937724828720092773e+00
4.383365631103515625e+00
