3.340103626251220703e+00
2.416917085647583008e+00
9.636000990867614746e-01
1.938092827796936035e+00
2.577897548675537109e+00
4.460783481597900391e+00
1.264747500419616699e+00
4.354114055633544922e+00
7.244038581848144531e+00
1.910763025283813477e+00
4.157964706420898438e+00
2.122270107269287109e+00
6.503001689910888672e+00
2.474011898040771484e+00
1.825641989707946777e+00
4.211440563201904297e+00
5.972782373428344727e-01
4.081922054290771484e+00
1.653978943824768066e+00
3.144980669021606445e+00
7.219245433807373047e+00
3.734010457992553711e+00
1.458428263664245605e+00
1.612501144409179688e+00
4.329234123229980469e+00
3.150199890136718750e+00
3.949054002761840820e+00
5.209926128387451172e+00
4.653798580169677734e+00
2.664365530014038086e+00
4.112611293792724609e+00
2.606891393661499023e+00
2.882426977157592773e+00
5.389975070953369141e+00
2.321606874465942383e+00
4.807768821716308594e+00
3.404743194580078125e+00
4.865083217620849609e+00
4.861316204071044922e+00
2.816914319992065430e+00
4.763362407684326172e+00
3.955207824707031250e+00
3.854335784912109375e+00
6.718272686004638672e+00
3.593042135238647461e+00
4.982113838195800781e+00
4.782216072082519531e+00
4.249068737030029297e+00
3.134653091430664062e+00
3.650722980499267578e+00
4.098190784454345703e+00
4.493779659271240234e+00
2.253895044326782227e+00
3.024672746658325195e+00
2.146932125091552734e+00
3.104053258895874023e+00
4.618353843688964844e+00
1.773119211196899414e+00
6.259033679962158203e+00
3.343928575515747070e+00
7.845787048339843750e+00
1.993170142173767090e+00
3.085873126983642578e+00
4.602272510528564453e+00
1.903876304626464844e+00
3.379529237747192383e+00
3.908496856689453125e+00
2.396603822708129883e+00
2.476964712142944336e+00
4.190887451171875000e+00
7.513920783996582031e+00
3.609155654907226562e+00
1.101230025291442871e+00
9.567133188247680664e-01
1.831825852394104004e+00
1.613735079765319824e+00
3.620953083038330078e+00
1.234364867210388184e+00
6.234296321868896484e+00
8.487682342529296875e-01
4.904845714569091797e+00
3.375529050827026367e+00
2.207749128341674805e+00
5.817357897758483887e-01
3.614379167556762695e+00
4.858964443206787109e+00
2.154578924179077148e+00
2.141123533248901367e+00
3.865705490112304688e+00
2.506665945053100586e+00
7.824857234954833984e+00
3.033732175827026367e+00
1.810014963150024414e+00
2.703218460083007812e+00
3.029587268829345703e+00
6.683152675628662109e+00
4.835021495819091797e+00
5.362303256988525391e+00
3.389807939529418945e+00
2.702263832092285156e+00
3.883976697921752930e+00
2.009176969528198242e+00
2.317379951477050781e+00
7.319037318229675293e-01
5.513126254081726074e-01
7.829993367195129395e-01
5.430188655853271484e+00
3.432384490966796875e+00
2.642948865890502930e+00
5.583602428436279297e+00
5.141275882720947266e+00
3.924643039703369141e+00
2.232697963714599609e+00
3.863272905349731445e+00
4.307785511016845703e+00
4.977687835693359375e+00
4.203333854675292969e+00
3.455230474472045898e+00
2.349492073059082031e+00
3.688906431198120117e+00
6.680797576904296875e+00
5.405318737030029297e+00
3.968117475509643555e+00
1.519601821899414062e+00
8.748341560363769531e+00
2.104045629501342773e+00
3.571762561798095703e+00
9.051750183105468750e+00
5.950116157531738281e+00
1.704269051551818848e+00
4.822727143764495850e-01
3.384393692016601562e+00
7.448117256164550781e+00
3.852755784988403320e+00
3.964520692825317383e+00
1.404218673706054688e+00
2.077666997909545898e+00
1.004840660095214844e+01
3.940899372100830078e+00
5.584591865539550781e+00
2.649881839752197266e+00
3.102989912033081055e+00
1.419422388076782227e+00
7.524101138114929199e-01
5.545701980590820312e+00
2.041827440261840820e+00
4.475415706634521484e+00
2.410221576690673828e+00
2.661717891693115234e+00
4.023401260375976562e+00
4.229705810546875000e+00
4.976774692535400391e+00
3.118186712265014648e+00
1.819452643394470215e+00
2.216530561447143555e+00
1.280501246452331543e+00
2.639897346496582031e+00
2.837822198867797852e+00
6.295169353485107422e+00
3.790824890136718750e+00
7.952629923820495605e-01
4.224269390106201172e+00
7.121131896972656250e+00
3.277230024337768555e+00
5.267851829528808594e+00
3.295554399490356445e+00
1.458794951438903809e+00
2.720745801925659180e+00
4.059995174407958984e+00
1.610149264335632324e+00
3.853656053543090820e+00
4.168647766113281250e+00
3.023518323898315430e+00
6.152837276458740234e+00
5.160257339477539062e+00
3.834526538848876953e+00
4.217233180999755859e+00
2.266949176788330078e+00
4.807885169982910156e+00
4.731020450592041016e+00
1.746113181114196777e+00
1.867654800415039062e+00
2.341750860214233398e+00
2.186695575714111328e+00
5.506578445434570312e+00
3.197309255599975586e+00
4.912926673889160156e+00
9.235531091690063477e-01
8.183219909667968750e+00
1.360300540924072266e+00
3.877288818359375000e+00
1.820068001747131348e+00
5.200826168060302734e+00
6.621282696723937988e-01
2.870078563690185547e+00
4.434123992919921875e+00
4.431526660919189453e+00
3.498865842819213867e+00
2.151536703109741211e+00
1.246063590049743652e+00
5.616383075714111328e+00
1.222358226776123047e+00
2.007857084274291992e+00
8.670062065124511719e+00
2.758466482162475586e+00
3.674570798873901367e+00
5.308079719543457031e+00
2.543142557144165039e+00
3.107079267501831055e+00
5.757724285125732422e+00
3.993784427642822266e+00
2.196468114852905273e+00
2.107310056686401367e+00
5.340926051139831543e-01
2.041136503219604492e+00
3.737824201583862305e+00
1.379442930221557617e+00
4.527181148529052734e+00
2.270300865173339844e+00
3.964190721511840820e+00
3.421556234359741211e+00
3.215796232223510742e+00
9.021186828613281250e-01
2.497669935226440430e+00
3.105694532394409180e+00
4.459064483642578125e+00
1.670159578323364258e+00
6.263129234313964844e+00
1.820581674575805664e+00
2.010527610778808594e+00
3.516653537750244141e+00
3.612068176269531250e+00
1.005107283592224121e+00
2.665206432342529297e+00
4.272996902465820312e+00
4.102649211883544922e+00
2.764968872070312500e+00
1.370080113410949707e+00
4.433630943298339844e+00
3.572267532348632812e+00
1.844539999961853027e+00
5.325021266937255859e+00
4.092150688171386719e+00
1.733106613159179688e+00
3.520151853561401367e+00
4.988993167877197266e+00
4.042504787445068359e+00
2.668547391891479492e+00
2.949191331863403320e+00
6.327107548713684082e-01
2.214674711227416992e+00
2.307832717895507812e+00
5.404551506042480469e+00
6.365691184997558594e+00
5.524609088897705078e+00
2.814999580383300781e+00
3.224178075790405273e+00
4.941903591156005859e+00
3.443384170532226562e+00
3.098936080932617188e+00
1.844627022743225098e+00
4.050121307373046875e+00
1.227618813514709473e+00
1.299342036247253418e+00
3.410926580429077148e+00
5.472743988037109375e+00
1.395114183425903320e+00
1.668601036071777344e+00
3.230466842651367188e+00
6.575376033782958984e+00
3.197624921798706055e+00
2.312155246734619141e+00
6.062243938446044922e+00
4.689046382904052734e+00
3.129395484924316406e+00
4.980301856994628906e+00
5.192150115966796875e+00
4.963754177093505859e+00
1.823767542839050293e+00
4.549073696136474609e+00
1.506904482841491699e+00
5.467245578765869141e+00
4.304268360137939453e+00
1.669173479080200195e+00
5.266021251678466797e+00
4.163402557373046875e+00
2.574655532836914062e+00
6.171494960784912109e+00
5.281532764434814453e+00
1.044662833213806152e+00
1.457327127456665039e+00
8.170544505119323730e-01
5.386266231536865234e+00
1.629081606864929199e+00
5.027218341827392578e+00
3.178667783737182617e+00
2.558993339538574219e+00
2.236681461334228516e+00
3.604148864746093750e+00
3.793489217758178711e+00
3.282454729080200195e+00
1.837875962257385254e+00
3.697754621505737305e+00
2.184784412384033203e+00
5.160741209983825684e-01
4.442276954650878906e+00
1.229826331138610840e+00
2.318231344223022461e+00
1.509921908378601074e+00
3.884874105453491211e+00
2.371030807495117188e+00
5.619392395019531250e+00
5.706466674804687500e+00
3.370878696441650391e+00
1.397504448890686035e+00
2.595781326293945312e+00
3.358309864997863770e-01
4.405457496643066406e+00
3.807423114776611328e+00
3.078609228134155273e+00
4.793534755706787109e+00
5.706857681274414062e+00
6.420591831207275391e+00
4.024986267089843750e+00
4.775539398193359375e+00
4.538086891174316406e+00
4.118262290954589844e+00
2.075731515884399414e+00
4.596423625946044922e+00
5.158662319183349609e+00
2.910760641098022461e+00
4.981556415557861328e+00
2.583467960357666016e+00
3.613947391510009766e+00
2.203771829605102539e+00
4.391592979431152344e+00
3.414370059967041016e+00
1.495017528533935547e+00
7.508668422698974609e+00
3.814520359039306641e+00
4.227159500122070312e+00
2.375791311264038086e+00
4.909630775451660156e+00
3.645315170288085938e+00
2.891425371170043945e+00
1.072205543518066406e+00
3.569325804710388184e-01
4.584479808807373047e+00
4.070453166961669922e+00
1.159916281700134277e+00
1.161839723587036133e+00
3.164678573608398438e+00
3.147433519363403320e+00
5.719085216522216797e+00
3.769284009933471680e+00
4.622332096099853516e+00
5.531446456909179688e+00
5.273936748504638672e+00
5.167387008666992188e+00
2.659461021423339844e+00
5.792918801307678223e-01
5.487588047981262207e-01
4.799531459808349609e+00
2.687775850296020508e+00
4.830651760101318359e+00
5.673981666564941406e+00
2.374556541442871094e+00
1.815361022949218750e+00
2.661235809326171875e+00
7.218901157379150391e+00
5.843150138854980469e+00
2.864388227462768555e+00
2.253915071487426758e+00
3.825021505355834961e+00
2.512751340866088867e+00
4.845944404602050781e+00
5.170913219451904297e+00
2.947208881378173828e+00
3.017165184020996094e+00
1.073266220092773438e+01
2.707330226898193359e+00
6.351014614105224609e+00
5.990787506103515625e+00
5.650355219841003418e-01
5.175216197967529297e+00
3.194676160812377930e+00
3.560708761215209961e+00
2.765418767929077148e+00
9.406356215476989746e-01
1.607991456985473633e+00
4.745492458343505859e+00
2.446982145309448242e+00
3.871374845504760742e+00
5.338003635406494141e+00
3.436327457427978516e+00
3.007792711257934570e+00
3.944620609283447266e+00
3.634246110916137695e+00
5.808280467987060547e+00
6.885012149810791016e+00
1.966556429862976074e+00
6.850322246551513672e+00
4.202255249023437500e+00
2.841265201568603516e+00
2.424604415893554688e+00
4.199939727783203125e+00
6.283872127532958984e+00
4.414062023162841797e+00
7.151394844055175781e+00
3.891872406005859375e+00
4.543752193450927734e+00
2.511437177658081055e+00
4.346602916717529297e+00
1.635417938232421875e+00
4.651789188385009766e+00
4.389600753784179688e+00
5.384654045104980469e+00
2.996466875076293945e+00
4.223592758178710938e+00
5.908935070037841797e+00
2.679313421249389648e+00
1.646389365196228027e+00
2.493511915206909180e+00
5.890498161315917969e+00
4.292508602142333984e+00
3.123533010482788086e+00
3.934847354888916016e+00
5.199450969696044922e+00
4.695446491241455078e+00
4.173331737518310547e+00
3.763278245925903320e+00
7.178884029388427734e+00
2.229265928268432617e+00
2.746961832046508789e+00
4.577269554138183594e+00
2.403469324111938477e+00
2.769831180572509766e+00
3.774981737136840820e+00
4.058381080627441406e+00
7.580464482307434082e-01
2.598320007324218750e+00
4.234631538391113281e+00
2.135380029678344727e+00
5.431773662567138672e+00
4.590050220489501953e+00
2.276350736618041992e+00
2.529561042785644531e+00
2.856515407562255859e+00
3.478080034255981445e+00
4.580571651458740234e+00
3.486597061157226562e+00
5.946853637695312500e+00
8.528520464897155762e-01
2.580958127975463867e+00
5.634675025939941406e+00
1.394358515739440918e+00
3.006780624389648438e+00
3.324707746505737305e+00
7.657878398895263672e+00
2.928330421447753906e+00
1.461587905883789062e+00
1.725686907768249512e+00
4.245711326599121094e+00
3.025320053100585938e+00
3.411164999008178711e+00
7.663315773010253906e+00
9.137828826904296875e+00
4.492185115814208984e+00
4.924024105072021484e+00
4.560205936431884766e+00
1.565286993980407715e+00
3.326596975326538086e+00
2.501438617706298828e+00
1.178412079811096191e+00
3.674533843994140625e+00
3.503566682338714600e-01
4.982396602630615234e+00
3.915054798126220703e+00
2.913780927658081055e+00
2.742019176483154297e+00
1.865028738975524902e+00
3.521173238754272461e+00
2.312848091125488281e+00
3.868703126907348633e+00
1.217375636100769043e+00
3.693300247192382812e+00
6.341608524322509766e+00
2.548476457595825195e+00
3.893445968627929688e+00
3.580316543579101562e+00
4.268866062164306641e+00
3.786842107772827148e+00
4.258566856384277344e+00
1.203680515289306641e+00
2.378396511077880859e+00
4.928750514984130859e+00
1.712890505790710449e+00
2.022212743759155273e+00
2.264594316482543945e+00
1.842470526695251465e+00
2.951920270919799805e+00
3.857679367065429688e+00
3.023503303527832031e+00
2.705175161361694336e+00
2.984879970550537109e+00
2.970643281936645508e+00
3.916191577911376953e+00
1.125996947288513184e+00
1.485834479331970215e+00
4.649167537689208984e+00
2.052523374557495117e+00
2.726711750030517578e+00
1.700380682945251465e+00
5.796593189239501953e+00
3.458637952804565430e+00
1.550496697425842285e+00
3.209632873535156250e+00
1.453243851661682129e+00
4.113110065460205078e+00
3.055364847183227539e+00
7.459207177162170410e-01
2.074058294296264648e+00
1.762819647789001465e+00
7.068869113922119141e+00
3.550952672958374023e+00
1.481911659240722656e+00
1.408581495285034180e+00
1.705033659934997559e+00
5.613014698028564453e+00
4.485953807830810547e+00
2.840032577514648438e+00
9.807848334312438965e-01
7.046577453613281250e+00
4.463737010955810547e+00
5.906574249267578125e+00
4.054461956024169922e+00
1.862963914871215820e+00
2.749592304229736328e+00
1.955586791038513184e+00
1.914896965026855469e+00
4.852503299713134766e+00
5.917825222015380859e+00
1.676219940185546875e+00
6.095597743988037109e+00
3.935020923614501953e+00
1.434761047363281250e+00
2.738667488098144531e+00
3.276462554931640625e+00
8.490955233573913574e-01
4.385741710662841797e+00
2.068186521530151367e+00
1.597776770591735840e+00
5.398728847503662109e+00
5.314580917358398438e+00
3.750886201858520508e+00
2.578655958175659180e+00
8.578017354011535645e-01
3.832984685897827148e+00
1.885687857866287231e-01
2.103137731552124023e+00
4.554991722106933594e+00
3.872525453567504883e+00
2.214579820632934570e+00
3.802376270294189453e+00
2.046244859695434570e+00
3.498169660568237305e+00
2.622793674468994141e+00
8.696238398551940918e-01
3.134594917297363281e+00
4.393265724182128906e+00
3.618626117706298828e+00
4.380206108093261719e+00
3.967908859252929688e+00
1.762752413749694824e+00
4.663146495819091797e+00
5.038606166839599609e+00
8.406420707702636719e+00
3.724045276641845703e+00
3.700169801712036133e+00
2.160540103912353516e+00
4.615075588226318359e+00
7.454854488372802734e+00
1.333719968795776367e+00
2.321294307708740234e+00
2.535028457641601562e+00
4.366961002349853516e+00
2.320756673812866211e+00
2.883334875106811523e+00
3.562017917633056641e+00
4.134263515472412109e+00
2.977627992630004883e+00
4.378434181213378906e+00
2.419709205627441406e+00
3.784547805786132812e+00
5.335362434387207031e+00
2.786380052566528320e+00
4.462021350860595703e+00
3.548406600952148438e+00
4.037532329559326172e+00
3.935490131378173828e+00
3.683433294296264648e+00
4.402972221374511719e+00
4.919132709503173828e+00
1.488516330718994141e+00
2.855212926864624023e+00
5.067265987396240234e+00
3.904242277145385742e+00
3.328371524810791016e+00
4.112826824188232422e+00
4.007850170135498047e+00
4.191692829132080078e+00
1.759356379508972168e+00
2.964572668075561523e+00
2.629714965820312500e+00
1.726024031639099121e+00
1.463737010955810547e+00
3.296004533767700195e+00
2.790367364883422852e+00
1.690497636795043945e+00
2.622300386428833008e+00
8.513246774673461914e-01
3.529204607009887695e+00
3.040293455123901367e+00
2.999089479446411133e+00
3.658471345901489258e+00
4.344532966613769531e+00
3.802044630050659180e+00
4.260282993316650391e+00
5.482160091400146484e+00
3.851835250854492188e+00
4.903455257415771484e+00
2.062781572341918945e+00
3.297809362411499023e+00
2.927702665328979492e+00
4.693717956542968750e+00
4.610934257507324219e+00
2.478026866912841797e+00
1.433584570884704590e+00
4.505980968475341797e+00
3.574206590652465820e+00
1.720137476921081543e+00
2.611839532852172852e+00
4.927263259887695312e+00
6.063198566436767578e+00
5.734077453613281250e+00
3.252848148345947266e+00
4.574391543865203857e-01
3.161019086837768555e+00
3.833563566207885742e+00
4.316156864166259766e+00
3.675910234451293945e+00
5.543220043182373047e+00
2.306931257247924805e+00
1.585713624954223633e+00
2.300907611846923828e+00
3.302864551544189453e+00
3.337317407131195068e-01
5.292246818542480469e+00
1.523112773895263672e+00
3.293896913528442383e+00
3.590016126632690430e+00
2.317498207092285156e+00
5.686471462249755859e+00
4.389543533325195312e+00
3.414442539215087891e+00
2.135557889938354492e+00
3.809589385986328125e+00
5.598632335662841797e+00
4.224853038787841797e+00
2.421230554580688477e+00
1.509744048118591309e+00
8.615552783012390137e-01
1.648539543151855469e+00
1.733809351921081543e+00
6.994965076446533203e-01
4.446007251739501953e+00
2.397015810012817383e+00
4.791445732116699219e+00
3.007653951644897461e+00
1.571037530899047852e+00
6.544471740722656250e+00
5.174798488616943359e+00
3.795116901397705078e+00
4.819629669189453125e+00
5.636124134063720703e+00
5.067025661468505859e+00
7.339241981506347656e+00
2.990087270736694336e+00
4.365118503570556641e+00
5.274366855621337891e+00
2.664416074752807617e+00
7.167353153228759766e+00
2.342232465744018555e+00
3.801288604736328125e+00
1.171077489852905273e+00
1.199113726615905762e+00
3.229005575180053711e+00
1.534893512725830078e+00
3.768612384796142578e+00
2.865530252456665039e+00
4.411322593688964844e+00
2.370971441268920898e+00
3.796087026596069336e+00
4.279623985290527344e+00
9.841563105583190918e-01
4.426337718963623047e+00
1.115924477577209473e+00
3.718112945556640625e+00
4.584614276885986328e+00
1.170108914375305176e+00
5.963068485260009766e+00
6.456526279449462891e+00
1.757793426513671875e+00
2.643682479858398438e+00
8.054046034812927246e-01
3.573964357376098633e+00
2.841852903366088867e+00
3.708888769149780273e+00
3.567525148391723633e+00
2.536353826522827148e+00
4.060063362121582031e+00
1.312390685081481934e+00
4.117412090301513672e+00
4.675878047943115234e+00
2.660390138626098633e+00
4.509821891784667969e+00
3.193338871002197266e+00
3.452620029449462891e+00
5.636029720306396484e+00
1.396386504173278809e+00
3.010012149810791016e+00
4.701817989349365234e+00
1.605762481689453125e+00
3.300331830978393555e+00
1.154554486274719238e+00
2.794426918029785156e+00
5.292421340942382812e+00
3.771374464035034180e+00
1.551019549369812012e+00
1.684839487075805664e+00
2.238214969635009766e+00
4.580016613006591797e+00
2.248951196670532227e+00
5.027522563934326172e+00
1.770384788513183594e+00
4.896390438079833984e+00
3.070501089096069336e+00
5.159689903259277344e+00
2.623820066452026367e+00
3.051515340805053711e+00
3.916990041732788086e+00
6.207312107086181641e+00
1.234717726707458496e+00
4.487600326538085938e+00
4.101918697357177734e+00
3.517279148101806641e+00
2.357811212539672852e+00
1.469572663307189941e+00
5.865597248077392578e+00
2.729738235473632812e+00
4.663756370544433594e+00
2.072646141052246094e+00
1.493282556533813477e+00
3.112491369247436523e+00
2.140150547027587891e+00
3.123177766799926758e+00
2.703693389892578125e+00
2.719516515731811523e+00
4.613955974578857422e+00
3.024346113204956055e+00
4.066107749938964844e+00
4.168778419494628906e+00
4.300058841705322266e+00
4.529335975646972656e+00
3.582650423049926758e+00
3.441349506378173828e+00
2.511853694915771484e+00
4.920210361480712891e+00
3.313298463821411133e+00
2.999638319015502930e+00
5.508448600769042969e+00
1.764094710350036621e+00
4.147492408752441406e+00
2.033859252929687500e+00
2.622603893280029297e+00
4.215133666992187500e+00
2.387880563735961914e+00
3.088341951370239258e+00
3.719432115554809570e+00
3.475342512130737305e+00
2.370530605316162109e+00
5.116311073303222656e+00
3.163280725479125977e+00
2.274263381958007812e+00
1.965669274330139160e+00
1.941517829895019531e+00
4.239600658416748047e+00
3.480901002883911133e+00
1.493920207023620605e+00
5.686207294464111328e+00
4.328649997711181641e+00
3.343868732452392578e+00
5.984712600708007812e+00
3.736181735992431641e+00
4.068683147430419922e+00
2.533950567245483398e+00
1.727638125419616699e+00
3.008269786834716797e+00
3.356318235397338867e+00
1.691503882408142090e+00
3.586753845214843750e+00
3.592449903488159180e+00
5.001229763031005859e+00
3.372319936752319336e+00
3.211522817611694336e+00
3.508448839187622070e+00
4.287660121917724609e+00
3.249832153320312500e+00
2.258002996444702148e+00
4.193396091461181641e+00
1.765149354934692383e+00
3.501738071441650391e+00
2.663303852081298828e+00
5.878050804138183594e+00
6.248364925384521484e+00
6.341858506202697754e-01
4.287764072418212891e+00
2.913175344467163086e+00
3.780568361282348633e+00
5.505731582641601562e+00
2.704296827316284180e+00
3.255415439605712891e+00
3.874590396881103516e+00
5.469304561614990234e+00
5.336263179779052734e+00
1.906425356864929199e+00
2.589028358459472656e+00
3.772355318069458008e+00
5.239716529846191406e+00
4.708621978759765625e+00
3.412027120590209961e+00
6.189746379852294922e+00
4.177877902984619141e+00
2.268335580825805664e+00
2.890571355819702148e+00
5.697227001190185547e+00
3.727247714996337891e+00
5.480195999145507812e+00
1.074923753738403320e+00
3.768700838088989258e+00
3.291252851486206055e+00
4.428468227386474609e+00
1.660073637962341309e+00
2.742054462432861328e+00
5.165341377258300781e+00
6.391702651977539062e+00
9.833963513374328613e-01
1.824497818946838379e+00
3.345703125000000000e+00
2.625769138336181641e+00
3.274116516113281250e+00
4.154460906982421875e+00
5.972265243530273438e+00
4.827303886413574219e+00
8.078390359878540039e-01
7.221140384674072266e+00
2.004648923873901367e+00
4.114245891571044922e+00
2.635460138320922852e+00
5.543723106384277344e+00
3.303078889846801758e+00
6.118155479431152344e+00
6.595349311828613281e+00
1.420320868492126465e+00
4.309086322784423828e+00
2.776736974716186523e+00
1.510531902313232422e+00
3.850324630737304688e+00
1.808069586753845215e+00
2.270141363143920898e+00
6.426682472229003906e+00
2.381403207778930664e+00
3.145855903625488281e+00
1.715198516845703125e+00
1.898658990859985352e+00
4.746148109436035156e+00
5.045053005218505859e+00
5.693867206573486328e+00
4.249190807342529297e+00
2.435517072677612305e+00
5.712809562683105469e+00
7.862226366996765137e-01
4.145815849304199219e+00
4.302569866180419922e+00
2.441673517227172852e+00
2.899206638336181641e+00
3.647753477096557617e+00
3.330358505249023438e+00
3.288534164428710938e+00
1.922924280166625977e+00
6.617486476898193359e+00
3.082003593444824219e+00
3.535093069076538086e+00
3.035355806350708008e+00
1.198010802268981934e+00
2.811902761459350586e+00
3.169336080551147461e+00
3.457430601119995117e+00
6.867351055145263672e+00
4.729669094085693359e+00
3.982927322387695312e+00
2.375216722488403320e+00
2.216343641281127930e+00
2.594941616058349609e+00
1.615451455116271973e+00
2.080860614776611328e+00
2.946256160736083984e+00
2.823611021041870117e+00
1.131154179573059082e+00
1.431844711303710938e+00
2.967884063720703125e+00
7.358905673027038574e-01
4.461333751678466797e+00
1.957910418510437012e+00
6.058552265167236328e-01
4.809951305389404297e+00
5.459699630737304688e+00
3.266046524047851562e+00
4.566747188568115234e+00
4.968036651611328125e+00
2.431892871856689453e+00
4.200135707855224609e+00
2.488367795944213867e+00
4.187331676483154297e+00
1.497236609458923340e+00
1.289764165878295898e+00
2.200435638427734375e+00
8.666111230850219727e-01
1.440778970718383789e+00
3.016970157623291016e+00
1.583661556243896484e+00
3.593761205673217773e+00
4.146306037902832031e+00
3.068770647048950195e+00
2.509834051132202148e+00
3.034961462020874023e+00
1.729065895080566406e+00
9.601131677627563477e-01
2.523297548294067383e+00
4.780391693115234375e+00
2.361559391021728516e+00
2.623854637145996094e+00
1.091102957725524902e+00
2.174324989318847656e+00
4.092645168304443359e+00
3.298471212387084961e+00
1.865672349929809570e+00
3.466327428817749023e+00
3.677554368972778320e+00
4.592327117919921875e+00
4.227148532867431641e+00
3.909333467483520508e+00
4.887902736663818359e+00
1.796339273452758789e+00
5.327353954315185547e+00
4.391797542572021484e+00
3.114185571670532227e+00
3.782403707504272461e+00
4.685595035552978516e+00
4.685889244079589844e+00
3.895439624786376953e+00
3.876560688018798828e+00
4.390871047973632812e+00
3.590142965316772461e+00
1.158268213272094727e+00
3.755056858062744141e+00
2.529800415039062500e+00
3.696986913681030273e+00
2.244958877563476562e+00
5.119189262390136719e+00
4.522786140441894531e-01
2.871209383010864258e+00
4.333409786224365234e+00
1.961368203163146973e+00
3.905080556869506836e+00
4.794158458709716797e+00
4.530639648437500000e+00
3.501949310302734375e+00
1.733564972877502441e+00
4.342988014221191406e+00
3.921235799789428711e+00
3.616748094558715820e+00
2.205314159393310547e+00
4.599656581878662109e+00
1.801536560058593750e+00
2.527909755706787109e+00
1.342955708503723145e+00
2.923442602157592773e+00
3.313356876373291016e+00
4.776627540588378906e+00
