1.484445929527282715e+00
2.535140275955200195e+00
2.546425819396972656e+00
7.518811225891113281e+00
2.385270833969116211e+00
2.532170057296752930e+00
5.000466823577880859e+00
1.340969443321228027e+00
4.335801601409912109e+00
6.363814353942871094e+00
5.054633617401123047e+00
3.202579975128173828e+00
3.702662706375122070e+00
1.619305014610290527e+00
1.096416711807250977e+00
1.756849288940429688e+00
3.485421419143676758e+00
3.549786090850830078e+00
6.093703269958496094e+00
4.963088512420654297e+00
3.146105766296386719e+00
6.126797795295715332e-01
3.794603109359741211e+00
8.248069763183593750e+00
3.696590423583984375e+00
1.287281870841979980e+00
7.834984064102172852e-01
4.782160282135009766e+00
9.004079699516296387e-01
3.770723044872283936e-01
4.590917110443115234e+00
2.244611978530883789e+00
6.567280292510986328e-01
2.474873304367065430e+00
5.302024841308593750e+00
2.478422880172729492e+00
5.629926204681396484e+00
3.879824161529541016e+00
4.402915000915527344e+00
2.487924098968505859e+00
5.982577800750732422e+00
1.785763740539550781e+00
3.224964618682861328e+00
3.992307662963867188e+00
4.284116268157958984e+00
3.269001483917236328e+00
3.654134035110473633e+00
3.610438108444213867e+00
8.792834281921386719e+00
3.921755313873291016e+00
2.292665243148803711e+00
4.966858863830566406e+00
3.859124898910522461e+00
2.939364910125732422e+00
6.124555468559265137e-01
3.402158021926879883e+00
1.220855116844177246e+00
2.788037300109863281e+00
3.653548955917358398e+00
2.821596384048461914e+00
4.702504634857177734e+00
8.194271326065063477e-01
3.812394857406616211e+00
3.068574666976928711e+00
5.217162609100341797e+00
4.360824108123779297e+00
5.930819988250732422e+00
7.280649662017822266e+00
3.154970884323120117e+00
6.006228923797607422e-01
3.016216754913330078e+00
1.686428666114807129e+00
3.033912420272827148e+00
5.255439281463623047e+00
3.522842884063720703e+00
6.501224040985107422e+00
4.268673419952392578e+00
4.264738082885742188e+00
3.233613729476928711e+00
1.185023546218872070e+00
2.606764793395996094e+00
1.863135337829589844e+00
1.280148983001708984e+00
2.702439785003662109e+00
1.725068449974060059e+00
4.528843402862548828e+00
6.744783878326416016e+00
2.839960575103759766e+00
3.360255479812622070e+00
5.367686748504638672e+00
3.687546253204345703e+00
1.522193670272827148e+00
3.637255191802978516e+00
1.974491477012634277e+00
2.810326576232910156e+00
4.313502311706542969e+00
5.031548500061035156e+00
3.561975479125976562e+00
5.031204223632812500e+00
5.102262020111083984e+00
2.799618244171142578e+00
2.076003789901733398e+00
4.772114276885986328e+00
1.245238542556762695e+00
4.297360897064208984e+00
4.513825893402099609e+00
3.381390333175659180e+00
3.788068532943725586e+00
3.458250045776367188e+00
2.885968923568725586e+00
4.683553218841552734e+00
2.132733106613159180e+00
3.063193321228027344e+00
6.251450538635253906e+00
6.061271190643310547e+00
7.341636180877685547e+00
2.730339527130126953e+00
2.343238830566406250e+00
5.899426937103271484e+00
3.066729307174682617e+00
2.700958013534545898e+00
2.392064094543457031e+00
4.586947917938232422e+00
5.494722843170166016e+00
3.541448354721069336e+00
2.687703847885131836e+00
4.819231510162353516e+00
6.438126564025878906e+00
2.109879732131958008e+00
2.442512273788452148e+00
1.248955607414245605e+00
4.844342231750488281e+00
4.361527919769287109e+00
3.412083148956298828e+00
2.661499023437500000e+00
2.130873441696166992e+00
3.642487287521362305e+00
4.192362785339355469e+00
4.790308475494384766e+00
2.765182971954345703e+00
4.368579387664794922e+00
4.885688781738281250e+00
5.404512405395507812e+00
3.942958593368530273e+00
4.415783882141113281e+00
3.325836181640625000e+00
5.199149608612060547e+00
4.438791275024414062e+00
2.709137439727783203e+00
7.082184791564941406e+00
2.202913284301757812e+00
1.879131317138671875e+00
3.036568164825439453e+00
4.686342716217041016e+00
3.511360287666320801e-01
3.328982591629028320e+00
1.439176201820373535e+00
2.811946630477905273e+00
2.403291225433349609e+00
1.545484662055969238e+00
2.480447530746459961e+00
5.058992385864257812e+00
3.870729207992553711e+00
3.266810655593872070e+00
1.832465171813964844e+00
8.978883028030395508e-01
2.360983610153198242e+00
4.091523647308349609e+00
5.621995329856872559e-01
1.805885672569274902e+00
4.425876140594482422e+00
4.942574501037597656e+00
2.836815118789672852e+00
2.923104524612426758e+00
4.640283584594726562e+00
4.501809597015380859e+00
3.095955610275268555e+00
3.526732683181762695e+00
1.485404372215270996e+00
4.755826950073242188e+00
1.693311095237731934e+00
4.506035804748535156e+00
2.513372182846069336e+00
2.502019166946411133e+00
3.816336154937744141e+00
5.192332267761230469e+00
4.885756015777587891e+00
4.565915107727050781e+00
4.724742412567138672e+00
4.181099891662597656e+00
2.232228040695190430e+00
4.390813350677490234e+00
3.891815900802612305e+00
3.620027542114257812e+00
1.570007681846618652e+00
6.469507694244384766e+00
3.603691816329956055e+00
1.502699375152587891e+00
6.736030578613281250e+00
2.679462909698486328e+00
1.599064230918884277e+00
6.310647010803222656e+00
1.483840942382812500e+00
2.474246740341186523e+00
2.933831453323364258e+00
2.432017803192138672e+00
3.586587905883789062e+00
4.095325469970703125e+00
8.706011772155761719e+00
2.730414152145385742e+00
2.335795640945434570e+00
3.622279405593872070e+00
1.036780238151550293e+00
2.802782058715820312e+00
2.913912534713745117e+00
4.493654251098632812e+00
7.060574531555175781e+00
5.516561508178710938e+00
2.459830760955810547e+00
4.072133541107177734e+00
3.493304014205932617e+00
4.537950038909912109e+00
4.431127071380615234e+00
4.507227420806884766e+00
4.528060913085937500e+00
2.283262014389038086e+00
4.803355693817138672e+00
1.172509431838989258e+00
3.424996137619018555e+00
1.824140906333923340e+00
5.460255146026611328e+00
1.935721039772033691e+00
3.366479873657226562e+00
3.270654439926147461e+00
4.542960166931152344e+00
2.583729982376098633e+00
6.685157299041748047e+00
3.619950056076049805e+00
2.839400529861450195e+00
4.818831443786621094e+00
2.324396133422851562e+00
3.916521787643432617e+00
3.112386703491210938e+00
6.418668270111083984e+00
2.063241481781005859e+00
4.775594234466552734e+00
2.698899507522583008e+00
3.691337347030639648e+00
2.819969654083251953e+00
2.531327009201049805e+00
5.757274627685546875e+00
6.258317947387695312e+00
1.486733794212341309e+00
4.696993827819824219e+00
1.896724581718444824e+00
3.383810043334960938e+00
3.807287693023681641e+00
2.157634019851684570e+00
1.225039601325988770e+00
1.290550827980041504e+00
7.778851985931396484e+00
4.584088802337646484e+00
4.313937664031982422e+00
4.436550617218017578e+00
5.548188209533691406e+00
2.283651351928710938e+00
2.528795003890991211e+00
4.176408290863037109e+00
3.086219549179077148e+00
3.230629682540893555e+00
1.555585145950317383e+00
3.050539731979370117e+00
4.259085655212402344e+00
7.471645355224609375e+00
1.537436842918395996e+00
1.253859519958496094e+00
3.325164079666137695e+00
1.024950742721557617e+00
3.446627378463745117e+00
9.638524055480957031e-01
2.030318260192871094e+00
5.611982345581054688e+00
4.817988872528076172e+00
2.103010892868041992e+00
2.735387563705444336e+00
2.323888540267944336e+00
2.989885091781616211e+00
2.666826486587524414e+00
4.086731910705566406e+00
3.179144144058227539e+00
5.708146572113037109e+00
4.707880020141601562e+00
6.472184658050537109e+00
2.017705202102661133e+00
3.653818607330322266e+00
4.482023715972900391e+00
2.243115186691284180e+00
3.710449934005737305e+00
4.057124137878417969e+00
4.166558742523193359e+00
5.188778400421142578e+00
6.435427069664001465e-01
5.685710906982421875e+00
3.861792325973510742e+00
3.074904203414916992e+00
1.455528020858764648e+00
3.784672975540161133e+00
5.217390060424804688e+00
3.261673688888549805e+00
5.707484245300292969e+00
1.602101206779479980e+00
3.662499666213989258e+00
2.173582077026367188e+00
2.602524042129516602e+00
4.754031181335449219e+00
1.321102023124694824e+00
3.778201818466186523e+00
2.091541767120361328e+00
3.534462690353393555e+00
1.822377085685729980e+00
3.030066013336181641e+00
2.998149633407592773e+00
5.885063648223876953e+00
3.369272708892822266e+00
5.302873134613037109e+00
1.975263595581054688e+00
3.015846490859985352e+00
3.786589145660400391e+00
3.167948246002197266e+00
3.769832611083984375e+00
4.331802368164062500e+00
4.005445480346679688e+00
4.897700786590576172e+00
3.930634737014770508e+00
4.613807201385498047e+00
4.746701240539550781e+00
3.282030820846557617e+00
3.540407896041870117e+00
2.018089532852172852e+00
2.019236326217651367e+00
3.424755096435546875e+00
2.886913061141967773e+00
5.466830730438232422e+00
1.802257180213928223e+00
1.960793375968933105e+00
1.311914682388305664e+00
4.500779151916503906e+00
2.673878431320190430e+00
4.063469886779785156e+00
3.505787611007690430e+00
1.592155456542968750e+00
3.859074354171752930e+00
7.344809055328369141e+00
3.727233171463012695e+00
5.197129249572753906e+00
6.213822841644287109e+00
4.952133178710937500e+00
3.027838706970214844e+00
6.176647186279296875e+00
1.967919349670410156e+00
2.594394445419311523e+00
3.294620275497436523e+00
2.319241285324096680e+00
5.132047176361083984e+00
4.007836341857910156e+00
3.167232513427734375e+00
3.009003877639770508e+00
1.639266371726989746e+00
4.054586410522460938e+00
6.321744918823242188e+00
1.913248062133789062e+00
2.356516361236572266e+00
2.136337012052536011e-01
2.813587427139282227e+00
4.429226398468017578e+00
3.465801000595092773e+00
3.759539365768432617e+00
4.374116420745849609e+00
2.345997571945190430e+00
8.761402368545532227e-01
4.321625709533691406e+00
2.715949058532714844e+00
3.812334060668945312e+00
1.380455851554870605e+00
2.967027425765991211e+00
2.100479125976562500e+00
1.569138288497924805e+00
1.966199159622192383e+00
1.075168013572692871e+00
4.806868553161621094e+00
2.675993680953979492e+00
3.055404424667358398e+00
2.091288566589355469e+00
1.597428202629089355e+00
3.390994787216186523e+00
5.449727535247802734e+00
4.067192077636718750e+00
5.795924067497253418e-01
4.490989685058593750e+00
5.277549266815185547e+00
8.643121123313903809e-01
5.667564868927001953e+00
3.876246690750122070e+00
4.590979576110839844e+00
6.626551151275634766e+00
3.902265310287475586e+00
2.770154237747192383e+00
1.986620783805847168e+00
4.154892921447753906e+00
3.575599670410156250e+00
4.109067916870117188e+00
3.323586225509643555e+00
1.955602645874023438e+00
3.154726505279541016e+00
2.339010000228881836e+00
7.434719204902648926e-01
3.861381292343139648e+00
3.655382871627807617e+00
5.193524837493896484e+00
5.725714206695556641e+00
3.800934553146362305e+00
5.341943264007568359e+00
2.141657590866088867e+00
5.185756683349609375e+00
2.465890645980834961e+00
1.682800889015197754e+00
3.934905290603637695e+00
2.097194433212280273e+00
2.629679679870605469e+00
3.574929475784301758e+00
6.092039585113525391e+00
1.497130751609802246e+00
5.348399639129638672e+00
2.491533994674682617e+00
5.273791790008544922e+00
2.888275861740112305e+00
2.988550662994384766e+00
8.110228776931762695e-01
1.422753572463989258e+00
2.770934581756591797e+00
2.004065752029418945e+00
3.473509550094604492e+00
2.533013820648193359e+00
3.228837251663208008e+00
6.088653087615966797e+00
7.381917834281921387e-01
3.590862989425659180e+00
5.302480220794677734e+00
5.549023628234863281e+00
3.554768800735473633e+00
1.774736642837524414e+00
1.850178360939025879e+00
3.913694858551025391e+00
3.549250125885009766e+00
5.613923072814941406e+00
9.381858706474304199e-01
1.496275782585144043e+00
2.706790447235107422e+00
6.286675930023193359e+00
3.821248769760131836e+00
5.870656967163085938e+00
3.142936706542968750e+00
3.157320737838745117e+00
2.973872900009155273e+00
4.634059429168701172e+00
2.019650220870971680e+00
2.156395435333251953e+00
4.332819938659667969e+00
4.402301311492919922e+00
5.976747035980224609e+00
3.865721225738525391e+00
1.747184753417968750e+00
4.242841720581054688e+00
1.683195710182189941e+00
1.467391729354858398e+00
5.105750083923339844e+00
3.307794332504272461e+00
2.644461631774902344e+00
2.745089769363403320e+00
2.804520606994628906e+00
2.595242738723754883e+00
5.597604274749755859e+00
5.182279586791992188e+00
2.852679491043090820e+00
2.457555055618286133e+00
2.165102481842041016e+00
9.650686383247375488e-01
3.308178663253784180e+00
4.497527599334716797e+00
3.960331439971923828e+00
5.556015968322753906e+00
2.192718267440795898e+00
2.671070814132690430e+00
3.551746845245361328e+00
1.020828127861022949e+00
2.715952634811401367e+00
4.059718608856201172e+00
2.467097043991088867e+00
5.346645355224609375e+00
4.992631435394287109e+00
3.250106573104858398e+00
5.760664939880371094e+00
3.686757326126098633e+00
6.926555633544921875e-01
4.278507709503173828e+00
1.029989719390869141e+00
4.165226936340332031e+00
3.510788440704345703e+00
5.864377498626708984e+00
6.212155222892761230e-01
1.961590766906738281e+00
5.603818893432617188e+00
3.342333555221557617e+00
7.910765171051025391e+00
5.313073396682739258e-01
1.449967384338378906e+00
4.079188346862792969e+00
2.330721616744995117e+00
2.200019598007202148e+00
4.066985130310058594e+00
2.128929853439331055e+00
4.077649593353271484e+00
4.609912395477294922e+00
2.027711391448974609e+00
4.770541191101074219e+00
2.062915563583374023e+00
4.299204349517822266e+00
1.947407364845275879e+00
4.985384941101074219e+00
5.919297695159912109e+00
1.563135623931884766e+00
3.007598876953125000e+00
1.558064937591552734e+00
3.669127225875854492e+00
4.533473491668701172e+00
5.297425270080566406e+00
2.722410917282104492e+00
3.674289703369140625e+00
1.692101478576660156e+00
6.979743480682373047e+00
4.892658710479736328e+00
5.902632236480712891e+00
4.972624778747558594e-01
2.368943691253662109e+00
1.539870738983154297e+00
5.836415290832519531e+00
4.051345348358154297e+00
2.211541175842285156e+00
3.024179458618164062e+00
3.232180118560791016e+00
4.239120006561279297e+00
3.434740781784057617e+00
5.245945453643798828e+00
2.958791255950927734e+00
4.432675838470458984e+00
1.813139557838439941e+00
1.380622386932373047e+00
4.682592391967773438e+00
5.594667434692382812e+00
2.180832147598266602e+00
3.275205612182617188e+00
5.279764652252197266e+00
6.354900360107421875e+00
5.619319438934326172e+00
2.984603643417358398e+00
2.762008190155029297e+00
2.419707059860229492e+00
4.488281250000000000e+00
7.044777870178222656e+00
3.377078294754028320e+00
3.900286912918090820e+00
2.601022720336914062e+00
7.114758491516113281e-01
4.195410251617431641e+00
2.516206502914428711e+00
3.170639276504516602e+00
7.970310449600219727e-01
3.094388723373413086e+00
3.244896411895751953e+00
2.089618444442749023e+00
4.124167919158935547e+00
5.469342708587646484e+00
3.287623643875122070e+00
2.435594797134399414e+00
5.602448940277099609e+00
3.698600053787231445e+00
3.976616382598876953e+00
4.761242866516113281e+00
6.722817897796630859e+00
5.426851749420166016e+00
3.177806615829467773e+00
2.008236408233642578e+00
3.290895223617553711e-01
5.266194820404052734e+00
1.714120745658874512e+00
2.906229734420776367e+00
4.210037231445312500e+00
4.612655162811279297e+00
1.574356079101562500e+00
2.657620668411254883e+00
5.466555595397949219e+00
5.495200634002685547e+00
2.764653921127319336e+00
4.527902126312255859e+00
2.666272878646850586e+00
5.233227252960205078e+00
3.355629682540893555e+00
3.276613712310791016e+00
1.906867980957031250e+00
3.917947053909301758e+00
2.122778415679931641e+00
6.848717689514160156e+00
2.134448528289794922e+00
5.131010532379150391e+00
3.553393125534057617e+00
4.610324382781982422e+00
2.592536687850952148e+00
2.713187456130981445e+00
3.327882766723632812e+00
4.658947467803955078e+00
5.139219760894775391e+00
3.187019824981689453e+00
2.359066963195800781e+00
1.909344673156738281e+00
2.512694358825683594e+00
4.483794689178466797e+00
9.326230883598327637e-01
3.103022813796997070e+00
3.786817312240600586e+00
3.683040380477905273e+00
1.776408553123474121e+00
3.833265781402587891e+00
1.729463577270507812e+00
5.050237655639648438e+00
4.745398998260498047e+00
3.970571279525756836e+00
4.368708133697509766e+00
5.472184658050537109e+00
2.173704147338867188e+00
3.160032987594604492e+00
5.999426841735839844e+00
2.955610036849975586e+00
3.800929307937622070e+00
3.244625806808471680e+00
4.975481629371643066e-01
4.206878185272216797e+00
2.495696783065795898e+00
4.046558380126953125e+00
2.520927667617797852e+00
1.250090003013610840e+00
3.913260221481323242e+00
4.070306777954101562e+00
3.838124990463256836e+00
3.324819564819335938e+00
3.643249988555908203e+00
1.885745406150817871e+00
1.624462127685546875e+00
4.285796642303466797e+00
3.585731506347656250e+00
3.657179355621337891e+00
5.232669830322265625e+00
2.465811014175415039e+00
3.482753515243530273e+00
3.461376190185546875e+00
2.282454729080200195e+00
5.214454174041748047e+00
2.607070922851562500e+00
3.990407705307006836e+00
4.091060638427734375e+00
4.324550151824951172e+00
6.714540958404541016e+00
3.941778898239135742e+00
1.824980139732360840e+00
3.750019073486328125e+00
1.970110774040222168e+00
4.109510898590087891e+00
5.436425685882568359e+00
2.558972597122192383e+00
5.203676223754882812e+00
2.279356718063354492e+00
7.319895267486572266e+00
2.255746603012084961e+00
4.012301921844482422e+00
2.281673192977905273e+00
1.631269335746765137e+00
2.585835695266723633e+00
2.709976911544799805e+00
5.276551723480224609e+00
1.684403061866760254e+00
3.716939926147460938e+00
2.902174949645996094e+00
3.012749910354614258e+00
6.535795927047729492e-01
1.695365309715270996e+00
1.791033983230590820e+00
1.904718041419982910e+00
4.406667232513427734e+00
3.241930007934570312e+00
5.358820438385009766e+00
2.223402738571166992e+00
5.736037731170654297e+00
5.356994628906250000e+00
4.336507797241210938e+00
1.995337128639221191e+00
4.005720615386962891e+00
2.298742055892944336e+00
2.468798398971557617e+00
5.410197734832763672e+00
4.911115169525146484e+00
2.855021238327026367e+00
6.105513095855712891e+00
1.467652440071105957e+00
4.427941322326660156e+00
2.333441495895385742e+00
5.274787425994873047e+00
1.075256705284118652e+00
2.388324260711669922e+00
4.292159080505371094e+00
3.341550588607788086e+00
1.000829100608825684e+00
2.244949102401733398e+00
1.785522818565368652e+00
5.038148880004882812e+00
1.037499547004699707e+00
3.591314792633056641e+00
2.285219430923461914e+00
2.570201635360717773e+00
4.442257881164550781e-01
2.368819952011108398e+00
3.162858963012695312e+00
4.395930767059326172e+00
3.221623659133911133e+00
3.244364500045776367e+00
2.684094190597534180e+00
3.640099048614501953e+00
3.244764804840087891e+00
1.475288391113281250e+00
1.717105507850646973e+00
1.760515093803405762e+00
3.604188919067382812e+00
1.935271263122558594e+00
3.055714368820190430e+00
3.340933561325073242e+00
2.772790431976318359e+00
2.494749784469604492e+00
2.742603063583374023e+00
3.913542509078979492e+00
2.527677297592163086e+00
3.551086902618408203e+00
3.465082645416259766e+00
4.625353336334228516e+00
6.427561640739440918e-01
3.407788991928100586e+00
4.105137825012207031e+00
9.633577466011047363e-01
3.675808668136596680e+00
9.459897994995117188e+00
5.899718761444091797e+00
2.341573715209960938e+00
3.659730195999145508e+00
5.451912879943847656e-01
3.840319871902465820e+00
5.651916503906250000e+00
1.240772604942321777e+00
2.241110086441040039e+00
4.992144107818603516e+00
1.409850239753723145e+00
5.670677185058593750e+00
5.135800361633300781e+00
6.564344882965087891e+00
2.857347726821899414e+00
3.498765230178833008e+00
2.630943298339843750e+00
4.044658184051513672e+00
3.708838701248168945e+00
5.558413982391357422e+00
5.237003803253173828e+00
4.225744724273681641e+00
2.002226591110229492e+00
6.671489715576171875e+00
3.114491224288940430e+00
1.521622896194458008e+00
4.498064517974853516e+00
5.215800762176513672e+00
2.577722549438476562e+00
5.236937999725341797e+00
4.496072769165039062e+00
5.214587211608886719e+00
8.655803680419921875e+00
3.540761232376098633e+00
2.961162328720092773e+00
4.531856536865234375e+00
3.491922140121459961e+00
3.169951677322387695e+00
2.951320171356201172e+00
3.863741636276245117e+00
6.697696685791015625e+00
1.448416113853454590e+00
3.330258131027221680e+00
1.426390528678894043e+00
2.983278036117553711e+00
2.854450941085815430e+00
1.170539498329162598e+00
5.453249931335449219e+00
3.014802455902099609e+00
4.665572166442871094e+00
3.736415624618530273e+00
4.873705863952636719e+00
1.646641135215759277e+00
3.250983953475952148e+00
5.195703506469726562e+00
3.310434818267822266e+00
1.561668157577514648e+00
7.957341194152832031e+00
3.234580278396606445e+00
3.861054658889770508e+00
3.827572345733642578e+00
2.450965404510498047e+00
6.552667140960693359e+00
3.681969404220581055e+00
3.369754076004028320e+00
2.827212095260620117e+00
3.904530286788940430e+00
1.919077515602111816e+00
3.669409275054931641e+00
3.190181970596313477e+00
2.706202745437622070e+00
2.428815603256225586e+00
4.655190944671630859e+00
5.197809696197509766e+00
1.961204409599304199e+00
1.405129671096801758e+00
4.879688739776611328e+00
6.151988506317138672e+00
2.337643384933471680e+00
3.083960294723510742e+00
2.874315738677978516e+00
2.710055351257324219e+00
4.828460693359375000e+00
4.383760929107666016e+00
3.358963012695312500e+00
7.441475987434387207e-01
3.470171689987182617e+00
2.845236063003540039e+00
2.515398740768432617e+00
4.152564525604248047e+00
3.193102598190307617e+00
5.702102184295654297e+00
3.039513587951660156e+00
5.228688716888427734e+00
5.023805141448974609e+00
2.170218706130981445e+00
2.253707170486450195e+00
5.507736682891845703e+00
2.981721878051757812e+00
4.523640632629394531e+00
3.444723606109619141e+00
3.436841249465942383e+00
2.147494792938232422e+00
1.671217560768127441e+00
3.597847700119018555e+00
6.841353893280029297e+00
2.248095750808715820e+00
4.657438278198242188e+00
2.022746801376342773e+00
6.718219518661499023e-01
5.383731365203857422e+00
3.981204748153686523e+00
2.414505481719970703e+00
3.761477708816528320e+00
6.960367679595947266e+00
2.919117689132690430e+00
4.374471664428710938e+00
2.848883390426635742e+00
6.822102546691894531e+00
1.841217398643493652e+00
2.198439359664916992e+00
4.800046920776367188e+00
2.344489097595214844e+00
8.029875755310058594e+00
2.344844579696655273e+00
8.891429901123046875e-01
4.570515155792236328e+00
3.493715286254882812e+00
5.063074588775634766e+00
3.612622499465942383e+00
1.811391234397888184e+00
2.474593400955200195e+00
3.738970518112182617e+00
2.063077211380004883e+00
4.392307758331298828e+00
6.239495277404785156e+00
4.479192256927490234e+00
5.696125507354736328e+00
5.362989902496337891e+00
1.642652511596679688e+00
5.569301605224609375e+00
2.152538776397705078e+00
4.544199407100677490e-01
3.908969163894653320e+00
2.889025449752807617e+00
2.918735027313232422e+00
6.201917529106140137e-01
8.687259554862976074e-01
4.069096088409423828e+00
3.911844968795776367e+00
4.056186199188232422e+00
2.988280534744262695e+00
2.651584148406982422e+00
2.830472230911254883e+00
2.217634677886962891e+00
5.027169704437255859e+00
5.194193363189697266e+00
3.457236051559448242e+00
3.896806478500366211e+00
3.073330879211425781e+00
6.713935375213623047e+00
3.864348173141479492e+00
4.884437561035156250e+00
1.805783510208129883e+00
6.167535305023193359e+00
4.673582077026367188e+00
3.253647327423095703e+00
4.462566375732421875e+00
3.704998493194580078e+00
4.169404983520507812e+00
2.763882637023925781e+00
3.835623264312744141e+00
4.731548309326171875e+00
3.129416227340698242e+00
4.795093059539794922e+00
3.768833160400390625e+00
3.691684484481811523e+00
5.547734260559082031e+00
2.136056661605834961e+00
7.602807879447937012e-01
3.887989759445190430e+00
2.586989879608154297e+00
6.862077236175537109e+00
3.079080581665039062e+00
3.133119344711303711e+00
3.237206697463989258e+00
4.788728713989257812e+00
1.978452563285827637e+00
9.699987411499023438e+00
2.421537399291992188e+00
5.471078395843505859e+00
2.146310567855834961e+00
5.826196193695068359e+00
1.468513727188110352e+00
1.353704214096069336e+00
2.158907651901245117e+00
4.743734836578369141e+00
1.297531485557556152e+00
6.424035549163818359e+00
3.415332078933715820e+00
5.102834224700927734e+00
2.517760515213012695e+00
3.743332386016845703e+00
2.365240573883056641e+00
2.666338443756103516e+00
4.198611736297607422e+00
3.355079412460327148e+00
1.327207684516906738e+00
2.189088821411132812e+00
3.346380233764648438e+00
1.216763734817504883e+00
3.988262653350830078e+00
1.620252251625061035e+00
2.039766550064086914e+00
2.829266309738159180e+00
4.258340358734130859e+00
1.829600572586059570e+00
4.219484329223632812e+00
4.404866695404052734e+00
3.713462829589843750e+00
2.662540435791015625e+00
3.129012346267700195e+00
5.889904975891113281e+00
4.142088413238525391e+00
3.259860277175903320e+00
3.433376789093017578e+00
1.435851931571960449e+00
1.288126587867736816e+00
3.667422533035278320e+00
6.330950260162353516e+00
1.424136877059936523e+00
3.087116956710815430e+00
1.941359877586364746e+00
4.690751075744628906e+00
1.801510214805603027e+00
6.719497203826904297e+00
4.868462562561035156e+00
2.488551139831542969e+00
3.467646121978759766e+00
1.968407630920410156e+00
1.867347955703735352e+00
3.540178775787353516e+00
4.691839694976806641e+00
3.873245239257812500e+00
