4.027468204498291016e+00
5.960621356964111328e+00
3.674299716949462891e+00
1.672921538352966309e+00
4.720622062683105469e+00
6.952190399169921875e+00
3.949425220489501953e+00
1.756532549858093262e+00
3.553123474121093750e+00
4.367184638977050781e+00
1.129241585731506348e+00
1.129095554351806641e+00
2.656309604644775391e+00
2.928406476974487305e+00
4.976549625396728516e+00
7.954007387161254883e-01
3.280077457427978516e+00
1.437489748001098633e+00
2.874740600585937500e+00
3.147125005722045898e+00
3.323558568954467773e+00
5.108911037445068359e+00
2.694373369216918945e+00
4.922676086425781250e+00
4.356477260589599609e+00
5.739415168762207031e+00
4.552596092224121094e+00
2.013877630233764648e+00
3.857847929000854492e+00
2.586239337921142578e+00
1.499169707298278809e+00
3.456218719482421875e+00
2.735042810440063477e+00
2.630779743194580078e+00
4.678950786590576172e+00
3.977296829223632812e+00
2.624767065048217773e+00
3.094712018966674805e+00
3.619028806686401367e+00
2.153676986694335938e+00
2.442312955856323242e+00
6.166133403778076172e+00
4.698767185211181641e+00
1.982962012290954590e+00
4.177476882934570312e+00
4.240838527679443359e+00
2.010818004608154297e+00
4.690680980682373047e+00
4.348863124847412109e+00
5.087023735046386719e+00
1.469557404518127441e+00
4.165881633758544922e+00
2.951981306076049805e+00
2.528548479080200195e+00
7.455044746398925781e+00
2.275737762451171875e+00
1.997949957847595215e+00
5.144074916839599609e+00
2.414138078689575195e+00
3.116964101791381836e+00
7.219352245330810547e+00
2.261100769042968750e+00
3.426864385604858398e+00
3.584806442260742188e+00
3.328761816024780273e+00
1.293311953544616699e+00
4.654333114624023438e+00
4.207329750061035156e+00
1.492717623710632324e+00
1.421430945396423340e+00
5.508311748504638672e+00
4.038403034210205078e+00
4.532830238342285156e+00
4.652935981750488281e+00
4.148231506347656250e+00
4.414280414581298828e+00
1.319238185882568359e+00
4.445266246795654297e+00
4.392235755920410156e+00
2.345366716384887695e+00
1.922110795974731445e+00
1.704310297966003418e+00
2.172905683517456055e+00
2.389942169189453125e+00
3.047130584716796875e+00
4.756927013397216797e+00
3.308547973632812500e+00
4.298312187194824219e+00
4.317172527313232422e+00
3.083935260772705078e+00
4.846156597137451172e+00
1.133292555809020996e+00
2.682803869247436523e+00
5.010701656341552734e+00
1.985338211059570312e+00
4.245902061462402344e+00
4.192739009857177734e+00
3.742301940917968750e+00
4.421956062316894531e+00
4.503936767578125000e+00
2.736950159072875977e+00
3.166855573654174805e+00
3.608293533325195312e+00
3.251736164093017578e+00
3.506339311599731445e+00
2.448737859725952148e+00
2.953071355819702148e+00
2.736809968948364258e+00
1.669316291809082031e+00
2.784270763397216797e+00
4.055491447448730469e+00
1.664844870567321777e+00
5.383545875549316406e+00
6.627842903137207031e+00
2.972179412841796875e+00
3.298846483230590820e+00
7.737706184387207031e+00
1.515219807624816895e+00
2.560601711273193359e+00
4.724121093750000000e+00
4.771883010864257812e+00
4.777107715606689453e+00
4.169275760650634766e+00
3.085642576217651367e+00
1.577238798141479492e+00
1.746174097061157227e+00
2.752736806869506836e+00
5.215067863464355469e+00
2.300358533859252930e+00
4.700952053070068359e+00
6.395993232727050781e+00
7.316759586334228516e+00
3.190313339233398438e+00
3.742809772491455078e+00
4.638521671295166016e+00
3.549101352691650391e+00
1.372801661491394043e+00
4.782755374908447266e+00
3.315592527389526367e+00
5.771588802337646484e+00
5.020310878753662109e+00
3.762955188751220703e+00
2.195145130157470703e+00
3.795306921005249023e+00
2.411617994308471680e+00
6.513524532318115234e+00
3.102055311203002930e+00
3.423766374588012695e+00
2.816033601760864258e+00
1.341118574142456055e+00
3.053158521652221680e+00
1.151222229003906250e+00
1.032413721084594727e+00
4.416769027709960938e+00
1.878630280494689941e+00
2.410326242446899414e+00
1.841921448707580566e+00
1.012734651565551758e+00
8.579050064086914062e+00
1.095571160316467285e+00
4.050144195556640625e+00
4.496972084045410156e+00
1.781090140342712402e+00
4.697283744812011719e+00
1.212594032287597656e+00
5.901322841644287109e+00
5.876460552215576172e+00
4.070396423339843750e+00
5.137808322906494141e+00
3.727863788604736328e+00
5.700741291046142578e+00
2.417787075042724609e+00
3.725943326950073242e+00
2.833012104034423828e+00
3.348396301269531250e+00
3.042190074920654297e+00
5.450967311859130859e+00
5.355740547180175781e+00
4.357015609741210938e+00
3.011575937271118164e+00
3.834318161010742188e+00
7.169975280761718750e+00
3.039113998413085938e+00
6.211907863616943359e+00
4.806014537811279297e+00
3.312644243240356445e+00
4.829262733459472656e+00
3.465570926666259766e+00
2.942450046539306641e+00
3.996361255645751953e+00
2.358791351318359375e+00
3.129997968673706055e+00
6.118667602539062500e+00
2.867571592330932617e+00
7.049701690673828125e+00
4.601975917816162109e+00
3.638833999633789062e+00
3.939151763916015625e+00
3.401050567626953125e+00
1.979572534561157227e+00
1.363764047622680664e+00
2.544674873352050781e+00
1.710785508155822754e+00
5.033003807067871094e+00
3.328531742095947266e+00
1.880123972892761230e+00
2.527059316635131836e+00
3.606886386871337891e+00
5.175611019134521484e+00
3.954083681106567383e+00
1.375040411949157715e+00
3.604537725448608398e+00
3.788106203079223633e+00
4.864673137664794922e+00
3.798028230667114258e+00
1.268444299697875977e+00
2.735544204711914062e+00
7.170686244964599609e+00
4.598923683166503906e+00
3.651890516281127930e+00
3.288829565048217773e+00
3.487157821655273438e+00
3.663207769393920898e+00
4.793162822723388672e+00
5.744482874870300293e-01
3.575064420700073242e+00
6.336738467216491699e-01
2.440790176391601562e+00
4.832594394683837891e+00
1.410354018211364746e+00
4.631206035614013672e+00
1.829056143760681152e+00
2.265675306320190430e+00
3.781649112701416016e+00
1.932302474975585938e+00
1.362835168838500977e+00
7.096604824066162109e+00
2.192841291427612305e+00
3.674719333648681641e+00
2.876229286193847656e+00
2.240211963653564453e+00
4.624807357788085938e+00
1.144180536270141602e+00
1.833907723426818848e+00
3.476788759231567383e+00
1.763183832168579102e+00
4.786628246307373047e+00
9.941220283508300781e-01
1.772703051567077637e+00
2.601066827774047852e+00
2.459887504577636719e+00
2.867741107940673828e+00
6.899507045745849609e+00
4.574599742889404297e+00
2.820549488067626953e+00
2.870422363281250000e+00
4.192667961120605469e+00
8.470157980918884277e-01
1.038572788238525391e+00
4.253818035125732422e+00
4.014861583709716797e+00
5.197776794433593750e+00
1.858613252639770508e+00
1.781717181205749512e+00
1.366536855697631836e+00
5.658864974975585938e+00
6.819566249847412109e+00
4.033537387847900391e+00
2.901204824447631836e+00
5.285287380218505859e+00
2.086037158966064453e+00
4.762871265411376953e+00
5.027680873870849609e+00
3.278929233551025391e+00
2.634876489639282227e+00
3.710105180740356445e+00
4.626785278320312500e+00
3.841678380966186523e+00
3.477411031723022461e+00
6.458878517150878906e+00
5.625482082366943359e+00
5.535861968994140625e+00
4.168197154998779297e+00
3.899907827377319336e+00
5.762450695037841797e+00
1.986697554588317871e+00
4.083291530609130859e+00
1.076291441917419434e+00
2.288233280181884766e+00
3.700642347335815430e+00
2.914046287536621094e+00
3.201841354370117188e+00
1.351681113243103027e+00
1.501606464385986328e+00
7.384004592895507812e-01
3.363479614257812500e+00
4.565552771091461182e-01
7.568057179450988770e-01
2.664948463439941406e+00
2.675030946731567383e+00
6.596572399139404297e+00
5.021592617034912109e+00
1.589980483055114746e+00
2.514397382736206055e+00
2.878997087478637695e+00
3.296558856964111328e+00
1.274637103080749512e+00
4.890226364135742188e+00
6.220567226409912109e+00
2.064139127731323242e+00
3.647071838378906250e+00
1.467283964157104492e+00
4.318395137786865234e+00
3.091313123703002930e+00
2.798153877258300781e+00
4.744439601898193359e+00
6.092346191406250000e+00
3.760609626770019531e-01
3.907311677932739258e+00
2.450361251831054688e+00
3.315838336944580078e+00
3.824259519577026367e+00
1.719195723533630371e+00
1.435786366462707520e+00
5.126220226287841797e+00
1.112168550491333008e+00
3.497107744216918945e+00
2.856790542602539062e+00
1.944725990295410156e+00
4.991736888885498047e+00
8.391821861267089844e+00
3.049512863159179688e+00
3.693399190902709961e+00
3.283713102340698242e+00
5.112272739410400391e+00
4.866836071014404297e+00
2.933915853500366211e+00
8.851898312568664551e-01
5.247755050659179688e+00
2.685839891433715820e+00
4.880075454711914062e+00
2.689061164855957031e+00
3.956861972808837891e+00
8.353456854820251465e-01
1.990339159965515137e+00
4.073564529418945312e+00
3.088235378265380859e+00
3.088094472885131836e+00
4.601415157318115234e+00
2.536422967910766602e+00
3.016978979110717773e+00
2.538562297821044922e+00
1.120114803314208984e+00
7.647212982177734375e+00
3.733592987060546875e+00
4.060110092163085938e+00
2.229553222656250000e+00
4.203623771667480469e+00
2.621075868606567383e+00
2.390100717544555664e+00
3.175996780395507812e+00
5.076925754547119141e+00
1.620018005371093750e+00
5.247856140136718750e+00
2.850277423858642578e+00
3.437691450119018555e+00
3.366283416748046875e+00
7.319257259368896484e-01
5.372460842132568359e+00
2.938313245773315430e+00
3.516036987304687500e+00
3.925189733505249023e+00
6.261962413787841797e+00
1.514049291610717773e+00
3.849829912185668945e+00
9.726988077163696289e-01
1.997476220130920410e+00
2.859089374542236328e+00
8.423098921775817871e-01
2.784463644027709961e+00
2.914103269577026367e+00
3.821688890457153320e+00
4.530328750610351562e+00
5.120334148406982422e+00
2.180976629257202148e+00
2.374241590499877930e+00
2.438495397567749023e+00
2.995438337326049805e+00
2.132524251937866211e+00
2.143697977066040039e+00
3.992076158523559570e+00
2.622525691986083984e+00
2.583250999450683594e+00
2.721520662307739258e+00
4.769025325775146484e+00
5.572983026504516602e-01
4.053632736206054688e+00
1.588981747627258301e+00
3.890684604644775391e+00
5.181541919708251953e+00
4.755481243133544922e+00
5.064163208007812500e+00
6.252910137176513672e+00
5.142148971557617188e+00
6.095519542694091797e+00
4.741624355316162109e+00
2.370706796646118164e+00
1.077814936637878418e+00
2.825018405914306641e+00
5.998619079589843750e+00
1.573256373405456543e+00
1.983912467956542969e+00
6.012677669525146484e+00
2.398168325424194336e+00
2.716081380844116211e+00
8.359455466270446777e-01
3.455814838409423828e+00
4.017301559448242188e+00
5.757794857025146484e+00
4.519906044006347656e+00
1.887618660926818848e+00
4.490293025970458984e+00
1.896452307701110840e+00
1.119690299034118652e+00
3.164848089218139648e+00
3.330934524536132812e+00
4.920297145843505859e+00
4.197652339935302734e+00
2.665218114852905273e+00
1.457542777061462402e+00
1.573603987693786621e+00
1.778674960136413574e+00
5.850620746612548828e+00
2.737017869949340820e+00
3.831121444702148438e+00
2.917609930038452148e+00
4.560022354125976562e+00
4.152808666229248047e+00
5.502298355102539062e+00
4.385719299316406250e+00
3.926738023757934570e+00
2.671824455261230469e+00
5.755836963653564453e-01
1.482853293418884277e+00
5.582417011260986328e+00
5.407362937927246094e+00
2.942905664443969727e+00
2.351348638534545898e+00
9.381082534790039062e+00
4.083292961120605469e+00
2.618081569671630859e+00
4.691460132598876953e+00
7.864121198654174805e-01
3.078657865524291992e+00
6.245673656463623047e+00
3.932413578033447266e+00
5.738811969757080078e+00
4.246032238006591797e+00
1.918854594230651855e+00
2.758847475051879883e+00
1.859106421470642090e+00
1.607539057731628418e+00
3.197418212890625000e+00
2.176316022872924805e+00
4.635004043579101562e+00
4.211330413818359375e+00
3.369084119796752930e+00
2.583130836486816406e+00
3.317301511764526367e+00
1.554745197296142578e+00
2.319642305374145508e+00
3.435442447662353516e+00
3.743681430816650391e+00
1.505538225173950195e+00
1.097769498825073242e+00
5.843439102172851562e+00
2.136200904846191406e+00
2.853156805038452148e+00
2.071932554244995117e+00
4.849513530731201172e+00
3.282981872558593750e+00
7.814064025878906250e+00
1.693752527236938477e+00
1.988965988159179688e+00
2.043122053146362305e+00
1.440276980400085449e+00
4.723651409149169922e+00
3.415840148925781250e+00
7.627729892730712891e+00
2.098333358764648438e+00
3.482120513916015625e+00
1.020245313644409180e+00
3.666754484176635742e+00
3.297598600387573242e+00
2.886487960815429688e+00
2.506207942962646484e+00
3.997536182403564453e+00
4.129456520080566406e+00
2.849061965942382812e+00
1.390120625495910645e+00
2.116592407226562500e+00
3.422868728637695312e+00
5.300913810729980469e+00
2.350482940673828125e+00
5.985478878021240234e+00
6.913145542144775391e+00
3.121111392974853516e+00
3.267827987670898438e+00
4.427354335784912109e+00
2.367385149002075195e+00
2.344274044036865234e+00
6.121633529663085938e+00
7.186420559883117676e-01
4.872664451599121094e+00
4.033546447753906250e+00
1.941363573074340820e+00
2.394743442535400391e+00
2.427431821823120117e+00
1.680004954338073730e+00
4.461929321289062500e+00
5.890534400939941406e+00
3.744951009750366211e+00
3.480292081832885742e+00
5.367636680603027344e+00
6.877462267875671387e-01
3.176549911499023438e+00
3.252407550811767578e+00
6.590116024017333984e+00
3.002993106842041016e+00
3.188313245773315430e+00
2.981982231140136719e+00
4.305531501770019531e+00
4.488621711730957031e+00
2.602978467941284180e+00
3.306423664093017578e+00
2.633147478103637695e+00
2.832516431808471680e+00
5.675773620605468750e+00
3.361984252929687500e+00
5.699944972991943359e+00
5.995311260223388672e+00
3.631607055664062500e+00
3.876782178878784180e+00
4.183760166168212891e+00
1.323037505149841309e+00
9.848011136054992676e-01
3.902474641799926758e+00
2.846601009368896484e+00
1.397632718086242676e+00
6.893868923187255859e+00
2.659748554229736328e+00
3.389537811279296875e+00
3.864643573760986328e+00
3.396121978759765625e+00
1.171465635299682617e+00
4.441452980041503906e+00
9.976766705513000488e-01
2.399548530578613281e+00
3.532187223434448242e+00
5.080723762512207031e+00
4.048820018768310547e+00
4.311887741088867188e+00
4.899760723114013672e+00
3.992402791976928711e+00
1.528616070747375488e+00
3.264795303344726562e+00
1.852322459220886230e+00
6.071261882781982422e+00
7.563697814941406250e+00
2.702083349227905273e+00
1.126919150352478027e+00
2.316624402999877930e+00
5.938818931579589844e+00
4.204624176025390625e+00
2.419881105422973633e+00
5.430379867553710938e+00
2.518210172653198242e+00
3.005758523941040039e+00
4.180810928344726562e+00
5.220391273498535156e+00
2.295262813568115234e+00
5.281972408294677734e+00
5.245741605758666992e-01
2.265142440795898438e+00
7.472229003906250000e+00
5.591037273406982422e+00
3.938165664672851562e+00
3.196858167648315430e+00
4.174759387969970703e+00
2.141484737396240234e+00
3.475259780883789062e+00
2.998774290084838867e+00
3.886121034622192383e+00
3.237499952316284180e+00
4.183831691741943359e+00
4.089774608612060547e+00
5.816180706024169922e+00
4.697851181030273438e+00
3.000029563903808594e+00
4.424924373626708984e+00
3.180634498596191406e+00
3.639982938766479492e+00
2.055766105651855469e+00
2.976513624191284180e+00
5.360128879547119141e+00
8.124794006347656250e+00
4.155123233795166016e+00
4.022892475128173828e+00
5.865616798400878906e+00
5.216635704040527344e+00
3.006246805191040039e+00
3.471827030181884766e+00
1.145079851150512695e+00
4.597480773925781250e+00
2.985291242599487305e+00
1.855659127235412598e+00
1.085515141487121582e+00
5.397770404815673828e+00
3.929044485092163086e+00
2.698988914489746094e+00
5.273021221160888672e+00
3.696179151535034180e+00
1.583574771881103516e+00
1.638182282447814941e+00
6.081316471099853516e+00
2.780706405639648438e+00
9.911883473396301270e-01
5.393824100494384766e+00
5.399309635162353516e+00
3.515215635299682617e+00
5.968122959136962891e+00
2.969231367111206055e+00
1.359691500663757324e+00
7.191863536834716797e+00
1.223287940025329590e+00
5.475566387176513672e+00
3.437119007110595703e+00
2.142011165618896484e+00
6.622214794158935547e+00
3.462366819381713867e+00
5.050730228424072266e+00
4.927605628967285156e+00
3.964843034744262695e+00
1.600817680358886719e+00
3.474507093429565430e+00
4.780771255493164062e+00
4.971869945526123047e+00
2.968151330947875977e+00
5.236822605133056641e+00
4.336066246032714844e+00
3.663043260574340820e+00
5.059295177459716797e+00
2.963568925857543945e+00
9.194092750549316406e-01
5.405772686004638672e+00
5.450094699859619141e+00
2.387680768966674805e+00
1.689778327941894531e+00
5.174940586090087891e+00
2.303116798400878906e+00
1.112460613250732422e+00
4.559768199920654297e+00
1.528445005416870117e+00
5.003638744354248047e+00
5.691811561584472656e+00
8.016153335571289062e+00
3.749308824539184570e+00
1.796672463417053223e+00
5.580175876617431641e+00
1.965436577796936035e+00
1.429502129554748535e+00
3.047401666641235352e+00
3.254368305206298828e+00
3.976655721664428711e+00
4.356059551239013672e+00
3.026178359985351562e+00
2.491613864898681641e+00
4.256563663482666016e+00
2.100174903869628906e+00
3.584455251693725586e+00
3.610260486602783203e+00
1.869573831558227539e+00
2.855343580245971680e+00
3.161116838455200195e+00
1.728202700614929199e+00
3.170841693878173828e+00
3.945618867874145508e+00
3.037758588790893555e+00
1.756485939025878906e+00
3.837617158889770508e+00
6.354213237762451172e+00
4.062930583953857422e+00
2.416478872299194336e+00
4.430038928985595703e+00
1.465271353721618652e+00
3.867443799972534180e+00
7.188364863395690918e-01
3.912525653839111328e+00
3.048245191574096680e+00
1.133636355400085449e+00
1.551659941673278809e+00
3.018284559249877930e+00
6.617261409759521484e+00
5.155108928680419922e+00
2.971782445907592773e+00
1.683544754981994629e+00
8.523237228393554688e+00
1.284163117408752441e+00
5.129746437072753906e+00
3.086683988571166992e+00
3.865399599075317383e+00
5.980645179748535156e+00
2.437957048416137695e+00
5.895313739776611328e+00
3.452295064926147461e+00
1.783278703689575195e+00
4.856782436370849609e+00
5.746367454528808594e+00
1.426699876785278320e+00
2.561224699020385742e+00
4.674258232116699219e+00
2.360775470733642578e+00
2.433328390121459961e+00
4.084376394748687744e-01
2.286347150802612305e+00
2.873208045959472656e+00
5.095692634582519531e+00
2.548619747161865234e+00
6.082322597503662109e+00
2.833556175231933594e+00
3.808192968368530273e+00
2.240353107452392578e+00
3.052782773971557617e+00
7.860932350158691406e-01
4.387843608856201172e+00
2.358268737792968750e+00
2.077506065368652344e+00
4.914655208587646484e+00
3.016045331954956055e+00
2.037603855133056641e+00
1.003084301948547363e+00
2.994851112365722656e+00
3.165088415145874023e+00
5.581328392028808594e+00
1.727563858032226562e+00
2.026350975036621094e+00
4.730193614959716797e+00
3.104621648788452148e+00
3.433010101318359375e+00
5.346570491790771484e+00
2.123102903366088867e+00
2.607311248779296875e+00
2.380884647369384766e+00
2.613439559936523438e+00
5.284984588623046875e+00
6.149504661560058594e+00
1.143453478813171387e+00
2.035728216171264648e+00
3.322118759155273438e+00
3.785786390304565430e+00
2.739461660385131836e+00
2.463233470916748047e+00
6.230171203613281250e+00
9.807196617126464844e+00
3.236124038696289062e+00
2.567954301834106445e+00
1.843213677406311035e+00
4.022208690643310547e+00
1.285474181175231934e+00
3.666703939437866211e+00
1.846641540527343750e+00
4.692192077636718750e+00
4.260572433471679688e+00
5.905385494232177734e+00
4.021431446075439453e+00
2.829237699508666992e+00
4.872848033905029297e+00
4.743898868560791016e+00
3.789438724517822266e+00
1.058955550193786621e+00
1.369569897651672363e+00
2.546580791473388672e+00
3.562201261520385742e+00
1.830483794212341309e+00
2.523795366287231445e+00
4.311732769012451172e+00
5.958043575286865234e+00
5.802246570587158203e+00
1.081618905067443848e+00
4.103571891784667969e+00
7.898409366607666016e+00
5.921382904052734375e+00
4.927137851715087891e+00
1.260669231414794922e+00
3.915092468261718750e+00
3.674746036529541016e+00
3.296855688095092773e+00
6.526617527008056641e+00
1.658923983573913574e+00
2.522506952285766602e+00
2.539633035659790039e+00
4.758052349090576172e+00
3.239046096801757812e+00
1.928096055984497070e+00
4.207281112670898438e+00
4.088201999664306641e+00
1.775589823722839355e+00
3.522164106369018555e+00
3.547358751296997070e+00
1.862846970558166504e+00
2.614228963851928711e+00
7.040573954582214355e-01
3.482828617095947266e+00
5.850289821624755859e+00
5.515166759490966797e+00
2.799826145172119141e+00
2.968681812286376953e+00
1.124612689018249512e+00
4.125101089477539062e+00
1.741903901100158691e+00
5.696960449218750000e+00
3.106924533843994141e+00
6.555328369140625000e+00
9.639973640441894531e+00
4.826469421386718750e+00
1.391231417655944824e+00
2.262918233871459961e+00
3.060410976409912109e+00
3.122175693511962891e+00
4.090564250946044922e+00
3.701701879501342773e+00
5.468007564544677734e+00
4.076076507568359375e+00
3.727179288864135742e+00
3.044783353805541992e+00
4.441450595855712891e+00
3.726489782333374023e+00
5.516644954681396484e+00
4.159616470336914062e+00
3.008273363113403320e+00
5.180923938751220703e+00
3.564014911651611328e+00
3.175251483917236328e+00
7.323953151702880859e+00
3.288511037826538086e+00
1.871247887611389160e+00
5.789991021156311035e-01
5.179972171783447266e+00
4.282496452331542969e+00
4.367259502410888672e+00
3.095906496047973633e+00
4.442092895507812500e+00
3.060450553894042969e+00
6.732623577117919922e+00
4.964049816131591797e+00
4.637048244476318359e+00
9.512912631034851074e-01
1.657609820365905762e+00
4.841454982757568359e+00
4.130105495452880859e+00
4.950664520263671875e+00
2.833687305450439453e+00
1.458845257759094238e+00
9.847450256347656250e-01
3.338455200195312500e+00
4.115323543548583984e+00
4.708707332611083984e+00
6.306156635284423828e+00
1.700179338455200195e+00
2.174472570419311523e+00
3.022516965866088867e+00
3.927706241607666016e+00
1.860628128051757812e+00
3.178044080734252930e+00
4.177470684051513672e+00
2.253923177719116211e+00
6.366476058959960938e+00
2.327094316482543945e+00
2.058953762054443359e+00
2.008933067321777344e+00
4.315567016601562500e+00
3.669594526290893555e+00
2.858672857284545898e+00
5.718504190444946289e-01
6.614630222320556641e+00
3.400331974029541016e+00
4.010162830352783203e+00
3.907483816146850586e+00
4.053847789764404297e+00
1.792598724365234375e+00
4.580724716186523438e+00
2.392719745635986328e+00
4.050466537475585938e+00
2.448326826095581055e+00
1.763193726539611816e+00
1.215585470199584961e+00
4.498224258422851562e+00
5.023550987243652344e+00
2.941302537918090820e+00
7.454974651336669922e-01
3.060138940811157227e+00
5.465503215789794922e+00
2.591833114624023438e+00
6.366307258605957031e+00
5.238645553588867188e+00
2.685518980026245117e+00
5.946069240570068359e+00
1.976802468299865723e+00
4.851116240024566650e-01
3.496070146560668945e+00
2.319503784179687500e+00
1.880521059036254883e+00
4.432974815368652344e+00
2.063484907150268555e+00
3.640914916992187500e+00
1.351909160614013672e+00
1.946742296218872070e+00
3.076093196868896484e+00
6.134841918945312500e+00
5.001035213470458984e+00
1.867061853408813477e+00
2.025836944580078125e+00
2.619677543640136719e+00
4.800788402557373047e+00
3.267431020736694336e+00
5.352041244506835938e+00
4.286444187164306641e+00
3.686003446578979492e+00
4.736073970794677734e+00
3.020219564437866211e+00
6.651432037353515625e+00
3.379148960113525391e+00
6.477913856506347656e+00
8.320949673652648926e-01
1.240121960639953613e+00
5.539195060729980469e+00
2.350538253784179688e+00
3.658687353134155273e+00
2.298511266708374023e+00
2.516730070114135742e+00
2.568053960800170898e+00
9.931858181953430176e-01
4.948456764221191406e+00
1.529396772384643555e+00
3.908058166503906250e+00
2.452578306198120117e+00
2.260696172714233398e+00
2.065114498138427734e+00
6.083932399749755859e+00
3.679663896560668945e+00
3.767291784286499023e+00
4.212143421173095703e+00
2.540770292282104492e+00
3.375193357467651367e+00
3.037278890609741211e+00
6.144914150238037109e+00
5.224701404571533203e+00
6.416011810302734375e+00
4.055552959442138672e+00
4.035033702850341797e+00
5.214741706848144531e+00
3.675008058547973633e+00
3.667956590652465820e+00
3.636558532714843750e+00
2.975371122360229492e+00
3.337596893310546875e+00
2.339790105819702148e+00
4.689552307128906250e+00
4.757106781005859375e+00
7.425044536590576172e+00
4.011591434478759766e+00
4.865173816680908203e+00
5.829926967620849609e+00
1.808093905448913574e+00
1.803000688552856445e+00
3.853853225708007812e+00
2.838857889175415039e+00
9.780836105346679688e-01
2.792839765548706055e+00
4.977163791656494141e+00
3.977327346801757812e+00
3.487519025802612305e+00
4.801313400268554688e+00
1.242833971977233887e+00
4.777619361877441406e+00
1.993682503700256348e+00
8.951364755630493164e-01
3.191418409347534180e+00
2.072930097579956055e+00
2.620964288711547852e+00
3.476453065872192383e+00
4.925695359706878662e-01
3.401849746704101562e+00
2.914458990097045898e+00
4.899594783782958984e+00
3.189880132675170898e+00
1.195219874382019043e+00
3.523229598999023438e+00
7.362965941429138184e-01
2.915459632873535156e+00
