1.486720442771911621e+00
2.796831846237182617e+00
5.175312042236328125e+00
2.634264707565307617e+00
2.452475309371948242e+00
2.539018392562866211e+00
5.744193553924560547e+00
4.516301631927490234e+00
6.002176403999328613e-01
3.231824874877929688e+00
2.232372760772705078e+00
1.409389138221740723e+00
4.414866447448730469e+00
2.556072235107421875e+00
1.609216690063476562e+00
2.151933908462524414e+00
4.961720943450927734e+00
2.113343000411987305e+00
3.959994077682495117e+00
3.967307329177856445e+00
4.341951847076416016e+00
3.545099258422851562e+00
7.849149107933044434e-01
2.271181821823120117e+00
1.585229754447937012e+00
1.250874519348144531e+00
4.428814888000488281e+00
5.444606781005859375e+00
1.869409799575805664e+00
2.154595851898193359e+00
2.348285436630249023e+00
6.146236419677734375e+00
4.303583145141601562e+00
2.000554323196411133e+00
2.285644292831420898e+00
4.987061023712158203e+00
4.233655452728271484e+00
2.782943487167358398e+00
2.142691850662231445e+00
2.722838878631591797e+00
2.949666738510131836e+00
2.569466114044189453e+00
3.360368490219116211e+00
3.412307739257812500e+00
3.912248611450195312e+00
1.820293664932250977e+00
2.199229717254638672e+00
2.963183641433715820e+00
3.903803348541259766e+00
5.914735317230224609e+00
2.597663164138793945e+00
1.558749318122863770e+00
1.205893039703369141e+00
5.062234878540039062e+00
2.865267753601074219e+00
3.633682012557983398e+00
2.280888080596923828e+00
3.691185474395751953e+00
3.802858352661132812e+00
4.631597042083740234e+00
4.876396656036376953e+00
2.769810438156127930e+00
3.306795597076416016e+00
3.824798583984375000e+00
2.886088848114013672e+00
2.644608736038208008e+00
4.851188182830810547e+00
5.462931156158447266e+00
6.842571258544921875e+00
1.761560797691345215e+00
1.702073454856872559e+00
2.319354057312011719e+00
3.039877891540527344e+00
1.354573369026184082e+00
3.065557241439819336e+00
3.764578342437744141e+00
2.431742191314697266e+00
1.740106940269470215e+00
1.977954506874084473e+00
5.300518035888671875e+00
3.255847930908203125e+00
5.003992557525634766e+00
2.516084909439086914e+00
5.383656978607177734e+00
7.219609260559082031e+00
1.525197148323059082e+00
2.969895601272583008e+00
1.827064752578735352e+00
2.675152778625488281e+00
5.758172512054443359e+00
5.483458518981933594e+00
3.058104276657104492e+00
5.455996990203857422e+00
5.568314552307128906e+00
7.182683944702148438e-01
5.922331809997558594e+00
7.459418773651123047e+00
4.280353069305419922e+00
1.745673179626464844e+00
3.685646057128906250e+00
3.141275167465209961e+00
7.642055511474609375e+00
5.248628139495849609e+00
3.056686639785766602e+00
4.449058532714843750e+00
6.139239788055419922e+00
2.974385023117065430e+00
4.884434223175048828e+00
1.756487488746643066e+00
5.334866046905517578e+00
6.419982910156250000e+00
6.195869922637939453e+00
5.304040431976318359e+00
3.019863128662109375e+00
2.043778657913208008e+00
2.541533231735229492e+00
5.950204372406005859e+00
2.219419479370117188e+00
3.223696231842041016e+00
4.101017475128173828e+00
2.468222379684448242e+00
2.362206459045410156e+00
2.989320993423461914e+00
5.335471630096435547e+00
6.903775334358215332e-01
1.824306368827819824e+00
1.146126151084899902e+00
1.640976548194885254e+00
2.380151271820068359e+00
1.733089685440063477e+00
4.167277336120605469e+00
4.256477355957031250e+00
3.410352468490600586e+00
4.418972015380859375e+00
5.617230415344238281e+00
1.856623291969299316e+00
5.912248611450195312e+00
1.903258323669433594e+00
3.214087724685668945e+00
4.009020805358886719e+00
1.540566444396972656e+00
3.168417692184448242e+00
3.394171476364135742e+00
3.547470092773437500e+00
6.379651546478271484e+00
3.103612661361694336e+00
5.208573341369628906e+00
5.534827232360839844e+00
8.793231844902038574e-01
4.533952772617340088e-01
1.494314789772033691e+00
3.784353256225585938e+00
3.701478958129882812e+00
1.653906702995300293e+00
4.380471706390380859e+00
2.349678516387939453e+00
3.734167814254760742e+00
1.707857012748718262e+00
7.357324957847595215e-01
3.570841312408447266e+00
5.905295848846435547e+00
4.626803874969482422e+00
2.225654840469360352e+00
1.505778789520263672e+00
2.750537872314453125e+00
1.580317854881286621e+00
3.511850833892822266e+00
6.775531768798828125e+00
3.253985643386840820e+00
3.281551837921142578e+00
4.365102291107177734e+00
6.165885925292968750e+00
2.711285114288330078e+00
3.844607591629028320e+00
2.214906930923461914e+00
5.380158424377441406e+00
3.079021692276000977e+00
2.226133823394775391e+00
5.342178344726562500e-01
5.425814628601074219e+00
4.654391765594482422e+00
3.323822021484375000e+00
4.536296844482421875e+00
2.987563133239746094e+00
3.272030353546142578e+00
3.496440887451171875e+00
3.669446229934692383e+00
1.362197399139404297e+00
4.516365051269531250e+00
3.689139604568481445e+00
1.262745141983032227e+00
8.914440274238586426e-01
9.218799471855163574e-01
2.573105812072753906e+00
5.402418613433837891e+00
4.394242286682128906e+00
5.295685291290283203e+00
3.835785627365112305e+00
2.669530630111694336e+00
4.329030513763427734e+00
2.967598676681518555e+00
7.589633941650390625e+00
4.368642330169677734e+00
4.821268081665039062e+00
1.948350191116333008e+00
3.493319749832153320e+00
2.457185506820678711e+00
5.930881023406982422e+00
4.786994934082031250e+00
1.595132470130920410e+00
3.573004961013793945e+00
5.840517997741699219e+00
7.377748966217041016e+00
2.763275384902954102e+00
4.005167007446289062e+00
3.346847534179687500e+00
1.543246507644653320e+00
2.833464860916137695e+00
4.147991180419921875e+00
2.141381025314331055e+00
1.384653925895690918e+00
2.121114015579223633e+00
4.085180282592773438e+00
2.266343593597412109e+00
2.398927450180053711e+00
9.397374391555786133e-01
2.838458299636840820e+00
4.851729393005371094e+00
4.688701152801513672e+00
3.846975326538085938e+00
7.128654479980468750e+00
3.328999042510986328e+00
2.598281383514404297e+00
1.654976844787597656e+00
4.392018795013427734e+00
2.996059656143188477e+00
4.349996089935302734e+00
1.449954867362976074e+00
2.804413318634033203e+00
2.301592588424682617e+00
3.149765014648437500e+00
2.286497354507446289e+00
4.618407726287841797e+00
4.234673500061035156e+00
3.206173419952392578e+00
5.061259746551513672e+00
4.654937267303466797e+00
5.078746795654296875e+00
1.849967241287231445e+00
4.632896423339843750e+00
1.480448126792907715e+00
4.143390178680419922e+00
3.361799716949462891e+00
2.711798429489135742e+00
4.358097553253173828e+00
3.053594350814819336e+00
1.313805699348449707e+00
4.686728477478027344e+00
1.054227590560913086e+00
1.118491411209106445e+00
9.241592288017272949e-01
1.726300597190856934e+00
4.390607833862304688e+00
3.780252933502197266e+00
2.746304273605346680e+00
3.872372150421142578e+00
3.084059476852416992e+00
4.626883983612060547e+00
2.337418079376220703e+00
3.416844129562377930e+00
2.803328275680541992e+00
5.785933971405029297e+00
7.174530029296875000e+00
3.730921506881713867e+00
3.358386993408203125e+00
2.125178575515747070e+00
4.658959388732910156e+00
5.862536907196044922e+00
3.119321107864379883e+00
4.833132743835449219e+00
3.362841844558715820e+00
3.493907213211059570e+00
4.741663932800292969e+00
2.519786119461059570e+00
6.458050727844238281e+00
4.230865001678466797e+00
2.193761825561523438e+00
2.802362680435180664e+00
1.557450890541076660e+00
1.096101164817810059e+00
4.707090854644775391e+00
5.596981048583984375e+00
4.103877067565917969e+00
6.552376747131347656e+00
7.007392406463623047e+00
1.644994139671325684e+00
3.826937913894653320e+00
3.905207872390747070e+00
2.940943002700805664e+00
6.242074489593505859e+00
2.805594205856323242e+00
1.314305424690246582e+00
5.670644283294677734e+00
2.930320262908935547e+00
6.261614799499511719e+00
3.034321784973144531e+00
1.565740942955017090e+00
1.890152812004089355e+00
4.208096027374267578e+00
5.093833446502685547e+00
4.151529312133789062e+00
2.303214788436889648e+00
2.387426137924194336e+00
4.783759593963623047e+00
4.017430782318115234e+00
1.095531225204467773e+00
3.944974839687347412e-01
4.974339485168457031e+00
2.442154407501220703e+00
4.993751049041748047e+00
2.514755964279174805e+00
2.748550415039062500e+00
4.611634731292724609e+00
1.763136506080627441e+00
1.664908409118652344e+00
1.375549197196960449e+00
2.602913618087768555e+00
4.751763820648193359e+00
5.237760066986083984e+00
6.202727317810058594e+00
1.393498778343200684e+00
1.634766817092895508e+00
4.255102157592773438e+00
3.270892858505249023e+00
4.128148555755615234e+00
4.218394279479980469e+00
5.110591411590576172e+00
6.193157672882080078e+00
4.110521316528320312e+00
2.933179616928100586e+00
4.726730346679687500e+00
2.089190244674682617e+00
1.735974311828613281e+00
1.337886810302734375e+00
5.904158115386962891e+00
2.557956933975219727e+00
6.500922679901123047e+00
4.760637283325195312e-01
3.482631683349609375e+00
3.486016035079956055e+00
3.845006704330444336e+00
3.830159902572631836e+00
7.587734222412109375e+00
2.620245218276977539e+00
2.750465154647827148e+00
3.201688766479492188e+00
1.772220849990844727e+00
7.066343784332275391e+00
1.717291712760925293e+00
9.111666083335876465e-01
3.347654104232788086e+00
2.625680685043334961e+00
1.740272164344787598e+00
2.538944005966186523e+00
3.943501710891723633e+00
4.999314785003662109e+00
5.711732387542724609e+00
3.455340147018432617e+00
4.503676891326904297e+00
4.041422843933105469e+00
3.367130756378173828e+00
2.429322242736816406e+00
2.667139053344726562e+00
1.488817572593688965e+00
6.463342189788818359e+00
4.384016513824462891e+00
1.791970849037170410e+00
4.380287170410156250e+00
2.515441656112670898e+00
2.165058851242065430e+00
1.446167111396789551e+00
6.994674682617187500e+00
3.883388519287109375e+00
5.811711788177490234e+00
7.648581862449645996e-01
2.958522081375122070e+00
1.609359145164489746e+00
2.894865751266479492e+00
3.072211027145385742e+00
2.018580436706542969e+00
4.863320827484130859e+00
7.623703956604003906e+00
3.508043050765991211e+00
6.066541194915771484e+00
3.469249486923217773e+00
6.798950195312500000e+00
4.850344181060791016e+00
7.341468811035156250e+00
1.482185840606689453e+00
2.740126132965087891e+00
2.401264429092407227e+00
4.710982799530029297e+00
7.464374303817749023e-01
8.389586448669433594e+00
6.161336421966552734e+00
1.727461814880371094e+00
3.566102266311645508e+00
4.975177288055419922e+00
2.135392904281616211e+00
2.083808898925781250e+00
3.375385999679565430e+00
1.992578744888305664e+00
3.465375661849975586e+00
3.035211563110351562e+00
3.009429216384887695e+00
2.477614164352416992e+00
1.095440745353698730e+00
4.313912093639373779e-01
5.370706558227539062e+00
4.980317592620849609e+00
2.881219148635864258e+00
5.465886592864990234e+00
3.381435155868530273e+00
2.437148332595825195e+00
2.098153114318847656e+00
1.820365548133850098e+00
5.749035358428955078e+00
2.672921895980834961e+00
4.860616683959960938e+00
2.515039443969726562e+00
2.121861219406127930e+00
1.749219179153442383e+00
5.151609897613525391e+00
4.665530681610107422e+00
2.882127046585083008e+00
2.572369098663330078e+00
3.005582571029663086e+00
4.432497024536132812e+00
1.913671135902404785e+00
2.139791011810302734e+00
4.636096954345703125e+00
1.617997407913208008e+00
6.672772884368896484e+00
5.144361019134521484e+00
2.586217403411865234e+00
3.458990812301635742e+00
4.580139160156250000e+00
2.494124650955200195e+00
6.104256153106689453e+00
3.394092559814453125e+00
1.856292605400085449e+00
1.547421813011169434e+00
2.885853528976440430e+00
5.002834320068359375e+00
1.162274122238159180e+00
1.207319974899291992e+00
4.297111034393310547e+00
3.667360782623291016e+00
4.213790416717529297e+00
4.653099060058593750e+00
1.548252344131469727e+00
4.921950340270996094e+00
2.554162025451660156e+00
4.637166023254394531e+00
1.616962075233459473e+00
2.116584539413452148e+00
1.210577726364135742e+00
8.493741154670715332e-01
2.521721363067626953e+00
3.691094160079956055e+00
3.773085355758666992e+00
1.971934556961059570e+00
2.972263336181640625e+00
5.916279315948486328e+00
2.155983686447143555e+00
3.262842178344726562e+00
4.421017169952392578e+00
4.085422039031982422e+00
5.573333740234375000e+00
5.699201226234436035e-01
1.018991112709045410e+00
1.373890280723571777e+00
4.094813346862792969e+00
2.181513547897338867e+00
4.306195259094238281e+00
5.566977500915527344e+00
1.572331428527832031e+00
3.677821874618530273e+00
6.255123615264892578e+00
4.520350933074951172e+00
3.811077117919921875e+00
6.287583351135253906e+00
3.219124317169189453e+00
3.902036666870117188e+00
8.040199279785156250e-01
2.731930494308471680e+00
2.723588228225708008e+00
2.278232574462890625e+00
3.504424810409545898e+00
1.863530516624450684e+00
5.899039268493652344e+00
5.194987297058105469e+00
1.898610949516296387e+00
1.790359497070312500e+00
1.549787998199462891e+00
3.962089538574218750e+00
1.193412542343139648e+00
2.690887212753295898e+00
3.466171979904174805e+00
2.566808462142944336e+00
3.445011854171752930e+00
3.041539192199707031e+00
1.981934189796447754e+00
3.093298435211181641e+00
5.157733440399169922e+00
3.049662828445434570e+00
4.211750030517578125e+00
2.373352050781250000e+00
3.583833456039428711e+00
2.491377830505371094e+00
3.982847690582275391e+00
5.726025581359863281e+00
5.822878360748291016e+00
5.397244930267333984e+00
2.171680450439453125e+00
3.950764894485473633e+00
2.213853359222412109e+00
4.660122871398925781e+00
3.413156986236572266e+00
3.942077636718750000e+00
2.774988889694213867e+00
4.089939594268798828e+00
3.774421453475952148e+00
2.787440061569213867e+00
2.949404954910278320e+00
1.662175774574279785e+00
5.019764900207519531e+00
4.306152820587158203e+00
2.548678398132324219e+00
1.617883086204528809e+00
4.844151973724365234e+00
8.323029875755310059e-01
3.624951601028442383e+00
3.197654962539672852e+00
2.549612522125244141e+00
2.511501550674438477e+00
3.349006652832031250e+00
1.344149589538574219e+00
2.748975992202758789e+00
1.950556159019470215e+00
3.618728399276733398e+00
2.224986314773559570e+00
3.045163631439208984e+00
1.644814133644104004e+00
3.708096742630004883e+00
3.321793794631958008e+00
2.993563413619995117e+00
2.006605386734008789e+00
2.899376630783081055e+00
8.574075698852539062e-01
3.823845386505126953e+00
4.260938167572021484e+00
4.388710498809814453e+00
4.454783916473388672e+00
4.863175392150878906e+00
4.376124858856201172e+00
3.088118314743041992e+00
2.040608167648315430e+00
1.883283615112304688e+00
5.549876689910888672e+00
4.027528285980224609e+00
3.635343551635742188e+00
1.758788347244262695e+00
1.815819025039672852e+00
3.553768873214721680e+00
4.350182533264160156e+00
3.390473604202270508e+00
2.779674530029296875e+00
3.734281301498413086e+00
2.504031419754028320e+00
1.996860504150390625e+00
3.018322706222534180e+00
4.935871601104736328e+00
3.501554489135742188e+00
1.530500769615173340e+00
3.672105550765991211e+00
4.436470508575439453e+00
2.833345174789428711e+00
3.083010196685791016e+00
5.892987251281738281e+00
9.758176207542419434e-01
1.625469088554382324e+00
8.553946495056152344e+00
5.852370262145996094e+00
5.162578821182250977e-01
1.824116706848144531e+00
6.319200038909912109e+00
2.130766153335571289e+00
1.964782118797302246e+00
3.902309894561767578e+00
2.698621511459350586e+00
4.167709350585937500e+00
5.025809288024902344e+00
3.732714176177978516e+00
1.128939986228942871e+00
4.655903339385986328e+00
2.633181333541870117e+00
2.677377223968505859e+00
5.555043697357177734e+00
1.933781981468200684e+00
3.200191497802734375e+00
4.400121212005615234e+00
4.064766883850097656e+00
4.873255252838134766e+00
4.801063060760498047e+00
5.029334068298339844e+00
9.473821520805358887e-01
2.004208803176879883e+00
7.488319873809814453e-01
5.379874110221862793e-01
1.998273134231567383e+00
5.197997570037841797e+00
8.688104748725891113e-01
3.426013231277465820e+00
2.980776309967041016e+00
3.987456083297729492e+00
2.536459922790527344e+00
3.244705200195312500e+00
2.397530317306518555e+00
3.672857761383056641e+00
3.667722702026367188e+00
4.244883060455322266e+00
2.246441125869750977e+00
3.636691331863403320e+00
3.019869327545166016e+00
4.681843757629394531e+00
2.397829532623291016e+00
5.001461505889892578e+00
3.408720493316650391e+00
5.678436756134033203e-01
1.788962244987487793e+00
1.551925539970397949e+00
2.876667022705078125e+00
2.035027027130126953e+00
2.098666906356811523e+00
2.678180694580078125e+00
2.236443281173706055e+00
2.853498697280883789e+00
5.342915058135986328e+00
3.115180969238281250e+00
3.694839477539062500e+00
4.585583209991455078e+00
5.313288688659667969e+00
2.826633930206298828e+00
4.359915256500244141e+00
1.986641883850097656e+00
2.847353219985961914e+00
4.405015408992767334e-01
4.014232158660888672e+00
1.505566000938415527e+00
3.565961599349975586e+00
3.636528730392456055e+00
3.783512830734252930e+00
7.263830661773681641e+00
2.798925638198852539e+00
5.164786338806152344e+00
2.529375314712524414e+00
3.105979204177856445e+00
3.317815542221069336e+00
3.811187505722045898e+00
2.303160190582275391e+00
2.496505975723266602e+00
4.812375545501708984e+00
2.522165298461914062e+00
5.784647464752197266e+00
2.581844568252563477e+00
2.788543462753295898e+00
5.694580554962158203e+00
4.288461208343505859e+00
5.421392440795898438e+00
4.781035900115966797e+00
1.735558867454528809e+00
2.365619421005249023e+00
6.946040987968444824e-01
4.796437740325927734e+00
2.671499967575073242e+00
5.236928462982177734e+00
6.516152620315551758e-01
2.004441738128662109e+00
3.857574462890625000e+00
2.820435285568237305e+00
3.542291641235351562e+00
9.322587013244628906e+00
3.829783678054809570e+00
4.229719638824462891e+00
3.484270572662353516e+00
2.435024023056030273e+00
4.561247825622558594e+00
3.565318822860717773e+00
1.194451212882995605e+00
2.666551351547241211e+00
4.842902183532714844e+00
5.748580455780029297e+00
5.171962261199951172e+00
5.008334636688232422e+00
1.929272890090942383e+00
5.163584709167480469e+00
2.236312150955200195e+00
4.789347648620605469e+00
2.996864557266235352e+00
4.745929241180419922e+00
3.516111373901367188e+00
3.519957780838012695e+00
3.645316362380981445e+00
4.705893039703369141e+00
4.161959648132324219e+00
3.368115663528442383e+00
4.062549114227294922e+00
1.080262780189514160e+00
2.645572423934936523e+00
2.931816816329956055e+00
4.604947090148925781e+00
3.780188798904418945e+00
2.310477733612060547e+00
3.486948728561401367e+00
4.832274436950683594e+00
5.598573684692382812e+00
4.448606967926025391e+00
3.833319902420043945e+00
5.490875720977783203e+00
3.865415573120117188e+00
4.676655292510986328e+00
3.386849164962768555e+00
3.591288089752197266e+00
2.922863960266113281e+00
4.903633117675781250e+00
1.653618097305297852e+00
4.423892021179199219e+00
1.356956362724304199e+00
2.494377613067626953e+00
3.485502243041992188e+00
2.055285453796386719e+00
1.660574793815612793e+00
1.011152148246765137e+00
3.412021398544311523e+00
5.011428833007812500e+00
1.813179016113281250e+00
4.634111881256103516e+00
6.272344112396240234e+00
1.463635683059692383e+00
5.018727779388427734e+00
1.702749490737915039e+00
2.185802221298217773e+00
2.713338613510131836e+00
2.505977630615234375e+00
2.310859441757202148e+00
1.218722701072692871e+00
3.962576389312744141e+00
2.368049621582031250e+00
5.545600891113281250e+00
2.277667999267578125e+00
4.274528503417968750e+00
3.650276660919189453e+00
4.364831447601318359e+00
1.172636032104492188e+00
7.863029003143310547e+00
7.319010496139526367e-01
3.615748167037963867e+00
1.394998669624328613e+00
2.360706090927124023e+00
2.604656696319580078e+00
3.418007373809814453e+00
8.324514627456665039e-01
4.627498626708984375e+00
2.731642961502075195e+00
2.806774616241455078e+00
4.508230686187744141e+00
5.824674129486083984e+00
1.801093935966491699e+00
2.079427957534790039e+00
2.827397584915161133e+00
4.618779659271240234e+00
4.542249679565429688e+00
5.547672271728515625e+00
9.064669013023376465e-01
5.941582679748535156e+00
2.026497364044189453e+00
4.204520702362060547e+00
2.463649988174438477e+00
8.959428668022155762e-01
5.801752567291259766e+00
1.874553561210632324e+00
2.706615209579467773e+00
1.835781097412109375e+00
7.444212436676025391e+00
4.808757305145263672e+00
3.560946702957153320e+00
4.916513919830322266e+00
1.341303467750549316e+00
1.541774749755859375e+00
3.720197677612304688e+00
5.678482055664062500e+00
3.733181476593017578e+00
4.335295677185058594e+00
3.967812776565551758e+00
4.509219646453857422e+00
2.954569578170776367e+00
5.624013900756835938e+00
2.258256673812866211e+00
2.345975160598754883e+00
4.022994518280029297e+00
3.877616882324218750e+00
2.710467100143432617e+00
6.397628784179687500e-01
3.809286832809448242e+00
6.681878566741943359e+00
4.140431880950927734e+00
3.965711355209350586e+00
3.951168537139892578e+00
2.537072896957397461e+00
2.524667024612426758e+00
5.861840724945068359e+00
1.585661530494689941e+00
6.797399044036865234e+00
2.553971052169799805e+00
4.127568721771240234e+00
2.606459379196166992e+00
1.944384217262268066e+00
2.958416223526000977e+00
2.297886848449707031e+00
3.213792562484741211e+00
3.821794509887695312e+00
4.485416412353515625e+00
4.125866889953613281e+00
5.774271488189697266e-01
1.395935893058776855e+00
1.828254103660583496e+00
5.223533153533935547e+00
2.648883581161499023e+00
4.377032279968261719e+00
3.730848312377929688e+00
2.291924238204956055e+00
2.086251258850097656e+00
3.101824998855590820e+00
5.474549770355224609e+00
4.129372596740722656e+00
4.045324802398681641e+00
4.926694393157958984e+00
4.791804790496826172e+00
5.616724014282226562e+00
3.219295501708984375e+00
3.541392087936401367e+00
3.595045804977416992e+00
5.976470470428466797e+00
3.188664436340332031e+00
7.830132842063903809e-01
2.321642875671386719e+00
1.618297934532165527e+00
5.542060732841491699e-01
1.815013766288757324e+00
5.946455955505371094e+00
2.277384281158447266e+00
1.727612733840942383e+00
3.963203191757202148e+00
7.967333793640136719e-01
3.473364353179931641e+00
4.184437274932861328e+00
5.335728645324707031e+00
4.709508419036865234e+00
4.234230041503906250e+00
1.074326992034912109e+00
4.159340381622314453e+00
4.305489540100097656e+00
1.976199388504028320e+00
1.910812377929687500e+00
2.528406381607055664e+00
4.409556388854980469e+00
4.761458873748779297e+00
2.963216304779052734e+00
7.341861724853515625e+00
2.747287511825561523e+00
3.498133420944213867e+00
7.337833642959594727e-01
3.920853853225708008e+00
3.347032546997070312e+00
1.643112540245056152e+00
1.825194001197814941e+00
1.495277285575866699e+00
5.908236980438232422e+00
4.547663688659667969e+00
5.973411083221435547e+00
4.499539852142333984e+00
2.640826225280761719e+00
1.111777067184448242e+00
2.673934459686279297e+00
2.549483537673950195e+00
2.741946220397949219e+00
4.737352848052978516e+00
2.470259428024291992e+00
7.727195262908935547e+00
3.717339277267456055e+00
4.947828769683837891e+00
4.573216438293457031e+00
2.144008159637451172e+00
5.383453369140625000e+00
5.917110443115234375e+00
3.720418214797973633e+00
1.575189113616943359e+00
2.844906806945800781e+00
2.823446989059448242e+00
3.536713123321533203e+00
4.199791908264160156e+00
2.202385902404785156e+00
3.879472494125366211e+00
4.229649543762207031e+00
3.338202238082885742e+00
2.504069566726684570e+00
2.390561580657958984e+00
4.265573024749755859e+00
1.913536429405212402e+00
3.058291673660278320e+00
3.859114408493041992e+00
3.929013967514038086e+00
5.155084133148193359e+00
3.884535551071166992e+00
5.148149967193603516e+00
1.956454873085021973e+00
2.534660100936889648e+00
5.603681087493896484e+00
2.204478263854980469e+00
2.840045213699340820e+00
6.256947040557861328e+00
3.494032621383666992e+00
4.632064819335937500e+00
3.498599767684936523e+00
6.239152431488037109e+00
3.063379049301147461e+00
2.717927694320678711e+00
1.675766229629516602e+00
3.082180976867675781e+00
2.889541625976562500e+00
3.981880903244018555e+00
3.291748523712158203e+00
4.444326400756835938e+00
1.627179503440856934e+00
5.756301403045654297e+00
4.617662906646728516e+00
3.494475603103637695e+00
1.538965702056884766e+00
1.212763190269470215e+00
2.343077182769775391e+00
2.390111923217773438e+00
2.023737430572509766e+00
1.808759331703186035e+00
2.804151296615600586e+00
5.063438415527343750e+00
1.243609070777893066e+00
4.507838726043701172e+00
2.516061544418334961e+00
2.375474214553833008e+00
1.724555015563964844e+00
1.951490044593811035e+00
3.848988771438598633e+00
1.702343583106994629e+00
6.882781982421875000e+00
1.958246111869812012e+00
6.295046329498291016e+00
3.825957536697387695e+00
2.548481941223144531e+00
5.169845104217529297e+00
4.268712520599365234e+00
4.982404232025146484e+00
2.158913373947143555e+00
4.235053539276123047e+00
9.922488331794738770e-01
6.114865779876708984e+00
2.806340932846069336e+00
5.448285579681396484e+00
5.109207153320312500e+00
8.317341804504394531e-01
3.231119871139526367e+00
4.742074966430664062e+00
1.535701036453247070e+00
1.756745219230651855e+00
4.219489574432373047e+00
2.653830289840698242e+00
3.663952589035034180e+00
6.375334262847900391e+00
4.637104034423828125e+00
1.110143780708312988e+00
3.736498355865478516e+00
2.521641254425048828e+00
4.743435382843017578e+00
2.198627710342407227e+00
3.747618436813354492e+00
2.811673164367675781e+00
4.866131782531738281e+00
3.247098684310913086e+00
1.467439174652099609e+00
2.575013875961303711e+00
