1.261169314384460449e+00
6.205552101135253906e+00
3.463787078857421875e+00
3.565685272216796875e+00
1.635995864868164062e+00
2.531347036361694336e+00
3.249603033065795898e+00
2.617897033691406250e+00
8.312503695487976074e-01
8.384125828742980957e-01
3.318533658981323242e+00
5.032641887664794922e+00
6.499745845794677734e-01
5.243714809417724609e+00
4.361716747283935547e+00
7.802298069000244141e-01
5.622591972351074219e+00
1.308033227920532227e+00
4.021459579467773438e+00
4.580338954925537109e+00
6.053563117980957031e+00
3.642736434936523438e+00
2.720823287963867188e+00
5.191878318786621094e+00
3.961095809936523438e+00
3.361724615097045898e+00
2.782531499862670898e+00
4.489623546600341797e+00
3.585810184478759766e+00
2.944392919540405273e+00
5.469166040420532227e-01
2.278706312179565430e+00
3.153101682662963867e+00
4.232578277587890625e+00
1.199270844459533691e+00
5.774709224700927734e+00
2.063517808914184570e+00
2.401003122329711914e+00
6.775685548782348633e-01
9.504814147949218750e-01
1.390449762344360352e+00
4.488330364227294922e+00
7.488941550254821777e-01
3.418151855468750000e+00
1.459596991539001465e+00
3.995137929916381836e+00
2.010395526885986328e+00
4.736239433288574219e+00
1.556362152099609375e+00
3.839190006256103516e+00
2.452318429946899414e+00
6.587124824523925781e+00
8.751180648803710938e+00
1.214513659477233887e+00
5.652034759521484375e+00
1.900005698204040527e+00
4.793014526367187500e+00
2.889551639556884766e+00
3.211899518966674805e+00
5.873223781585693359e+00
3.173346519470214844e+00
5.160407423973083496e-01
4.838053226470947266e+00
1.020220994949340820e+00
1.708797454833984375e+00
3.106606483459472656e+00
3.676031827926635742e+00
2.890945196151733398e+00
2.878744602203369141e+00
2.528208971023559570e+00
3.061529159545898438e+00
3.919919729232788086e+00
5.236279487609863281e+00
5.128926277160644531e+00
2.694882154464721680e+00
4.186314582824707031e+00
4.696161746978759766e+00
1.941548347473144531e+00
6.224584579467773438e+00
3.083761215209960938e+00
2.216601371765136719e+00
3.991223096847534180e+00
5.490105152130126953e+00
4.943961620330810547e+00
2.854427099227905273e+00
4.463008880615234375e+00
9.002861022949218750e+00
4.796173572540283203e+00
2.780236959457397461e+00
3.405405759811401367e+00
3.851767778396606445e+00
1.735798478126525879e+00
5.250217437744140625e+00
7.484392642974853516e+00
3.528276443481445312e+00
3.417114257812500000e+00
2.984128236770629883e+00
4.200201034545898438e+00
2.875951528549194336e+00
1.116596579551696777e+00
5.108240127563476562e+00
3.347810745239257812e+00
2.562013387680053711e+00
3.886468648910522461e+00
3.839474201202392578e+00
2.990548849105834961e+00
2.596620321273803711e+00
5.251498222351074219e+00
2.295346021652221680e+00
4.865134716033935547e+00
9.825941324234008789e-01
5.774557590484619141e+00
5.533107280731201172e+00
3.776093721389770508e+00
3.086273908615112305e+00
2.215288877487182617e+00
4.809518814086914062e+00
3.713494539260864258e+00
1.861469149589538574e+00
5.988600730895996094e+00
2.948991775512695312e+00
3.290918111801147461e+00
1.755039095878601074e+00
2.105042219161987305e+00
3.877658843994140625e+00
8.297416567802429199e-01
9.447542428970336914e-01
1.201158404350280762e+00
4.289601802825927734e+00
2.698552846908569336e+00
2.250215291976928711e+00
6.644275784492492676e-01
4.781461238861083984e+00
2.523824691772460938e+00
3.372600317001342773e+00
2.708720207214355469e+00
1.721807718276977539e+00
2.933086872100830078e+00
6.630105018615722656e+00
2.396616458892822266e+00
1.891363501548767090e+00
6.146777272224426270e-01
2.318479776382446289e+00
2.238543272018432617e+00
2.738646268844604492e+00
2.863193273544311523e+00
4.977941513061523438e+00
4.321500301361083984e+00
6.004689693450927734e+00
2.587201833724975586e+00
3.262590408325195312e+00
4.425614833831787109e+00
1.757220864295959473e+00
4.006247997283935547e+00
1.693350672721862793e+00
4.542789936065673828e+00
4.225321292877197266e+00
3.780009508132934570e+00
5.107742786407470703e+00
7.743410468101501465e-01
5.308399677276611328e+00
3.805706739425659180e+00
6.269928932189941406e+00
7.092451572418212891e+00
2.608995199203491211e+00
1.388512611389160156e+00
1.866559267044067383e+00
1.924809098243713379e+00
3.717107057571411133e+00
2.640926122665405273e+00
4.435738086700439453e+00
5.062373161315917969e+00
2.150401830673217773e+00
3.999036073684692383e+00
2.522618055343627930e+00
2.236646413803100586e+00
3.734564542770385742e+00
1.708431839942932129e+00
4.263806819915771484e+00
4.423961162567138672e+00
4.410398006439208984e+00
6.055326938629150391e+00
4.555964946746826172e+00
1.834810823202133179e-01
3.580242633819580078e+00
6.375809669494628906e+00
2.441082715988159180e+00
4.239780902862548828e+00
3.031154632568359375e+00
1.891441345214843750e+00
1.747133612632751465e+00
1.084373354911804199e+00
4.945788860321044922e+00
1.062767386436462402e+00
3.460492372512817383e+00
5.011661052703857422e+00
4.319739818572998047e+00
2.998354196548461914e+00
4.378912925720214844e+00
2.405076265335083008e+00
4.650631904602050781e+00
1.447061300277709961e+00
3.767918825149536133e+00
3.180451393127441406e+00
1.433786869049072266e+00
3.605256795883178711e+00
1.611872911453247070e+00
2.291632413864135742e+00
3.184842824935913086e+00
1.275582671165466309e+00
7.992638349533081055e-01
1.827816009521484375e+00
1.516254663467407227e+00
6.648034095764160156e+00
2.248103380203247070e+00
2.942726373672485352e+00
2.493154764175415039e+00
2.592435598373413086e+00
2.721711158752441406e+00
3.816868305206298828e+00
1.282804965972900391e+00
2.332895994186401367e+00
3.380088090896606445e+00
3.210918188095092773e+00
3.969366550445556641e+00
8.122534751892089844e+00
4.575927734375000000e+00
2.627008199691772461e+00
5.559566497802734375e+00
2.466033697128295898e+00
4.396713256835937500e+00
4.624650478363037109e+00
1.806149125099182129e+00
8.436029553413391113e-01
3.974978685379028320e+00
9.270647168159484863e-01
2.570110321044921875e+00
5.971841335296630859e+00
1.993921875953674316e+00
3.229429006576538086e+00
4.754547595977783203e+00
5.713970184326171875e+00
5.949597835540771484e+00
4.819608211517333984e+00
4.269473552703857422e+00
3.362710952758789062e+00
2.367305994033813477e+00
6.147595405578613281e+00
1.457524299621582031e+00
6.403934001922607422e+00
2.833490133285522461e+00
1.094944119453430176e+00
3.068317174911499023e+00
2.390480518341064453e+00
2.938101530075073242e+00
4.074159145355224609e+00
3.489022016525268555e+00
3.119114637374877930e+00
2.273553609848022461e+00
4.883123397827148438e+00
4.012976646423339844e+00
5.701125621795654297e+00
5.806437969207763672e+00
5.077264785766601562e+00
1.826717615127563477e+00
2.425444126129150391e+00
2.900923490524291992e+00
5.583019256591796875e-01
3.581074237823486328e+00
3.340745925903320312e+00
5.200811862945556641e+00
4.136134147644042969e+00
5.217686653137207031e+00
3.158264636993408203e+00
2.367253065109252930e+00
4.660754680633544922e+00
2.078726291656494141e+00
5.032328605651855469e+00
5.529222011566162109e+00
2.711806774139404297e+00
1.719212532043457031e+00
2.129650831222534180e+00
6.463026523590087891e+00
2.032116651535034180e+00
5.560947418212890625e+00
4.065272331237792969e+00
1.993294000625610352e+00
2.640330553054809570e+00
2.393734931945800781e+00
3.191321611404418945e+00
1.208189010620117188e+00
6.347865581512451172e+00
2.179795026779174805e+00
3.408878326416015625e+00
2.254267930984497070e+00
7.221792340278625488e-01
2.666293144226074219e+00
4.403790473937988281e+00
6.955229282379150391e+00
3.836103916168212891e+00
5.144066333770751953e+00
5.376765251159667969e+00
3.228596210479736328e+00
1.908528208732604980e+00
3.960642337799072266e+00
5.606672763824462891e+00
4.361611843109130859e+00
3.815284729003906250e+00
4.890794277191162109e+00
1.087280988693237305e+00
4.764776825904846191e-01
1.518064975738525391e+00
2.996595382690429688e+00
8.715654373168945312e+00
4.800400257110595703e+00
3.733171463012695312e+00
2.821341753005981445e+00
2.638566732406616211e+00
4.367778301239013672e+00
1.867086291313171387e+00
3.652129411697387695e+00
5.156041145324707031e+00
1.770825266838073730e+00
3.604961872100830078e+00
2.844558715820312500e+00
4.538616657257080078e+00
4.394760131835937500e+00
2.710798501968383789e+00
1.872819304466247559e+00
4.904886245727539062e+00
4.995265960693359375e+00
5.912544727325439453e+00
5.081341266632080078e+00
1.335303187370300293e+00
1.145750045776367188e+00
2.392237424850463867e+00
1.532067179679870605e+00
1.533532500267028809e+00
2.128858804702758789e+00
3.033923387527465820e+00
1.967341423034667969e+00
1.298100829124450684e+00
5.019242763519287109e+00
2.735459089279174805e+00
3.068015813827514648e+00
3.526723623275756836e+00
5.934360027313232422e+00
6.146439552307128906e+00
3.450402498245239258e+00
5.855611801147460938e+00
3.267375707626342773e+00
6.316784381866455078e+00
1.504362225532531738e+00
4.465832412242889404e-01
6.798079013824462891e+00
4.619304180145263672e+00
4.457391262054443359e+00
2.862230777740478516e+00
2.382678508758544922e+00
3.406106710433959961e+00
3.065082073211669922e+00
9.383713603019714355e-01
3.354187726974487305e+00
6.554546952247619629e-01
3.515808582305908203e+00
3.700550079345703125e+00
4.293062686920166016e+00
7.660428881645202637e-01
4.589537620544433594e+00
2.371475458145141602e+00
4.336735248565673828e+00
7.249266147613525391e+00
2.385363101959228516e+00
3.857961654663085938e+00
3.789344787597656250e+00
1.845558404922485352e+00
4.733290672302246094e+00
4.701508522033691406e+00
2.611494541168212891e+00
2.307922124862670898e+00
4.847082138061523438e+00
3.440946340560913086e+00
7.402884006500244141e+00
3.202016115188598633e+00
2.958780765533447266e+00
2.902417659759521484e+00
2.408071041107177734e+00
1.691427111625671387e+00
6.462375640869140625e+00
9.804094433784484863e-01
2.180450677871704102e+00
3.965353488922119141e+00
2.924669265747070312e+00
1.934255957603454590e+00
2.068183898925781250e+00
2.173667669296264648e+00
3.579102277755737305e+00
6.825324892997741699e-01
2.667581558227539062e+00
1.887960433959960938e+00
4.116370677947998047e+00
3.135219097137451172e+00
1.837972879409790039e+00
5.181882858276367188e+00
1.839586257934570312e+00
3.993011951446533203e+00
5.836635112762451172e+00
4.445451259613037109e+00
7.319484353065490723e-01
5.137694835662841797e+00
1.482174634933471680e+00
4.139348506927490234e+00
2.876161098480224609e+00
3.859772920608520508e+00
4.927878856658935547e+00
2.194939851760864258e+00
2.904441118240356445e+00
2.987996816635131836e+00
5.601299285888671875e+00
1.170319199562072754e+00
4.772542476654052734e+00
5.377905845642089844e+00
4.620597839355468750e+00
3.237781524658203125e+00
9.976569414138793945e-01
7.875186204910278320e-01
1.738155722618103027e+00
4.119185924530029297e+00
4.564843654632568359e+00
3.523425817489624023e+00
8.775572776794433594e-01
2.524152994155883789e+00
4.012584209442138672e+00
3.120144128799438477e+00
3.904803514480590820e+00
3.282536029815673828e+00
5.847978115081787109e+00
3.950497865676879883e+00
1.985627174377441406e+00
4.218350410461425781e+00
4.471656799316406250e+00
2.142354726791381836e+00
5.042077064514160156e+00
7.376977443695068359e+00
2.630881309509277344e+00
4.202067852020263672e+00
3.997433900833129883e+00
1.727077126502990723e+00
5.692640781402587891e+00
2.962950468063354492e+00
3.157218694686889648e+00
1.557786583900451660e+00
3.724295377731323242e+00
3.120880842208862305e+00
4.829421997070312500e+00
4.540723323822021484e+00
3.523078918457031250e+00
6.317351341247558594e+00
1.401978254318237305e+00
5.512807369232177734e+00
3.212159395217895508e+00
4.684953212738037109e+00
1.364718437194824219e+00
4.814883708953857422e+00
2.986907720565795898e+00
7.073192596435546875e+00
3.560577154159545898e+00
3.144788503646850586e+00
3.383829832077026367e+00
2.361471652984619141e+00
4.679105281829833984e+00
3.763352155685424805e+00
4.009227752685546875e+00
3.070772886276245117e+00
8.526876568794250488e-01
3.157064199447631836e+00
4.444699764251708984e+00
5.668479442596435547e+00
2.837427854537963867e+00
2.671227216720581055e+00
3.495882511138916016e+00
6.504776954650878906e+00
2.910597801208496094e+00
2.921090841293334961e+00
2.381402492523193359e+00
3.173266053199768066e-01
3.684144258499145508e+00
4.009627819061279297e+00
1.133966445922851562e+00
2.163867235183715820e+00
4.704047203063964844e+00
3.566225051879882812e+00
2.418494939804077148e+00
1.091671228408813477e+00
4.542597770690917969e+00
3.835905790328979492e+00
3.111351966857910156e+00
1.529778122901916504e+00
4.273803710937500000e+00
3.298989057540893555e+00
3.851791381835937500e+00
4.523861408233642578e-01
3.723493337631225586e+00
1.697805285453796387e+00
5.694316387176513672e+00
6.214745044708251953e+00
3.043248891830444336e+00
1.966269731521606445e+00
3.940620422363281250e+00
2.311472654342651367e+00
1.769799470901489258e+00
1.202840924263000488e+00
6.378213405609130859e+00
2.132043838500976562e+00
7.136036753654479980e-01
4.171100139617919922e+00
6.616912364959716797e+00
6.638533115386962891e+00
4.415109157562255859e+00
3.125307798385620117e+00
5.155626296997070312e+00
1.788442969322204590e+00
4.974910736083984375e+00
2.177634239196777344e+00
3.906968355178833008e+00
7.633168697357177734e+00
2.132116794586181641e+00
4.853205680847167969e+00
2.947185993194580078e+00
5.244487762451171875e+00
5.229690074920654297e+00
3.213466405868530273e+00
1.400491833686828613e+00
1.745732665061950684e+00
2.534149408340454102e+00
1.566006064414978027e+00
3.039093732833862305e+00
3.374147891998291016e+00
5.961013317108154297e+00
3.948011875152587891e+00
6.607065677642822266e+00
2.070718050003051758e+00
3.229295730590820312e+00
1.402965426445007324e+00
3.203367233276367188e+00
3.473013639450073242e+00
4.049768924713134766e+00
4.832486152648925781e+00
1.758559465408325195e+00
1.312281966209411621e+00
4.534076213836669922e+00
5.044261455535888672e+00
3.826079607009887695e+00
3.183925151824951172e+00
5.068545818328857422e+00
7.470567226409912109e+00
2.823241949081420898e+00
7.282025337219238281e+00
5.391305923461914062e+00
1.623731255531311035e+00
3.634032964706420898e+00
3.271714448928833008e+00
3.271166563034057617e+00
3.264770269393920898e+00
5.187602519989013672e+00
2.936571121215820312e+00
4.270147323608398438e+00
2.909825563430786133e+00
5.042581081390380859e+00
2.564256429672241211e+00
4.563579559326171875e+00
3.003592729568481445e+00
1.650722861289978027e+00
2.538031816482543945e+00
3.798368215560913086e+00
5.778542995452880859e+00
4.543224334716796875e+00
2.280660867691040039e+00
2.034743070602416992e+00
3.685323476791381836e+00
1.635892152786254883e+00
5.089633464813232422e+00
2.145480155944824219e+00
2.533757925033569336e+00
4.429939746856689453e+00
2.333157777786254883e+00
3.370562314987182617e+00
2.118005275726318359e+00
2.520494222640991211e+00
1.266909003257751465e+00
1.324451088905334473e+00
4.785444736480712891e+00
2.376297473907470703e+00
4.968425750732421875e+00
4.134278297424316406e+00
1.769445300102233887e+00
5.314502239227294922e+00
4.380517005920410156e+00
1.001947522163391113e+00
5.601182460784912109e+00
1.613903641700744629e+00
3.873533904552459717e-01
2.067778587341308594e+00
2.833248615264892578e+00
2.266352653503417969e+00
1.911898851394653320e+00
2.586669445037841797e+00
3.117201089859008789e+00
2.046009778976440430e+00
2.522213697433471680e+00
1.935120940208435059e+00
5.494747638702392578e+00
2.228564023971557617e+00
2.978599071502685547e+00
3.900971174240112305e+00
2.170911580324172974e-01
4.189845561981201172e+00
2.671189069747924805e+00
5.145403385162353516e+00
4.237117290496826172e+00
2.894540548324584961e+00
5.647313117980957031e+00
4.497869014739990234e+00
4.209625244140625000e+00
7.332620024681091309e-01
2.576353073120117188e+00
1.464423894882202148e+00
2.409865617752075195e+00
5.228937149047851562e+00
6.647374153137207031e+00
6.123469352722167969e+00
2.571557760238647461e+00
4.148340225219726562e+00
2.876996755599975586e+00
2.223388433456420898e+00
1.749277353286743164e+00
6.291546821594238281e+00
3.290539264678955078e+00
4.923464775085449219e+00
2.523471593856811523e+00
1.386411905288696289e+00
4.285640716552734375e+00
4.984439849853515625e+00
2.721920013427734375e+00
2.608256340026855469e+00
2.025037765502929688e+00
1.322336554527282715e+00
1.377110481262207031e+00
2.083419322967529297e+00
5.054906368255615234e+00
2.136106252670288086e+00
4.872291088104248047e+00
3.839001178741455078e+00
3.748293399810791016e+00
3.248495101928710938e+00
4.937216281890869141e+00
2.017288923263549805e+00
3.309192657470703125e+00
4.703104496002197266e+00
5.166890621185302734e+00
2.031841516494750977e+00
1.367682218551635742e+00
2.662574529647827148e+00
2.923122882843017578e+00
4.238443374633789062e+00
3.319634199142456055e+00
1.647098898887634277e+00
1.653429269790649414e+00
8.230425715446472168e-01
1.296296119689941406e+00
5.094123363494873047e+00
7.188324332237243652e-01
6.481077671051025391e+00
4.508505344390869141e+00
3.918942213058471680e+00
2.533124685287475586e+00
6.301921367645263672e+00
4.069491386413574219e+00
3.982506513595581055e+00
2.780881404876708984e+00
8.208391070365905762e-01
3.550376176834106445e+00
3.957216739654541016e+00
2.605878114700317383e+00
7.618947029113769531e+00
5.134792327880859375e+00
1.941083788871765137e+00
4.271047115325927734e+00
1.960109949111938477e+00
1.853212714195251465e+00
3.864711523056030273e+00
4.788855075836181641e+00
2.104917526245117188e+00
5.830125808715820312e+00
2.295717954635620117e+00
7.514457106590270996e-01
1.765835642814636230e+00
1.397497534751892090e+00
2.712813138961791992e+00
4.704847335815429688e+00
3.778580188751220703e+00
1.984718561172485352e+00
2.135492801666259766e+00
3.550039291381835938e+00
2.490535259246826172e+00
3.661177396774291992e+00
1.905254960060119629e+00
3.101675987243652344e+00
7.525854110717773438e-01
1.261765003204345703e+00
2.025546789169311523e+00
2.353544473648071289e+00
5.483326435089111328e+00
3.971742391586303711e+00
2.850872755050659180e+00
5.863621234893798828e+00
6.259936332702636719e+00
5.355456352233886719e+00
6.171622753143310547e+00
6.841025352478027344e-01
4.772055149078369141e+00
1.376122355461120605e+00
1.190302371978759766e+00
4.183141231536865234e+00
1.423321127891540527e+00
9.192690253257751465e-01
1.401454091072082520e+00
1.713517189025878906e+00
2.195615768432617188e+00
1.731064200401306152e+00
9.124136924743652344e+00
2.932561874389648438e+00
6.083944797515869141e+00
3.214605808258056641e+00
2.188924312591552734e+00
3.257898807525634766e+00
3.102483272552490234e+00
3.235772848129272461e+00
3.177736282348632812e+00
2.105141401290893555e+00
5.504024028778076172e+00
3.267963409423828125e+00
6.210566997528076172e+00
4.635975360870361328e+00
3.706401586532592773e+00
1.698908448219299316e+00
2.482971191406250000e+00
5.858053207397460938e+00
3.604169130325317383e+00
1.241983294486999512e+00
3.583412170410156250e+00
3.219789266586303711e+00
2.394829511642456055e+00
5.098981380462646484e+00
5.178009033203125000e+00
3.340806961059570312e+00
3.324689626693725586e+00
2.735904455184936523e+00
4.550029277801513672e+00
3.873498916625976562e+00
5.015582084655761719e+00
2.348705768585205078e+00
3.192790746688842773e+00
5.001581192016601562e+00
3.889238357543945312e+00
2.168679952621459961e+00
3.490173339843750000e+00
2.951229095458984375e+00
1.047351717948913574e+00
3.431617736816406250e+00
7.522486209869384766e+00
1.664809584617614746e+00
2.200267076492309570e+00
1.211655020713806152e+00
7.037417292594909668e-01
4.343564510345458984e+00
2.395699262619018555e+00
9.906139373779296875e-01
7.915128231048583984e+00
4.854697704315185547e+00
1.015218257904052734e+00
6.027540564537048340e-01
5.022777080535888672e+00
2.109641313552856445e+00
1.739738821983337402e+00
4.152357578277587891e+00
4.269362449645996094e+00
5.981244564056396484e+00
3.571030378341674805e+00
2.096566915512084961e+00
5.357483863830566406e+00
3.712396621704101562e+00
3.698917865753173828e+00
3.166448354721069336e+00
3.848293304443359375e+00
3.660465002059936523e+00
7.554547786712646484e-01
3.132150173187255859e+00
4.770669460296630859e+00
7.547362804412841797e+00
3.772361516952514648e+00
3.643894672393798828e+00
1.979974389076232910e+00
3.573072910308837891e+00
4.103895187377929688e+00
5.356004714965820312e+00
1.216010570526123047e+00
4.818164825439453125e+00
2.584121704101562500e+00
1.722796440124511719e+00
1.995241761207580566e+00
5.111524105072021484e+00
3.031802415847778320e+00
8.903339505195617676e-01
4.748444080352783203e+00
5.157573223114013672e+00
9.049812316894531250e+00
4.132614135742187500e+00
3.225784301757812500e+00
3.610593557357788086e+00
3.935110092163085938e+00
4.295976161956787109e+00
3.704475402832031250e+00
2.267516374588012695e+00
4.253656387329101562e+00
4.246863842010498047e+00
2.020738363265991211e+00
3.145154714584350586e+00
4.291138172149658203e+00
1.825630545616149902e+00
4.674365997314453125e+00
2.573997974395751953e+00
6.114652633666992188e+00
6.294727325439453125e+00
3.689790010452270508e+00
3.540423154830932617e+00
3.342663288116455078e+00
3.955297231674194336e+00
3.984846115112304688e+00
6.819607734680175781e+00
3.637608051300048828e+00
5.154734134674072266e+00
4.189502239227294922e+00
3.356002807617187500e+00
2.117766141891479492e+00
3.904849290847778320e+00
3.948302984237670898e+00
5.170617580413818359e+00
4.125566005706787109e+00
3.214996099472045898e+00
5.578776836395263672e+00
2.642371416091918945e+00
4.170833110809326172e+00
2.476361989974975586e+00
2.087952613830566406e+00
2.685429334640502930e+00
3.465001344680786133e+00
3.028096675872802734e+00
5.048173904418945312e+00
1.958718895912170410e+00
2.757234334945678711e+00
3.995304822921752930e+00
5.570598125457763672e+00
1.886728286743164062e+00
2.453376293182373047e+00
3.295980453491210938e+00
1.812831521034240723e+00
3.275892972946166992e+00
2.774716377258300781e+00
3.272401094436645508e+00
2.104749679565429688e+00
1.982897162437438965e+00
2.166731119155883789e+00
3.587613344192504883e+00
5.853511810302734375e+00
2.961756467819213867e+00
2.834024190902709961e+00
2.625627994537353516e+00
2.531109333038330078e+00
2.099233865737915039e+00
2.187618732452392578e+00
3.037773609161376953e+00
1.962781310081481934e+00
3.230561494827270508e+00
3.994145631790161133e+00
4.309064388275146484e+00
6.020151138305664062e+00
3.253487348556518555e+00
4.970823287963867188e+00
3.544031143188476562e+00
4.137232780456542969e+00
7.053723812103271484e+00
6.498910188674926758e-01
3.500545978546142578e+00
4.161429405212402344e+00
3.360699176788330078e+00
6.011651992797851562e+00
4.464204311370849609e+00
5.158894538879394531e+00
6.394961357116699219e+00
4.248556613922119141e+00
3.681924104690551758e+00
6.061585903167724609e+00
5.943238258361816406e+00
5.451840877532958984e+00
5.896972417831420898e-01
2.234648466110229492e+00
5.560976028442382812e+00
1.884684205055236816e+00
7.737745761871337891e+00
6.057420253753662109e+00
2.290714740753173828e+00
1.985267996788024902e+00
3.347821950912475586e+00
5.350688934326171875e+00
2.051275253295898438e+00
2.321524381637573242e+00
4.006406307220458984e+00
6.175456523895263672e+00
6.248789787292480469e+00
1.667786955833435059e+00
3.785299777984619141e+00
2.556593656539916992e+00
2.566640615463256836e+00
5.636123180389404297e+00
6.296117305755615234e+00
3.314010381698608398e+00
4.891802310943603516e+00
2.117104053497314453e+00
5.939313411712646484e+00
1.222174525260925293e+00
2.353239059448242188e+00
3.382421970367431641e+00
4.701999187469482422e+00
5.324048042297363281e+00
2.970335483551025391e+00
3.830259084701538086e+00
2.803105831146240234e+00
1.805239915847778320e+00
2.307373583316802979e-01
4.166818141937255859e+00
9.376134276390075684e-01
3.183696508407592773e+00
2.447336673736572266e+00
3.926159381866455078e+00
1.644249200820922852e+00
1.946049094200134277e+00
6.558231115341186523e-01
7.503871917724609375e+00
3.537758350372314453e+00
6.786181926727294922e+00
4.406705856323242188e+00
1.294372200965881348e+00
4.063648700714111328e+00
1.384770393371582031e+00
4.096723079681396484e+00
2.322207927703857422e+00
2.104642152786254883e+00
1.385948419570922852e+00
5.221694469451904297e+00
3.827550888061523438e+00
6.546634674072265625e+00
8.285774588584899902e-01
4.492243289947509766e+00
4.769380092620849609e+00
2.292160511016845703e+00
2.789382934570312500e+00
4.383275508880615234e+00
2.093937397003173828e+00
4.612096309661865234e+00
2.615837097167968750e+00
3.777679920196533203e+00
1.111431121826171875e+00
1.874733567237854004e+00
2.288861989974975586e+00
4.121270656585693359e+00
2.791532278060913086e+00
5.703377127647399902e-01
2.322454452514648438e+00
5.760153293609619141e+00
6.461609840393066406e+00
3.484185457229614258e+00
1.365085005760192871e+00
4.614754676818847656e+00
5.440373897552490234e+00
5.484859943389892578e+00
6.285617351531982422e+00
2.499599695205688477e+00
2.781117439270019531e+00
5.117658138275146484e+00
3.124240875244140625e+00
1.285745143890380859e+00
4.133618831634521484e+00
3.433100461959838867e+00
4.882488727569580078e+00
9.152722358703613281e+00
3.035043478012084961e+00
1.022621035575866699e+00
4.125297069549560547e+00
5.739063262939453125e+00
