1.235177278518676758e+00
8.716666102409362793e-01
2.735401868820190430e+00
2.099809408187866211e+00
2.927204132080078125e+00
1.055223941802978516e+00
1.920324921607971191e+00
2.006534576416015625e+00
2.803823947906494141e+00
2.986900329589843750e+00
1.456459641456604004e+00
5.138350963592529297e+00
5.325800418853759766e+00
3.137480497360229492e+00
2.371380805969238281e+00
2.230097532272338867e+00
3.290098667144775391e+00
7.301187038421630859e+00
8.003830909729003906e+00
2.880823850631713867e+00
2.669021606445312500e+00
6.103526592254638672e+00
3.375242948532104492e+00
1.551743865013122559e+00
4.877023220062255859e+00
3.594928503036499023e+00
6.189914345741271973e-01
2.767540693283081055e+00
2.964510440826416016e+00
3.709664106369018555e+00
3.971520960330963135e-01
2.740758180618286133e+00
1.311287999153137207e+00
3.247526884078979492e+00
2.832736730575561523e+00
5.866312384605407715e-01
1.749270081520080566e+00
2.829478979110717773e+00
2.102954387664794922e+00
3.781935930252075195e+00
7.131501436233520508e-01
3.274019956588745117e+00
1.956774353981018066e+00
5.264142513275146484e+00
4.843254089355468750e+00
4.460626125335693359e+00
4.217956066131591797e+00
5.362388610839843750e+00
5.108129024505615234e+00
3.823560476303100586e+00
2.391515493392944336e+00
4.336965084075927734e+00
4.207502841949462891e+00
2.551691055297851562e+00
4.835109233856201172e+00
1.999482035636901855e+00
1.749493479728698730e+00
4.549098491668701172e+00
6.643908023834228516e+00
4.529527187347412109e+00
2.518452882766723633e+00
5.516926288604736328e+00
4.548495769500732422e+00
5.694298744201660156e+00
3.559848546981811523e+00
5.276597976684570312e+00
3.335527420043945312e+00
5.903994560241699219e+00
5.283393859863281250e+00
3.623221635818481445e+00
4.750708103179931641e+00
4.985215663909912109e+00
6.449216365814208984e+00
5.404567241668701172e+00
3.274832248687744141e+00
1.985304713249206543e+00
1.891688704490661621e+00
6.501604557037353516e+00
3.822357892990112305e+00
4.767490863800048828e+00
2.369186878204345703e+00
3.981436967849731445e+00
9.758581519126892090e-01
3.003002405166625977e+00
2.523771524429321289e+00
1.011470198631286621e+00
2.745001792907714844e+00
2.164073705673217773e+00
2.275456428527832031e+00
1.363355994224548340e+00
2.001964330673217773e+00
5.063037395477294922e+00
1.886243104934692383e+00
3.708369493484497070e+00
4.578837871551513672e+00
3.425364732742309570e+00
2.088294982910156250e+00
2.172560691833496094e+00
1.315257430076599121e+00
3.821140766143798828e+00
4.723061084747314453e+00
2.704491615295410156e+00
2.897592306137084961e+00
3.415754318237304688e+00
5.234920024871826172e+00
2.086178541183471680e+00
4.667433738708496094e+00
4.757308483123779297e+00
5.617825984954833984e-01
3.007415771484375000e+00
2.371787786483764648e+00
5.488448619842529297e+00
3.565636873245239258e+00
1.798934817314147949e+00
6.160644054412841797e+00
2.471433877944946289e+00
2.968603610992431641e+00
9.653059840202331543e-01
1.663739562034606934e+00
2.524793386459350586e+00
5.571662425994873047e+00
3.866266965866088867e+00
3.461713790893554688e+00
4.313470840454101562e+00
1.774822235107421875e+00
7.860854268074035645e-01
4.181290626525878906e+00
3.865087509155273438e+00
4.611067771911621094e+00
3.284665822982788086e+00
5.345002651214599609e+00
3.946677446365356445e+00
5.512280464172363281e+00
3.491094350814819336e+00
1.812226176261901855e+00
3.057212591171264648e+00
5.210027694702148438e+00
5.207221984863281250e+00
3.093879938125610352e+00
1.448000788688659668e+00
3.776818990707397461e+00
2.013094663619995117e+00
2.097068786621093750e+00
5.320693492889404297e+00
2.178028583526611328e+00
2.307275533676147461e+00
2.900782346725463867e+00
5.590001583099365234e+00
3.488622665405273438e+00
1.435129046440124512e+00
1.544949650764465332e+00
6.188587665557861328e+00
3.002509593963623047e+00
2.169992208480834961e+00
5.013727188110351562e+00
4.846949100494384766e+00
2.231586217880249023e+00
2.760556459426879883e+00
5.344592571258544922e+00
4.456192970275878906e+00
3.021609783172607422e+00
7.036734819412231445e-01
4.369837760925292969e+00
5.306481361389160156e+00
3.591761350631713867e+00
5.032785892486572266e+00
5.107279777526855469e+00
7.129824161529541016e+00
2.748703718185424805e+00
1.775902152061462402e+00
1.864262223243713379e+00
5.073495388031005859e+00
2.623033046722412109e+00
1.905213594436645508e+00
4.216069698333740234e+00
5.723253250122070312e+00
4.759188175201416016e+00
1.331340789794921875e+00
2.185159683227539062e+00
4.173539638519287109e+00
4.917300224304199219e+00
7.366059780120849609e+00
2.860930204391479492e+00
2.706015825271606445e+00
3.939481735229492188e+00
4.007004261016845703e+00
2.237973213195800781e+00
3.470156908035278320e+00
4.398128986358642578e+00
2.194749593734741211e+00
1.104038476943969727e+00
4.714235305786132812e+00
2.132260560989379883e+00
4.799413681030273438e+00
1.582944750785827637e+00
7.963153719902038574e-01
4.035646438598632812e+00
3.444796800613403320e+00
5.883109569549560547e+00
2.058677434921264648e+00
5.651297092437744141e+00
4.283261775970458984e+00
2.712515354156494141e+00
2.809933185577392578e+00
3.386819124221801758e+00
2.194965600967407227e+00
5.387746334075927734e+00
4.830281734466552734e+00
9.050570726394653320e-01
1.227772712707519531e+00
7.964307069778442383e-01
4.437831878662109375e+00
4.630713939666748047e+00
3.761821031570434570e+00
1.270028710365295410e+00
8.664704561233520508e-01
3.355052947998046875e+00
3.083994865417480469e+00
3.491974353790283203e+00
3.633331775665283203e+00
1.802652597427368164e+00
5.006335258483886719e+00
3.684627532958984375e+00
4.776390552520751953e+00
1.659102797508239746e+00
6.859256267547607422e+00
3.206340074539184570e+00
4.643867492675781250e+00
1.700670838356018066e+00
2.332391023635864258e+00
2.743022203445434570e+00
1.447609782218933105e+00
2.235818147659301758e+00
2.569362163543701172e+00
5.507604122161865234e+00
7.208625793457031250e+00
3.287312269210815430e+00
2.358419179916381836e+00
3.937972784042358398e+00
6.886081695556640625e+00
2.398506879806518555e+00
2.280909538269042969e+00
2.603335142135620117e+00
2.990145444869995117e+00
4.779290199279785156e+00
4.760077953338623047e+00
1.489999175071716309e+00
6.586142182350158691e-01
3.828585386276245117e+00
2.226937532424926758e+00
2.945306301116943359e+00
5.080922126770019531e+00
3.252524614334106445e+00
1.307378649711608887e+00
3.819531679153442383e+00
4.797948837280273438e+00
2.829394578933715820e+00
2.902807950973510742e+00
3.521555423736572266e+00
2.122129201889038086e+00
1.118085145950317383e+00
2.486956357955932617e+00
4.911231517791748047e+00
3.415169477462768555e+00
3.681121587753295898e+00
3.434002399444580078e+00
4.645097255706787109e+00
5.973017692565917969e+00
4.180406093597412109e+00
5.665075302124023438e+00
3.707414388656616211e+00
2.009561777114868164e+00
2.854668378829956055e+00
3.712405920028686523e+00
6.185926437377929688e+00
1.505174875259399414e+00
1.460825204849243164e+00
3.724498033523559570e+00
3.099317312240600586e+00
4.406148433685302734e+00
4.647315502166748047e+00
2.218748331069946289e+00
2.560243368148803711e+00
5.216032505035400391e+00
2.686866998672485352e+00
3.259911775588989258e+00
1.372253179550170898e+00
3.291049957275390625e+00
2.865097999572753906e+00
4.623962879180908203e+00
4.822574615478515625e+00
5.317644596099853516e+00
1.700016021728515625e+00
6.608368873596191406e+00
1.295574545860290527e+00
5.753603458404541016e+00
1.160433769226074219e+00
2.093580722808837891e+00
2.423847764730453491e-01
2.300860643386840820e+00
4.532186031341552734e+00
3.183157444000244141e+00
5.187846660614013672e+00
4.980161190032958984e+00
3.311039686203002930e+00
4.096124172210693359e+00
3.581845045089721680e+00
3.591989994049072266e+00
5.020502090454101562e+00
3.017457246780395508e+00
4.313233852386474609e+00
4.558773994445800781e+00
2.873777151107788086e+00
2.550829648971557617e+00
4.695603847503662109e+00
4.131335735321044922e+00
3.205157518386840820e+00
5.496389865875244141e+00
4.712095737457275391e+00
3.447811603546142578e+00
1.096735835075378418e+00
7.190858364105224609e+00
1.772526979446411133e+00
3.795201539993286133e+00
1.561213612556457520e+00
4.358785152435302734e+00
3.750739812850952148e+00
3.737917423248291016e+00
5.484424114227294922e+00
4.880225360393524170e-01
2.946557044982910156e+00
2.207809209823608398e+00
5.916422367095947266e+00
2.213096380233764648e+00
1.755917429924011230e+00
3.184658765792846680e+00
1.818661570549011230e+00
1.407008647918701172e+00
2.056255817413330078e+00
3.660780668258666992e+00
6.068895339965820312e+00
3.480604171752929688e+00
4.121016979217529297e+00
4.559398651123046875e+00
1.052729010581970215e+00
3.384522199630737305e+00
7.185845851898193359e+00
8.845009803771972656e+00
8.790467381477355957e-01
2.637933969497680664e+00
2.817869901657104492e+00
2.302521944046020508e+00
4.227053642272949219e+00
3.435624837875366211e+00
1.923454523086547852e+00
2.410856962203979492e+00
4.933579444885253906e+00
5.750128269195556641e+00
1.075942635536193848e+00
3.036048650741577148e+00
3.811697006225585938e+00
1.710236191749572754e+00
2.357083082199096680e+00
1.331153392791748047e+00
4.534898757934570312e+00
2.512680530548095703e+00
1.584353685379028320e+00
4.391105651855468750e+00
3.086081743240356445e+00
1.618829011917114258e+00
3.501106977462768555e+00
3.966159820556640625e+00
2.805185079574584961e+00
7.470144748687744141e+00
4.813404083251953125e+00
2.164357185363769531e+00
5.596107959747314453e+00
5.207944393157958984e+00
3.536562442779541016e+00
3.747977972030639648e+00
5.150123596191406250e+00
1.588477253913879395e+00
2.581379890441894531e+00
2.537966012954711914e+00
2.154125452041625977e+00
3.672528982162475586e+00
2.921395063400268555e+00
3.926195621490478516e+00
3.641998767852783203e+00
2.854984521865844727e+00
1.266136407852172852e+00
7.434967041015625000e+00
3.270781040191650391e+00
4.515704631805419922e+00
4.307722091674804688e+00
2.574265241622924805e+00
3.515150785446166992e+00
5.998400688171386719e+00
1.426487445831298828e+00
3.105087041854858398e+00
2.914235830307006836e+00
2.530370473861694336e+00
4.939128875732421875e+00
4.399877071380615234e+00
8.000037193298339844e+00
2.615525007247924805e+00
4.767331600189208984e+00
4.740863323211669922e+00
2.888774633407592773e+00
5.061310291290283203e+00
9.611167311668395996e-01
6.940960884094238281e-01
3.005426406860351562e+00
3.231188535690307617e+00
8.173723220825195312e-01
6.022184371948242188e+00
2.671970367431640625e+00
5.778779506683349609e+00
1.000583887100219727e+00
3.675794601440429688e+00
4.469123363494873047e+00
1.662752747535705566e+00
3.006957292556762695e+00
7.047202587127685547e+00
3.934194564819335938e+00
2.168462514877319336e+00
3.881190538406372070e+00
4.755637645721435547e+00
5.186804533004760742e-01
4.874745368957519531e+00
8.016973733901977539e-01
3.627315521240234375e+00
1.100939154624938965e+00
2.663601636886596680e+00
4.279726028442382812e+00
2.090195178985595703e+00
1.848912596702575684e+00
5.854029655456542969e+00
5.656718730926513672e+00
2.664657831192016602e+00
5.319853782653808594e+00
5.456856727600097656e+00
3.815713644027709961e+00
3.946384906768798828e+00
7.819234728813171387e-01
3.963918685913085938e+00
3.140746593475341797e+00
4.656796932220458984e+00
4.560760021209716797e+00
2.903732061386108398e+00
1.192794203758239746e+00
4.263305187225341797e+00
5.186492443084716797e+00
3.101765871047973633e+00
3.513372898101806641e+00
7.748393535614013672e+00
3.679674863815307617e+00
1.510482668876647949e+00
4.032460689544677734e+00
1.798149704933166504e+00
5.779221057891845703e+00
1.060926556587219238e+00
2.150584459304809570e+00
9.875175356864929199e-01
5.037546157836914062e+00
2.502803087234497070e+00
1.223594546318054199e+00
2.937762975692749023e+00
3.577784061431884766e+00
4.103219509124755859e+00
8.687313199043273926e-01
2.440809965133666992e+00
2.730377912521362305e+00
7.962277412414550781e+00
6.349637508392333984e+00
4.680230617523193359e+00
3.533224582672119141e+00
2.482991456985473633e+00
4.498490333557128906e+00
5.066354751586914062e+00
3.007191181182861328e+00
4.778771400451660156e+00
2.695084095001220703e+00
2.362235546112060547e+00
1.141538619995117188e+00
4.494103908538818359e+00
4.313112258911132812e+00
4.026504039764404297e+00
2.463865518569946289e+00
2.355360031127929688e+00
3.595450162887573242e+00
4.269412994384765625e+00
4.680869579315185547e+00
4.576398372650146484e+00
4.175242424011230469e+00
4.739867210388183594e+00
2.447706937789916992e+00
3.422874927520751953e+00
5.008092880249023438e+00
5.096832275390625000e+00
2.260210514068603516e+00
6.950182318687438965e-01
2.723965167999267578e+00
1.564327597618103027e+00
1.148326039314270020e+00
4.386763095855712891e+00
3.205242156982421875e+00
4.564195632934570312e+00
1.477351903915405273e+00
2.443902969360351562e+00
6.375125408172607422e+00
1.621256828308105469e+00
1.289798259735107422e+00
2.890256643295288086e+00
7.169404625892639160e-01
3.354862213134765625e+00
1.242236733436584473e+00
4.270938396453857422e+00
2.077319145202636719e+00
2.697932958602905273e+00
3.353431463241577148e+00
1.063762187957763672e+00
3.968553304672241211e+00
5.240186214447021484e+00
4.097339153289794922e+00
2.652477979660034180e+00
2.306694030761718750e+00
2.445183992385864258e+00
2.548906326293945312e+00
8.556817173957824707e-01
1.733197212219238281e+00
3.305117130279541016e+00
3.411576986312866211e+00
4.807805538177490234e+00
2.931589126586914062e+00
1.894006371498107910e+00
2.913471937179565430e+00
4.385417938232421875e+00
2.131700515747070312e+00
7.113030910491943359e+00
3.864452838897705078e+00
5.859888553619384766e+00
2.478991508483886719e+00
2.207891464233398438e+00
1.490192770957946777e+00
5.783383369445800781e+00
4.894213199615478516e+00
2.825086832046508789e+00
1.537018179893493652e+00
3.624855518341064453e+00
3.756489515304565430e+00
2.991603612899780273e+00
2.667854309082031250e+00
3.661478757858276367e+00
3.495283603668212891e+00
2.654238462448120117e+00
4.864105224609375000e+00
3.771315813064575195e+00
1.520704150199890137e+00
3.062968969345092773e+00
8.856078386306762695e-01
3.469522953033447266e+00
4.317523479461669922e+00
5.563287734985351562e+00
2.378493070602416992e+00
6.661732673645019531e+00
1.960781097412109375e+00
1.998584389686584473e+00
3.639389038085937500e+00
7.175473690032958984e+00
1.501141190528869629e+00
5.472352504730224609e+00
2.081660509109497070e+00
5.353349208831787109e+00
5.112772464752197266e+00
1.774569392204284668e+00
2.507781744003295898e+00
2.190522909164428711e+00
6.925021648406982422e+00
1.091606974601745605e+00
2.430324554443359375e+00
4.071732997894287109e+00
4.910017490386962891e+00
1.052800536155700684e+00
2.665649414062500000e+00
7.013300061225891113e-01
2.008398532867431641e+00
3.560420274734497070e+00
3.864969968795776367e+00
5.189537048339843750e+00
3.674835920333862305e+00
4.036303520202636719e+00
4.350398540496826172e+00
3.567631483078002930e+00
3.199897766113281250e+00
5.516477108001708984e+00
1.827228546142578125e+00
2.810785055160522461e+00
4.388711929321289062e+00
4.573623180389404297e+00
1.723210334777832031e+00
2.883812904357910156e+00
2.235424041748046875e+00
7.884215116500854492e-01
3.639142274856567383e+00
1.083155512809753418e+00
2.724160194396972656e+00
2.649585723876953125e+00
4.149673938751220703e+00
1.812977671623229980e+00
3.586176395416259766e+00
2.661101102828979492e+00
1.315532445907592773e+00
4.000790596008300781e+00
3.693549394607543945e+00
1.918419241905212402e+00
5.679592132568359375e+00
3.128243446350097656e+00
1.167559266090393066e+00
2.330458879470825195e+00
6.129088878631591797e+00
4.386114120483398438e+00
2.200500011444091797e+00
4.091590881347656250e+00
6.211347579956054688e+00
6.730730533599853516e+00
4.865926742553710938e+00
4.752299785614013672e+00
1.768613219261169434e+00
2.716591596603393555e+00
3.481397628784179688e+00
3.493112564086914062e+00
6.022057533264160156e+00
4.283054828643798828e+00
5.143765449523925781e+00
3.923608779907226562e+00
2.226252079010009766e+00
2.787235498428344727e+00
1.619294404983520508e+00
4.231991767883300781e+00
5.524116992950439453e+00
3.122020483016967773e+00
3.609898328781127930e+00
1.587443590164184570e+00
3.844412565231323242e+00
2.025520086288452148e+00
1.663695216178894043e+00
2.090386152267456055e+00
2.154672384262084961e+00
1.946768164634704590e+00
3.821018636226654053e-01
4.155290126800537109e+00
1.914500236511230469e+00
1.965116143226623535e+00
3.817406892776489258e+00
3.494461059570312500e+00
2.690215587615966797e+00
2.050080776214599609e+00
9.010771751403808594e+00
4.449910640716552734e+00
4.196030616760253906e+00
7.120313167572021484e+00
1.061369061470031738e+00
5.440822124481201172e+00
5.722640514373779297e+00
3.322633504867553711e+00
3.813346862792968750e+00
4.008771419525146484e+00
2.860202312469482422e+00
2.071833133697509766e+00
2.765815496444702148e+00
4.775732994079589844e+00
3.552642107009887695e+00
1.142759680747985840e+00
1.140051841735839844e+00
5.818859100341796875e+00
6.403192043304443359e+00
4.281713008880615234e+00
5.699746131896972656e+00
5.750244140625000000e+00
3.374756574630737305e+00
1.636895775794982910e+00
1.428366065025329590e+00
1.121837973594665527e+00
4.731400966644287109e+00
2.117173910140991211e+00
1.401965618133544922e+00
1.795351266860961914e+00
6.193501949310302734e+00
4.471858501434326172e+00
1.027675986289978027e+00
1.982974648475646973e+00
6.228724002838134766e+00
2.389786005020141602e+00
3.813431262969970703e+00
4.716604232788085938e+00
2.465231895446777344e+00
1.567490458488464355e+00
5.227976322174072266e+00
5.348554134368896484e+00
2.205562591552734375e+00
1.646847128868103027e+00
2.678733825683593750e+00
4.927298545837402344e+00
4.323897361755371094e+00
2.198388338088989258e+00
4.901086330413818359e+00
4.627375125885009766e+00
1.688502550125122070e+00
6.269705295562744141e+00
4.354805946350097656e+00
3.733365774154663086e+00
3.880476713180541992e+00
3.057030439376831055e+00
4.195004940032958984e+00
5.134531497955322266e+00
3.997871875762939453e+00
2.179850816726684570e+00
2.924820184707641602e+00
3.210120439529418945e+00
8.528177142143249512e-01
1.572545289993286133e+00
1.642312884330749512e+00
3.451342105865478516e+00
4.968280792236328125e+00
2.625409364700317383e+00
1.478925108909606934e+00
1.115326881408691406e+00
2.446870088577270508e+00
2.979829072952270508e+00
4.282304286956787109e+00
4.723998546600341797e+00
2.538686037063598633e+00
2.434957981109619141e+00
1.733208060264587402e+00
6.323257446289062500e+00
2.416356801986694336e+00
4.348129749298095703e+00
2.678980588912963867e+00
2.659514665603637695e+00
5.175133228302001953e+00
1.746542811393737793e+00
1.953714728355407715e+00
3.698285818099975586e+00
4.118886470794677734e+00
3.744584798812866211e+00
2.715702772140502930e+00
3.123907804489135742e+00
4.382271766662597656e+00
2.635554552078247070e+00
1.944911599159240723e+00
3.267781972885131836e+00
1.972059845924377441e+00
6.560433864593505859e+00
3.939264059066772461e+00
1.398836851119995117e+00
4.299556255340576172e+00
1.262105941772460938e+00
2.956757068634033203e+00
1.535553097724914551e+00
2.544896125793457031e+00
3.547199010848999023e+00
3.118420362472534180e+00
6.039056777954101562e+00
2.474564075469970703e+00
6.368413925170898438e+00
3.032665252685546875e+00
2.946173429489135742e+00
1.298300743103027344e+00
4.880517482757568359e+00
4.787976741790771484e+00
1.329044938087463379e+00
4.226163387298583984e+00
4.570792675018310547e+00
2.620682477951049805e+00
1.801614403724670410e+00
8.656567931175231934e-01
3.855147600173950195e+00
4.112176418304443359e+00
3.402533769607543945e+00
2.946199178695678711e+00
4.388381004333496094e+00
1.784002542495727539e+00
2.420783281326293945e+00
4.131113529205322266e+00
3.361956119537353516e+00
2.387888193130493164e+00
5.038386821746826172e+00
6.909322261810302734e+00
5.569383621215820312e+00
6.555819988250732422e+00
8.924358487129211426e-01
2.648638486862182617e+00
2.416627883911132812e+00
1.182602405548095703e+00
2.776838779449462891e+00
3.891069412231445312e+00
5.705688476562500000e+00
7.724494338035583496e-01
2.823733091354370117e+00
5.466944694519042969e+00
1.750826120376586914e+00
1.652758240699768066e+00
2.748272418975830078e+00
5.037537574768066406e+00
2.734271049499511719e+00
5.752974033355712891e+00
1.835911035537719727e+00
2.862307071685791016e+00
2.658689022064208984e+00
7.338964343070983887e-01
1.940929055213928223e+00
3.105794906616210938e+00
2.945036172866821289e+00
5.471734046936035156e+00
2.207342863082885742e+00
2.603523969650268555e+00
2.868829965591430664e+00
1.751558542251586914e+00
5.082045555114746094e+00
1.215724110603332520e+00
2.233118534088134766e+00
3.362297773361206055e+00
3.644346952438354492e+00
5.295793056488037109e+00
4.402339458465576172e+00
3.657389163970947266e+00
4.061831951141357422e+00
4.269699573516845703e+00
2.799332141876220703e+00
4.431421756744384766e+00
4.321850776672363281e+00
3.307846546173095703e+00
3.149244070053100586e+00
2.544963121414184570e+00
3.494363546371459961e+00
1.837131500244140625e+00
3.360282659530639648e+00
2.591791629791259766e+00
5.319007873535156250e+00
4.502448558807373047e+00
5.772119045257568359e+00
4.760045528411865234e+00
4.527065277099609375e+00
2.466643095016479492e+00
4.203623771667480469e+00
2.589480876922607422e+00
4.083896160125732422e+00
5.899652004241943359e+00
3.715083837509155273e+00
3.451323032379150391e+00
1.355613112449645996e+00
1.727062463760375977e+00
7.537354826927185059e-01
3.910737752914428711e+00
2.853019952774047852e+00
5.835831642150878906e+00
3.380304098129272461e+00
1.511401891708374023e+00
1.998895883560180664e+00
3.609399557113647461e+00
3.845144987106323242e+00
2.382078170776367188e+00
8.144639134407043457e-01
4.161906719207763672e+00
1.950458526611328125e+00
2.886321544647216797e+00
1.207291245460510254e+00
6.061212539672851562e+00
1.868774652481079102e+00
6.363484859466552734e+00
4.654830455780029297e+00
2.470744848251342773e+00
2.713295936584472656e+00
2.748050928115844727e+00
1.979288458824157715e+00
6.351695537567138672e+00
8.607153296470642090e-01
2.698262691497802734e+00
5.149991512298583984e+00
1.133244156837463379e+00
5.919481754302978516e+00
3.395751953125000000e+00
2.971875190734863281e+00
3.482059478759765625e+00
4.464730739593505859e+00
2.309495687484741211e+00
2.760900735855102539e+00
3.967085599899291992e+00
4.403237342834472656e+00
4.215292930603027344e+00
4.421519279479980469e+00
1.537920832633972168e+00
4.532636642456054688e+00
3.794039249420166016e+00
5.797705173492431641e+00
3.336776018142700195e+00
4.023543834686279297e+00
2.883431911468505859e+00
4.142163276672363281e+00
1.916345000267028809e+00
1.815013170242309570e+00
3.346496582031250000e+00
3.028563261032104492e+00
2.089996099472045898e+00
3.633680820465087891e+00
4.918034076690673828e+00
4.605715274810791016e+00
1.945487976074218750e+00
4.326144218444824219e+00
4.555769443511962891e+00
4.189681053161621094e+00
3.868548631668090820e+00
1.580075621604919434e+00
5.649827718734741211e-01
4.221424579620361328e+00
1.525161027908325195e+00
9.995548129081726074e-01
4.383454799652099609e+00
5.339972972869873047e+00
4.471596717834472656e+00
3.031770467758178711e+00
2.040462970733642578e+00
6.708912849426269531e+00
4.971788823604583740e-01
6.875643253326416016e+00
1.408816337585449219e+00
5.447403907775878906e+00
2.551202535629272461e+00
4.131916999816894531e+00
3.139143705368041992e+00
6.451867103576660156e+00
5.360763549804687500e+00
5.930797576904296875e+00
3.068864583969116211e+00
2.355114698410034180e+00
5.004407405853271484e+00
3.580481290817260742e+00
3.578601598739624023e+00
4.891221523284912109e-01
1.434574723243713379e+00
3.197972774505615234e-01
4.425794601440429688e+00
2.578172445297241211e+00
5.194839954376220703e+00
5.103496074676513672e+00
5.056441307067871094e+00
5.702765464782714844e+00
2.547052145004272461e+00
3.305656194686889648e+00
3.928611516952514648e+00
3.233628511428833008e+00
3.124497890472412109e+00
1.958663225173950195e+00
8.111511230468750000e+00
5.697009563446044922e+00
2.406953573226928711e+00
3.268497228622436523e+00
5.397778511047363281e+00
4.087947368621826172e+00
3.489689588546752930e+00
2.364296436309814453e+00
4.022549152374267578e+00
4.529645442962646484e+00
2.059243679046630859e+00
3.002679824829101562e+00
2.088153600692749023e+00
4.019515991210937500e+00
3.461399078369140625e+00
3.672464132308959961e+00
3.716322422027587891e+00
5.643000602722167969e+00
7.380397319793701172e-01
2.881910324096679688e+00
5.856470584869384766e+00
5.876921653747558594e+00
5.994789600372314453e+00
8.204903602600097656e-01
5.165191173553466797e+00
3.218850851058959961e+00
2.766521930694580078e+00
1.519886374473571777e+00
2.454354524612426758e+00
2.270020961761474609e+00
3.686341047286987305e+00
1.611933946609497070e+00
6.146208763122558594e+00
4.478657245635986328e+00
6.465165138244628906e+00
2.137472391128540039e+00
1.565541148185729980e+00
4.160117149353027344e+00
2.673588991165161133e+00
6.523207426071166992e-01
2.433235168457031250e+00
6.479945659637451172e+00
3.494147062301635742e+00
4.116078376770019531e+00
4.158775329589843750e+00
5.472611904144287109e+00
