2.612662315368652344e+00
1.338585853576660156e+00
4.006291389465332031e+00
4.204760551452636719e+00
1.017097473144531250e+00
2.430359840393066406e+00
2.530396461486816406e+00
5.292437553405761719e+00
6.513728618621826172e+00
3.361349582672119141e+00
2.681425809860229492e+00
4.695653438568115234e+00
2.976139783859252930e+00
1.002083182334899902e+00
5.788454055786132812e+00
8.215382575988769531e+00
1.693383216857910156e+00
3.286196231842041016e+00
3.131214857101440430e+00
3.176181554794311523e+00
9.631097912788391113e-01
1.940894007682800293e+00
1.627805948257446289e+00
6.626586914062500000e+00
7.720925807952880859e+00
2.816351175308227539e+00
5.009643077850341797e+00
1.254948854446411133e+00
2.820530414581298828e+00
3.006412744522094727e+00
3.087999582290649414e+00
5.060473918914794922e+00
6.887433052062988281e+00
2.393506765365600586e+00
6.155013084411621094e+00
6.712417602539062500e+00
2.430845975875854492e+00
6.685128688812255859e+00
4.689790248870849609e+00
2.078797578811645508e+00
2.346403598785400391e+00
3.771694183349609375e+00
8.578526377677917480e-01
2.789963245391845703e+00
2.578465223312377930e+00
4.348149776458740234e+00
3.423485994338989258e+00
5.216157436370849609e+00
2.748801946640014648e+00
2.831578016281127930e+00
2.015205383300781250e+00
5.353080272674560547e+00
4.344908714294433594e+00
2.169443368911743164e+00
4.530548572540283203e+00
4.180217742919921875e+00
1.917077898979187012e+00
7.599288463592529297e+00
2.295247316360473633e+00
4.318664073944091797e+00
7.353781223297119141e+00
8.921725273132324219e+00
3.656173706054687500e+00
3.750684022903442383e+00
3.567237615585327148e+00
6.750741004943847656e+00
3.392327547073364258e+00
2.564150571823120117e+00
3.569697618484497070e+00
5.093020915985107422e+00
2.805710792541503906e+00
1.954657196998596191e+00
6.793383955955505371e-01
3.610564947128295898e+00
3.896887540817260742e+00
2.571024894714355469e+00
6.981373786926269531e+00
2.129819631576538086e+00
4.309831142425537109e+00
1.283655285835266113e+00
1.258707404136657715e+00
5.565207004547119141e+00
1.905876398086547852e+00
1.864558219909667969e+00
3.713706254959106445e+00
3.011754035949707031e+00
2.694619417190551758e+00
4.573477745056152344e+00
3.071956396102905273e+00
2.038062572479248047e+00
4.767929553985595703e+00
2.146361112594604492e+00
9.560393691062927246e-01
4.614661693572998047e+00
4.573689937591552734e+00
3.860001087188720703e+00
1.363785624504089355e+00
3.675659656524658203e+00
2.305568933486938477e+00
5.711862087249755859e+00
6.218594551086425781e+00
3.670087099075317383e+00
3.149853229522705078e+00
4.254895210266113281e+00
3.655399799346923828e+00
5.987222671508789062e+00
1.668952584266662598e+00
4.129782199859619141e+00
3.429832935333251953e+00
1.998937964439392090e+00
4.314866542816162109e+00
4.019066393375396729e-01
2.275062322616577148e+00
5.600830554962158203e+00
5.856352329254150391e+00
2.250775575637817383e+00
3.038214683532714844e+00
2.966116428375244141e+00
3.688603162765502930e+00
2.334410190582275391e+00
3.479531049728393555e+00
4.579155445098876953e+00
1.280094623565673828e+00
2.321996450424194336e+00
2.815497159957885742e+00
3.180652141571044922e+00
5.000623226165771484e+00
3.004848957061767578e+00
6.207697391510009766e+00
2.542267799377441406e+00
5.227337837219238281e+00
2.043990373611450195e+00
6.472828865051269531e+00
3.473341703414916992e+00
4.470572948455810547e+00
2.107745409011840820e+00
5.878858089447021484e+00
1.565167784690856934e+00
2.622024536132812500e+00
6.529684543609619141e+00
6.051217555999755859e+00
4.622769355773925781e+00
4.038067817687988281e+00
3.129941463470458984e+00
4.991029262542724609e+00
3.168954610824584961e+00
3.389637708663940430e+00
2.746044874191284180e+00
3.166958570480346680e+00
1.429071426391601562e+00
3.701364994049072266e+00
2.690004110336303711e+00
3.662721395492553711e+00
4.556605815887451172e+00
4.846868038177490234e+00
2.887192487716674805e+00
3.536648273468017578e+00
3.803800582885742188e+00
1.646385192871093750e+00
1.896881461143493652e+00
2.143774032592773438e+00
1.428133487701416016e+00
3.457801580429077148e+00
3.115857839584350586e+00
4.095694541931152344e+00
1.237112998962402344e+00
1.226248502731323242e+00
2.570646047592163086e+00
6.257367610931396484e+00
5.261787414550781250e+00
6.306003093719482422e+00
5.618905544281005859e+00
4.642331600189208984e+00
1.773766160011291504e+00
4.859066963195800781e+00
5.400728225708007812e+00
4.828780651092529297e+00
6.638170719146728516e+00
2.400345563888549805e+00
4.409381866455078125e+00
4.682580947875976562e+00
5.383538246154785156e+00
4.428746700286865234e+00
1.922324061393737793e+00
3.285061359405517578e+00
5.357885837554931641e+00
2.542781352996826172e+00
1.827932238578796387e+00
5.556629657745361328e+00
1.676052093505859375e+00
4.270812511444091797e+00
2.966897010803222656e+00
4.315186977386474609e+00
2.181249618530273438e+00
5.256060957908630371e-01
4.136629581451416016e+00
4.965680599212646484e+00
2.991066455841064453e+00
2.804654836654663086e+00
2.576376676559448242e+00
6.001123785972595215e-01
3.460961103439331055e+00
2.620059013366699219e+00
3.137984275817871094e+00
2.403131008148193359e+00
2.689592838287353516e+00
2.413679599761962891e+00
3.360226869583129883e+00
3.562691926956176758e+00
2.613142013549804688e+00
8.113332748413085938e+00
2.673239231109619141e+00
3.943581342697143555e+00
3.370459794998168945e+00
5.111896514892578125e+00
8.436107635498046875e-01
1.997430473566055298e-01
3.538025617599487305e+00
5.253860950469970703e-01
3.788777112960815430e+00
4.054863452911376953e+00
4.118271827697753906e+00
6.204752922058105469e+00
4.463640689849853516e+00
3.216884613037109375e+00
1.838164687156677246e+00
6.720387458801269531e+00
7.674079418182373047e+00
4.313434123992919922e+00
5.792889595031738281e+00
3.596096038818359375e+00
3.798426151275634766e+00
1.708883285522460938e+00
3.707807540893554688e+00
6.110579967498779297e+00
4.468355655670166016e+00
2.964647293090820312e+00
1.002277731895446777e+00
1.709803223609924316e+00
3.896584033966064453e+00
5.855426311492919922e+00
2.549497842788696289e+00
3.993319749832153320e+00
3.190362691879272461e+00
2.138936758041381836e+00
2.446058750152587891e+00
1.122813105583190918e+00
4.071420192718505859e+00
4.570779800415039062e+00
1.313572645187377930e+00
5.433498382568359375e+00
3.315142154693603516e+00
4.478605747222900391e+00
3.779285430908203125e+00
6.984937191009521484e+00
2.851145029067993164e+00
2.728568553924560547e+00
5.176521301269531250e+00
4.087411403656005859e+00
2.303939819335937500e+00
4.969084262847900391e+00
4.886416912078857422e+00
2.049817085266113281e+00
5.898615837097167969e+00
3.177393674850463867e+00
2.416682004928588867e+00
2.032880783081054688e+00
3.758960008621215820e+00
3.804123640060424805e+00
1.520132064819335938e+00
4.354076862335205078e+00
2.585758209228515625e+00
6.252608776092529297e+00
3.330911397933959961e+00
3.877973258495330811e-01
3.222758531570434570e+00
5.265325546264648438e+00
4.261095523834228516e+00
2.737014770507812500e+00
1.812791109085083008e+00
4.450263500213623047e+00
1.410977363586425781e+00
3.422042608261108398e+00
6.624577522277832031e+00
2.974759101867675781e+00
2.658097743988037109e+00
2.912196397781372070e+00
4.217250347137451172e+00
5.480001449584960938e+00
2.233362674713134766e+00
1.849611282348632812e+00
1.333226680755615234e+00
3.656893253326416016e+00
4.487171649932861328e+00
4.943944454193115234e+00
5.806169033050537109e+00
3.032564401626586914e+00
3.985048770904541016e+00
3.447032690048217773e+00
2.073735952377319336e+00
2.306966543197631836e+00
3.992112874984741211e+00
3.767663240432739258e+00
6.028680324554443359e+00
6.122670650482177734e+00
5.925762176513671875e+00
1.908614397048950195e+00
3.889119386672973633e+00
2.837386369705200195e+00
2.154436111450195312e-01
7.730329036712646484e+00
4.947062015533447266e+00
3.997433423995971680e+00
7.054313421249389648e-01
3.443498611450195312e+00
2.432513475418090820e+00
5.931135654449462891e+00
6.510998725891113281e+00
6.532491207122802734e+00
3.241438388824462891e+00
5.483726501464843750e+00
4.456772327423095703e+00
3.225943803787231445e+00
2.379800558090209961e+00
5.561809062957763672e+00
2.222293853759765625e+00
6.393735408782958984e+00
6.690775752067565918e-01
2.120394468307495117e+00
3.776691436767578125e+00
4.409840106964111328e+00
4.411121845245361328e+00
3.331371307373046875e+00
5.755062103271484375e+00
3.731377840042114258e+00
8.882877230644226074e-01
2.568541765213012695e+00
5.459763526916503906e+00
5.660923957824707031e+00
2.625178098678588867e+00
3.549597263336181641e+00
2.457834243774414062e+00
1.631926178932189941e+00
4.406665325164794922e+00
3.636194229125976562e+00
2.822998523712158203e+00
9.441992640495300293e-01
2.345155477523803711e+00
3.933079957962036133e+00
2.974737167358398438e+00
1.090258240699768066e+00
1.817111372947692871e+00
4.494518756866455078e+00
3.570278882980346680e+00
4.826156139373779297e+00
6.054736137390136719e+00
3.705785751342773438e+00
3.174747943878173828e+00
4.500010967254638672e+00
3.601538896560668945e+00
8.549418449401855469e-01
3.831613540649414062e+00
2.281985521316528320e+00
2.205299377441406250e+00
3.365891218185424805e+00
4.175113677978515625e+00
3.406760931015014648e+00
2.252413511276245117e+00
4.499573707580566406e+00
2.729996681213378906e+00
2.579708337783813477e+00
4.369756221771240234e+00
3.929009199142456055e+00
2.057669878005981445e+00
4.614035129547119141e+00
5.501336574554443359e+00
3.025450706481933594e+00
4.546167850494384766e-01
3.804378986358642578e+00
2.734194278717041016e+00
1.391925692558288574e+00
3.362733602523803711e+00
4.087525367736816406e+00
4.688310146331787109e+00
2.995644807815551758e+00
3.680665731430053711e+00
2.893604278564453125e+00
3.377549409866333008e+00
4.243678092956542969e+00
1.767605781555175781e+00
4.720757901668548584e-01
4.365666866302490234e+00
3.612591505050659180e+00
2.630130529403686523e+00
1.039792299270629883e+00
2.475186109542846680e+00
1.588534235954284668e+00
2.654371738433837891e+00
4.582997798919677734e+00
1.115921139717102051e+00
1.424941301345825195e+00
4.082025051116943359e+00
4.996655941009521484e+00
4.155892848968505859e+00
2.982681989669799805e+00
5.144549608230590820e-01
3.583919525146484375e+00
6.585583686828613281e+00
4.516172409057617188e+00
4.654478073120117188e+00
3.023302555084228516e+00
5.099370479583740234e+00
3.107611656188964844e+00
2.017973423004150391e+00
3.915258169174194336e+00
5.540104866027832031e+00
2.631969928741455078e+00
3.186794519424438477e+00
1.407589673995971680e+00
1.745134353637695312e+00
2.264007568359375000e+00
2.431020498275756836e+00
7.830321788787841797e+00
1.345151543617248535e+00
2.657874345779418945e+00
2.352530241012573242e+00
2.665520191192626953e+00
4.677703857421875000e+00
7.306466579437255859e+00
3.166866302490234375e+00
1.184135794639587402e+00
4.435092449188232422e+00
3.522066831588745117e+00
4.626268863677978516e+00
3.032119035720825195e+00
2.699139356613159180e+00
2.630032300949096680e+00
5.810414791107177734e+00
2.544879674911499023e+00
3.547297000885009766e+00
4.056476116180419922e+00
7.972937822341918945e-01
4.188486099243164062e+00
4.384912967681884766e+00
3.247138977050781250e+00
4.323417663574218750e+00
3.159541606903076172e+00
7.569805145263671875e+00
1.129879951477050781e+00
6.329748630523681641e+00
2.128440618515014648e+00
3.725155353546142578e+00
5.550386428833007812e+00
3.429610967636108398e+00
5.634876251220703125e+00
2.118072748184204102e+00
2.388630867004394531e+00
2.190480232238769531e+00
9.150454521179199219e+00
3.655542135238647461e+00
2.737638711929321289e+00
3.213740110397338867e+00
2.516352891921997070e+00
3.096400260925292969e+00
2.301654338836669922e+00
5.596204757690429688e+00
8.235545158386230469e+00
5.819726586341857910e-01
4.359215259552001953e+00
3.458381652832031250e+00
1.444573163986206055e+00
4.559869289398193359e+00
2.577017545700073242e+00
3.942785978317260742e+00
1.151344656944274902e+00
1.571170210838317871e+00
5.035421371459960938e+00
2.309074163436889648e+00
7.218086123466491699e-01
3.430157184600830078e+00
6.017012119293212891e+00
7.049330234527587891e+00
2.143105030059814453e+00
1.822331309318542480e+00
5.353080272674560547e+00
2.229277849197387695e+00
1.602777838706970215e+00
3.624545812606811523e+00
3.787706375122070312e+00
5.736095428466796875e+00
4.587458610534667969e+00
6.303407192230224609e+00
1.536326169967651367e+00
9.984564781188964844e-01
3.261296033859252930e+00
2.444612979888916016e+00
3.240606784820556641e+00
4.674399852752685547e+00
5.019549846649169922e+00
2.571084499359130859e+00
4.374302864074707031e+00
1.118432402610778809e+00
3.350207567214965820e+00
1.001474976539611816e+00
3.980094671249389648e+00
2.201302289962768555e+00
4.024251461029052734e+00
8.417623639106750488e-01
2.318079233169555664e+00
4.278556346893310547e+00
1.796532988548278809e+00
6.748212337493896484e+00
1.401215434074401855e+00
1.890822410583496094e+00
3.094096899032592773e+00
5.491515159606933594e+00
3.809972763061523438e+00
3.009331464767456055e+00
2.730991125106811523e+00
2.187124013900756836e+00
1.795972466468811035e+00
5.499961376190185547e+00
3.714826345443725586e+00
3.853798627853393555e+00
4.310503482818603516e+00
3.333043813705444336e+00
2.151970624923706055e+00
4.922887802124023438e+00
2.295926332473754883e+00
4.782591342926025391e+00
6.918168544769287109e+00
6.027248382568359375e+00
7.274817943572998047e+00
2.210869550704956055e+00
1.569195389747619629e+00
6.316811561584472656e+00
2.527389287948608398e+00
2.138375043869018555e+00
1.253581047058105469e+00
4.564518451690673828e+00
3.753439426422119141e+00
2.083278417587280273e+00
3.569628477096557617e+00
2.567380189895629883e+00
3.436409473419189453e+00
4.935018539428710938e+00
3.134175777435302734e+00
1.243372559547424316e+00
1.476336240768432617e+00
2.760320901870727539e+00
5.616733074188232422e+00
3.000463247299194336e+00
2.730918407440185547e+00
2.316722869873046875e+00
1.961528420448303223e+00
3.781799316406250000e+00
4.226790904998779297e+00
4.264825344085693359e+00
4.697709083557128906e+00
5.062879562377929688e+00
2.464516401290893555e+00
4.883589744567871094e+00
3.089165687561035156e+00
4.555560111999511719e+00
2.155606269836425781e+00
3.561751127243041992e+00
3.484054565429687500e+00
3.404752731323242188e+00
3.857991933822631836e+00
9.132170081138610840e-01
2.967257738113403320e+00
1.824516534805297852e+00
9.551568031311035156e-01
4.040924072265625000e+00
4.946613311767578125e+00
4.403690338134765625e+00
3.375880479812622070e+00
4.410821437835693359e+00
1.334679484367370605e+00
2.455828666687011719e+00
5.181346416473388672e+00
2.831876516342163086e+00
6.216909289360046387e-01
2.383292913436889648e+00
3.473323583602905273e+00
9.587432146072387695e-01
7.513566017150878906e-01
2.062413454055786133e+00
3.631705343723297119e-01
2.729267597198486328e+00
5.761848926544189453e+00
2.207626104354858398e+00
3.509540319442749023e+00
2.453043222427368164e+00
2.171256065368652344e+00
4.381537914276123047e+00
1.680569052696228027e+00
3.921011447906494141e+00
6.460585117340087891e+00
5.478602886199951172e+00
2.014107465744018555e+00
1.396918177604675293e+00
2.880245447158813477e+00
1.334504485130310059e+00
1.828536391258239746e+00
5.144564628601074219e+00
2.146523952484130859e+00
1.352480649948120117e+00
4.198367595672607422e+00
3.272018194198608398e+00
5.989603042602539062e+00
4.004136562347412109e+00
2.968773126602172852e+00
1.440271377563476562e+00
3.522874832153320312e+00
2.602481126785278320e+00
9.083538055419921875e-01
2.666726350784301758e+00
5.053506851196289062e+00
3.674523115158081055e+00
2.456580877304077148e+00
2.303527355194091797e+00
2.443824768066406250e+00
5.175334930419921875e+00
2.499802350997924805e+00
3.776438951492309570e+00
3.190863132476806641e+00
4.186859130859375000e+00
3.253215789794921875e+00
6.349810123443603516e+00
4.046690940856933594e+00
4.690943241119384766e+00
4.208442211151123047e+00
2.292063236236572266e+00
4.167581081390380859e+00
3.160638093948364258e+00
1.254510402679443359e+00
5.359811305999755859e+00
1.407088637351989746e+00
3.061155796051025391e+00
3.280131578445434570e+00
3.907473802566528320e+00
1.183502316474914551e+00
4.239663124084472656e+00
1.298346400260925293e+00
3.666702985763549805e+00
3.627753973007202148e+00
6.454421997070312500e+00
3.838283538818359375e+00
4.278327465057373047e+00
3.079460620880126953e+00
4.835920810699462891e+00
6.604020595550537109e+00
3.938462018966674805e+00
3.812709093093872070e+00
2.698304891586303711e+00
4.356673717498779297e+00
3.698899030685424805e+00
1.337808132171630859e+00
3.428262710571289062e+00
2.648944616317749023e+00
1.607695937156677246e+00
1.109409689903259277e+00
4.776895999908447266e+00
4.283367156982421875e+00
5.342672348022460938e+00
3.498534440994262695e+00
1.873704910278320312e+00
4.808244228363037109e+00
4.157657146453857422e+00
6.006614208221435547e+00
5.411916732788085938e+00
4.214987754821777344e+00
1.720896601676940918e+00
3.443977117538452148e+00
2.333266735076904297e+00
5.909265518188476562e+00
1.943164825439453125e+00
2.845335960388183594e+00
2.399558067321777344e+00
4.938391685485839844e+00
3.354322910308837891e+00
4.307985305786132812e+00
1.300946712493896484e+00
2.646149873733520508e+00
4.476704597473144531e+00
2.491243362426757812e+00
2.257118701934814453e+00
4.163975238800048828e+00
5.235416889190673828e+00
2.450838804244995117e+00
2.300601005554199219e+00
4.331657409667968750e+00
7.029782772064208984e+00
1.097746968269348145e+00
7.118565440177917480e-01
5.335339903831481934e-01
2.626330614089965820e+00
4.143637180328369141e+00
4.360777854919433594e+00
4.866907298564910889e-01
5.025817394256591797e+00
2.604384183883666992e+00
3.044898748397827148e+00
4.216344356536865234e+00
9.713656306266784668e-01
3.378416061401367188e+00
6.167869091033935547e+00
4.010138034820556641e+00
4.014393806457519531e+00
1.572050452232360840e+00
3.664347887039184570e+00
4.672070026397705078e+00
2.657480716705322266e+00
1.397068858146667480e+00
3.334696292877197266e+00
1.599530696868896484e+00
4.047038555145263672e+00
4.853311061859130859e+00
4.784588813781738281e+00
5.618693828582763672e+00
3.328719377517700195e+00
5.287931442260742188e+00
3.738190412521362305e+00
3.774163007736206055e+00
8.415096402168273926e-01
2.097376346588134766e+00
4.813834667205810547e+00
1.810712099075317383e+00
2.295346736907958984e+00
3.279508352279663086e+00
1.211004853248596191e+00
9.026665091514587402e-01
6.771565914154052734e+00
2.752095460891723633e+00
3.917747974395751953e+00
3.305044174194335938e+00
1.904146790504455566e+00
3.667606353759765625e+00
4.670138359069824219e+00
2.303828716278076172e+00
3.971120595932006836e+00
1.085659861564636230e+00
2.888843297958374023e+00
3.717164278030395508e+00
4.096392631530761719e+00
1.186911821365356445e+00
4.920249462127685547e+00
4.526053905487060547e+00
1.483055710792541504e+00
3.654610157012939453e+00
1.730480790138244629e+00
5.549642562866210938e+00
4.719768524169921875e+00
2.503462314605712891e+00
2.797318696975708008e+00
3.305039644241333008e+00
5.667805194854736328e+00
3.952140569686889648e+00
3.932676315307617188e+00
1.253839731216430664e+00
4.427220344543457031e+00
2.013241291046142578e+00
2.275483846664428711e+00
1.969772219657897949e+00
2.281944036483764648e+00
5.910685539245605469e+00
2.599485635757446289e+00
1.824319124221801758e+00
3.010931730270385742e+00
5.630274772644042969e+00
1.900145888328552246e+00
1.705652236938476562e+00
6.288973689079284668e-01
4.802177429199218750e+00
2.054743528366088867e+00
3.819865942001342773e+00
5.455392360687255859e+00
3.869972944259643555e+00
3.412122011184692383e+00
3.992694616317749023e+00
3.235260486602783203e+00
3.250847578048706055e+00
3.848603010177612305e+00
3.775648832321166992e+00
8.808124661445617676e-01
5.262820720672607422e+00
2.956272840499877930e+00
7.686486244201660156e+00
3.334687471389770508e+00
1.731298089027404785e+00
1.924105286598205566e+00
1.524799227714538574e+00
2.092627048492431641e+00
5.119814395904541016e+00
5.080685615539550781e+00
1.948116660118103027e+00
4.037610530853271484e+00
2.833258628845214844e+00
2.075927972793579102e+00
2.653940916061401367e+00
2.668656110763549805e+00
6.328790187835693359e+00
2.198698759078979492e+00
6.683049201965332031e+00
2.588501930236816406e+00
1.972928047180175781e+00
3.351490497589111328e+00
2.810605525970458984e+00
5.109121322631835938e+00
2.789200544357299805e+00
4.439318180084228516e+00
2.073082685470581055e+00
3.466883897781372070e+00
2.041167974472045898e+00
5.758576869964599609e+00
3.342053174972534180e+00
4.591114044189453125e+00
4.163239002227783203e+00
3.118335485458374023e+00
3.792296648025512695e+00
8.160160064697265625e+00
1.145590066909790039e+00
3.152544498443603516e+00
2.188294649124145508e+00
2.945696115493774414e+00
5.220123767852783203e+00
3.669062852859497070e+00
3.441181182861328125e+00
6.382101535797119141e+00
4.386260032653808594e+00
1.119722008705139160e+00
2.214900493621826172e+00
1.722025275230407715e+00
8.358010649681091309e-01
3.421787261962890625e+00
3.807927370071411133e+00
3.506578922271728516e+00
3.488225936889648438e+00
1.761326193809509277e+00
2.972199678421020508e+00
8.705343604087829590e-01
6.682403087615966797e+00
3.920629501342773438e+00
1.624801516532897949e+00
3.432492494583129883e+00
3.121255874633789062e+00
1.300867438316345215e+00
2.916194915771484375e+00
3.235098361968994141e+00
4.738169193267822266e+00
3.708377838134765625e+00
3.561438083648681641e+00
3.067422151565551758e+00
2.804318904876708984e+00
1.384743928909301758e+00
2.260503768920898438e+00
4.590911865234375000e+00
3.363226652145385742e+00
2.710976839065551758e+00
4.643428325653076172e+00
4.502242565155029297e+00
4.885487079620361328e+00
6.367462277412414551e-01
3.889550924301147461e+00
1.075649499893188477e+00
7.518207550048828125e+00
2.445739984512329102e+00
5.506225109100341797e+00
3.370991468429565430e+00
2.284098386764526367e+00
4.428615093231201172e+00
4.430415630340576172e+00
4.111986637115478516e+00
3.263092756271362305e+00
4.907890796661376953e+00
2.492142200469970703e+00
9.579674601554870605e-01
3.096608638763427734e+00
2.951521873474121094e+00
1.798143982887268066e+00
3.410784482955932617e+00
2.599839210510253906e+00
8.569022178649902344e+00
2.515217542648315430e+00
3.121478796005249023e+00
3.706791400909423828e+00
3.046076536178588867e+00
4.043233394622802734e+00
3.585539579391479492e+00
2.578711748123168945e+00
7.884576916694641113e-01
3.498611450195312500e+00
2.909004092216491699e-01
1.455441355705261230e+00
3.368381977081298828e+00
4.072833538055419922e+00
5.348226070404052734e+00
3.788059711456298828e+00
4.712478637695312500e+00
4.022023677825927734e+00
3.158131361007690430e+00
8.789970278739929199e-01
3.498769044876098633e+00
2.055703878402709961e+00
3.809257984161376953e+00
3.351596832275390625e+00
3.146083831787109375e+00
2.917500019073486328e+00
3.947816133499145508e+00
4.025879383087158203e+00
1.279620885848999023e+00
3.228086948394775391e+00
7.167627215385437012e-01
2.104136228561401367e+00
2.230782747268676758e+00
1.378937125205993652e+00
2.385098934173583984e+00
3.406836032867431641e+00
3.353851795196533203e+00
1.637746810913085938e+00
3.769869565963745117e+00
2.159594058990478516e+00
2.914371013641357422e+00
9.303836822509765625e-01
5.866782188415527344e+00
1.913614153861999512e+00
3.433025121688842773e+00
4.823629856109619141e+00
2.631868362426757812e+00
1.079067111015319824e+00
3.488344669342041016e+00
2.294640302658081055e+00
3.186491966247558594e+00
7.192021846771240234e+00
1.414126634597778320e+00
1.889776587486267090e+00
5.262935161590576172e+00
4.226098537445068359e+00
3.209730148315429688e+00
7.227254390716552734e+00
6.056289672851562500e+00
2.041504621505737305e+00
4.022500514984130859e+00
4.675865650177001953e+00
3.242351531982421875e+00
1.856850266456604004e+00
6.738765239715576172e+00
4.380507469177246094e+00
2.597394943237304688e+00
1.797130465507507324e+00
2.812108039855957031e+00
5.146537303924560547e+00
5.396439552307128906e+00
3.543723821640014648e+00
6.875406742095947266e+00
2.463209152221679688e+00
8.940171599388122559e-01
1.814391136169433594e+00
2.776061773300170898e+00
1.324259638786315918e+00
2.200271129608154297e+00
1.452107429504394531e+00
4.624321937561035156e+00
4.644196033477783203e+00
4.350960731506347656e+00
3.471790790557861328e+00
9.144078493118286133e-01
2.795632362365722656e+00
2.995037555694580078e+00
1.676515221595764160e+00
3.860437154769897461e+00
1.111151099205017090e+00
5.622804164886474609e+00
1.468250274658203125e+00
4.035651683807373047e+00
1.016792058944702148e+00
2.741101264953613281e+00
6.890738010406494141e+00
4.007388591766357422e+00
3.391972303390502930e+00
4.865580081939697266e+00
3.469621419906616211e+00
2.721435308456420898e+00
2.593601703643798828e+00
4.609946727752685547e+00
2.490234613418579102e+00
7.511983513832092285e-01
4.158846378326416016e+00
2.952185153961181641e+00
1.650063514709472656e+00
5.853773593902587891e+00
3.059247732162475586e+00
1.100851297378540039e+00
4.099607944488525391e+00
8.208475112915039062e-01
5.054632186889648438e+00
6.827947139739990234e+00
1.837900400161743164e+00
2.826814413070678711e+00
