4.649280071258544922e+00
3.631356477737426758e+00
3.994706392288208008e+00
1.873920679092407227e+00
3.891024827957153320e+00
4.716521739959716797e+00
2.883632659912109375e+00
2.131644964218139648e+00
5.937044024467468262e-01
3.894337892532348633e+00
3.191740751266479492e+00
1.961153388023376465e+00
4.096555233001708984e+00
4.666078567504882812e+00
3.355495214462280273e+00
5.838586330413818359e+00
1.943461060523986816e+00
3.669598102569580078e+00
2.613419771194458008e+00
5.026048660278320312e+00
2.728885650634765625e+00
3.494008779525756836e+00
5.362099647521972656e+00
2.702646732330322266e+00
3.708306074142456055e+00
1.883549928665161133e+00
5.062388420104980469e+00
3.423315048217773438e+00
4.284741878509521484e+00
2.551517963409423828e+00
2.859245300292968750e+00
1.334078431129455566e+00
4.998108386993408203e+00
5.911396980285644531e+00
3.618990659713745117e+00
2.412335395812988281e+00
2.301246643066406250e+00
3.584082841873168945e+00
6.719826698303222656e+00
5.206601142883300781e+00
3.869940519332885742e+00
2.644072771072387695e+00
5.217286109924316406e+00
8.073184013366699219e+00
1.251977801322937012e+00
3.703542470932006836e+00
2.448651552200317383e+00
1.673926711082458496e+00
3.341219663619995117e+00
7.627269744873046875e+00
1.867302536964416504e+00
2.237099885940551758e+00
2.336527585983276367e+00
1.811501502990722656e+00
6.056352138519287109e+00
3.353560686111450195e+00
3.867372512817382812e+00
2.825733900070190430e+00
5.908942699432373047e+00
3.570785522460937500e+00
4.639438152313232422e+00
2.718206882476806641e+00
2.613253831863403320e+00
2.503483057022094727e+00
5.758279323577880859e+00
3.429615497589111328e+00
2.211691617965698242e+00
2.185568809509277344e+00
4.373303413391113281e+00
2.930597543716430664e+00
2.530740737915039062e+00
3.184631109237670898e+00
7.075698852539062500e+00
4.539121150970458984e+00
5.185569286346435547e+00
6.370810985565185547e+00
4.829663276672363281e+00
3.446455478668212891e+00
3.531836032867431641e+00
1.900658845901489258e+00
2.848338127136230469e+00
3.438225984573364258e+00
2.597122907638549805e+00
4.202453136444091797e+00
3.305890798568725586e+00
2.866495847702026367e+00
3.910521745681762695e+00
4.373202800750732422e+00
2.238187551498413086e+00
1.585252165794372559e+00
5.429753780364990234e+00
1.872663140296936035e+00
3.471565961837768555e+00
3.479911565780639648e+00
5.260246396064758301e-01
7.413564324378967285e-01
4.588613033294677734e+00
3.613190650939941406e-01
4.492284297943115234e+00
5.886009335517883301e-01
5.003928661346435547e+00
1.613942742347717285e+00
6.724827885627746582e-01
4.270936012268066406e+00
4.640669345855712891e+00
4.897871971130371094e+00
2.663497447967529297e+00
5.230834484100341797e+00
3.336290121078491211e+00
2.496467590332031250e+00
2.146828413009643555e+00
4.240526199340820312e+00
2.632076978683471680e+00
1.358104586601257324e+00
4.689688205718994141e+00
1.907322764396667480e+00
2.838188409805297852e+00
1.524282455444335938e+00
4.030172824859619141e+00
3.384858369827270508e+00
3.127360105514526367e+00
6.742600440979003906e+00
2.941578865051269531e+00
5.496358871459960938e+00
2.335114240646362305e+00
9.291926622390747070e-01
1.436316847801208496e+00
1.386090278625488281e+00
3.299180984497070312e+00
4.836245059967041016e+00
3.819322586059570312e+00
2.569681167602539062e+00
2.155806303024291992e+00
3.856421709060668945e+00
5.487991809844970703e+00
5.139958381652832031e+00
3.279003143310546875e+00
3.708457946777343750e+00
3.307513952255249023e+00
1.166138529777526855e+00
3.083300352096557617e+00
8.092769980430603027e-01
2.830418348312377930e+00
6.758247375488281250e+00
1.363780617713928223e+00
2.549131155014038086e+00
6.754892826080322266e+00
8.053748130798339844e+00
2.098320722579956055e+00
5.581664085388183594e+00
3.413876771926879883e+00
3.605391025543212891e+00
4.615868091583251953e+00
5.175206184387207031e+00
4.542262554168701172e+00
5.198621273040771484e+00
3.346247434616088867e+00
2.718399763107299805e+00
3.219198226928710938e+00
1.280038714408874512e+00
2.946887969970703125e+00
3.418493270874023438e+00
2.873592615127563477e+00
3.223638296127319336e+00
2.801059246063232422e+00
3.792407751083374023e+00
2.670536041259765625e+00
2.625255346298217773e+00
7.823583483695983887e-01
8.402096033096313477e-01
4.179701328277587891e+00
2.811016559600830078e+00
2.462853193283081055e+00
2.349430799484252930e+00
2.716706037521362305e+00
2.174356222152709961e+00
2.665682554244995117e+00
4.216130733489990234e+00
5.648910045623779297e+00
2.437727212905883789e+00
2.701194286346435547e+00
3.186748981475830078e+00
4.488317012786865234e+00
3.148420095443725586e+00
4.577239155769348145e-01
1.994427561759948730e+00
3.599286317825317383e+00
5.891838550567626953e+00
4.815860271453857422e+00
2.066052675247192383e+00
4.414650917053222656e+00
5.834466934204101562e+00
2.204998731613159180e+00
2.345711708068847656e+00
6.295486927032470703e+00
2.007476091384887695e+00
1.396365642547607422e+00
4.241230487823486328e+00
3.236503601074218750e+00
4.122840404510498047e+00
7.834975123405456543e-01
3.516087055206298828e+00
5.139161109924316406e+00
4.207302093505859375e+00
2.211050033569335938e+00
3.162399530410766602e+00
1.882511377334594727e+00
3.348897695541381836e+00
4.729651927947998047e+00
2.394698858261108398e+00
2.584285497665405273e+00
2.192517042160034180e+00
1.518450140953063965e+00
2.134397506713867188e+00
3.690028905868530273e+00
5.815261363983154297e+00
3.300912618637084961e+00
4.623538017272949219e+00
3.386689126491546631e-01
3.692658185958862305e+00
5.185821533203125000e+00
1.422767162322998047e+00
3.281961202621459961e+00
2.916686773300170898e+00
4.294985771179199219e+00
3.223719120025634766e+00
5.472476482391357422e+00
3.242435216903686523e+00
3.020751714706420898e+00
4.511609554290771484e+00
1.193549990653991699e+00
1.262893199920654297e+00
4.778420925140380859e+00
9.222388267517089844e-01
2.542937040328979492e+00
5.898033142089843750e+00
7.427231788635253906e+00
4.099526882171630859e+00
2.770726203918457031e+00
3.825535535812377930e+00
7.163004398345947266e+00
3.687128543853759766e+00
3.301862478256225586e+00
3.070204973220825195e+00
5.064157009124755859e+00
5.117293834686279297e+00
2.870652675628662109e+00
2.108557939529418945e+00
2.907442569732666016e+00
3.981718778610229492e+00
3.856452941894531250e+00
3.760697126388549805e+00
2.567443609237670898e+00
3.576539754867553711e+00
2.253504753112792969e+00
4.694343090057373047e+00
1.949049353599548340e+00
1.740056276321411133e+00
4.980187892913818359e+00
2.969599962234497070e+00
3.009385347366333008e+00
2.940174341201782227e+00
2.625868558883666992e+00
3.381001710891723633e+00
4.644311428070068359e+00
3.438705921173095703e+00
5.002811431884765625e+00
4.899276256561279297e+00
4.110403060913085938e+00
2.807346343994140625e+00
4.390990734100341797e+00
8.766378760337829590e-01
2.678154706954956055e+00
2.493279695510864258e+00
1.108841061592102051e+00
5.872922897338867188e+00
5.851676464080810547e+00
3.395872592926025391e+00
1.354027628898620605e+00
1.320910573005676270e+00
1.344502091407775879e+00
8.183458447456359863e-01
1.403184890747070312e+00
5.921852111816406250e+00
1.169544696807861328e+00
2.566364049911499023e+00
2.918205976486206055e+00
4.934971809387207031e+00
3.232156753540039062e+00
3.351093292236328125e+00
9.736005663871765137e-01
1.635268807411193848e+00
1.722745180130004883e+00
2.870064973831176758e+00
5.734936237335205078e+00
4.712886810302734375e-01
6.187104225158691406e+00
3.996981859207153320e+00
7.053500652313232422e+00
1.017691135406494141e+00
1.992599487304687500e+00
3.180262088775634766e+00
1.651165962219238281e+00
4.367084980010986328e+00
2.649211645126342773e+00
2.630794525146484375e+00
3.765089750289916992e+00
2.840214252471923828e+00
3.060721874237060547e+00
2.205114841461181641e+00
1.097329020500183105e+00
2.606071233749389648e+00
4.058785915374755859e+00
3.742111206054687500e+00
2.908727645874023438e+00
2.651739835739135742e+00
2.584430694580078125e+00
8.822941780090332031e-01
3.555360794067382812e+00
1.470751404762268066e+00
8.894885182380676270e-01
3.946451902389526367e+00
5.293072223663330078e+00
3.015988111495971680e+00
5.186930656433105469e+00
5.921343326568603516e+00
1.023800373077392578e+00
4.817470073699951172e+00
1.806551814079284668e+00
5.077764034271240234e+00
3.325706481933593750e+00
1.881395429372787476e-01
4.286255836486816406e+00
3.851007223129272461e+00
1.700117349624633789e+00
1.678567290306091309e+00
3.894074678421020508e+00
2.434580564498901367e+00
2.335289716720581055e+00
3.909237623214721680e+00
2.596384048461914062e+00
4.377815723419189453e+00
1.655261397361755371e+00
4.369271278381347656e+00
3.170643806457519531e+00
1.825714945793151855e+00
3.600449085235595703e+00
5.466468811035156250e+00
1.039460420608520508e+00
4.598460674285888672e+00
4.973132610321044922e+00
8.069889068603515625e+00
5.858717441558837891e+00
2.905673742294311523e+00
3.255837202072143555e+00
4.571867942810058594e+00
2.359067678451538086e+00
2.259168863296508789e+00
7.100322246551513672e+00
9.043517112731933594e-01
5.439301013946533203e+00
2.324118375778198242e+00
2.210062026977539062e+00
3.691163778305053711e+00
2.451432466506958008e+00
1.391714930534362793e+00
7.083109378814697266e+00
3.450722455978393555e+00
1.864311844110488892e-01
2.803528308868408203e+00
5.141429901123046875e+00
3.749162673950195312e+00
2.475358486175537109e+00
5.445790290832519531e+00
5.618045330047607422e+00
1.334400177001953125e+00
3.360951662063598633e+00
6.463517665863037109e+00
4.082459926605224609e+00
3.657437086105346680e+00
2.158810615539550781e+00
1.416373133659362793e+00
1.801736235618591309e+00
4.539425849914550781e+00
6.942182064056396484e+00
2.675719022750854492e+00
3.470394849777221680e+00
3.319991350173950195e+00
3.495869874954223633e+00
3.879353284835815430e+00
1.948395013809204102e+00
2.422638416290283203e+00
5.307351112365722656e+00
4.781358718872070312e+00
4.443030357360839844e+00
2.790255069732666016e+00
7.931441783905029297e+00
3.106301307678222656e+00
6.849662303924560547e+00
1.403879404067993164e+00
2.221810340881347656e+00
3.170950412750244141e+00
4.427463054656982422e+00
3.317998170852661133e+00
2.768622159957885742e+00
7.141031742095947266e+00
6.319638729095458984e+00
1.577519297599792480e+00
4.045675754547119141e+00
4.030710697174072266e+00
5.759273052215576172e+00
3.331272125244140625e+00
3.822352170944213867e+00
4.567864894866943359e+00
5.973411083221435547e+00
1.955058097839355469e+00
3.271519184112548828e+00
5.287942409515380859e+00
4.073770999908447266e+00
4.283742427825927734e+00
1.010911703109741211e+00
9.139966368675231934e-01
2.058491468429565430e+00
1.590314388275146484e+00
2.694380283355712891e+00
6.229076981544494629e-01
4.735534667968750000e+00
1.325306296348571777e+00
7.150882720947265625e+00
6.356006145477294922e+00
3.279249906539916992e+00
4.003136157989501953e+00
2.707225561141967773e+00
1.708682417869567871e+00
3.539389371871948242e+00
1.204395651817321777e+00
2.316395759582519531e+00
2.909950494766235352e+00
1.852687120437622070e+00
3.807722091674804688e+00
2.693676471710205078e+00
3.009675741195678711e+00
4.730410575866699219e+00
2.862632751464843750e+00
4.365695953369140625e+00
3.775806903839111328e+00
4.205508708953857422e+00
2.433107137680053711e+00
8.130310177803039551e-01
1.900058984756469727e+00
5.078009128570556641e+00
5.711771965026855469e+00
4.096296310424804688e+00
1.971337556838989258e+00
6.496543884277343750e+00
7.549221992492675781e+00
2.212048530578613281e+00
4.168128490447998047e+00
1.097139239311218262e+00
3.591983556747436523e+00
2.559545278549194336e+00
2.760437011718750000e+00
3.533758878707885742e+00
2.560623168945312500e+00
5.878973484039306641e+00
4.326858520507812500e+00
2.584642171859741211e+00
1.844782829284667969e+00
4.505770683288574219e+00
3.689388751983642578e+00
3.920588254928588867e+00
1.721096634864807129e+00
2.541452407836914062e+00
3.302750825881958008e+00
4.030257701873779297e+00
2.923610687255859375e+00
2.872495412826538086e+00
2.909730434417724609e+00
7.033887386322021484e+00
2.996761083602905273e+00
2.860145807266235352e+00
1.800621032714843750e+00
3.779557943344116211e+00
4.525314807891845703e+00
3.982107162475585938e+00
5.510189533233642578e-01
2.366808652877807617e+00
2.083663702011108398e+00
3.237353086471557617e+00
3.896109819412231445e+00
3.091707706451416016e+00
3.002359390258789062e+00
3.001749038696289062e+00
3.718882083892822266e+00
3.735652923583984375e+00
4.189225673675537109e+00
3.409129381179809570e+00
2.544550657272338867e+00
5.304677486419677734e+00
4.920177936553955078e+00
4.685056209564208984e+00
3.115910291671752930e+00
4.910488128662109375e+00
6.359647274017333984e+00
2.525261640548706055e+00
9.502099156379699707e-01
2.391512870788574219e+00
1.234873771667480469e+00
3.981019735336303711e+00
6.038763523101806641e-01
4.183041572570800781e+00
2.840074062347412109e+00
4.648920059204101562e+00
2.677055835723876953e+00
9.016065597534179688e-01
5.695074558258056641e+00
3.654067277908325195e+00
3.049894094467163086e+00
4.090555667877197266e+00
3.970580816268920898e+00
4.715569019317626953e+00
3.241207838058471680e+00
2.675229549407958984e+00
5.875014305114746094e+00
6.181904077529907227e-01
3.248505115509033203e+00
4.598398685455322266e+00
4.240422725677490234e+00
2.681760549545288086e+00
3.094197034835815430e+00
2.192708969116210938e+00
3.915107727050781250e+00
5.504705905914306641e+00
4.861038208007812500e+00
1.647311806678771973e+00
3.096177816390991211e+00
6.667142391204833984e+00
4.282468318939208984e+00
1.611901521682739258e+00
3.330947637557983398e+00
4.281829357147216797e+00
2.681502580642700195e+00
4.902385234832763672e+00
2.433567285537719727e+00
2.251744270324707031e+00
4.218172550201416016e+00
4.143317699432373047e+00
1.815113306045532227e+00
3.789858579635620117e+00
5.757665157318115234e+00
2.682137966156005859e+00
4.240645408630371094e+00
5.618246555328369141e+00
4.543828964233398438e+00
2.512207269668579102e+00
2.681819915771484375e+00
3.501712799072265625e+00
2.720647573471069336e+00
5.646406650543212891e+00
2.540258646011352539e+00
1.915340304374694824e+00
2.904330492019653320e+00
3.485414981842041016e+00
1.897719740867614746e+00
2.222996711730957031e+00
4.361823558807373047e+00
1.922556281089782715e+00
3.378759860992431641e+00
2.332523822784423828e+00
5.828217506408691406e+00
2.274467945098876953e+00
8.719475865364074707e-01
3.848992109298706055e+00
3.961046695709228516e+00
6.915355682373046875e+00
2.578002929687500000e+00
1.329965472221374512e+00
3.138062477111816406e+00
3.434452533721923828e+00
2.176930904388427734e+00
3.433335542678833008e+00
2.926244735717773438e+00
3.308081388473510742e+00
2.743947267532348633e+00
3.642136812210083008e+00
5.984526634216308594e+00
3.583539962768554688e+00
2.847046613693237305e+00
3.551155567169189453e+00
4.392428874969482422e+00
8.847269415855407715e-01
3.652417659759521484e-01
4.574895858764648438e+00
2.887202739715576172e+00
4.910835266113281250e+00
3.373081207275390625e+00
1.788294434547424316e+00
1.688396334648132324e+00
3.967298984527587891e+00
4.242320060729980469e+00
3.715317964553833008e+00
1.528672218322753906e+00
2.018157720565795898e+00
1.302204012870788574e+00
4.572392940521240234e+00
2.533397436141967773e+00
2.508686542510986328e+00
3.196517467498779297e+00
3.402262210845947266e+00
5.555991649627685547e+00
9.843963980674743652e-01
2.695811271667480469e+00
6.012747883796691895e-01
2.992938995361328125e+00
2.374974012374877930e+00
1.390897154808044434e+00
3.406162738800048828e+00
6.049928188323974609e+00
1.453275799751281738e+00
4.622334957122802734e+00
4.317528247833251953e+00
2.817832708358764648e+00
3.911294221878051758e+00
5.458623886108398438e+00
4.195645332336425781e+00
5.310188770294189453e+00
1.034214019775390625e+00
4.008636474609375000e+00
4.770122051239013672e+00
3.053944110870361328e+00
1.673092722892761230e+00
3.033072710037231445e+00
4.734514713287353516e+00
5.854842662811279297e+00
3.991651237010955811e-01
3.337088823318481445e+00
2.791395664215087891e+00
4.224193096160888672e+00
1.600827813148498535e+00
5.107978820800781250e+00
5.072146415710449219e+00
2.373316764831542969e+00
1.003125071525573730e+00
5.546645641326904297e+00
2.244082689285278320e+00
3.763137102127075195e+00
4.676247119903564453e+00
3.347869873046875000e+00
2.993441343307495117e+00
2.359743833541870117e+00
4.791500091552734375e+00
2.595819234848022461e+00
1.235781550407409668e+00
1.756878495216369629e+00
5.047091960906982422e+00
4.153665542602539062e+00
7.021347999572753906e+00
3.023692607879638672e+00
1.229255557060241699e+00
2.751623153686523438e+00
5.657567977905273438e+00
2.538637161254882812e+00
2.396194219589233398e+00
7.644838690757751465e-01
6.021350860595703125e+00
1.953511238098144531e+00
2.906316041946411133e+00
2.221203565597534180e+00
1.286307930946350098e+00
3.017497301101684570e+00
5.279456615447998047e+00
2.109673738479614258e+00
4.617295742034912109e+00
4.629319667816162109e+00
2.866991043090820312e+00
2.089630126953125000e+00
2.077824115753173828e+00
2.443284749984741211e+00
2.937568902969360352e+00
2.944657087326049805e+00
4.029383182525634766e+00
1.641023635864257812e+00
4.214523792266845703e+00
2.345737695693969727e+00
3.206631183624267578e+00
3.075777769088745117e+00
7.809296607971191406e+00
3.943270206451416016e+00
5.456689357757568359e+00
3.568202257156372070e+00
1.461047649383544922e+00
1.723131775856018066e+00
1.353955984115600586e+00
1.385786533355712891e+00
4.328145503997802734e+00
5.541930675506591797e+00
4.849272251129150391e+00
3.755731344223022461e+00
4.240434169769287109e+00
1.630505919456481934e+00
4.127137660980224609e+00
3.164405584335327148e+00
1.721628546714782715e+00
2.784413814544677734e+00
3.384773731231689453e+00
2.197452545166015625e+00
2.286297082901000977e+00
8.876473426818847656e+00
4.175013065338134766e+00
4.459461212158203125e+00
1.836174875497817993e-01
6.491990566253662109e+00
2.419619321823120117e+00
3.598325729370117188e+00
1.203908562660217285e+00
3.900125980377197266e+00
5.889993190765380859e+00
2.891475677490234375e+00
3.922348737716674805e+00
1.264459371566772461e+00
3.808875799179077148e+00
6.016843318939208984e+00
1.283148288726806641e+00
2.091194868087768555e+00
1.026132702827453613e+00
3.378777027130126953e+00
2.307996988296508789e+00
4.244033396244049072e-01
3.085958480834960938e+00
2.563048124313354492e+00
2.507174730300903320e+00
2.658833980560302734e+00
4.598219394683837891e+00
5.369416713714599609e+00
3.372536420822143555e+00
3.437040090560913086e+00
3.516320466995239258e+00
3.161446094512939453e+00
2.984964132308959961e+00
5.434967041015625000e+00
5.060888528823852539e-01
3.455040454864501953e+00
3.609310626983642578e+00
3.433962345123291016e+00
4.415441989898681641e+00
2.283522844314575195e+00
8.594941496849060059e-01
1.976244330406188965e+00
2.184689283370971680e+00
3.952888965606689453e+00
2.273307085037231445e+00
1.634156227111816406e+00
1.595474958419799805e+00
5.482161045074462891e+00
6.641274452209472656e+00
2.995575666427612305e+00
2.398352384567260742e+00
6.936029911041259766e+00
2.155483007431030273e+00
3.703201055526733398e+00
4.221445083618164062e+00
7.970176219940185547e+00
3.958010911941528320e+00
1.651230692863464355e+00
4.270616054534912109e+00
1.340611934661865234e+00
5.922562599182128906e+00
1.008976221084594727e+00
2.132856130599975586e+00
2.140454053878784180e+00
4.807783603668212891e+00
6.028834342956542969e+00
1.649563670158386230e+00
2.820366382598876953e+00
1.346579909324645996e+00
1.852100372314453125e+00
3.380374193191528320e+00
1.375838875770568848e+00
7.138988494873046875e+00
3.649551153182983398e+00
3.677909612655639648e+00
6.953030586242675781e+00
6.914708137512207031e+00
1.267962813377380371e+00
3.239571809768676758e+00
9.336800575256347656e-01
1.330606222152709961e+00
5.164350032806396484e+00
4.907612323760986328e+00
2.508003950119018555e+00
2.769292593002319336e+00
2.467195987701416016e+00
2.458391666412353516e+00
6.449099779129028320e-01
3.465328931808471680e+00
3.260526418685913086e+00
5.199266910552978516e+00
5.210388660430908203e+00
4.064686298370361328e+00
2.362671375274658203e+00
1.839324355125427246e+00
3.927211046218872070e+00
1.447775244712829590e+00
3.731213808059692383e+00
2.917880058288574219e+00
2.958861589431762695e+00
3.425636053085327148e+00
1.886845588684082031e+00
6.736163616180419922e+00
8.489290237426757812e+00
2.269666910171508789e+00
3.171318531036376953e+00
1.291393876075744629e+00
3.317125797271728516e+00
5.957117557525634766e+00
3.332298278808593750e+00
2.847302436828613281e+00
9.247534871101379395e-01
4.466227054595947266e+00
8.933964967727661133e-01
3.379058122634887695e+00
2.708992004394531250e+00
3.925562381744384766e+00
5.791807651519775391e+00
3.693125247955322266e+00
2.301483869552612305e+00
4.240785121917724609e+00
1.354869842529296875e+00
1.899016022682189941e+00
3.594565629959106445e+00
3.055279493331909180e+00
2.177796125411987305e+00
2.275575637817382812e+00
5.320384979248046875e+00
1.312386870384216309e+00
1.553830385208129883e+00
4.337268829345703125e+00
6.284028053283691406e+00
1.720513343811035156e+00
2.331165075302124023e+00
1.406257152557373047e+00
5.810945034027099609e+00
4.757318973541259766e+00
3.297535419464111328e+00
5.205018520355224609e+00
5.345086574554443359e+00
2.466838836669921875e+00
2.326925754547119141e+00
2.915015935897827148e+00
2.628429889678955078e+00
1.780927538871765137e+00
4.254418849945068359e+00
4.524707317352294922e+00
3.104097843170166016e+00
3.649851560592651367e+00
3.873391389846801758e+00
4.593252182006835938e+00
4.160720348358154297e+00
2.920424938201904297e+00
2.729238510131835938e+00
3.855190753936767578e+00
4.349297523498535156e+00
1.865249991416931152e+00
3.639398336410522461e+00
1.432609438896179199e+00
3.316048860549926758e+00
2.937073469161987305e+00
3.511425733566284180e+00
2.919373035430908203e+00
2.645111322402954102e+00
4.201384544372558594e+00
8.138904571533203125e-01
3.083851337432861328e+00
3.555323362350463867e+00
3.572018146514892578e+00
6.660682201385498047e+00
7.475173950195312500e+00
1.384094595909118652e+00
5.398637294769287109e+00
8.109872937202453613e-01
3.904968023300170898e+00
1.383294820785522461e+00
3.171750783920288086e+00
7.045995235443115234e+00
4.721360206604003906e+00
4.753370761871337891e+00
7.626995086669921875e+00
1.004561305046081543e+00
3.662792921066284180e+00
3.680993795394897461e+00
7.002458572387695312e-01
3.032814025878906250e+00
2.958405733108520508e+00
5.884615421295166016e+00
3.476505279541015625e+00
4.506167888641357422e+00
6.505988597869873047e+00
2.298749923706054688e+00
7.325483798980712891e+00
2.849884748458862305e+00
4.371705532073974609e+00
6.449719429016113281e+00
6.044505596160888672e+00
2.095594882965087891e+00
3.862650394439697266e+00
3.206807851791381836e+00
2.607296705245971680e+00
4.442389011383056641e+00
5.626228332519531250e+00
6.042584896087646484e+00
1.647024154663085938e+00
2.732988357543945312e+00
2.387173414230346680e+00
6.432878017425537109e+00
3.362644672393798828e+00
1.310681223869323730e+00
1.209091901779174805e+00
6.632105708122253418e-01
3.763744831085205078e+00
1.137971282005310059e+00
5.029648780822753906e+00
3.130186796188354492e+00
4.459479331970214844e+00
5.139738082885742188e+00
1.150450706481933594e+00
4.684996128082275391e+00
2.179580688476562500e+00
4.307177066802978516e+00
4.185034275054931641e+00
4.933022022247314453e+00
2.467796087265014648e+00
2.348803520202636719e+00
4.071100711822509766e+00
7.687400817871093750e+00
3.828786849975585938e+00
3.770760774612426758e+00
7.365877628326416016e+00
3.621853351593017578e+00
4.737928390502929688e+00
3.933983564376831055e+00
5.068638324737548828e+00
4.162897586822509766e+00
1.649610519409179688e+00
2.622051715850830078e+00
2.898420810699462891e+00
3.526516437530517578e+00
9.203302264213562012e-01
3.447334766387939453e+00
3.830670595169067383e+00
5.859580993652343750e+00
2.992666006088256836e+00
3.037684202194213867e+00
3.652233839035034180e+00
1.170593500137329102e+00
3.268315553665161133e+00
5.187636375427246094e+00
2.427605390548706055e+00
2.717344045639038086e+00
9.552958607673645020e-01
1.834179520606994629e+00
2.213624715805053711e+00
4.789669513702392578e+00
2.970993041992187500e+00
2.477556943893432617e+00
1.210532903671264648e+00
4.222265720367431641e+00
1.979633331298828125e+00
6.902488708496093750e+00
3.176319837570190430e+00
2.442154645919799805e+00
4.025729656219482422e+00
5.486637592315673828e+00
1.839201331138610840e+00
3.155641794204711914e+00
4.624949932098388672e+00
3.244530916213989258e+00
4.011823177337646484e+00
1.624538302421569824e+00
3.163037300109863281e+00
1.922403335571289062e+00
3.044591426849365234e+00
1.301453232765197754e+00
1.280826926231384277e+00
3.868031263351440430e+00
6.382023692131042480e-01
4.146864414215087891e+00
3.178283870220184326e-01
2.913684368133544922e+00
3.056691646575927734e+00
2.391225576400756836e+00
4.347800731658935547e+00
6.409713745117187500e+00
4.542480945587158203e+00
3.138069868087768555e+00
4.263082027435302734e+00
4.542207717895507812e+00
9.887257814407348633e-01
8.388534545898437500e+00
4.551609456539154053e-01
9.591970443725585938e-01
