4.249511241912841797e+00
5.615354061126708984e+00
1.994815111160278320e+00
1.657476663589477539e+00
4.300380229949951172e+00
5.984575271606445312e+00
1.396072983741760254e+00
4.426578998565673828e+00
1.672322869300842285e+00
1.395593881607055664e+00
5.837726593017578125e+00
5.364281654357910156e+00
6.414013862609863281e+00
3.172912836074829102e+00
4.782419204711914062e+00
5.159945487976074219e+00
1.184757113456726074e+00
2.306488275527954102e+00
1.850153207778930664e+00
2.307647466659545898e+00
2.559552669525146484e+00
1.042763233184814453e+00
1.474682688713073730e+00
4.440858364105224609e+00
5.028880596160888672e+00
3.214029788970947266e+00
1.858477592468261719e+00
3.741817474365234375e+00
3.084163427352905273e+00
2.362735509872436523e+00
3.008198976516723633e+00
3.532017946243286133e+00
6.495860576629638672e+00
6.055269718170166016e+00
7.413590908050537109e+00
1.666432976722717285e+00
3.024026632308959961e+00
2.551711320877075195e+00
4.348546504974365234e+00
3.352804183959960938e+00
3.452515840530395508e+00
4.594806194305419922e+00
3.275853872299194336e+00
2.443613290786743164e+00
9.194235205650329590e-01
2.774259328842163086e+00
2.427322149276733398e+00
7.069959044456481934e-01
3.117626667022705078e+00
2.488599300384521484e+00
3.308956623077392578e+00
6.644567012786865234e+00
2.514504194259643555e+00
1.521538376808166504e+00
6.405170440673828125e+00
1.981819748878479004e+00
6.084916591644287109e+00
6.946441173553466797e+00
3.593068361282348633e+00
2.270689249038696289e+00
4.484330654144287109e+00
3.194520711898803711e+00
2.745288610458374023e+00
2.702018499374389648e+00
4.421836376190185547e+00
6.651773929595947266e+00
2.366959333419799805e+00
1.716417312622070312e+00
2.718409538269042969e+00
1.198816657066345215e+00
5.447276115417480469e+00
3.366489887237548828e+00
1.926207542419433594e+00
3.483134031295776367e+00
3.625077009201049805e+00
1.527370095252990723e+00
3.217006683349609375e+00
3.154288053512573242e+00
2.078126668930053711e+00
1.101786494255065918e+00
3.507955551147460938e+00
7.176152229309082031e+00
1.744775056838989258e+00
1.346536755561828613e+00
4.656580448150634766e+00
1.686225533485412598e+00
2.609833955764770508e+00
4.799189090728759766e+00
1.785091757774353027e+00
3.171818494796752930e+00
2.665102481842041016e+00
3.233001708984375000e+00
2.551066637039184570e+00
1.175831675529479980e+00
5.904850006103515625e+00
2.876411199569702148e+00
4.199910640716552734e+00
4.343211174011230469e+00
1.489860415458679199e+00
5.196843624114990234e+00
2.021944046020507812e+00
6.126755237579345703e+00
6.054254531860351562e+00
2.167678594589233398e+00
1.317494034767150879e+00
4.906258583068847656e+00
3.072042942047119141e+00
2.669747114181518555e+00
5.739337444305419922e+00
3.253642320632934570e+00
1.934543609619140625e+00
2.036231756210327148e+00
1.977921843528747559e+00
9.392634630203247070e-01
1.482825040817260742e+00
3.429605960845947266e+00
2.262957572937011719e+00
2.915822744369506836e+00
1.446854233741760254e+00
6.555291652679443359e+00
3.232177495956420898e+00
3.171380043029785156e+00
5.074378967285156250e+00
5.112045288085937500e+00
2.426392316818237305e+00
2.280160427093505859e+00
2.989594697952270508e+00
4.150489330291748047e+00
3.028830528259277344e+00
4.435428619384765625e+00
8.801614046096801758e-01
2.686976671218872070e+00
6.029366016387939453e+00
1.707805871963500977e+00
4.661078929901123047e+00
2.606117248535156250e+00
4.453399181365966797e+00
6.475110054016113281e+00
5.525628089904785156e+00
1.534988403320312500e+00
4.642921924591064453e+00
2.023109436035156250e+00
1.670592188835144043e+00
1.318859457969665527e+00
4.752020359039306641e+00
3.751386404037475586e+00
1.928421378135681152e+00
2.493410825729370117e+00
3.907796144485473633e+00
1.052158474922180176e+00
3.678107976913452148e+00
3.364707946777343750e+00
5.926090717315673828e+00
2.688964843750000000e+00
4.325656414031982422e+00
3.250529527664184570e+00
2.338518857955932617e+00
3.448984861373901367e+00
9.702816009521484375e-01
3.628900289535522461e+00
2.955695688724517822e-01
4.458015918731689453e+00
1.718672156333923340e+00
3.706525564193725586e+00
3.567147493362426758e+00
2.162289619445800781e+00
4.677011489868164062e+00
2.064561128616333008e+00
1.569884896278381348e+00
3.835997343063354492e+00
4.456639766693115234e+00
3.861785650253295898e+00
2.259042024612426758e+00
6.523668766021728516e+00
2.033038854598999023e+00
3.726325750350952148e+00
5.754945278167724609e+00
4.471723079681396484e+00
6.249715805053710938e+00
2.342603683471679688e+00
2.438608646392822266e+00
5.207016468048095703e+00
4.894520282745361328e+00
5.712766170501708984e+00
3.960216522216796875e+00
4.365767955780029297e+00
6.616460084915161133e-01
1.005889296531677246e+00
2.104250669479370117e+00
2.884825706481933594e+00
1.816120386123657227e+00
4.235766887664794922e+00
4.682806491851806641e+00
3.189016580581665039e+00
2.320720434188842773e+00
2.106776237487792969e+00
5.237922191619873047e+00
5.379724979400634766e+00
2.039939641952514648e+00
3.012144088745117188e+00
3.018437147140502930e+00
3.442441701889038086e+00
4.502260208129882812e+00
5.806507587432861328e+00
1.607421517372131348e+00
2.955260276794433594e+00
2.462225675582885742e+00
1.692543625831604004e+00
3.568429708480834961e+00
5.204789638519287109e+00
8.833348155021667480e-01
4.585539340972900391e+00
4.746900081634521484e+00
2.178082704544067383e+00
4.585088729858398438e+00
3.863964796066284180e+00
1.573346018791198730e+00
5.023345470428466797e+00
3.200079441070556641e+00
2.410856485366821289e+00
3.460636138916015625e+00
5.141139507293701172e+00
3.046277523040771484e+00
3.084911584854125977e+00
3.384764194488525391e+00
2.340491533279418945e+00
2.911397457122802734e+00
2.638603925704956055e+00
1.963134169578552246e+00
3.033803462982177734e+00
1.943375825881958008e+00
3.823315858840942383e+00
2.319464445114135742e+00
4.137058258056640625e+00
2.166253805160522461e+00
1.335762739181518555e+00
3.233694791793823242e+00
2.309158325195312500e+00
4.627865791320800781e+00
1.597296714782714844e+00
3.801084995269775391e+00
2.315192222595214844e+00
9.124420285224914551e-01
4.601625919342041016e+00
2.251163244247436523e+00
3.529795408248901367e+00
5.023471355438232422e+00
2.963319063186645508e+00
3.197419166564941406e+00
5.215119361877441406e+00
2.857805013656616211e+00
1.628275275230407715e+00
4.343206405639648438e+00
4.801004886627197266e+00
3.201026916503906250e+00
3.992512941360473633e+00
1.055774211883544922e+01
1.919873118400573730e+00
3.200167894363403320e+00
3.112556219100952148e+00
3.416117429733276367e+00
3.476495027542114258e+00
2.636673450469970703e+00
3.414233922958374023e+00
1.869085669517517090e+00
5.038020014762878418e-01
4.471864223480224609e+00
4.399746417999267578e+00
5.865760326385498047e+00
1.310242056846618652e+00
1.201226830482482910e+00
2.514311790466308594e+00
6.965160369873046875e+00
5.519702434539794922e+00
1.896928071975708008e+00
4.144935607910156250e+00
2.901582479476928711e+00
1.987310647964477539e+00
4.535149574279785156e+00
5.206439018249511719e+00
3.009777069091796875e+00
1.807809233665466309e+00
5.557263374328613281e+00
8.623576164245605469e-01
3.666468858718872070e+00
2.980946779251098633e+00
2.637260675430297852e+00
4.570650577545166016e+00
6.648624420166015625e+00
5.461054325103759766e+00
5.490687847137451172e+00
3.063822507858276367e+00
1.850541472434997559e+00
1.026307821273803711e+00
2.742505788803100586e+00
2.325440168380737305e+00
4.022645473480224609e+00
1.188452959060668945e+00
1.838540673255920410e+00
4.580928802490234375e+00
2.425072193145751953e+00
6.390141487121582031e+00
6.173644065856933594e+00
4.120665073394775391e+00
2.605756521224975586e+00
6.193248748779296875e+00
5.339792728424072266e+00
2.586289167404174805e+00
2.289450407028198242e+00
2.665907859802246094e+00
5.308094978332519531e+00
3.610948324203491211e+00
9.651341438293457031e-01
3.745562791824340820e+00
6.924614906311035156e+00
2.745984792709350586e+00
5.407143115997314453e+00
3.834229707717895508e+00
5.352766036987304688e+00
6.638984203338623047e+00
6.829611301422119141e+00
2.937022447586059570e+00
2.715838193893432617e+00
1.792031645774841309e+00
3.035361289978027344e+00
1.761413216590881348e+00
4.226617813110351562e+00
8.348219990730285645e-01
2.160558223724365234e+00
2.340113878250122070e+00
2.320423841476440430e+00
5.479839324951171875e+00
6.943997144699096680e-01
3.710910081863403320e+00
5.279045104980468750e+00
7.073773860931396484e+00
2.025774478912353516e+00
1.404566526412963867e+00
3.564612627029418945e+00
2.726034164428710938e+00
5.877559661865234375e+00
2.144680738449096680e+00
1.502177000045776367e+00
5.249034404754638672e+00
2.991655111312866211e+00
4.684737682342529297e+00
3.418461561203002930e+00
3.183291912078857422e+00
3.073633432388305664e+00
1.565759658813476562e+00
5.177336215972900391e+00
3.897289276123046875e+00
2.370332717895507812e+00
4.535593509674072266e+00
1.195431709289550781e+00
7.575229167938232422e+00
1.721756339073181152e+00
4.085510730743408203e+00
3.761397600173950195e+00
4.185982704162597656e+00
3.174006223678588867e+00
6.976284980773925781e+00
5.270453929901123047e+00
5.877440452575683594e+00
2.981590032577514648e+00
4.964927196502685547e+00
5.144841194152832031e+00
4.451504230499267578e+00
5.740970611572265625e+00
4.646645545959472656e+00
3.273972034454345703e+00
5.274176597595214844e+00
7.900353431701660156e+00
3.915104627609252930e+00
2.090972900390625000e+00
6.240545511245727539e-01
5.973536491394042969e+00
3.568569183349609375e+00
1.909238219261169434e+00
4.579633235931396484e+00
7.536504864692687988e-01
1.065113425254821777e+00
5.012578964233398438e+00
6.070343971252441406e+00
1.090949654579162598e+00
4.476387023925781250e+00
4.637517929077148438e+00
3.710983037948608398e+00
5.889385223388671875e+00
2.466030836105346680e+00
3.034661769866943359e+00
4.250611782073974609e+00
5.381447315216064453e+00
7.476723790168762207e-01
3.944281339645385742e+00
1.277220726013183594e+00
3.848658084869384766e+00
7.229679226875305176e-01
4.138761520385742188e+00
2.431026935577392578e+00
2.653002977371215820e+00
6.513574123382568359e+00
6.605779170989990234e+00
7.139808654785156250e+00
2.567162990570068359e+00
3.995610952377319336e+00
2.476351261138916016e+00
4.395344257354736328e+00
1.773445963859558105e+00
4.224721908569335938e+00
4.802357673645019531e+00
3.342246770858764648e+00
1.254266142845153809e+00
1.905205011367797852e+00
6.763490438461303711e-01
5.126317501068115234e+00
3.668048620223999023e+00
6.146804332733154297e+00
4.006951332092285156e+00
8.723080754280090332e-01
3.891406774520874023e+00
4.835500717163085938e+00
5.419839382171630859e+00
1.123626232147216797e+00
4.582114219665527344e+00
4.276420593261718750e+00
4.373474121093750000e+00
2.725252389907836914e+00
4.040841579437255859e+00
4.632554054260253906e+00
2.040240049362182617e+00
3.398512601852416992e+00
2.727071762084960938e+00
5.421354770660400391e+00
1.603986620903015137e+00
4.581205844879150391e+00
3.086934328079223633e+00
3.138395071029663086e+00
3.494052648544311523e+00
1.380670547485351562e+00
3.172218084335327148e+00
5.212705612182617188e+00
5.945076465606689453e+00
6.365903377532958984e+00
9.081191062927246094e+00
5.460578203201293945e-01
2.452164888381958008e+00
1.265698790550231934e+00
2.712852239608764648e+00
5.423852443695068359e+00
4.804090023040771484e+00
1.908277869224548340e+00
4.364069938659667969e+00
4.102996349334716797e+00
1.594090104103088379e+00
2.395051240921020508e+00
4.557839870452880859e+00
2.265987396240234375e+00
4.167183399200439453e+00
6.733382701873779297e+00
3.002898454666137695e+00
2.639685392379760742e+00
3.411426305770874023e+00
2.187114477157592773e+00
5.148249149322509766e+00
3.895304203033447266e+00
4.684438228607177734e+00
3.826823472976684570e+00
4.849298954010009766e+00
5.356585025787353516e+00
3.202009677886962891e+00
1.178521990776062012e+00
3.653044223785400391e+00
4.347012996673583984e+00
2.809858620166778564e-01
2.947917699813842773e+00
1.746376872062683105e+00
4.574595451354980469e+00
2.162338733673095703e+00
3.581456422805786133e+00
4.028287410736083984e+00
2.893939733505249023e+00
1.871054649353027344e+00
5.797107696533203125e+00
2.759886980056762695e+00
4.555681705474853516e+00
7.238761425018310547e+00
2.539000988006591797e+00
3.706868886947631836e+00
6.461618900299072266e+00
3.454389572143554688e+00
1.973126649856567383e+00
4.438984394073486328e+00
3.168519735336303711e+00
6.689592838287353516e+00
2.781032323837280273e+00
2.774663448333740234e+00
4.395624160766601562e+00
3.440430879592895508e+00
3.060437440872192383e+00
6.032636165618896484e+00
5.029045581817626953e+00
2.529757499694824219e+00
4.480147838592529297e+00
4.739920616149902344e+00
2.700235843658447266e+00
4.108142375946044922e+00
4.243842601776123047e+00
3.999608278274536133e+00
1.942486405372619629e+00
4.141836643218994141e+00
7.757223844528198242e-01
1.974934816360473633e+00
2.010480165481567383e+00
5.853604793548583984e+00
2.787843227386474609e+00
4.864968299865722656e+00
1.642269730567932129e+00
3.094987869262695312e+00
2.834500789642333984e+00
1.682583212852478027e+00
7.086566925048828125e+00
7.880504608154296875e+00
1.871008276939392090e+00
2.084707021713256836e+00
3.752426624298095703e+00
4.603429317474365234e+00
2.333544492721557617e+00
4.819759368896484375e+00
3.001842021942138672e+00
3.989793539047241211e+00
2.565262556076049805e+00
4.998010158538818359e+00
2.731625080108642578e+00
4.792575836181640625e+00
3.585083007812500000e+00
4.538854122161865234e+00
1.729976534843444824e+00
1.407456278800964355e+00
5.738626956939697266e+00
5.278983116149902344e+00
2.983189344406127930e+00
7.198958873748779297e+00
3.111380100250244141e+00
3.220734357833862305e+00
3.891663312911987305e+00
1.392696857452392578e+00
4.516203403472900391e+00
2.915997028350830078e+00
3.492533922195434570e+00
3.531993150711059570e+00
2.364887952804565430e+00
4.097023010253906250e+00
4.651634216308593750e+00
2.408186912536621094e+00
8.166059494018554688e+00
1.399169445037841797e+00
3.777956008911132812e+00
2.089094161987304688e+00
1.765162348747253418e+00
3.055411338806152344e+00
2.903279542922973633e+00
2.361871480941772461e+00
2.521366596221923828e+00
4.987114906311035156e+00
4.355423927307128906e+00
5.069917201995849609e+00
3.722216129302978516e+00
5.232076168060302734e+00
5.437426090240478516e+00
3.220478534698486328e+00
1.564920783042907715e+00
4.069997787475585938e+00
5.122942328453063965e-01
2.270168542861938477e+00
1.949983954429626465e+00
1.694307208061218262e+00
4.716893196105957031e+00
5.301821708679199219e+00
5.710395812988281250e+00
1.253303050994873047e+00
4.897163867950439453e+00
3.361059188842773438e+00
6.124751091003417969e+00
1.271706461906433105e+00
4.102029323577880859e+00
4.083507537841796875e+00
2.782854795455932617e+00
4.776842594146728516e+00
2.839996576309204102e+00
2.979253530502319336e+00
4.385665893554687500e+00
1.655425071716308594e+00
3.696841955184936523e+00
9.626455307006835938e-01
1.368003249168395996e+00
8.061940073966979980e-01
3.305210828781127930e+00
3.192912340164184570e+00
2.626795530319213867e+00
4.678651332855224609e+00
4.432837009429931641e+00
1.847588419914245605e+00
3.502094745635986328e+00
4.843679428100585938e+00
5.153143405914306641e+00
7.953965067863464355e-01
4.146159648895263672e+00
5.624219894409179688e+00
2.380661487579345703e+00
4.548806667327880859e+00
6.800131320953369141e+00
2.410036087036132812e+00
2.147456884384155273e+00
2.226223468780517578e+00
8.550119400024414062e+00
1.116852378845214844e+01
2.359157323837280273e+00
4.554932594299316406e+00
4.149304866790771484e+00
1.539407134056091309e+00
6.505388736724853516e+00
3.172478914260864258e+00
2.645584583282470703e+00
6.211096644401550293e-01
2.742864608764648438e+00
2.383077383041381836e+00
1.508477568626403809e+00
2.580131292343139648e+00
4.313001155853271484e+00
3.486100435256958008e+00
5.219261169433593750e+00
4.226000308990478516e+00
2.556416988372802734e+00
7.007640361785888672e+00
4.458441257476806641e+00
7.810381412506103516e+00
1.577790856361389160e+00
3.152700901031494141e+00
3.112894058227539062e+00
4.490939617156982422e+00
1.047603726387023926e+00
1.365143775939941406e+00
5.429752826690673828e+00
3.309602499008178711e+00
3.664489030838012695e+00
2.578850269317626953e+00
1.146752595901489258e+00
4.721829414367675781e+00
1.679124236106872559e+00
6.108698248863220215e-01
4.861590385437011719e+00
8.944522738456726074e-01
3.191019773483276367e+00
1.961091637611389160e+00
2.903400897979736328e+00
6.809323787689208984e+00
1.802485346794128418e+00
2.885674476623535156e+00
2.963409423828125000e+00
5.302546977996826172e+00
3.064214229583740234e+00
5.508925437927246094e+00
1.510384678840637207e+00
1.758694052696228027e+00
5.535852909088134766e+00
1.748288512229919434e+00
2.638746023178100586e+00
4.146440029144287109e+00
4.131423473358154297e+00
4.115388870239257812e+00
1.951273918151855469e+00
1.406461596488952637e+00
6.637288331985473633e-01
1.977489709854125977e+00
3.278177976608276367e+00
3.666802167892456055e+00
3.446006774902343750e+00
5.731029033660888672e+00
4.930208206176757812e+00
4.314006805419921875e+00
4.298569679260253906e+00
2.973053216934204102e+00
3.329330205917358398e+00
2.813164949417114258e+00
2.000996351242065430e+00
3.139937162399291992e+00
3.366318464279174805e+00
2.352025747299194336e+00
4.594619750976562500e+00
4.875428378582000732e-01
2.259126424789428711e+00
1.471740961074829102e+00
1.263788461685180664e+00
8.338100314140319824e-01
5.628847479820251465e-01
2.227805852890014648e+00
5.673667430877685547e+00
2.304189920425415039e+00
1.124387145042419434e+00
2.569664716720581055e+00
1.755189895629882812e+00
4.541477203369140625e+00
4.264825344085693359e+00
5.433156967163085938e+00
2.662510633468627930e+00
4.545229911804199219e+00
6.180706501007080078e+00
7.320678234100341797e+00
1.095991253852844238e+00
3.692493915557861328e+00
1.512274861335754395e+00
4.504403591156005859e+00
2.728781223297119141e+00
4.727288246154785156e+00
3.701164722442626953e+00
2.038381099700927734e+00
2.279205322265625000e+00
1.822312951087951660e+00
2.587941646575927734e+00
4.583237648010253906e+00
3.710278570652008057e-01
6.652798652648925781e+00
5.022583484649658203e+00
4.163005352020263672e+00
1.914290428161621094e+00
1.767871856689453125e+00
6.713209629058837891e+00
6.609320163726806641e+00
4.229829788208007812e+00
1.644351601600646973e+00
5.541040420532226562e+00
1.638501524925231934e+00
4.734447002410888672e+00
5.695397853851318359e-01
9.818412065505981445e-01
4.499746799468994141e+00
5.666380405426025391e+00
4.259006977081298828e+00
5.032462596893310547e+00
4.048116207122802734e+00
5.621373653411865234e+00
3.537577390670776367e+00
4.173889160156250000e+00
4.805486202239990234e+00
1.257018446922302246e+00
3.697041273117065430e+00
2.899972200393676758e+00
2.937416553497314453e+00
2.501609563827514648e+00
4.241033077239990234e+00
4.533167362213134766e+00
3.260205030441284180e+00
2.297930479049682617e+00
1.000958442687988281e+00
4.234728515148162842e-01
4.503941059112548828e+00
2.956807851791381836e+00
3.545172452926635742e+00
7.830077409744262695e-01
3.741217851638793945e+00
5.323833942413330078e+00
2.220784425735473633e+00
2.621627807617187500e+00
2.825115680694580078e+00
3.495021104812622070e+00
8.021792411804199219e+00
2.220727920532226562e+00
4.035403728485107422e+00
2.606192350387573242e+00
1.220511198043823242e+00
4.634817540645599365e-01
5.356294155120849609e+00
5.395551204681396484e+00
1.786529779434204102e+00
6.754362583160400391e+00
2.786628723144531250e+00
3.726216077804565430e+00
1.803475618362426758e+00
5.660435199737548828e+00
2.195826768875122070e+00
2.553889274597167969e+00
5.054393291473388672e+00
1.074108958244323730e+00
6.667432308197021484e+00
3.987219333648681641e+00
4.767748832702636719e+00
1.636581778526306152e+00
4.707022666931152344e+00
1.966957688331604004e+00
2.017358779907226562e+00
2.132859706878662109e+00
4.796171188354492188e+00
2.630903720855712891e+00
6.283831596374511719e+00
3.705233812332153320e+00
2.629006147384643555e+00
3.603963136672973633e+00
3.525941848754882812e+00
2.763052940368652344e+00
2.713645696640014648e+00
3.740626096725463867e+00
3.700279951095581055e+00
1.464207410812377930e+00
4.511365413665771484e+00
4.063098907470703125e+00
1.856864333152770996e+00
2.941839933395385742e+00
2.697877645492553711e+00
3.468517065048217773e+00
5.794515132904052734e+00
2.077306509017944336e+00
1.560400485992431641e+00
2.737497091293334961e+00
5.629821777343750000e+00
3.465484619140625000e+00
6.081422328948974609e+00
1.399860978126525879e+00
5.858581066131591797e+00
7.223364114761352539e-01
5.335833549499511719e+00
2.682564496994018555e+00
3.618176221847534180e+00
3.754289627075195312e+00
4.445159912109375000e+00
3.002025127410888672e+00
3.757070302963256836e+00
1.433202624320983887e+00
3.492175340652465820e+00
2.050478219985961914e+00
4.790206909179687500e+00
7.012275695800781250e+00
5.770425200462341309e-01
3.858034610748291016e+00
2.743040800094604492e+00
2.504952430725097656e+00
3.931233644485473633e+00
5.166141986846923828e+00
3.046086788177490234e+00
6.564355373382568359e+00
1.777856230735778809e+00
5.513057708740234375e+00
5.800238132476806641e+00
5.502493381500244141e+00
2.672971963882446289e+00
7.735435485839843750e+00
1.631963014602661133e+00
4.136396884918212891e+00
2.231330871582031250e+00
2.899001598358154297e+00
3.688545227050781250e+00
6.341589927673339844e+00
3.048209428787231445e+00
6.965246677398681641e+00
5.210389614105224609e+00
3.308601140975952148e+00
1.088231682777404785e+00
3.166160583496093750e+00
3.309935808181762695e+00
3.773801565170288086e+00
1.804225564002990723e+00
7.371858954429626465e-01
3.316366910934448242e+00
6.120553016662597656e+00
5.583612918853759766e+00
1.941709518432617188e+00
3.238288164138793945e+00
3.373692035675048828e+00
2.612473011016845703e+00
4.017697811126708984e+00
2.990072488784790039e+00
7.440743446350097656e-01
4.815035820007324219e+00
2.825437784194946289e+00
5.656828403472900391e+00
3.491006612777709961e+00
3.886713027954101562e+00
3.489134550094604492e+00
2.009313344955444336e+00
2.443050622940063477e+00
2.401161670684814453e+00
3.792847394943237305e+00
3.799546480178833008e+00
2.707807064056396484e+00
2.302851438522338867e+00
2.536774158477783203e+00
2.600380659103393555e+00
2.390209913253784180e+00
2.763109207153320312e+00
3.299071550369262695e+00
1.138935923576354980e+00
3.693605184555053711e+00
2.009150743484497070e+00
2.370600938796997070e+00
1.174480319023132324e+00
6.367615699768066406e+00
3.008575439453125000e+00
4.118007183074951172e+00
5.744629383087158203e+00
3.246219396591186523e+00
4.590663909912109375e+00
4.682517528533935547e+00
2.463044404983520508e+00
3.824281454086303711e+00
4.619254589080810547e+00
3.219245910644531250e+00
4.199991226196289062e+00
2.167041540145874023e+00
8.896307945251464844e+00
3.943612813949584961e+00
1.974039912223815918e+00
2.578356981277465820e+00
2.151915550231933594e+00
3.757514953613281250e+00
4.535798072814941406e+00
7.611205577850341797e-01
7.287259578704833984e+00
1.879155039787292480e+00
1.478491663932800293e+00
2.362619638442993164e+00
9.233633875846862793e-01
4.103692531585693359e+00
3.608008623123168945e+00
3.296830415725708008e+00
3.416802644729614258e+00
4.325966835021972656e-01
4.349956035614013672e+00
2.401586532592773438e+00
2.490702390670776367e+00
4.992703914642333984e+00
3.670756578445434570e+00
2.352822780609130859e+00
5.212934970855712891e+00
3.312594652175903320e+00
1.987792611122131348e+00
6.043656349182128906e+00
3.584100723266601562e+00
9.327564239501953125e-01
5.520576000213623047e+00
3.603442609310150146e-01
3.934124708175659180e+00
1.775685548782348633e+00
5.606999993324279785e-01
8.771166801452636719e-01
2.288317203521728516e+00
4.087490558624267578e+00
5.157895565032958984e+00
4.014447212219238281e+00
2.604026794433593750e+00
2.237354278564453125e+00
4.717208385467529297e+00
6.869505405426025391e+00
3.367727041244506836e+00
2.613507032394409180e+00
3.343368530273437500e+00
3.686537265777587891e+00
2.192781925201416016e+00
2.778125286102294922e+00
3.238598346710205078e+00
1.776952743530273438e+00
4.393659114837646484e+00
1.590797543525695801e+00
3.759674787521362305e+00
3.445353269577026367e+00
3.416489362716674805e+00
5.408782005310058594e+00
6.277299404144287109e+00
5.851056098937988281e+00
4.758029460906982422e+00
5.586189270019531250e+00
2.615915298461914062e+00
5.470627307891845703e+00
2.271542787551879883e+00
1.482987284660339355e+00
1.533573389053344727e+00
4.897113323211669922e+00
3.688059747219085693e-01
4.253194332122802734e+00
1.704544663429260254e+00
5.271199226379394531e+00
1.169481515884399414e+00
2.100222826004028320e+00
4.947761058807373047e+00
6.145291328430175781e+00
3.009205341339111328e+00
4.583331584930419922e+00
4.994551658630371094e+00
3.050565481185913086e+00
4.465848445892333984e+00
3.232454299926757812e+00
7.001533508300781250e+00
2.036312341690063477e+00
3.401688814163208008e+00
7.061572551727294922e+00
3.681560516357421875e+00
3.292840957641601562e+00
5.679576873779296875e+00
3.127305746078491211e+00
6.505209445953369141e+00
1.741552591323852539e+00
