6.617780516210993724e+00
3.958816377904414985e+00
3.618129729981792941e+00
2.438298917795754139e+00
4.102282036799850928e+00
2.437199273090161711e+00
6.293668723601275161e+00
3.699681135835274581e+00
6.581152630647631341e+00
9.509636346671950236e+00
3.404057382016866029e+00
4.619801390124870011e+00
5.384010799413468717e+00
3.031767686771000836e+00
2.687865317834642553e+00
3.103197653378633625e+00
4.780010460194795030e+00
3.312996118401203116e+00
2.550072730679301625e+00
6.914761202425798281e+00
3.510962262841516690e+00
2.939406048566973961e+00
4.486142832775772860e+00
6.106345532160720069e+00
2.508130784273100655e+00
7.810647620629216803e+00
6.749566047207895547e-01
8.636482244229830574e-01
6.269446371906316706e+00
5.773219175824314320e+00
4.820259979297787822e+00
3.142521150548975850e+00
3.666487893108095086e+00
1.842588539386794455e+00
1.048783167993916265e+01
5.494533581976563497e+00
2.893741507282306280e+00
8.574181951132114676e+00
6.988672017689715688e+00
4.555416893338926521e+00
3.965790767005436201e+00
8.173575540264677031e+00
3.745184044435338588e+00
8.413935600616596622e-01
6.564723611283739046e+00
1.761713311864833376e+00
8.565171767852657325e-01
2.015829105634013629e+00
5.292042885259179208e+00
2.430837616843886551e+00
4.940200227938357003e+00
2.657376088989411578e+00
1.516219139675064387e+00
6.877742267935657017e-01
1.726741242871856929e+00
2.040277168816262865e+00
4.004293962590276479e+00
3.885389970464915965e+00
3.203058948877601786e+00
3.647732667667852979e+00
3.039744818890108835e+00
6.569910868392815573e+00
3.387467732286050470e+00
4.085248632344783637e+00
2.483430025020489484e+00
4.245561094339447727e+00
2.456761144280383835e+00
3.729238956575954944e+00
4.048344220749626743e+00
4.433625582826315359e+00
2.191265662225199584e+00
1.776348639199366586e+00
2.044087092201559042e+00
2.368468577587319768e+00
7.058265926548361158e+00
4.748129666418757999e+00
5.255194846335117020e+00
4.850605063835571329e+00
2.579210187254124431e+00
2.530943449613870300e+00
2.574082516453449765e-01
3.490028719877281027e+00
1.410791750140480083e+00
5.520414704953493512e+00
2.792288354478763779e+00
6.421824941334707937e+00
6.584483996698905273e+00
2.250833507768389641e+00
6.230594725627887520e+00
3.501148573118720631e+00
4.640274238223465630e+00
2.554942897426168535e+00
1.458096501563893144e+00
6.294743075489213524e+00
5.731546386169831919e+00
3.957346417173318365e+00
5.396083846016308527e+00
6.401240857724305400e+00
2.143136564764490437e+00
7.502173006207402572e+00
1.442636330869134342e+00
4.756438685779197151e+00
5.678569107195182042e+00
4.698717543320070078e+00
4.209401981168433338e+00
1.447117160981814532e+00
3.126188642797021799e+00
4.933793948520808215e+00
3.168629568458817491e+00
2.666648149882041796e+00
2.596381352260948461e+00
6.672773166106987119e+00
1.597914512633127115e+00
8.852941616626118559e+00
1.044028724368881722e+00
7.415198326936620177e+00
4.953386784264862897e+00
4.427335821030299101e+00
4.090367078813651247e+00
4.435004919380892474e+00
2.733325374695222187e+00
2.631497034856553174e+00
5.810773438850863393e+00
2.876148819197779538e+00
2.071640474946138788e+00
5.458208198541571576e+00
5.083685080917895505e+00
3.273548881793458598e+00
3.008852367103992176e+00
5.057456218583410212e+00
4.631298223414455961e+00
2.341868181313365938e+00
4.885425328841468406e+00
4.431400726645525978e+00
5.072278375963656494e+00
3.105006931328000430e+00
5.308594644393262563e+00
7.090835350383987157e-01
3.303571240099806516e+00
1.149770620219145112e+00
4.037683199030028369e+00
2.384457458702985200e+00
6.027071765343033682e+00
6.053419798492186921e+00
3.361674477514459802e+00
3.865300392640108385e+00
3.312006810555845782e+00
2.595002356178681246e+00
2.422153426519064290e+00
3.312336263511928447e+00
5.588387453745863098e+00
2.238163473395894609e+00
2.301116840439191957e+00
5.760514711322406889e+00
2.715773800352577538e+00
1.833896957015407114e+00
3.013876718490922979e+00
3.821995426618374214e+00
5.821848916633363125e+00
8.034376268346516525e+00
2.958862131310946442e+00
2.849294701116380502e+00
1.658932681103725937e+00
4.913169103779853053e+00
3.582392918763772194e+00
2.570377262982699307e+00
3.781670930247999163e+00
1.368341248337232363e+00
2.688723974377154047e+00
5.430603490275496270e+00
4.269350031683481816e+00
3.728693777988626668e+00
4.764298759645558157e+00
1.498985701877647791e+00
4.049069307825588382e+00
3.458312358265689390e+00
4.478923327524606535e+00
1.821278471959113077e+00
3.616501327200689619e+00
5.594237285325445619e+00
8.396127611097082166e+00
3.679095074848161229e+00
4.904469408292696286e+00
2.105385477333917343e+00
6.805675554785959314e+00
6.646380509489882016e+00
6.242169712216116828e+00
3.296333463598668523e+00
4.132081510568031746e+00
2.979853196038642960e+00
3.026444453020384895e+00
3.795812527654684576e+00
5.828836591600361494e+00
5.823122405815837510e+00
3.738529140180216981e+00
5.806270633326268360e+00
2.056155170109541075e+00
4.373360285427453142e+00
5.172049308140444168e+00
1.749758424577572580e+00
2.009995538642654900e+00
2.185944682148634577e+00
3.605494079683032815e+00
2.852924668617590420e+00
3.310919107865189837e+00
4.111128895601328104e+00
3.595483565062006281e+00
4.563898614929748021e+00
3.680011691064070334e+00
2.970227779270750545e+00
6.763559991942161176e+00
7.589328772854869953e+00
9.735137363049878090e+00
4.537560739218728045e+00
3.241362498695670613e+00
4.554756227345067465e+00
1.546001612839629002e+00
4.528697122444485856e+00
3.629551855133237304e+00
3.823033138515141705e+00
2.880928087148096672e+00
5.376243121607349629e+00
5.098337716100314054e+00
5.342335174171688905e+00
5.116731240167590400e+00
2.980340718113235532e+00
4.257347526753648026e+00
8.071568513600125172e+00
4.396831915203391894e+00
6.518813912646068687e+00
5.689968175829547725e+00
3.132737520546908350e+00
3.766216182916676480e+00
9.121136606494468779e-01
9.372615840320426273e+00
2.603012390949912103e+00
1.099783848118904572e+01
3.359227514778578616e+00
3.881152978345602467e+00
2.522312391809259591e+00
2.395601617309118581e+00
4.021792822822855662e+00
5.885571718909403671e+00
3.639714126902467317e+00
3.869594938879219459e+00
4.040669010547388140e+00
3.453960979426845768e+00
2.498136252568950333e+00
3.158886523464558227e+00
8.699260958332491356e+00
4.132376296781889558e+00
3.732842796265649188e+00
2.164054160468253496e+00
5.405708910575167891e+00
1.471456659439553505e+00
2.452312749525646929e+00
4.516257420213457330e+00
7.451278899318694471e+00
2.947260375183970549e+00
3.804411848918099359e+00
4.809245184976588483e+00
6.032322651441306416e-01
5.808046275638625744e+00
5.131455441703971054e+00
4.522521878102125470e+00
7.204001590146208223e+00
1.041182888299470477e+00
5.805281648494488245e+00
1.921498176526571289e+00
3.557881261167554321e+00
4.065102669493606768e+00
4.209456097745136738e+00
5.166502835294520146e+00
3.809331008037512678e+00
1.066787714608489424e+00
1.602053052223421314e+00
4.009760855923538259e+00
3.776244777504567995e+00
2.096036179115176701e+00
3.730540384352526218e+00
2.244132300941127589e+00
6.240353769376474347e+00
6.089787358008576845e+00
4.060276124147280896e+00
2.770689876610076485e+00
3.033321290372101409e+00
4.078262864994256276e+00
4.495549600992955419e+00
4.987694841302944937e+00
5.701800238255428255e+00
7.559373189711116048e-01
4.054801867843929486e+00
4.033936482172312488e+00
2.300610496049860121e+00
2.013244041751036217e+00
6.364461142807003924e+00
3.244632022539055693e+00
3.566989980865292065e+00
2.306758250017503009e+00
7.011617214913558271e+00
4.094236599935692666e+00
7.089403785082986076e+00
1.104770902330733051e+01
5.154779352319172503e+00
9.920669103132249145e-01
7.311455322006016999e+00
4.943104681597949579e+00
3.421649826868999433e+00
4.943847710320201649e+00
8.946396745922982063e-01
3.270459718611099298e+00
3.339600736436669770e+00
6.024433949393785070e+00
4.458648526727170491e+00
4.931878473976803789e+00
4.480647674627167731e+00
3.293251739217025520e+00
4.124031004805580380e+00
3.605311860871862617e+00
3.916548713375834545e+00
5.159216616195124061e+00
6.614834433111644429e+00
6.051432718248783260e+00
6.751472052776327004e+00
1.821775425085014444e+00
5.583797296331477256e+00
4.985131427783106695e+00
7.224559919015478116e+00
5.903745310082015862e+00
4.102820363965989259e+00
3.413562481437330653e+00
2.353567895070030502e+00
4.861987162935458073e+00
2.472306320843302707e+00
3.750860981826235729e+00
5.403282489890917972e+00
2.231762627796950671e+00
2.346454257585134151e+00
2.421765660054940206e+00
1.617281227030932467e+00
4.021090374443422988e+00
2.852527006598800874e+00
6.172241436157379191e+00
4.375544674013092106e+00
4.448696324079849163e+00
5.016630274893180363e+00
2.605588622171443713e+00
5.188842741329180441e+00
1.836243352193142497e+00
2.448764849598423332e+00
1.170325462330495281e+00
7.050327917533396160e+00
7.313766654470893691e+00
1.479770944961112278e+00
5.826088954356755778e+00
3.838713478270461277e+00
3.290541280544450053e+00
3.088377882205142644e+00
5.165124968356057167e+00
1.499750223016629080e+00
1.753994567959472395e+00
1.077161624790454653e+01
3.704766280597077355e+00
3.914934283881993160e+00
4.370125645450139373e+00
2.970718512968953728e+00
1.498362196789750911e+00
4.774678057119329466e+00
6.860760668612759794e+00
1.588948165154751013e+00
4.047616732415225904e+00
3.340029593558384136e+00
2.188807964989375243e+00
4.786515650292578528e+00
6.665413791576886737e+00
1.666214022292362262e+00
4.631691708742241786e+00
4.468533270546811487e+00
4.798199300942663115e+00
2.375363921363616626e+00
5.717911368011501239e+00
7.793793370101991691e+00
8.129880612710021381e+00
2.328271361666167216e+00
6.378127059775515306e+00
4.066512420603547007e+00
1.694317447098306006e+00
2.348177025944155449e+00
6.628233912114430026e+00
7.132913583276935476e+00
1.742775278178568588e+00
5.109251902570493442e+00
1.449223856573504943e+00
4.664432159531740396e+00
4.131578379973286808e+00
5.413263323584235565e+00
3.095073046428443497e+00
6.805592564440438252e+00
2.341518277135494763e+00
7.474659234003995678e+00
3.316952259559906135e+00
3.724848305546173410e+00
1.191461991334341874e+01
4.820205333845623663e+00
3.822074330314396917e+00
2.574585801402157870e+00
4.410222904817109324e+00
2.816731200553539871e+00
3.222097463676889539e+00
2.327743364167347728e+00
1.152051595999471489e+00
5.925567052416367275e+00
8.833519215846210582e-01
5.092561082560713714e+00
4.454684874855993293e+00
2.577032781040144549e+00
7.486278705387159782e+00
1.427991256016479360e+00
2.382361175276573206e+00
6.020200833168035004e+00
2.098980395144836031e+00
3.432614569022805373e+00
3.348272636196760743e+00
5.683216045157723606e+00
5.201348829735289669e+00
2.045377020079946373e+00
2.332333967988202250e+00
2.055866932545919123e+00
5.725872191713014203e+00
2.217442658149151757e+00
5.338402485030090183e+00
4.428215701160229223e+00
1.268866452905608622e+00
5.381239303913014638e+00
4.833842152774975531e+00
1.292552822849581728e+00
1.641921266687498271e+00
4.334221390496407089e+00
3.504102969481022178e+00
5.751605979958736903e+00
3.548410015288323116e+00
5.794793959628611546e+00
6.106970826803003405e+00
5.683544878364337194e+00
5.119491401170151335e+00
4.424761949827346719e+00
5.835607050470629886e+00
4.105037987877773631e+00
4.713821424373993096e+00
3.527655397952714544e+00
3.580753601842656231e+00
2.317136297491538599e+00
5.150963651853084357e+00
5.388109621801786098e+00
3.524717343863399410e+00
6.276995342069388251e+00
7.120915172743302435e+00
4.018562470425245614e+00
3.084246514899716463e+00
2.631441168861426760e+00
2.829551836723223968e+00
4.459096557017349305e+00
3.862720359357793232e+00
3.853660240364406242e+00
4.712818541172067555e+00
6.025164664443787288e+00
2.842527139221867394e+00
5.555824830181353313e+00
4.605815609786428233e+00
7.861647026151348250e+00
3.693310887079598537e+00
2.145754371027344121e+00
6.017615849807394390e+00
3.322785380230621310e+00
3.415127684997276702e+00
4.644294717714176457e+00
4.620751555644513786e+00
4.113103398305813840e+00
9.843288824072334853e-01
6.713448548704866070e+00
2.738772614703176345e+00
3.497716410559483791e+00
6.726404890333010478e+00
4.071180741913723367e+00
2.814684833081127380e+00
2.791623406019899445e+00
6.637404648739552826e+00
4.693165542576230642e+00
4.458109631559733721e+00
4.112897548763756461e+00
1.040791146951098423e+00
3.272522799916831815e+00
4.461540981113738980e+00
4.483259151198433656e+00
4.357163183057027211e+00
6.879972559804637733e+00
1.592876780866773201e+00
3.187534814030791974e+00
3.595216987375645878e+00
2.755976238058890360e+00
