1.786620097198827306e+00
4.250797884597716347e+00
4.235522517353639493e+00
2.243886919461339780e+00
2.919594926423259462e+00
8.921115297400843858e+00
1.520634095583640155e+00
4.113088769572888381e+00
3.152808133412171809e+00
5.590871751187358463e+00
2.939881384611719106e+00
4.351682552520689917e+00
5.941201854967823159e+00
3.521860559686981418e+00
4.170873676698476196e+00
3.929896074789765770e+00
3.363147853506910590e+00
2.902545755514410519e+00
5.701482258169227713e+00
6.395434596086507106e+00
4.614637134320895839e+00
1.719438495251572663e+00
4.204460740784460526e+00
3.612334928998432559e+00
2.355643968464590010e+00
4.567089078314100270e+00
1.900706900977516822e+00
3.816611707377043583e+00
4.002950460683460499e+00
1.426732586845399720e+00
1.270366379961151426e-01
5.221238438706496954e-01
2.882934957872537840e+00
3.137400689848287350e+00
2.196370519162127000e+00
1.319717073039272659e+00
3.604751176634272358e+00
7.402167357090990940e+00
1.271380848719113388e+00
2.909655630098488821e+00
3.630569073470903074e+00
2.056716282735042700e-01
2.294621006014914588e+00
3.247346860036246508e+00
6.931840928078083941e+00
3.645084175432060647e+00
3.731186288821514374e+00
5.227861006966443291e+00
2.758142757051735838e+00
6.396717816204219531e+00
4.110351108974128032e+00
4.523152368416634594e+00
3.976525468057763302e+00
1.501166173056003750e+00
3.654029654671171468e+00
3.969031344386407145e+00
2.636854187773855607e+00
1.805667472732146450e+00
3.868766022968240570e+00
1.358006563298857827e+00
5.468720995107964278e+00
3.223095086472230086e+00
6.013787434294942003e+00
3.456187337942653759e+00
4.740801083197863086e+00
1.872578124366977459e+00
7.866175314436546273e+00
3.833141505038774710e+00
3.250423213373715647e+00
3.578553428347103882e+00
1.800277688314237068e+00
4.506875305873767168e+00
3.413587016324720391e+00
4.601507859150226309e+00
4.182888930902640467e+00
2.968438910565078803e+00
1.894110804815671401e+00
4.235461267033699073e+00
2.755793772172606459e+00
7.555300219626133185e+00
3.731789777443528244e+00
3.856553577442167757e+00
4.141390231947676526e+00
8.286783206614927177e-01
1.574330833646308214e+00
4.549527091246186927e+00
3.522626869990296505e+00
2.662477934561791493e+00
6.812218319549418588e+00
5.612196992056929012e+00
6.412701952500476921e+00
6.756322520357926464e+00
2.453627281223359713e+00
5.807359733252861922e+00
3.104946611194564277e+00
2.413943400361706182e+00
4.845791447734812962e+00
2.342727459339812413e+00
7.316006209686699790e+00
6.521893944987160907e+00
1.510111344377305320e+00
3.527479748015628580e+00
2.272989927349210681e+00
1.868745043951749008e+00
4.146407253659079473e+00
1.623394141718282668e+00
4.416453193184035619e+00
3.948565987490469720e+00
2.647277761458262102e+00
5.173401255308619717e+00
2.772767497824443872e+00
8.250415065801135484e+00
3.239452161128697050e+00
4.805529539882135381e+00
2.195968238670936046e+00
5.077337022932841393e+00
2.710516049850042020e+00
4.016573108608253229e+00
9.027361769586917717e+00
6.038312988355577282e+00
4.008837429182350753e+00
8.448353380001011104e+00
5.245078298294332697e+00
4.074539200782896664e+00
1.001248474738125838e+00
3.078079021776973789e+00
2.862390530161485813e+00
1.758381068186783747e+00
5.750527867212687383e+00
1.324778160992621467e+00
7.696013680543607904e+00
3.974369659541265865e+00
1.660973165792982043e+00
3.514124060675054118e+00
3.252896103675817496e+00
8.713413591571701033e+00
7.483401474324369751e+00
5.608054257670342047e+00
5.857924496290501715e+00
4.810223384598383056e+00
5.691762817733062363e+00
3.669343406310665578e+00
6.334290320423514586e+00
4.039647530292587163e+00
4.172634437875212932e+00
4.231428585101991047e+00
1.411343192757759102e+00
1.207056107717294324e+00
5.884193157209407055e+00
4.466687653145351433e+00
1.126941993769723371e+00
5.467462547471773959e+00
2.578150918195287744e+00
1.031724910677488438e+01
1.740151588196608312e+00
4.863006407756532923e+00
1.460632294989786084e+00
2.188488797180610845e+00
5.750235903892757960e+00
5.742986706197319435e+00
2.311438057214187491e+00
5.531140549368686266e+00
6.745588914920347179e+00
3.303150144069168626e+00
7.185441525483175162e+00
3.696792845091214197e+00
4.083649066351467738e+00
4.602394361496985553e+00
6.846510642250132506e+00
1.412674774965279267e+00
6.303772344610031553e+00
3.667272783625441068e+00
2.064304734026021659e+00
4.509922971654377832e+00
2.036041148879631724e+00
3.367514135987694779e+00
7.390656755902367259e+00
9.483458560023976247e+00
4.663953844686067107e+00
4.246434473255527031e+00
5.934936029742137187e+00
8.402057637973602056e+00
3.925282597219410974e+00
2.197371307395755036e+00
1.977538261608692949e+00
1.971433995945549356e+00
1.596809434460133348e+00
1.216998271269455589e+00
3.876413565299676289e+00
2.202137470928255070e+00
5.624946877501320941e+00
5.683686073060851385e+00
5.133556467836390524e+00
4.222442856629338159e+00
3.187431273323065639e+00
3.471551816142339764e+00
5.671543127430977549e+00
7.837216944649573414e+00
4.585362229077841967e+00
4.165593405053990672e+00
9.511914848270570655e-01
5.939442049748358876e+00
3.527156470765742569e+00
2.343324090157771877e+00
2.164536723793963002e+00
3.483346184430369252e+00
3.524258744089595385e+00
1.764926186567878919e+00
4.258797508003781651e+00
2.979145739658544123e+00
5.296483130190848598e+00
3.102498713253206031e+00
5.408005244331083539e+00
2.572302224055596831e+00
5.402354312559179306e+00
3.854551155572710108e+00
5.052878822654089497e+00
7.068325201763040688e+00
1.625586089512004673e+00
3.508395523168073460e+00
2.479082019398502812e+00
6.973879675388704236e+00
3.630964952547726998e+00
8.598703662075235510e-01
4.053928128904734862e+00
3.293909098702495264e+00
3.539572750620130215e+00
9.996654138913566356e+00
4.414533629974299878e+00
2.367424041618920505e+00
1.084517859082514946e+01
1.357438383799320469e+00
6.912004402734273967e+00
5.476152724332280286e+00
2.863663011022789640e+00
3.406688278382791424e+00
6.561670431997475461e+00
2.631723869954132766e+00
1.021661775770882130e+00
6.549196447644762387e+00
6.137377208435867537e+00
2.570472752935772487e+00
5.529591468974469848e+00
1.823658630794035007e+00
2.842027137999250108e+00
2.693011224883281596e+00
3.283803366203413621e+00
4.385643866731743223e+00
7.798576998274296734e+00
3.398934567279216168e+00
6.021366239750824967e+00
6.904797959913464567e+00
2.750774987137388994e+00
4.007990233913702127e+00
6.034521660209916760e+00
2.621020232047502230e+00
4.174512129804487159e+00
6.418586927130450981e+00
5.898344810294148033e+00
7.115475124787321803e+00
2.445442995171332790e+00
8.189788553867860088e+00
7.944520849293922993e+00
3.641148592552107655e+00
1.178451236869633600e+00
1.730779018622093046e+00
5.762808833863838132e+00
6.077130804584686352e+00
4.511184677875919924e+00
5.192219102491683280e+00
4.782124798663483389e+00
5.168885935995389147e+00
4.496189929208328273e+00
5.411979687350589430e+00
1.880084257434717854e+00
4.812392835343002773e+00
5.241520696064950080e+00
5.205846184135038968e+00
3.316695028469792472e+00
8.542462250832970838e+00
3.046978337147086879e+00
4.974516311523329293e+00
3.256252339183729472e+00
5.269679325200369746e+00
1.156640475995934336e+00
3.062660261078311574e+00
8.556001922293761552e+00
6.150502117207597763e+00
7.610959086635557647e+00
3.525263820486280508e+00
6.707420052724844872e+00
4.841172512424185115e+00
4.222399114816072441e+00
3.033015021856912963e+00
8.394272419062817070e-01
5.341726961994222478e+00
1.283429791423721822e+00
3.056557823324280943e+00
5.064461986527133419e+00
1.790145793471062063e+00
6.813050237823422783e+00
1.750528165509444900e+00
3.826784326840477313e+00
3.979068629976194593e+00
3.510635833509902604e+00
3.544913730769176485e+00
5.884017035041033239e+00
2.880702603226564129e+00
5.819871704165861637e+00
5.783532466095385516e+00
1.564368428070953998e+00
3.527459583581394664e+00
9.242170954500261715e+00
6.940736106723155885e+00
1.810594017849966431e+00
2.403665119444745368e+00
5.234248363896776723e+00
8.272219794460715647e+00
3.675347708889922238e+00
4.590189533332853955e+00
4.434424993156414807e+00
4.256391041980110757e+00
7.715694140497015852e+00
3.467553318120173422e+00
4.004000170331813990e+00
3.903437250995023700e+00
2.945051062375010353e+00
2.530038536633532065e+00
2.600764369733918446e+00
2.924333042449294151e+00
2.899825955935533273e+00
4.906542878560744114e+00
2.508791356944580109e+00
5.158505526660190910e+00
4.053893478470221190e+00
1.037986892537553274e+01
3.019015820716527632e+00
3.966173520874114899e+00
2.842712751789734593e+00
1.886267483765644570e+00
2.658075177216987051e+00
6.249685663232677157e+00
6.533338196336858417e+00
1.388665618179260264e+00
4.887319945457186954e+00
1.671579175578601362e+00
6.277590178008955135e+00
5.545117713404229320e+00
5.891059600883451708e+00
7.383214895409743406e+00
6.414107130095084486e+00
4.440221354220740935e+00
3.740687362761307533e+00
3.507871550539823691e+00
9.849238099265539503e+00
3.532821961529488242e+00
3.841754825362502679e+00
2.222778563753325720e+00
2.318971851107297422e+00
4.692402338970146580e+00
3.675385338099228072e+00
4.218230019146451681e+00
2.131369049110984015e+00
1.773370121740664107e+00
4.062584340078823963e+00
7.958798192908536961e+00
4.562096405373118557e+00
7.163672678463970378e+00
3.540927785205098210e+00
5.252725380760685070e+00
2.648906569033053326e+00
3.514348703048293832e+00
4.701926460690495801e+00
2.093774639598827925e+00
2.680090616700957273e+00
3.459303574760454580e+00
5.349216182016399479e+00
4.083760412643251847e+00
2.864349103364319138e+00
4.095526584671702608e+00
4.243361924367810900e+00
4.612513839953257921e+00
5.513692129349383464e+00
2.993233093367456465e+00
2.221812173537090818e+00
8.127789588075437166e+00
2.645124572573383848e+00
1.893942412626338889e+00
9.877549630337817632e+00
3.834679913703504361e+00
4.079864195745459554e+00
1.409162459856323713e+00
4.090179255111533685e+00
3.575551320003666156e+00
2.982234439939758008e+00
4.942718616189166525e+00
3.048997748418897036e+00
4.965756139799280433e+00
3.749231414591717826e+00
7.790094043770183774e+00
4.599123906984694088e+00
5.676936479057914653e+00
2.563821960610364936e+00
7.305087014792400524e+00
4.706719234160684495e-01
3.769410339729146298e+00
5.220080012996744401e+00
2.389901305129336961e+00
7.484205970696217847e+00
2.689709496316663451e+00
2.190994382042506849e+00
5.315233825664814837e+00
4.324793532796514128e+00
5.122929900421091531e+00
8.113177572274810956e+00
5.596554465615420915e-01
4.875884349427193065e+00
3.488240149475982044e+00
1.536338739777828977e+00
4.803526977079005889e+00
3.428288802053943929e+00
3.546081966268062047e+00
3.908465818370403522e+00
6.437805226150625337e+00
7.352762155027477320e+00
3.692412384716034612e+00
5.554809209052516294e+00
2.450507877535479828e+00
2.072800096508000678e+00
4.457423440290492422e+00
2.562409698500871080e+00
2.546002780899530471e+00
3.785582433336291075e+00
4.550692266339074088e+00
3.187396543825070871e+00
1.298539531506230915e+00
5.811588888352164695e+00
4.202874335676880513e+00
2.474895253016168084e+00
2.189174200424408578e+00
3.232492248960144643e+00
4.665071669385985942e+00
1.920285748093779832e+00
7.964247802060111958e+00
3.822360540796491790e+00
3.159505035147077034e+00
2.959603727754977154e+00
3.152539599297978778e+00
7.026954371712716974e-01
5.180894032293219986e+00
5.267240177612189100e+00
2.278870587962182448e+00
2.062202542205773703e+00
5.479888018514283310e+00
4.018004590509162810e+00
1.637283227701188393e+00
6.683606777653276154e+00
2.460188083054141384e+00
7.247089390575737866e+00
4.528824184404426134e+00
2.174359819150230688e+00
2.343610254233330359e+00
4.341879714453372507e+00
3.848959126992189450e+00
4.544284358630961584e+00
5.524566359806571292e+00
5.364047233178711238e+00
1.594857606907525094e+00
5.799841282806585951e+00
3.811351576186873480e+00
2.923944234051796265e+00
4.215367412607230690e+00
2.760197006037969025e+00
1.380603051999450992e+00
3.455658258828712803e+00
3.542258366086690646e+00
9.286086485098284271e+00
3.763814631781085218e+00
4.838046763128801331e+00
2.921450223393009971e+00
3.476420825562103634e+00
5.414184155467248516e+00
1.797669354969790634e+00
3.865198382462888382e+00
6.706620701116085215e+00
5.944894342135344623e+00
9.539830384926972329e+00
1.233102930341640091e+00
1.483896039808959344e+00
2.835485144668930868e+00
5.362655473820383545e-01
4.723469966922765551e+00
2.796264113659124195e+00
2.258978471893100526e+00
6.181562151418402706e+00
5.621341792759674050e+00
6.080372040210366258e+00
2.110053056204771682e+00
3.309190937504377761e+00
3.913834093474371834e+00
