1.402594256884821977e+00
1.388091024803527196e+00
1.294739208239031214e+00
1.297795597654105126e+00
1.333727732775060959e+00
1.373746094119144168e+00
1.364566611495501736e+00
1.270347130623817433e+00
1.296627449142671917e+00
1.250767640442856488e+00
1.270844070435653395e+00
1.326300096429335218e+00
1.327133089610614824e+00
1.297852919037359776e+00
1.118975900633150111e+00
1.304088174697427105e+00
1.209134047993658756e+00
1.393226218355974710e+00
1.244633542010065819e+00
1.267286149671487783e+00
1.332618470761098628e+00
1.426459206026317261e+00
1.348819582097000591e+00
1.347151565858493383e+00
1.301177158870383987e+00
1.357324481524947890e+00
1.400739353826298883e+00
1.213544132358106653e+00
1.315813413576040869e+00
1.281229431103961147e+00
1.280215300460206151e+00
1.282322524568225042e+00
1.289439479475708028e+00
1.300798920475141784e+00
1.390977565546213102e+00
1.310703605412031347e+00
1.279882614534029406e+00
1.288586760185093105e+00
1.362481756775417274e+00
1.480589032580413189e+00
1.359191520449449131e+00
1.311534822857005622e+00
1.338792131241442362e+00
1.300196715519513546e+00
1.337959521422892095e+00
1.270579091591540921e+00
1.262823768186918327e+00
1.264792086921652237e+00
1.311849414535403824e+00
1.292418401043946563e+00
1.415196616439325927e+00
1.388414106915023094e+00
1.294670943238531935e+00
1.362081427491669272e+00
1.327473717895099270e+00
1.429415719274330421e+00
1.418725309094408527e+00
1.408362497545443182e+00
1.345520117813436611e+00
1.370398235164439704e+00
1.206291674648803491e+00
1.284620088274962990e+00
1.275612361833973418e+00
1.276844489073499345e+00
1.539017661847265517e+00
1.413579886261604468e+00
1.328725408734438229e+00
1.349638136431302593e+00
1.336392409990253327e+00
1.319929024944697771e+00
1.371336846263285558e+00
1.309145830258725329e+00
1.355709608077873662e+00
1.325916665873735356e+00
1.311906897338755318e+00
1.325103173975038073e+00
1.316236388161377890e+00
1.309912224182525842e+00
1.379018635496109813e+00
1.346021761940463524e+00
1.284576025941359667e+00
1.282560402442771252e+00
1.370784874769753747e+00
1.409800449517401688e+00
1.310807918026280161e+00
1.325661810401052687e+00
1.335541885634424109e+00
1.328988930994087880e+00
1.244736332400574241e+00
1.451530995254672218e+00
1.311317291586135969e+00
1.329370702936589099e+00
1.458862637606740398e+00
1.301307622365997174e+00
1.415237891364781397e+00
1.378954676208921093e+00
1.340344140419139629e+00
1.337091825985463833e+00
1.317487627630489877e+00
1.287235342746031241e+00
1.438653546433412034e+00
1.291164138668008832e+00
1.240729879540660052e+00
1.420146202727902374e+00
1.340802193772189232e+00
1.287580056371296022e+00
1.366489522101136833e+00
1.371558511001549796e+00
1.166712648736287994e+00
1.250591099492650349e+00
1.279674553017312810e+00
1.236940736121900919e+00
1.336897086995765704e+00
1.393251883217555553e+00
1.282472419790336549e+00
1.376136627892867503e+00
1.451721805284536204e+00
1.295810940365172081e+00
1.268298162855937550e+00
1.341577448719204035e+00
1.315819695805227285e+00
1.227311575524963283e+00
1.253283039565012968e+00
1.283014008674981721e+00
1.273058518740773915e+00
1.302326446191090392e+00
1.272717028444943166e+00
1.413513622736481068e+00
1.294158333211139933e+00
1.348807128001665578e+00
1.332992994164581946e+00
1.348167210766320068e+00
1.314735971987276431e+00
1.274153869737874700e+00
1.324211995570104161e+00
1.373671747038123669e+00
1.226245738489369685e+00
1.307024623054583223e+00
1.398616046669731050e+00
1.516221787166705193e+00
1.335228010043705282e+00
1.361954169156994299e+00
1.312650194719904295e+00
1.297419786388233520e+00
1.238053633302204304e+00
1.392724409924977591e+00
1.394276912910365818e+00
1.318623606035335794e+00
1.308295582441793892e+00
1.304032215515488868e+00
1.405905418724192391e+00
1.338632007548322678e+00
1.400168519740884410e+00
1.358137175106924888e+00
1.342157214462339709e+00
1.261207220387076333e+00
1.392378277262437569e+00
1.279987716422113397e+00
1.326065055356055344e+00
1.257800525926043633e+00
1.317548994396906092e+00
1.448929375523005492e+00
1.352919684749842588e+00
1.345267684629450233e+00
1.310697608441190098e+00
1.408623213502940619e+00
1.332643412180079423e+00
1.306478606021794109e+00
1.379464016740483689e+00
1.377364328796031767e+00
1.237774966566841162e+00
1.286359375928912030e+00
1.327767587466791355e+00
1.293919394336073170e+00
1.310309702180163960e+00
1.487075299893942493e+00
1.332152898472654057e+00
1.273961844157602386e+00
1.311678623600981197e+00
1.367224151309442526e+00
1.337406266091367257e+00
1.368352091732669917e+00
1.348698804059321965e+00
1.267721546486626716e+00
1.237932198988462629e+00
1.320400362667332628e+00
1.325380406052654614e+00
1.337120878571178784e+00
1.246732389538925512e+00
1.375871705565108627e+00
1.359029864468225268e+00
1.262583283075041640e+00
1.377820652179286842e+00
1.320183247224967271e+00
1.478625882404283720e+00
1.365735945139440632e+00
1.278769895254515454e+00
1.378870860218351702e+00
1.318928304093845982e+00
1.298113141975641094e+00
1.321276799491642562e+00
1.327716698920139216e+00
1.320963665580529467e+00
1.274207206480968635e+00
1.272485609021587250e+00
1.369560753247544005e+00
1.344161587358181142e+00
1.256261056562896661e+00
1.322140494111645914e+00
1.306645844454472627e+00
1.314071434619579204e+00
1.402240012645014522e+00
1.208102578114102821e+00
1.329849328907304118e+00
1.190848476101336928e+00
1.399398976977310083e+00
1.326313460601098448e+00
1.364124996622873898e+00
1.278648228598333159e+00
1.223381306928784662e+00
1.330724018858187918e+00
1.163651012441212051e+00
1.187283619044073646e+00
1.328042487276537065e+00
1.332069444229406319e+00
1.281207132677363081e+00
1.229517048480385677e+00
1.312347635373132704e+00
1.413677188875985813e+00
1.280670566003827338e+00
1.353744299144423291e+00
1.271003142020432408e+00
1.272730928540113604e+00
1.315467049389930088e+00
1.358904004307842417e+00
1.288288050664039064e+00
1.319528021875899793e+00
1.351356643759805021e+00
1.171077437598158300e+00
1.333295153293628132e+00
1.425785405266482897e+00
1.288444439617344450e+00
1.290602458802030839e+00
1.337426367629616308e+00
1.299219077437804515e+00
1.278940572445676382e+00
1.212046240658477991e+00
1.195265485518497206e+00
1.254207717937664723e+00
1.456916898798336302e+00
1.394457354809842453e+00
1.389758170753558897e+00
1.265923990505205321e+00
1.290606848362676029e+00
1.278085600372867781e+00
1.296130748509377151e+00
1.357853700156078425e+00
1.355802072683683024e+00
1.361006241550064999e+00
1.364835459507414361e+00
1.203259575138716730e+00
1.312626760240390933e+00
1.339777038573557455e+00
1.380693741108206973e+00
1.297108028277055070e+00
1.296479619892273227e+00
1.424329711595377912e+00
1.289013768267821769e+00
1.385309092855336210e+00
1.499745116562223979e+00
1.415621667873453671e+00
1.377822191284046927e+00
1.260649931452807460e+00
1.322608511388747354e+00
1.436554092181464126e+00
1.331204981076960614e+00
1.399184282275913294e+00
1.407479646421724295e+00
1.251060341865352088e+00
1.396356633069949282e+00
1.281713737968059208e+00
1.397090521903540106e+00
1.254425703703171191e+00
1.318966733568790906e+00
1.311508114225441446e+00
1.393011791063074156e+00
1.305252395227303852e+00
1.286573414459545317e+00
1.237958905974537949e+00
1.428707678812233040e+00
1.354678168407360772e+00
1.342573723986699941e+00
1.381144773607880127e+00
1.287097917515599876e+00
1.350990253094066729e+00
1.351128067966474777e+00
1.242166294748302091e+00
1.368968085615057673e+00
1.365326106682263285e+00
1.384217180726942997e+00
1.380865843216502853e+00
1.274426219379910297e+00
1.356584344280920007e+00
1.406517998227851729e+00
1.352506970035576961e+00
1.391507901453840734e+00
1.322504620590410518e+00
1.228018785370079913e+00
1.335999243033078265e+00
1.416962474563743246e+00
1.391906580986344677e+00
1.273563424183824067e+00
1.244033346723150135e+00
1.326749142774223511e+00
1.322802211001867567e+00
1.270187090986638623e+00
1.255133533664011036e+00
1.373310367817610178e+00
1.461089656054855634e+00
1.338329787847367669e+00
1.287903338635579154e+00
1.267056128065165099e+00
1.310726302295380341e+00
1.291872755301726627e+00
1.349332007543073253e+00
1.331700696041780985e+00
1.352256971883591952e+00
1.403576722978014946e+00
1.454899454196602937e+00
1.233817700077182389e+00
1.259331387520618906e+00
1.266591381356962254e+00
1.494746645802809359e+00
1.266951286871391469e+00
1.372542986534739828e+00
1.227720326292008002e+00
1.302464014582463969e+00
1.342945593770773272e+00
1.361541980250376094e+00
1.364213351859985268e+00
1.317783337834333990e+00
1.333811849338081945e+00
1.365416300878452116e+00
1.267329126426107511e+00
1.195154673624421404e+00
1.264685930899065447e+00
1.358517723636922803e+00
1.270789364945390076e+00
1.433529041111252234e+00
1.234155664959037058e+00
1.308583831372275741e+00
1.296346325443581859e+00
1.346581159775819270e+00
1.197140625124939683e+00
1.369387050800179528e+00
1.359367088311420613e+00
1.285433692338786127e+00
1.378713322120210361e+00
1.377671253315314814e+00
1.252597222399037369e+00
1.274732558180734943e+00
1.256334034500363739e+00
1.377497986638275718e+00
1.341824815048011654e+00
1.389867690877316653e+00
1.359023688471252100e+00
1.228349448669254995e+00
1.328187695961176029e+00
1.348008228563291055e+00
1.350474501687822571e+00
1.396693434862508854e+00
1.337394456568084422e+00
1.404726695329723052e+00
1.340213159175960511e+00
1.377270239127356133e+00
1.260650509838647571e+00
1.209975625466302773e+00
1.241506470740760593e+00
1.396146493739050198e+00
1.321940994077803078e+00
1.375938428370524047e+00
1.295506033933179424e+00
1.279475093992269219e+00
1.318832131110245109e+00
1.366562612554705458e+00
1.317699923555146979e+00
1.190920759373398363e+00
1.441147993120356130e+00
1.358459997401745278e+00
1.225731945617059226e+00
1.271322866144754427e+00
1.234831757843629640e+00
1.278663419842964055e+00
1.330123030551660923e+00
1.356572834697725938e+00
1.389024536071521210e+00
1.328375921923115044e+00
1.360959221057001178e+00
1.273835054502412412e+00
1.433750374142214401e+00
1.213942401654693581e+00
1.308711894257875263e+00
1.298097447060030163e+00
1.168314979940479281e+00
1.315092227730244145e+00
1.338674299439240434e+00
1.223846043645874460e+00
1.344631140348778509e+00
1.299045151189898828e+00
1.345196742168821125e+00
1.267070547230899402e+00
1.257641439782271275e+00
1.294530598702656743e+00
1.302543452271739399e+00
1.430507163876052479e+00
1.281402440887350780e+00
1.258638610751811271e+00
1.281520829268687711e+00
1.280244889886047011e+00
1.234330405866812974e+00
1.273370067716854237e+00
1.288826340695838013e+00
1.415309408939456226e+00
1.316630178922833183e+00
1.366804398374549923e+00
1.415883873025312045e+00
1.365470565860404939e+00
1.247292214858610304e+00
1.222661936157875662e+00
1.273427415114993133e+00
1.294647490849419436e+00
1.364081047718161299e+00
1.270503610968666042e+00
1.277610640831894351e+00
1.266438998668224292e+00
1.324238825248194695e+00
1.305155406032656007e+00
1.236569274224679216e+00
1.263699484222300606e+00
1.383495905601325404e+00
1.415360968452337165e+00
1.285419903207642545e+00
1.256318099374123420e+00
1.272705334056784210e+00
1.340359249411165132e+00
1.199474685939000418e+00
1.245467338574138827e+00
1.449253222892204152e+00
1.243746220065800934e+00
1.332337209423543944e+00
1.232663263953487354e+00
1.279770346292548044e+00
1.372798016709347868e+00
1.375461006286220034e+00
1.257752121795810085e+00
1.271027817827978579e+00
1.358764080593562795e+00
1.324260556525802768e+00
1.320319245165138433e+00
1.301782757733165763e+00
1.303604870256895421e+00
1.319090381154197411e+00
1.236637243303792211e+00
1.331171594894091426e+00
1.281079377013886855e+00
1.274676598495161794e+00
1.291201544804974954e+00
1.421321333617257210e+00
1.306940752767077552e+00
1.203076278772912122e+00
1.310471748021288407e+00
1.236849398897485131e+00
1.321491851549345453e+00
1.366582521788860749e+00
1.303913259830175475e+00
1.319476837052135476e+00
1.337738138333111060e+00
1.320011615859160825e+00
1.390491541051121382e+00
1.342571292009510975e+00
1.181420584820376263e+00
1.395974199540826577e+00
1.392896697902835434e+00
1.326333075927684124e+00
1.401378693758543958e+00
1.314161807124412995e+00
1.313513719288069703e+00
1.284202834970627594e+00
1.333381890305230133e+00
1.341909257372817299e+00
1.428240542817941661e+00
1.329309753449427145e+00
1.416137612034089166e+00
1.423568108647679242e+00
1.260604327414370340e+00
1.418743197555819124e+00
1.364192738795689142e+00
1.225695532622637085e+00
1.247669613101065611e+00
1.250663091056382958e+00
1.326674734671293931e+00
1.328589872550685280e+00
1.364640100910688547e+00
1.332665228467066365e+00
1.259769070342557029e+00
1.304017716262421578e+00
1.289059877107323615e+00
1.258633761857153255e+00
1.358071181663859539e+00
1.353313750763368351e+00
1.246573458870941398e+00
1.456989524668886204e+00
1.313889039560467209e+00
1.294909190837467028e+00
1.396018371284736936e+00
1.208535829668019979e+00
1.285770790865405244e+00
1.322243284729120116e+00
1.296006899247044375e+00
1.275412531553537843e+00
1.323767446839066109e+00
1.321254321534870657e+00
1.214978056670087181e+00
1.279884570714510339e+00
1.398121746298867318e+00
1.249628775468317077e+00
1.260045135159679308e+00
1.200748911014720699e+00
1.449066651868155864e+00
1.401620530230405448e+00
1.221397464292534263e+00
1.333916289948171574e+00
1.347162575362852666e+00
1.255296593538684835e+00
1.358307727432053635e+00
1.202537593049423981e+00
1.437564026552113017e+00
1.346206987419251044e+00
1.315301881171542453e+00
1.407438293710247867e+00
1.317711341384910861e+00
1.354061613446652101e+00
1.367760317314482110e+00
1.260797307913055443e+00
1.310273632429614477e+00
1.316368253367588226e+00
1.329206801437565977e+00
1.272033470746019024e+00
1.304678821557333945e+00
1.368926851129023348e+00
1.284857229350576002e+00
1.436543502959501284e+00
1.366736301954131871e+00
1.276045041777407185e+00
1.337576347766042950e+00
1.256509994122033458e+00
1.274833768800575085e+00
1.397660441663551856e+00
1.314579485929504576e+00
1.282751955829752877e+00
1.333407197412471490e+00
1.371069999913292037e+00
1.342317645917181057e+00
1.347767061260591870e+00
1.358776942130565546e+00
1.297438898906848159e+00
1.456648425634537780e+00
1.351621939216965718e+00
1.392278911304470679e+00
1.284741788394807127e+00
1.285572259892727054e+00
1.307772519478267226e+00
1.380417755449884210e+00
1.352555814095930398e+00
1.404130591559141328e+00
1.173752970462014211e+00
1.375809005435162602e+00
1.341052073293415914e+00
1.216273674903372237e+00
1.301171080470187924e+00
1.331094001963975648e+00
1.239049556072021163e+00
1.355823446073403549e+00
1.326665848828773919e+00
1.310933292634310687e+00
1.301931413506926205e+00
1.389731131456259261e+00
1.263919163703573156e+00
1.280210351559605941e+00
1.243335301703952345e+00
1.373564827184738935e+00
1.305221625474503488e+00
1.231822243917484183e+00
1.391552016012785442e+00
1.340233544158839107e+00
1.221260847472772415e+00
1.393339782781018554e+00
1.375309249789295363e+00
1.355525757711327772e+00
1.357470221880281658e+00
1.351451880660816895e+00
1.255030383992141063e+00
1.241053044132087502e+00
1.338970868039008666e+00
1.335694523306834025e+00
1.408752614003960790e+00
1.310051460393822476e+00
1.306549470766839027e+00
1.359742557152062048e+00
1.297900898696731309e+00
1.299150187459911399e+00
1.241582993746526808e+00
1.300538524220330894e+00
1.255483097865830455e+00
1.289459100255876178e+00
1.361615812291860017e+00
1.286961666392236303e+00
1.328195700380150113e+00
1.303067361236607713e+00
1.404182460025688250e+00
1.277373098828949782e+00
1.339210675081147439e+00
1.254208752693137807e+00
1.409484366379997189e+00
1.325197783682117825e+00
1.245210052493671782e+00
1.307631546666542244e+00
1.302191928749088179e+00
1.229512086257937176e+00
1.340792533097575845e+00
1.318865907287725792e+00
1.317076309333397255e+00
1.256089477774349428e+00
1.304406676923156150e+00
1.169799111172264983e+00
1.273298324465756082e+00
1.308886473868217104e+00
1.314694044445833487e+00
1.321495439692337293e+00
1.285007002830615530e+00
1.324238285355003653e+00
1.375753554527985756e+00
1.312695372705626085e+00
1.314930596975666388e+00
1.292811904072847629e+00
1.280026695027804085e+00
1.476884401524388934e+00
1.351793960330537780e+00
1.309824569435447339e+00
1.185362504866285915e+00
1.446251312723854987e+00
1.300101262198142704e+00
1.255902875175598510e+00
1.242202497501295522e+00
1.329725543416775180e+00
1.393560003435969197e+00
1.316144948469337939e+00
1.266422119642304667e+00
1.322524497192519188e+00
1.365124535771654601e+00
1.311970687404733882e+00
1.244690077543329387e+00
1.270258452193431031e+00
1.266609648545443223e+00
1.231901891407908733e+00
1.501623892668258353e+00
1.327858537510297143e+00
1.403544258540753376e+00
1.255306794798747960e+00
1.297078299861679884e+00
1.382806201237856580e+00
1.363837393386210017e+00
1.312255049963005904e+00
1.276234029892008293e+00
1.355321333790965754e+00
1.359585962650118773e+00
1.276309683519303073e+00
1.367400725702818898e+00
1.296047344246071154e+00
1.322478630051122872e+00
1.314852477308249501e+00
1.308855772526157590e+00
1.276786771503166440e+00
1.285047871795337304e+00
1.315057640621672075e+00
1.300787914855182636e+00
1.290247830941005924e+00
1.365142990972265880e+00
1.278221371459073108e+00
1.302341299573116729e+00
1.274367972412614680e+00
1.292954151905323146e+00
1.257828018558805105e+00
1.361466700556777987e+00
1.385809370604477175e+00
1.295156757733740838e+00
1.431744131704043355e+00
1.420777078880012478e+00
1.391950393634648453e+00
1.300494151981454793e+00
1.422026711407585298e+00
1.250185162202042788e+00
1.270840845169815880e+00
1.377780544608198099e+00
1.372371999609198534e+00
1.342002547409580471e+00
1.295428369863628415e+00
1.351027234550472800e+00
1.284853298688533041e+00
1.272600353039097243e+00
1.150853031548546568e+00
1.263782241080447122e+00
1.378490658697829829e+00
1.282095860248438246e+00
1.274567086294425389e+00
1.323532074976210282e+00
1.398150401706634405e+00
1.277088424341710660e+00
1.421038960270650353e+00
1.401829981635678068e+00
1.336735792898163355e+00
1.261158530347684659e+00
1.310453603633171316e+00
1.283810938114620326e+00
1.348260316397589031e+00
1.351950657832369895e+00
1.345121286720867504e+00
1.328633041271761961e+00
1.193274042537754154e+00
1.281715289452425521e+00
1.259666000574574340e+00
1.254939558090916174e+00
1.264160483055018602e+00
1.331876753114657808e+00
1.279296193255373915e+00
1.310408344485585408e+00
1.412864463427337958e+00
1.273897585586859726e+00
1.373763537837778603e+00
1.305590240366579780e+00
1.321412556021334561e+00
1.427680454245720210e+00
1.370003260952439295e+00
1.203712143906741083e+00
1.361060494661835429e+00
1.421949055270682383e+00
1.285700767457219174e+00
1.275587174397278645e+00
1.258492813241175678e+00
1.447644328700494532e+00
1.423883470325707723e+00
1.184210995878151484e+00
1.236955609524770461e+00
1.257871444551592388e+00
1.346681230457481782e+00
1.300753763939108465e+00
1.271370651186430223e+00
1.430627557426629615e+00
1.303684785259587642e+00
1.331103678716563099e+00
1.447067795030225978e+00
1.277081881932253804e+00
1.245505850900811895e+00
1.261380682714374313e+00
1.347029508896079086e+00
1.320412996622339907e+00
1.374951734021190308e+00
1.331498470803344825e+00
1.364645288179418214e+00
1.213149913347495668e+00
1.367993295575762547e+00
1.359307374137583402e+00
1.308083128755008095e+00
1.308599547872833613e+00
1.243030032489338410e+00
1.235082345887542843e+00
1.443156339350857964e+00
1.273257332279323695e+00
1.409035970911534985e+00
1.348466932433267207e+00
1.319545602169022391e+00
1.342111893192422301e+00
1.301264604698185501e+00
1.329957183567734180e+00
1.378619427438736889e+00
1.313448567360500752e+00
1.365190980035760671e+00
1.213353047510733917e+00
1.376628642434382099e+00
1.342853316700925559e+00
1.274746305559264048e+00
1.421063997028955583e+00
1.333737033965994412e+00
1.291064009577238547e+00
1.405618339763681668e+00
1.337327392095732925e+00
1.283565110274882404e+00
1.347308719980130576e+00
1.334592806080569183e+00
1.276511932377577541e+00
1.374380376618769661e+00
1.294558325107118435e+00
1.276609693288562219e+00
1.449587068323246575e+00
1.391228243069567938e+00
1.316343300788401560e+00
1.286138315952385147e+00
1.359674876497298790e+00
1.223169997876482284e+00
1.295143703851682648e+00
1.293887262215735134e+00
1.274383331892771309e+00
1.288934024828297886e+00
1.307750266739444056e+00
1.272819799327740142e+00
1.409222806015086427e+00
1.272266545972704277e+00
1.259586171720044057e+00
1.381260521887078818e+00
1.315769144284411496e+00
1.348815898572890859e+00
1.273996886094777459e+00
1.281118699070109779e+00
1.408647654392020998e+00
1.346684598779447128e+00
1.255615577309888264e+00
1.264254167611632340e+00
1.430356951091903861e+00
1.341727691261361155e+00
1.305697979736180514e+00
1.204225086022467472e+00
1.240706114463993037e+00
1.292101617060940066e+00
1.357727701497699613e+00
1.468103706668141717e+00
1.344574498900681814e+00
1.291994771217970461e+00
1.277245164219444673e+00
1.458542715276941681e+00
1.345667292050344299e+00
1.217823561432460622e+00
1.343960233067998722e+00
1.327690845601401159e+00
1.397134437723154710e+00
1.352267185134805816e+00
1.230383510647973688e+00
1.305658535914800300e+00
1.282928218986916225e+00
1.418234779281776214e+00
1.422922885510758739e+00
1.330195565721030260e+00
1.430770666322960016e+00
1.289499332901740569e+00
1.226358701895037484e+00
1.403361751870063179e+00
1.312720426550038733e+00
1.235633969154113831e+00
1.310377968459388143e+00
1.258579099012649527e+00
1.335480563159795908e+00
1.333107234077110181e+00
1.315973995133840946e+00
1.332902626387400424e+00
1.194641820648947972e+00
1.364806564255619081e+00
1.277767667350878655e+00
1.322767811963995177e+00
1.371291890829003934e+00
1.338470974465757024e+00
1.355594303665462519e+00
1.283334947062739095e+00
1.334723351148586756e+00
1.306707508606605783e+00
1.451371301049343643e+00
1.294493861031213777e+00
1.315712641753919554e+00
1.289011321161094736e+00
1.292824722009670690e+00
1.356039083779038368e+00
1.238581753376467365e+00
1.238006696648605631e+00
1.358197770561687667e+00
1.336549952725726742e+00
1.294917855086526348e+00
1.369290423697520520e+00
1.310499614578699568e+00
1.340432447790165904e+00
1.375591080043879755e+00
1.368742427683449447e+00
1.353629098018135579e+00
1.328564374824938721e+00
1.404215133964462847e+00
1.353864883354555015e+00
1.309493815845651943e+00
1.351203567747255363e+00
1.357749390989807070e+00
1.355402482361178329e+00
1.421248343752264054e+00
1.386828493897809933e+00
1.282258645797681007e+00
1.326167561779739490e+00
1.266372335363304513e+00
1.266424949551414381e+00
1.266568734064803969e+00
1.295407467354140474e+00
1.311768041323612577e+00
1.200409321415647046e+00
1.286899922206030222e+00
1.264650998490295164e+00
1.362366303094981079e+00
1.481734078501892427e+00
1.230501440635833665e+00
1.347632395319549481e+00
1.310877166226129376e+00
1.366332883334230530e+00
1.356565576887470925e+00
1.237289296852602805e+00
1.328053488902653845e+00
1.252474718283573374e+00
1.334638069730421872e+00
1.289022401643565408e+00
1.248791615955470835e+00
1.379760731060222012e+00
1.453306934456128907e+00
1.223585119029600987e+00
1.339481957635466847e+00
1.382774002294458127e+00
1.306874866130252943e+00
1.290837026908743468e+00
1.247664537882190894e+00
1.316806247762843052e+00
1.380442608054528897e+00
1.322730625920660152e+00
1.273296954279652171e+00
1.355075072903916489e+00
1.311150110434269989e+00
1.464162960036646588e+00
1.373669341872745919e+00
1.316716645862268997e+00
1.292984372348498612e+00
1.255087974569811804e+00
1.182618758697097761e+00
1.283340870530273348e+00
1.317169946095453348e+00
1.315749131467955024e+00
1.385156927414005201e+00
1.424040994200326038e+00
1.292275758826171961e+00
1.370713473419494788e+00
1.300581916633461343e+00
1.340709349142709339e+00
1.253721320328705424e+00
1.326277056985728509e+00
1.352240721421144709e+00
1.204664642392815788e+00
1.343250099714201840e+00
1.312310137845791536e+00
1.320480363539186186e+00
1.266215386550770816e+00
1.379546866677885175e+00
1.320028936222153559e+00
1.313001911767979202e+00
1.248311469491534931e+00
1.238226453010816686e+00
1.397637850056744790e+00
1.322694392824399490e+00
1.260556350061612374e+00
1.443635832815286957e+00
1.475966971313635634e+00
1.283435465546769461e+00
1.271640840844445286e+00
1.289210386570318834e+00
1.301999236324655085e+00
1.407307109829908365e+00
1.359792037926787378e+00
1.262111949973623748e+00
1.331776847127437602e+00
1.328198704948174935e+00
1.268619625504119552e+00
1.233858214972420875e+00
1.347293521523205362e+00
1.372114250832839000e+00
1.354690966646667771e+00
1.239309261986742516e+00
1.274933556656196787e+00
1.400775165154076962e+00
1.315623179367620521e+00
1.266196097717932290e+00
1.340738317742296015e+00
1.249443895399885429e+00
1.340055678349656221e+00
1.254699260731870547e+00
1.398809118260425421e+00
1.331239724646351874e+00
1.335718368297017067e+00
1.316264898581789078e+00
1.355533242452975351e+00
1.317411651946060580e+00
1.437414501934621169e+00
1.411644994739454262e+00
