1.665480804443359375e+02
7.013395690917968750e+01
8.392586517333984375e+01
9.742476654052734375e+01
1.327170257568359375e+02
7.279325866699218750e+01
7.025466156005859375e+01
8.079499053955078125e+01
9.301371002197265625e+01
4.647413635253906250e+01
1.927691497802734375e+02
5.841144561767578125e+01
9.496797180175781250e+01
1.555276336669921875e+02
1.149378814697265625e+02
3.307151794433593750e+01
9.990755462646484375e+01
4.853371429443359375e+01
1.658857879638671875e+02
8.194499969482421875e+01
9.857451629638671875e+01
5.268410873413085938e+01
7.275492095947265625e+01
9.720024871826171875e+01
1.135448989868164062e+02
6.547560882568359375e+01
1.028184814453125000e+02
1.104891128540039062e+02
2.123009033203125000e+02
9.834613037109375000e+01
9.040936279296875000e+01
1.139904403686523438e+02
1.059455184936523438e+02
1.002089157104492188e+02
1.302247924804687500e+02
3.214847946166992188e+01
6.212443923950195312e+01
5.696513748168945312e+01
3.611827468872070312e+01
9.388623809814453125e+01
7.965842437744140625e+01
1.565167236328125000e+02
1.151448516845703125e+02
6.813118743896484375e+01
1.236968383789062500e+02
1.063255386352539062e+02
1.191452255249023438e+02
1.668038330078125000e+02
8.539705657958984375e+01
6.125403976440429688e+01
1.417771911621093750e+02
1.224712524414062500e+02
1.160902938842773438e+02
3.601992034912109375e+01
8.739986419677734375e+01
1.217923202514648438e+02
6.980906677246093750e+01
1.583530731201171875e+02
1.014345245361328125e+02
4.891932296752929688e+01
7.963658905029296875e+01
1.011957397460937500e+02
7.909108734130859375e+01
1.807221679687500000e+02
7.107383728027343750e+01
6.932389068603515625e+01
7.764214324951171875e+01
5.063888168334960938e+01
9.143000030517578125e+01
1.453283233642578125e+02
8.903087615966796875e+01
7.883325958251953125e+01
5.716527175903320312e+01
7.047121429443359375e+01
1.225715866088867188e+02
7.648130798339843750e+01
8.570578002929687500e+01
5.547913742065429688e+01
2.005083656311035156e+01
8.822641754150390625e+01
1.107702865600585938e+02
9.845011138916015625e+01
1.115385360717773438e+02
1.032753295898437500e+02
8.011798095703125000e+01
7.657634735107421875e+01
5.288766479492187500e+01
4.856900787353515625e+01
1.219379043579101562e+02
6.380723953247070312e+01
7.806951141357421875e+01
1.965347747802734375e+02
8.777660369873046875e+01
9.771103668212890625e+01
7.111283111572265625e+01
9.788703918457031250e+01
6.772172546386718750e+01
7.077563476562500000e+01
1.480888214111328125e+02
6.685421752929687500e+01
4.886375045776367188e+01
5.481528854370117188e+01
8.744195556640625000e+01
1.067282638549804688e+02
1.111320953369140625e+02
4.439506912231445312e+01
1.819291992187500000e+02
8.971943664550781250e+01
1.089084243774414062e+02
7.512953948974609375e+01
9.480546569824218750e+01
2.042272033691406250e+02
4.502691268920898438e+01
1.478650360107421875e+02
5.891416168212890625e+01
1.615992279052734375e+02
1.934199981689453125e+02
5.771543502807617188e+01
8.195760345458984375e+01
6.194703292846679688e+01
1.186982955932617188e+02
1.220961532592773438e+02
7.478242492675781250e+01
9.640508270263671875e+01
4.081098556518554688e+01
5.052100372314453125e+01
8.888526916503906250e+01
2.215999603271484375e+02
1.058020782470703125e+02
1.278564834594726562e+02
3.085589981079101562e+01
6.708583068847656250e+01
8.708085632324218750e+01
9.154181671142578125e+01
6.447024536132812500e+01
1.238442993164062500e+02
3.216047286987304688e+01
6.745659637451171875e+01
7.431417846679687500e+01
1.236192855834960938e+02
1.113723373413085938e+02
9.330970764160156250e+01
1.151515121459960938e+02
1.235052871704101562e+02
1.015382614135742188e+02
4.747680282592773438e+01
3.641172790527343750e+01
8.661277770996093750e+01
5.259448242187500000e+01
1.034467391967773438e+02
2.324625091552734375e+02
8.241706848144531250e+01
3.812490463256835938e+01
4.922198486328125000e+01
1.049766998291015625e+02
5.688291549682617188e+01
1.257705612182617188e+02
3.795243453979492188e+01
5.653106689453125000e+01
6.438887023925781250e+01
1.367687072753906250e+02
3.837429809570312500e+01
9.945636749267578125e+01
1.683969879150390625e+02
9.192496490478515625e+01
1.059712142944335938e+02
1.378406066894531250e+02
6.430190277099609375e+01
5.535127639770507812e+01
4.345534133911132812e+01
9.127777099609375000e+01
1.688791351318359375e+02
1.574069671630859375e+02
4.802395248413085938e+01
6.865013885498046875e+01
8.971743011474609375e+01
1.214815597534179688e+02
8.974560546875000000e+01
7.705992889404296875e+01
1.932502746582031250e+02
7.914179992675781250e+01
1.129891281127929688e+02
7.821808624267578125e+01
6.419028472900390625e+01
8.208448791503906250e+01
8.274476623535156250e+01
9.537669372558593750e+01
1.012624740600585938e+02
1.031606826782226562e+02
9.895261383056640625e+01
1.488262786865234375e+02
5.484482574462890625e+01
1.831107025146484375e+02
5.252116012573242188e+01
1.165921859741210938e+02
1.916598205566406250e+02
1.925416717529296875e+02
8.027800750732421875e+01
6.086497116088867188e+01
3.686494064331054688e+01
1.220454483032226562e+02
6.720397186279296875e+01
1.381986999511718750e+02
6.890518188476562500e+01
7.165147399902343750e+01
1.259814987182617188e+02
1.206092529296875000e+02
6.646843719482421875e+01
7.470996856689453125e+01
7.853589630126953125e+01
7.994886779785156250e+01
1.668786621093750000e+02
1.603426361083984375e+02
1.719308624267578125e+02
1.406383514404296875e+02
9.147849273681640625e+01
5.235902786254882812e+01
1.226638183593750000e+02
1.109889907836914062e+02
6.446453094482421875e+01
8.648144531250000000e+01
7.102300262451171875e+01
7.370344543457031250e+01
6.648955535888671875e+01
1.173697433471679688e+02
1.604890136718750000e+02
9.355748748779296875e+01
1.191504440307617188e+02
1.611569061279296875e+02
1.328227996826171875e+02
4.039354705810546875e+01
1.275472640991210938e+02
9.854967498779296875e+01
7.859786224365234375e+01
1.561186370849609375e+02
1.031802291870117188e+02
2.267537384033203125e+02
9.688837432861328125e+01
1.187593307495117188e+02
1.366450653076171875e+02
8.398320007324218750e+01
1.306893157958984375e+02
6.405434417724609375e+01
1.070565719604492188e+02
7.827635955810546875e+01
1.024318161010742188e+02
7.526671600341796875e+01
1.527810516357421875e+02
1.445156250000000000e+02
1.205146026611328125e+02
1.027884750366210938e+02
9.819965362548828125e+01
1.098291244506835938e+02
5.888449096679687500e+01
1.287855072021484375e+02
1.153002929687500000e+02
9.827765655517578125e+01
7.437677764892578125e+01
8.385001182556152344e+00
7.017793273925781250e+01
2.057790069580078125e+02
7.930828094482421875e+01
3.940713500976562500e+01
6.847951507568359375e+01
6.401652526855468750e+01
2.700210571289062500e+01
5.832258224487304688e+01
1.365058441162109375e+02
6.217932128906250000e+01
6.274944686889648438e+01
1.632051239013671875e+02
1.285768890380859375e+02
2.125397033691406250e+02
2.188939285278320312e+01
1.506677398681640625e+02
1.703325042724609375e+02
1.144925308227539062e+02
1.612842559814453125e+02
6.637265014648437500e+01
1.775623626708984375e+02
9.481835937500000000e+01
5.585180282592773438e+01
1.055497817993164062e+02
4.023191070556640625e+01
9.711232757568359375e+01
1.110393905639648438e+02
4.754170989990234375e+01
3.248961639404296875e+01
8.100556945800781250e+01
5.704185867309570312e+01
5.507094955444335938e+01
1.966847076416015625e+02
5.323447799682617188e+01
1.471450653076171875e+02
2.101746368408203125e+02
1.607545013427734375e+02
5.020804977416992188e+01
8.506655883789062500e+01
3.732275009155273438e+01
5.796286010742187500e+01
2.075620574951171875e+02
1.439219512939453125e+02
5.183842849731445312e+01
7.296369171142578125e+01
1.177223281860351562e+02
9.525720214843750000e+01
2.013155670166015625e+02
1.428303375244140625e+02
8.229616546630859375e+01
9.500542449951171875e+01
6.641048431396484375e+01
1.471622009277343750e+02
1.026519775390625000e+02
7.810845947265625000e+01
5.712890243530273438e+01
8.009772491455078125e+01
4.610015487670898438e+01
1.086111373901367188e+02
1.634866333007812500e+02
1.584350433349609375e+02
9.364108276367187500e+01
5.785303878784179688e+01
9.688406372070312500e+01
6.258642578125000000e+01
1.609924316406250000e+02
4.155493927001953125e+01
4.183515548706054688e+01
6.890322113037109375e+01
1.060190658569335938e+02
1.938422393798828125e+02
5.761874008178710938e+01
1.240531616210937500e+02
9.406835937500000000e+01
5.724665069580078125e+01
1.347295227050781250e+02
6.174010848999023438e+01
1.261105117797851562e+02
2.860391044616699219e+01
7.558372497558593750e+01
8.416528320312500000e+01
1.445601196289062500e+02
5.157843780517578125e+01
1.131581649780273438e+02
6.458141326904296875e+01
8.262282562255859375e+01
5.039944076538085938e+01
9.307840728759765625e+01
5.077532577514648438e+01
5.063616943359375000e+01
3.544291687011718750e+01
7.050777435302734375e+01
6.806022644042968750e+01
3.154043579101562500e+01
4.288839340209960938e+01
9.760228729248046875e+01
1.508354949951171875e+02
1.826494903564453125e+02
7.388278198242187500e+01
1.444760437011718750e+02
2.299356689453125000e+02
3.912853240966796875e+01
7.093605041503906250e+01
1.849552154541015625e+02
7.732732391357421875e+01
1.205907135009765625e+02
2.315069122314453125e+02
5.557639312744140625e+01
4.351658248901367188e+01
6.007990264892578125e+01
4.699402618408203125e+01
4.695204162597656250e+01
6.235110473632812500e+01
8.259018707275390625e+01
1.654291687011718750e+02
9.893544769287109375e+01
1.116832809448242188e+02
1.352453918457031250e+02
1.089253311157226562e+02
7.477849578857421875e+01
9.041100311279296875e+01
1.401912078857421875e+02
7.432839965820312500e+01
7.537809753417968750e+01
1.812543487548828125e+02
9.787483978271484375e+01
9.330110931396484375e+01
1.539119720458984375e+02
1.670668334960937500e+02
8.850428009033203125e+01
1.348155059814453125e+02
9.288579559326171875e+01
3.913579559326171875e+01
1.750859375000000000e+02
1.149517974853515625e+02
1.632988281250000000e+02
6.992964935302734375e+01
5.940371704101562500e+01
5.655037307739257812e+01
5.638180160522460938e+01
1.576901702880859375e+02
9.568260955810546875e+01
1.061348266601562500e+02
6.665047454833984375e+01
1.080374298095703125e+02
3.785632705688476562e+01
1.054210815429687500e+02
7.157272338867187500e+01
5.887916946411132812e+01
8.446903991699218750e+01
8.209255218505859375e+01
6.576333618164062500e+01
2.091562805175781250e+02
5.692959594726562500e+01
1.833300018310546875e+02
1.784853057861328125e+02
8.106447601318359375e+01
5.946463775634765625e+01
1.628838806152343750e+02
1.352021636962890625e+02
1.050150146484375000e+02
1.639235382080078125e+02
4.688595199584960938e+01
1.456606292724609375e+02
1.216414718627929688e+02
5.357073593139648438e+01
3.053574562072753906e+00
9.521076965332031250e+01
7.872232818603515625e+01
1.798614349365234375e+02
4.379087829589843750e+01
7.623642730712890625e+01
7.066655731201171875e+01
1.757938385009765625e+02
1.380054168701171875e+02
4.472040557861328125e+01
1.181254806518554688e+02
8.859718322753906250e+01
5.502141189575195312e+01
7.025381469726562500e+01
1.062458114624023438e+02
6.327138900756835938e+01
1.217371826171875000e+02
1.771618347167968750e+02
8.286595916748046875e+01
5.086823272705078125e+01
8.988380432128906250e+01
1.518467102050781250e+02
1.533305511474609375e+02
8.221694183349609375e+01
1.282024383544921875e+02
4.722620010375976562e+01
5.448590850830078125e+01
1.244516830444335938e+02
4.932926177978515625e+01
1.289873199462890625e+02
5.854641342163085938e+01
9.719087219238281250e+01
6.428447723388671875e+01
5.867132568359375000e+01
5.659466552734375000e+01
1.255248641967773438e+02
1.371276550292968750e+02
4.132914733886718750e+02
2.028683776855468750e+02
6.836141204833984375e+01
1.095418319702148438e+02
1.676275939941406250e+02
8.282158660888671875e+01
1.651669311523437500e+02
8.177725982666015625e+01
2.746915893554687500e+02
1.063199844360351562e+02
9.223113250732421875e+01
4.003853607177734375e+01
1.014683151245117188e+02
6.865748596191406250e+01
1.802325897216796875e+02
7.768247222900390625e+01
7.572649383544921875e+01
1.059988632202148438e+02
1.186712646484375000e+02
7.719785308837890625e+01
1.174567260742187500e+02
1.960270080566406250e+02
8.859604644775390625e+01
7.817849731445312500e+01
7.254415130615234375e+01
1.257518081665039062e+02
6.209827804565429688e+01
1.283466644287109375e+02
1.065878906250000000e+02
1.944216766357421875e+02
1.463668975830078125e+02
1.441899871826171875e+02
9.986832427978515625e+01
1.764936676025390625e+02
7.709688568115234375e+01
1.147267456054687500e+02
5.777562332153320312e+01
1.737852630615234375e+02
