1.420385589599609375e+02
1.020765228271484375e+02
2.795146179199218750e+01
4.454647445678710938e+01
1.011397171020507812e+02
1.229553222656250000e+02
1.506376190185546875e+02
6.839690399169921875e+01
1.358746795654296875e+02
5.539715194702148438e+01
6.002692413330078125e+01
2.355147933959960938e+01
1.263370361328125000e+02
7.804462432861328125e+01
4.410998535156250000e+01
4.451742172241210938e+01
8.697297668457031250e+01
4.630736923217773438e+01
7.865621185302734375e+01
7.440424346923828125e+01
1.005682525634765625e+02
5.273701095581054688e+01
1.729867401123046875e+02
1.100097808837890625e+02
5.416586303710937500e+01
7.727623748779296875e+01
9.312271118164062500e+01
1.331283111572265625e+02
1.682718048095703125e+02
1.085268554687500000e+02
5.861599731445312500e+01
1.291047210693359375e+02
2.798271789550781250e+02
1.415846405029296875e+02
9.987230682373046875e+01
5.043974304199218750e+01
9.556835174560546875e+01
4.891911315917968750e+01
1.140390014648437500e+02
4.692918014526367188e+01
3.820218658447265625e+01
1.088453598022460938e+02
7.998851776123046875e+01
4.537190628051757812e+01
1.546383361816406250e+02
1.759715881347656250e+02
1.549025115966796875e+02
1.278061676025390625e+02
1.248633041381835938e+02
8.336746978759765625e+01
9.392445373535156250e+01
1.016758041381835938e+02
1.371151428222656250e+02
7.837502288818359375e+01
5.401689529418945312e+01
2.538198547363281250e+02
9.611427307128906250e+01
1.344048004150390625e+02
1.019497833251953125e+02
3.968944168090820312e+01
9.194152069091796875e+01
1.497958068847656250e+02
7.530228424072265625e+01
4.078455734252929688e+01
1.102944107055664062e+02
1.897388153076171875e+02
7.299727630615234375e+01
1.588454132080078125e+02
1.421649017333984375e+02
4.645879745483398438e+01
4.473229980468750000e+01
8.577693939208984375e+01
1.843338928222656250e+02
9.078686523437500000e+01
1.070556869506835938e+02
6.418326568603515625e+01
7.533292388916015625e+01
3.133662223815917969e+01
1.280556488037109375e+02
7.832520294189453125e+01
6.040555572509765625e+01
1.835848236083984375e+02
1.088031005859375000e+02
3.667911911010742188e+01
1.621117401123046875e+02
8.574936676025390625e+01
5.851113510131835938e+01
1.114220352172851562e+02
9.145932769775390625e+01
7.938054656982421875e+01
1.344881439208984375e+02
5.601092147827148438e+01
1.079390029907226562e+02
1.103527221679687500e+02
8.265996551513671875e+01
1.596263275146484375e+02
1.016091003417968750e+02
1.201162490844726562e+02
1.709985809326171875e+02
6.544422149658203125e+01
1.506301269531250000e+02
1.125394897460937500e+02
3.024210548400878906e+01
9.636491394042968750e+01
5.958989334106445312e+01
2.208894805908203125e+02
1.337782440185546875e+02
1.351368865966796875e+02
1.149801025390625000e+02
4.612814331054687500e+01
5.564091110229492188e+01
1.044633789062500000e+02
1.088746871948242188e+02
6.546749114990234375e+01
1.090551147460937500e+02
1.735288391113281250e+02
9.516218566894531250e+01
7.458272552490234375e+01
1.050990753173828125e+02
3.720908355712890625e+01
1.510411682128906250e+02
5.599014282226562500e+01
3.683868789672851562e+01
5.240586090087890625e+01
9.682970428466796875e+01
5.380479812622070312e+01
1.300191040039062500e+02
1.321145629882812500e+02
8.183210754394531250e+01
1.420594024658203125e+02
1.098937530517578125e+02
1.567663421630859375e+02
1.132576293945312500e+02
7.455264282226562500e+01
1.330671386718750000e+02
7.565665435791015625e+01
1.023084259033203125e+02
1.169385375976562500e+02
1.431042938232421875e+02
1.026074829101562500e+02
2.703300476074218750e+02
5.315749740600585938e+01
1.071254501342773438e+02
5.816718673706054688e+01
5.689691162109375000e+01
1.144554443359375000e+02
2.244294891357421875e+02
1.343256988525390625e+02
5.791430664062500000e+01
6.718055725097656250e+01
4.501685714721679688e+01
1.333931427001953125e+02
1.280197143554687500e+02
1.243894195556640625e+02
5.598972320556640625e+01
6.318429565429687500e+01
1.319319305419921875e+02
7.148403167724609375e+01
9.042030334472656250e+01
1.403499755859375000e+02
8.110352325439453125e+01
6.985942840576171875e+01
7.090268707275390625e+01
1.123024063110351562e+02
1.050506515502929688e+02
1.422753601074218750e+02
6.845755767822265625e+01
6.366133499145507812e+01
1.214132690429687500e+02
2.178194885253906250e+02
1.636564483642578125e+02
8.142252349853515625e+01
7.367106628417968750e+01
1.662972564697265625e+02
6.585444641113281250e+01
7.422625732421875000e+01
6.380128097534179688e+01
6.144086456298828125e+01
4.711918640136718750e+01
6.621688079833984375e+01
2.075385742187500000e+02
1.709008979797363281e+01
2.265898742675781250e+02
1.299670257568359375e+02
1.896829681396484375e+02
5.627575683593750000e+01
1.318893280029296875e+02
1.038762817382812500e+02
9.339454650878906250e+01
2.099896697998046875e+02
1.103456306457519531e+01
7.701657867431640625e+01
9.263574218750000000e+01
1.112603073120117188e+02
1.369479370117187500e+02
7.897604370117187500e+01
1.567228240966796875e+02
1.418361358642578125e+02
8.736764526367187500e+01
8.888751983642578125e+01
3.727288055419921875e+01
1.738975524902343750e+02
9.540385437011718750e+01
4.713276290893554688e+01
1.552747650146484375e+02
4.924719619750976562e+01
6.170709991455078125e+01
6.416322326660156250e+01
1.440388031005859375e+02
1.109235992431640625e+02
7.739852142333984375e+01
6.539501190185546875e+01
7.646556091308593750e+01
1.160418090820312500e+02
1.097420272827148438e+02
1.074671859741210938e+02
6.563301086425781250e+01
6.897934722900390625e+01
1.527706909179687500e+02
4.578248977661132812e+01
1.584278106689453125e+02
1.246008834838867188e+02
1.036158447265625000e+02
1.499159393310546875e+02
5.634157180786132812e+01
7.657025146484375000e+01
1.191829223632812500e+02
5.343095779418945312e+01
1.678683776855468750e+02
1.009134063720703125e+02
1.441874847412109375e+02
7.052966308593750000e+01
1.898777313232421875e+02
7.500777435302734375e+01
7.022480773925781250e+01
1.360866394042968750e+02
1.583696441650390625e+02
8.093697357177734375e+01
1.107382812500000000e+02
6.200714111328125000e+01
1.686497039794921875e+02
1.431087188720703125e+02
6.614440917968750000e+01
1.026128921508789062e+02
7.903893280029296875e+01
1.247908859252929688e+02
1.277406234741210938e+02
8.969197845458984375e+01
8.320296478271484375e+01
3.716616439819335938e+01
9.935161590576171875e+01
5.052013778686523438e+01
3.991045761108398438e+01
9.278414154052734375e+01
1.158961563110351562e+02
4.146838760375976562e+01
1.009142684936523438e+02
8.769652557373046875e+01
1.323472900390625000e+02
6.155650711059570312e+01
7.328582000732421875e+01
6.796292877197265625e+01
1.279544830322265625e+02
1.178686904907226562e+02
8.991983795166015625e+01
8.110070037841796875e+01
6.720715332031250000e+01
2.509501953125000000e+02
5.858211135864257812e+01
1.182389450073242188e+02
4.649136352539062500e+01
6.158315658569335938e+01
4.776888656616210938e+01
1.402434082031250000e+02
9.910832214355468750e+01
2.059202423095703125e+02
1.022316513061523438e+02
1.354541015625000000e+02
6.155154418945312500e+01
5.425808334350585938e+01
7.650319671630859375e+01
8.237527465820312500e+01
2.046778869628906250e+02
6.948970794677734375e+01
1.711048278808593750e+02
1.727905120849609375e+02
6.109850692749023438e+01
6.990886688232421875e+01
8.143856048583984375e+01
1.363804321289062500e+02
1.591094207763671875e+02
1.065490493774414062e+02
7.007415771484375000e+01
1.109846191406250000e+02
9.887844085693359375e+01
9.381888580322265625e+01
1.837896728515625000e+01
1.054859771728515625e+02
1.257719116210937500e+02
8.791341400146484375e+01
1.600625457763671875e+02
1.104714279174804688e+02
1.285896301269531250e+02
5.070225524902343750e+01
1.092040176391601562e+02
1.097603302001953125e+02
7.334149932861328125e+01
5.809687423706054688e+01
6.937123870849609375e+01
1.194338531494140625e+02
5.637447738647460938e+01
2.218143768310546875e+02
7.396450042724609375e+01
1.361775054931640625e+02
1.136667251586914062e+02
1.362795104980468750e+02
7.417352294921875000e+01
1.270608444213867188e+02
1.150737915039062500e+02
7.578685760498046875e+01
6.469230651855468750e+01
1.050681152343750000e+02
5.724341964721679688e+01
5.807418441772460938e+01
7.284899902343750000e+01
1.735890960693359375e+02
6.328219223022460938e+01
1.383066253662109375e+02
1.945487976074218750e+02
1.307030792236328125e+02
4.989976501464843750e+01
1.744880828857421875e+02
1.295835418701171875e+02
1.072345809936523438e+02
9.603649902343750000e+01
1.410340576171875000e+02
2.353699188232421875e+02
1.478997955322265625e+02
1.776063995361328125e+02
1.117246856689453125e+02
9.064398956298828125e+01
8.013058471679687500e+01
7.192329406738281250e+01
4.427273559570312500e+01
3.591317367553710938e+01
6.280080795288085938e+01
1.338837280273437500e+02
7.223574066162109375e+01
9.704582977294921875e+01
7.255293273925781250e+01
1.343628845214843750e+02
6.077367019653320312e+01
1.118240890502929688e+02
7.867097473144531250e+01
7.758086395263671875e+01
6.286494064331054688e+01
9.883100128173828125e+01
6.040962600708007812e+01
1.284391937255859375e+02
5.824300003051757812e+01
1.581106567382812500e+02
7.656171417236328125e+01
4.805386734008789062e+01
8.225714874267578125e+01
9.033873748779296875e+01
3.024579429626464844e+01
8.774602508544921875e+01
1.086327133178710938e+02
2.273133392333984375e+02
5.520154571533203125e+01
9.998334503173828125e+01
1.020490417480468750e+02
6.800859069824218750e+01
8.670497894287109375e+01
5.121839523315429688e+01
6.995522308349609375e+01
7.189672088623046875e+01
1.136149826049804688e+02
2.196700096130371094e+01
1.293008117675781250e+02
8.796653747558593750e+01
2.641195983886718750e+02
7.275148010253906250e+01
8.193785095214843750e+01
6.631412506103515625e+01
7.922944641113281250e+01
9.225695037841796875e+01
8.041744232177734375e+01
9.797633361816406250e+01
1.447628479003906250e+02
7.038077545166015625e+01
7.386305999755859375e+01
6.563665771484375000e+01
1.345931396484375000e+02
1.449678039550781250e+02
2.619758605957031250e+02
8.836875152587890625e+01
6.966204071044921875e+01
4.465121078491210938e+01
8.709162139892578125e+01
8.201053619384765625e+01
6.692142486572265625e+01
1.234935913085937500e+02
1.077103271484375000e+02
8.197344970703125000e+01
6.513933563232421875e+01
2.730853576660156250e+02
8.969441223144531250e+01
1.961193084716796875e+02
5.944074630737304688e+01
1.945206604003906250e+02
8.524287414550781250e+01
7.860048675537109375e+01
1.343640899658203125e+02
5.578118896484375000e+01
1.202886734008789062e+02
2.150066986083984375e+02
1.071246490478515625e+02
6.841321563720703125e+01
7.721704959869384766e+00
8.975685882568359375e+01
1.134664688110351562e+02
6.884503173828125000e+01
6.566159820556640625e+01
1.156368179321289062e+02
2.630468444824218750e+02
9.152506256103515625e+01
1.446028442382812500e+02
1.545427703857421875e+02
4.911851501464843750e+01
3.041948890686035156e+01
6.917341613769531250e+01
1.913045654296875000e+02
8.621276092529296875e+01
1.381371612548828125e+02
9.903534698486328125e+01
1.060385055541992188e+02
7.195885467529296875e+01
1.327466735839843750e+02
1.446387481689453125e+02
8.884532165527343750e+01
1.149694595336914062e+02
1.693083953857421875e+02
1.057394561767578125e+02
1.372959747314453125e+02
9.851830291748046875e+01
2.213273773193359375e+02
1.539720306396484375e+02
9.966460418701171875e+01
1.092732315063476562e+02
1.777008209228515625e+02
1.351706848144531250e+02
3.231259155273437500e+01
6.050034332275390625e+01
1.337870788574218750e+02
5.614264678955078125e+01
8.791306304931640625e+01
4.869085311889648438e+01
1.210623092651367188e+02
1.018322830200195312e+02
1.354460906982421875e+02
2.242835617065429688e+01
4.040176391601562500e+01
7.009165191650390625e+01
1.259399414062500000e+02
1.155956573486328125e+02
6.627532196044921875e+01
9.403234863281250000e+01
1.547684783935546875e+02
2.730527305603027344e+01
2.825598716735839844e+01
2.110205535888671875e+02
1.293479003906250000e+02
6.150718307495117188e+01
1.078764648437500000e+02
1.468105468750000000e+02
7.240950012207031250e+01
9.817519378662109375e+01
9.786029815673828125e+01
2.156272506713867188e+01
7.243007659912109375e+01
8.431021881103515625e+01
1.443703308105468750e+02
1.143115997314453125e+02
5.987660598754882812e+01
4.142982864379882812e+01
1.336146850585937500e+02
4.451819610595703125e+01
2.264692382812500000e+02
1.005591735839843750e+02
1.049915924072265625e+02
1.079874496459960938e+02
1.847875823974609375e+02
1.127423706054687500e+02
8.837484741210937500e+01
1.250469589233398438e+02
1.082292633056640625e+02
9.417483520507812500e+01
1.240924606323242188e+02
6.538249969482421875e+01
