6.340745162963867188e+01
8.020918273925781250e+01
1.180926132202148438e+02
7.682064056396484375e+01
5.139831542968750000e+01
4.960137939453125000e+01
1.212848663330078125e+02
1.408026428222656250e+02
9.810118103027343750e+01
5.045302581787109375e+01
8.306277465820312500e+01
3.709419631958007812e+01
1.607454833984375000e+02
7.756708526611328125e+01
1.193154678344726562e+02
1.093098983764648438e+02
3.979454421997070312e+01
1.007574462890625000e+02
1.406896877288818359e+01
3.978968429565429688e+01
6.134593582153320312e+01
1.127537384033203125e+02
1.093733749389648438e+02
8.256317138671875000e+01
9.029585266113281250e+01
2.175654144287109375e+02
5.963123321533203125e+01
6.722423553466796875e+01
1.182694931030273438e+02
1.542844085693359375e+02
2.145046691894531250e+02
1.558607788085937500e+02
1.894939041137695312e+01
5.040931320190429688e+01
3.558097839355468750e+01
5.649674224853515625e+01
1.173571777343750000e+02
1.314802398681640625e+02
1.464329986572265625e+02
5.049172592163085938e+01
4.432604980468750000e+01
8.914026641845703125e+01
9.351457977294921875e+01
5.440121078491210938e+01
1.415654659271240234e+01
8.864000701904296875e+01
1.427252960205078125e+02
1.557671508789062500e+02
7.967581939697265625e+01
1.504906005859375000e+02
1.353390655517578125e+02
7.841899108886718750e+01
8.188466644287109375e+01
9.043539428710937500e+01
1.097088546752929688e+02
1.291935272216796875e+02
9.035240936279296875e+01
3.881902694702148438e+01
4.504111862182617188e+01
8.528192901611328125e+01
8.174765777587890625e+01
5.945590972900390625e+01
1.284426269531250000e+02
7.163251495361328125e+01
5.126507186889648438e+01
1.189634552001953125e+02
5.882505035400390625e+01
5.886889648437500000e+01
6.580113220214843750e+01
9.841920471191406250e+01
7.997463989257812500e+01
1.459775238037109375e+02
8.556853485107421875e+01
8.206374359130859375e+01
3.490542221069335938e+01
8.853363037109375000e+01
1.432759761810302734e+01
5.408398056030273438e+01
8.446343231201171875e+01
1.474699096679687500e+02
4.124552536010742188e+01
2.482132568359375000e+02
3.500125122070312500e+01
1.708665618896484375e+02
7.101938629150390625e+01
1.654714660644531250e+02
5.146009445190429688e+01
2.375112724304199219e+01
1.227257080078125000e+02
1.180796890258789062e+02
9.212882232666015625e+01
8.014672088623046875e+01
9.456743621826171875e+01
8.516853332519531250e+01
6.673630523681640625e+01
1.119856109619140625e+02
1.175849838256835938e+02
5.284528732299804688e+01
1.267432861328125000e+02
1.636620025634765625e+02
1.086716461181640625e+02
6.539511871337890625e+01
1.273977203369140625e+02
1.254662246704101562e+02
1.114671249389648438e+02
2.865936851501464844e+01
9.521559143066406250e+01
8.432662963867187500e+01
5.666004562377929688e+01
5.894330978393554688e+01
3.333668136596679688e+01
1.419924926757812500e+02
5.328764724731445312e+01
1.148372802734375000e+02
5.817120361328125000e+01
8.602326965332031250e+01
1.530569305419921875e+02
8.583613586425781250e+01
4.142744445800781250e+01
1.256003570556640625e+02
1.074719009399414062e+02
1.127406387329101562e+02
1.584370269775390625e+02
7.259868621826171875e+01
8.335931396484375000e+01
6.883203125000000000e+01
9.811577606201171875e+01
1.990378875732421875e+02
1.227249069213867188e+02
8.061519622802734375e+01
4.736731719970703125e+01
1.313707580566406250e+02
6.156361007690429688e+01
2.543444061279296875e+01
8.338993072509765625e+01
8.032921600341796875e+01
1.255943832397460938e+02
5.733886337280273438e+01
8.075565338134765625e+01
1.030673446655273438e+02
9.444572448730468750e+01
1.189215469360351562e+02
6.288221359252929688e+01
1.331483612060546875e+02
2.020850677490234375e+02
8.784843444824218750e+01
1.582592926025390625e+02
7.758563995361328125e+01
6.726383972167968750e+01
1.982561187744140625e+02
1.293224792480468750e+02
1.073719100952148438e+02
8.045381164550781250e+01
1.241885147094726562e+02
3.039313125610351562e+01
6.958343505859375000e+01
7.924211120605468750e+01
1.136098632812500000e+02
9.006136322021484375e+01
1.373973388671875000e+02
8.629477691650390625e+01
2.365088653564453125e+02
1.199424438476562500e+02
1.687518768310546875e+02
1.611155853271484375e+02
6.152255249023437500e+01
6.623262023925781250e+01
7.388225555419921875e+01
5.398006057739257812e+01
2.236522064208984375e+02
1.836096038818359375e+02
2.798033142089843750e+01
1.350509643554687500e+02
1.276890869140625000e+02
9.765803527832031250e+01
1.946105499267578125e+02
3.846854782104492188e+01
5.969482421875000000e+01
1.632104034423828125e+02
1.153018112182617188e+02
6.722768402099609375e+01
1.372766265869140625e+02
1.332287902832031250e+02
2.089182128906250000e+02
1.595930633544921875e+02
9.693287658691406250e+01
9.730306243896484375e+01
6.913332366943359375e+01
6.421195983886718750e+01
4.370051574707031250e+01
1.026519546508789062e+02
1.553185272216796875e+02
8.222496795654296875e+01
1.096732559204101562e+02
2.133852081298828125e+02
9.086838531494140625e+01
1.220619506835937500e+02
2.279505920410156250e+02
9.476052093505859375e+01
9.566198730468750000e+01
1.332903900146484375e+02
1.525333099365234375e+02
7.534229278564453125e+01
9.647154998779296875e+01
9.596508026123046875e+01
5.166888046264648438e+01
1.686242065429687500e+02
9.594026947021484375e+01
1.935959472656250000e+02
9.587361907958984375e+01
8.534294891357421875e+01
1.074412994384765625e+02
1.305863800048828125e+02
9.303625488281250000e+01
7.228623199462890625e+01
2.129301300048828125e+02
1.092468872070312500e+02
1.810854492187500000e+02
6.864452362060546875e+01
8.852165985107421875e+01
1.021063919067382812e+02
1.131454010009765625e+02
5.912764358520507812e+01
3.295574569702148438e+01
7.963460540771484375e+01
1.574836273193359375e+02
2.596345329284667969e+01
6.394776535034179688e+01
9.065234375000000000e+01
1.590774383544921875e+02
1.785639495849609375e+02
1.014387435913085938e+02
7.647736358642578125e+01
8.555748748779296875e+01
8.903121185302734375e+01
4.310866928100585938e+01
3.804646682739257812e+01
1.168945846557617188e+02
1.890306701660156250e+02
1.867241668701171875e+02
5.992432785034179688e+01
1.872190246582031250e+02
9.430849456787109375e+01
1.226224594116210938e+02
1.639507751464843750e+02
4.983135986328125000e+01
9.879824066162109375e+01
1.189302597045898438e+02
1.367411956787109375e+02
1.400911560058593750e+02
9.116136932373046875e+01
1.649977111816406250e+02
7.419240570068359375e+01
2.988670921325683594e+01
1.352237854003906250e+02
1.565279998779296875e+02
6.171670150756835938e+01
1.324314575195312500e+02
9.552321624755859375e+01
8.544330596923828125e+01
1.260979003906250000e+02
6.863747406005859375e+01
7.776859283447265625e+01
5.756834793090820312e+01
7.228174591064453125e+01
9.490258789062500000e+01
6.001954269409179688e+01
1.058768692016601562e+02
1.010365524291992188e+02
1.251509323120117188e+02
5.690828323364257812e+01
5.715658187866210938e+01
1.716669311523437500e+02
6.788391113281250000e+01
7.608006286621093750e+01
5.069982528686523438e+01
1.066906127929687500e+02
1.741262512207031250e+02
1.167313003540039062e+02
9.754335021972656250e+01
8.271160125732421875e+01
9.144318389892578125e+01
1.423993682861328125e+02
1.353028259277343750e+02
1.455613708496093750e+02
6.655755615234375000e+01
9.508461761474609375e+01
3.368516159057617188e+01
1.148624267578125000e+02
4.672402191162109375e+01
1.245504150390625000e+02
1.657336120605468750e+02
4.414103317260742188e+01
1.484890289306640625e+02
1.298094482421875000e+02
8.033116912841796875e+01
7.183075714111328125e+01
2.906268692016601562e+01
9.661406707763671875e+01
7.947290039062500000e+01
1.060332641601562500e+02
8.307925415039062500e+01
1.745794677734375000e+02
7.242539215087890625e+01
6.874157714843750000e+01
3.973302841186523438e+01
3.789110946655273438e+01
1.737309875488281250e+02
5.509655761718750000e+01
5.830288696289062500e+01
2.103563690185546875e+02
1.591103973388671875e+02
1.968291473388671875e+02
3.174925613403320312e+01
8.528985595703125000e+01
2.213149070739746094e+01
1.481373596191406250e+02
1.317319488525390625e+02
6.298472976684570312e+01
9.167189788818359375e+01
9.972896575927734375e+01
8.650357818603515625e+01
9.730226898193359375e+01
4.371589279174804688e+01
1.484813537597656250e+02
3.114213562011718750e+01
1.144013595581054688e+02
6.975272369384765625e+01
8.014637756347656250e+01
6.116505813598632812e+01
9.779762268066406250e+01
9.296019744873046875e+01
2.187739562988281250e+02
4.579871368408203125e+01
8.501747894287109375e+01
1.106188507080078125e+02
1.220330123901367188e+02
8.196225738525390625e+01
1.453967132568359375e+02
3.046936416625976562e+01
1.255215606689453125e+02
7.759033203125000000e+01
2.189459686279296875e+02
1.918592376708984375e+02
7.920927429199218750e+01
4.993157577514648438e+01
8.475911712646484375e+01
8.479487609863281250e+01
1.452865753173828125e+02
1.127145996093750000e+02
3.292820358276367188e+01
1.292301635742187500e+02
7.988586425781250000e+01
1.099771881103515625e+02
2.448132629394531250e+02
7.623748016357421875e+01
1.727557678222656250e+02
1.188205108642578125e+02
1.351357574462890625e+02
2.028291778564453125e+02
1.183944473266601562e+02
8.500980377197265625e+01
9.368910980224609375e+01
4.765599441528320312e+01
8.655895996093750000e+01
1.828350067138671875e+02
1.206363296508789062e+02
9.130290985107421875e+01
7.652907562255859375e+01
1.034962081909179688e+02
6.991579437255859375e+01
1.147182388305664062e+02
4.642509460449218750e+01
1.344545440673828125e+02
6.382769775390625000e+01
6.118081283569335938e+01
2.305553283691406250e+02
9.201811981201171875e+01
1.995210266113281250e+02
9.084763336181640625e+01
3.744482040405273438e+01
1.476904144287109375e+02
7.148012542724609375e+01
1.825823211669921875e+02
5.043668365478515625e+01
9.135652160644531250e+01
5.751204299926757812e+01
8.029094696044921875e+01
9.349282073974609375e+01
1.019448928833007812e+02
1.641008911132812500e+02
1.970747528076171875e+02
4.675434875488281250e+01
5.475097656250000000e+01
4.288470077514648438e+01
1.769711608886718750e+02
3.047178955078125000e+02
1.356645202636718750e+02
1.203245620727539062e+02
5.588045120239257812e+01
4.713958358764648438e+01
7.766810607910156250e+01
9.287352752685546875e+01
8.914373779296875000e+01
8.964149475097656250e+01
1.094766616821289062e+02
1.620736999511718750e+02
6.017188644409179688e+01
1.000179443359375000e+02
5.303043365478515625e+01
1.348951263427734375e+02
1.185523834228515625e+02
8.823805236816406250e+01
7.074642181396484375e+01
9.722960662841796875e+01
2.016950225830078125e+02
9.742162322998046875e+01
7.553811645507812500e+01
3.689990615844726562e+01
3.567542648315429688e+01
1.007209320068359375e+02
1.025187988281250000e+02
3.704394149780273438e+01
1.488025207519531250e+02
3.975571441650390625e+01
1.726316986083984375e+02
1.518668975830078125e+02
4.296926498413085938e+01
7.279683685302734375e+01
9.791006469726562500e+01
6.851570892333984375e+01
6.627508544921875000e+01
1.221187667846679688e+02
8.696942901611328125e+01
7.903097534179687500e+01
2.990500259399414062e+01
1.507606353759765625e+02
1.821487274169921875e+02
2.758132934570312500e+01
8.116724395751953125e+01
1.641995086669921875e+02
7.828495025634765625e+01
1.261849594116210938e+02
1.767915496826171875e+02
1.842649993896484375e+02
1.242849502563476562e+02
1.205935287475585938e+02
1.107299957275390625e+02
1.194561691284179688e+02
9.588558197021484375e+01
9.896843719482421875e+01
1.576322326660156250e+02
1.077581558227539062e+02
1.784050292968750000e+02
1.106623306274414062e+02
1.493083190917968750e+02
6.129699707031250000e+01
7.634688568115234375e+01
5.314356231689453125e+01
6.409293365478515625e+01
5.884723663330078125e+01
5.565452194213867188e+01
1.096625289916992188e+02
7.210083007812500000e+01
5.789493942260742188e+01
7.567408752441406250e+01
1.154830551147460938e+02
1.107783432006835938e+02
1.620524139404296875e+02
1.086047592163085938e+02
4.374686431884765625e+01
8.283428192138671875e+01
8.145777130126953125e+01
9.735827636718750000e+01
6.213424301147460938e+01
4.275363540649414062e+01
7.646691131591796875e+01
4.027495193481445312e+01
7.122280120849609375e+01
6.665321350097656250e+01
1.070439682006835938e+02
2.041065788269042969e+01
1.516819763183593750e+02
1.140633087158203125e+02
1.145560302734375000e+02
2.044483947753906250e+02
6.066095733642578125e+01
1.265271987915039062e+02
1.469623260498046875e+02
1.326893920898437500e+02
8.386685943603515625e+01
7.402222442626953125e+01
7.465348815917968750e+01
7.853555297851562500e+01
9.994136810302734375e+01
8.539094543457031250e+01
1.563295593261718750e+02
8.691341400146484375e+01
9.470301818847656250e+01
5.073418807983398438e+01
