5.903426742553710938e+01
1.352999725341796875e+02
1.541264038085937500e+02
1.602633514404296875e+02
7.332177734375000000e+01
9.566368103027343750e+01
5.723585891723632812e+01
9.648603057861328125e+01
7.382180023193359375e+01
9.323743438720703125e+01
1.102310562133789062e+02
1.666937713623046875e+02
1.624515228271484375e+02
5.767380523681640625e+01
1.109143447875976562e+02
6.896739196777343750e+01
6.814316558837890625e+01
1.303831634521484375e+02
7.958021545410156250e+01
9.536542510986328125e+01
5.420960617065429688e+01
1.107580490112304688e+02
6.285269927978515625e+01
1.197525177001953125e+02
4.349821090698242188e+01
2.338859939575195312e+01
2.061647949218750000e+02
3.774620437622070312e+01
5.273006820678710938e+01
9.052920532226562500e+01
1.058264312744140625e+02
1.993673858642578125e+02
1.139476470947265625e+02
2.415774688720703125e+02
5.552359771728515625e+01
9.870393371582031250e+01
1.819490966796875000e+02
1.523544921875000000e+02
8.321628570556640625e+01
1.299842681884765625e+02
6.521276092529296875e+01
5.558077621459960938e+01
1.051791381835937500e+02
1.020587768554687500e+02
1.134395751953125000e+02
6.407579040527343750e+01
1.141739730834960938e+02
1.124410934448242188e+02
9.714205932617187500e+01
8.197615814208984375e+01
2.385148239135742188e+01
8.217281341552734375e+01
4.852222824096679688e+01
1.720386962890625000e+02
1.643420867919921875e+02
7.500310516357421875e+01
4.907598495483398438e+01
1.582590484619140625e+02
4.305985641479492188e+01
5.353661727905273438e+01
1.092473373413085938e+02
1.246379165649414062e+02
8.458924865722656250e+01
1.064051666259765625e+02
1.295819396972656250e+02
8.118577575683593750e+01
2.630988121032714844e+01
1.274418258666992188e+02
1.144794921875000000e+02
6.884555816650390625e+01
1.073285140991210938e+02
5.727632522583007812e+01
7.100144958496093750e+01
4.504411697387695312e+01
1.303084259033203125e+02
1.640316772460937500e+02
1.117550048828125000e+02
3.566707992553710938e+01
1.059665298461914062e+02
4.145183944702148438e+01
5.605183792114257812e+01
8.493172454833984375e+01
7.714324188232421875e+01
1.730420684814453125e+02
7.056803131103515625e+01
7.679217529296875000e+01
9.864434814453125000e+01
1.120615005493164062e+02
6.647160339355468750e+01
2.493217620849609375e+02
1.755636138916015625e+02
7.206684875488281250e+01
9.595473480224609375e+01
1.026262359619140625e+02
1.063918457031250000e+02
9.846527099609375000e+01
6.620133209228515625e+01
8.631049346923828125e+01
4.299111557006835938e+01
3.098950767517089844e+01
3.492462921142578125e+01
1.456816711425781250e+02
7.313173675537109375e+01
4.052246475219726562e+01
7.723072814941406250e+01
5.200674057006835938e+01
7.393444061279296875e+01
1.500713348388671875e+02
1.412943878173828125e+02
7.711051940917968750e+01
1.019139328002929688e+02
6.418374633789062500e+01
9.763356781005859375e+01
1.518618164062500000e+02
7.736644744873046875e+01
5.720688629150390625e+01
7.058325195312500000e+01
1.215238647460937500e+02
7.911266326904296875e+01
6.617186737060546875e+01
4.634373474121093750e+01
1.235938949584960938e+02
9.838612365722656250e+01
3.604987335205078125e+01
1.297883758544921875e+02
8.728179931640625000e+01
1.081181259155273438e+02
6.617222595214843750e+01
1.247238998413085938e+02
5.281466293334960938e+01
5.810069656372070312e+01
4.857574081420898438e+01
1.405879821777343750e+02
1.375902862548828125e+02
1.387915344238281250e+02
9.762577056884765625e+01
6.142892456054687500e+01
1.014020919799804688e+02
6.210416793823242188e+01
9.467662811279296875e+01
1.503734741210937500e+02
1.337105712890625000e+02
7.996232604980468750e+01
1.818351745605468750e+02
5.480126571655273438e+01
1.454981994628906250e+02
8.433522033691406250e+01
5.410756301879882812e+01
8.213740539550781250e+01
1.373301391601562500e+02
8.199590301513671875e+01
1.698035125732421875e+02
6.903193664550781250e+01
1.051482925415039062e+02
1.086009674072265625e+02
1.031284942626953125e+02
1.095739746093750000e+02
8.481123352050781250e+01
6.392545700073242188e+01
1.336699066162109375e+02
7.601959991455078125e+01
1.400524139404296875e+02
2.309081268310546875e+02
6.988142395019531250e+01
1.645903778076171875e+02
1.260035781860351562e+02
7.234995269775390625e+01
9.259163665771484375e+01
9.094036102294921875e+01
1.645070495605468750e+02
1.223833007812500000e+02
4.691569137573242188e+01
7.499607086181640625e+01
3.611326599121093750e+01
1.566322326660156250e+02
6.456085205078125000e+01
1.222723312377929688e+02
8.378422546386718750e+01
1.106317291259765625e+02
1.460499572753906250e+02
1.337393341064453125e+02
7.000093078613281250e+01
1.614061889648437500e+02
9.084348297119140625e+01
1.741520843505859375e+02
7.628182220458984375e+01
1.018590316772460938e+02
1.060845108032226562e+02
1.273948593139648438e+02
1.409105072021484375e+02
1.096731109619140625e+02
3.727615737915039062e+01
1.875429534912109375e+02
1.499080200195312500e+02
9.797029876708984375e+01
1.391664276123046875e+02
1.123518829345703125e+02
7.010267639160156250e+01
1.196720199584960938e+02
1.053394775390625000e+02
1.261974639892578125e+02
5.863178253173828125e+01
5.535238647460937500e+01
1.218126602172851562e+02
2.104018554687500000e+02
7.378614807128906250e+01
1.234112777709960938e+02
5.980290603637695312e+01
5.543948364257812500e+01
2.684383964538574219e+01
1.238125152587890625e+02
1.068050460815429688e+02
1.277433853149414062e+02
8.058495330810546875e+01
1.016879501342773438e+02
8.660969543457031250e+01
1.532542724609375000e+02
8.943507385253906250e+01
1.068449325561523438e+02
1.166783828735351562e+02
1.045568771362304688e+02
6.567391204833984375e+01
1.570294647216796875e+02
7.009528350830078125e+01
1.036819686889648438e+02
7.864600372314453125e+01
9.772586822509765625e+01
9.062364196777343750e+01
9.530729675292968750e+01
8.120265197753906250e+01
9.358086395263671875e+01
6.296894073486328125e+01
1.766606140136718750e+02
5.949877929687500000e+01
5.211887359619140625e+01
5.990341186523437500e+01
6.221593093872070312e+01
6.341619491577148438e+01
1.448767700195312500e+02
9.563899993896484375e+01
1.101142501831054688e+02
7.284647369384765625e+01
1.410366973876953125e+02
1.236624069213867188e+02
6.578083801269531250e+01
3.176955223083496094e+01
6.892801666259765625e+01
1.321426239013671875e+02
1.461423339843750000e+02
5.340731811523437500e+01
4.976725006103515625e+01
8.380823516845703125e+01
5.962037277221679688e+01
9.503511810302734375e+01
1.140815658569335938e+02
2.986275329589843750e+02
6.936286163330078125e+01
1.812626342773437500e+02
6.249467849731445312e+01
1.110337448120117188e+02
9.861460113525390625e+01
7.641094970703125000e+01
9.273799133300781250e+01
9.389286041259765625e+01
8.071070861816406250e+01
4.897319793701171875e+01
2.516580772399902344e+01
8.966271972656250000e+01
9.546457672119140625e+01
5.786414337158203125e+01
1.459259490966796875e+02
1.800933227539062500e+02
7.733303833007812500e+01
5.503144454956054688e+01
6.626042938232421875e+01
1.035496139526367188e+02
7.401613616943359375e+01
1.038321533203125000e+02
1.730140686035156250e+02
9.079730987548828125e+01
8.977107238769531250e+01
9.782878875732421875e+01
7.389995574951171875e+01
4.547653961181640625e+01
4.942090988159179688e+01
5.166358566284179688e+01
1.080923233032226562e+02
9.107614135742187500e+01
5.372586822509765625e+01
1.694703674316406250e+02
2.291796493530273438e+01
6.725542449951171875e+01
1.119296493530273438e+02
1.423718566894531250e+02
1.170561752319335938e+02
1.227754440307617188e+02
8.974556732177734375e+01
1.050093994140625000e+02
7.197316741943359375e+01
2.049777793884277344e+01
1.816647186279296875e+02
1.006402511596679688e+02
8.363073730468750000e+01
1.161756591796875000e+02
7.065342712402343750e+01
1.606381530761718750e+02
9.640614318847656250e+01
1.894840545654296875e+02
5.668078613281250000e+01
1.772554779052734375e+02
1.307793731689453125e+02
5.128071975708007812e+01
9.268069458007812500e+01
8.830938720703125000e+01
1.323510894775390625e+02
2.132324409484863281e+01
1.135875778198242188e+02
7.889556121826171875e+01
1.731553955078125000e+02
1.089207382202148438e+02
6.415843200683593750e+01
1.213442382812500000e+02
1.462657928466796875e+02
4.282198333740234375e+01
1.317836761474609375e+02
1.029907226562500000e+02
1.323393554687500000e+02
8.453063201904296875e+01
8.985846710205078125e+01
1.565882415771484375e+02
8.715673828125000000e+01
9.704158020019531250e+01
1.273843002319335938e+02
3.569363021850585938e+01
6.629791259765625000e+01
6.408548736572265625e+01
1.615642852783203125e+02
8.932376861572265625e+01
3.825083541870117188e+01
6.893694305419921875e+01
5.820048904418945312e+01
8.966387176513671875e+01
1.477355194091796875e+02
1.091472549438476562e+02
7.905933380126953125e+01
9.055172729492187500e+01
1.432615814208984375e+02
5.390406417846679688e+01
5.141906738281250000e+01
1.188938369750976562e+02
1.273463363647460938e+02
8.336541748046875000e+01
1.427993621826171875e+02
1.788731689453125000e+02
1.233367309570312500e+02
6.834728240966796875e+01
8.482430267333984375e+01
1.847079925537109375e+02
1.427590332031250000e+02
1.286351165771484375e+02
9.610295867919921875e+01
1.254931869506835938e+02
1.027390136718750000e+02
1.442114257812500000e+02
8.010905456542968750e+01
1.134252319335937500e+02
7.066419219970703125e+01
5.755091476440429688e+01
8.129870605468750000e+01
6.638501739501953125e+01
1.007623519897460938e+02
1.723545532226562500e+02
6.097767257690429688e+01
1.575484924316406250e+02
1.508980407714843750e+02
1.080036239624023438e+02
1.336310272216796875e+02
9.634700012207031250e+01
1.737923126220703125e+02
1.156385726928710938e+02
8.016138458251953125e+01
1.117036972045898438e+02
8.522026062011718750e+01
4.186407089233398438e+01
9.043338775634765625e+01
5.873505401611328125e+01
1.161767349243164062e+02
1.239011383056640625e+02
1.131444320678710938e+02
1.374264221191406250e+02
9.915746307373046875e+01
9.615697479248046875e+01
9.226126861572265625e+01
7.977577972412109375e+01
8.947128295898437500e+01
7.484051513671875000e+01
1.536583709716796875e+02
1.405914459228515625e+02
9.115090942382812500e+01
1.165143966674804688e+02
1.175406494140625000e+02
7.979659271240234375e+01
4.747715377807617188e+01
1.051265640258789062e+02
7.344736480712890625e+01
4.042957687377929688e+01
2.036120300292968750e+02
8.720767211914062500e+01
1.661775360107421875e+02
8.166166687011718750e+01
1.891451263427734375e+02
7.856515502929687500e+01
1.132032699584960938e+02
1.086166763305664062e+02
1.184250259399414062e+02
1.167135620117187500e+02
2.234654998779296875e+02
9.540828704833984375e+01
1.065930099487304688e+02
7.577027893066406250e+01
1.641519927978515625e+02
1.002776260375976562e+02
6.706871795654296875e+01
5.169314575195312500e+01
6.092325973510742188e+01
1.567210540771484375e+02
1.349059295654296875e+02
8.241083526611328125e+01
8.974397277832031250e+01
1.429621734619140625e+02
6.060432052612304688e+01
1.134211959838867188e+02
9.404122924804687500e+01
7.090435028076171875e+01
2.123100128173828125e+02
1.236989974975585938e+02
1.625621337890625000e+02
1.187919845581054688e+02
1.104354248046875000e+02
6.149179077148437500e+01
7.429122161865234375e+01
3.935753250122070312e+01
1.847172851562500000e+02
5.362758255004882812e+01
1.095475616455078125e+02
1.377815399169921875e+02
1.765145111083984375e+02
4.974456787109375000e+01
8.376369476318359375e+01
6.053068923950195312e+01
7.584292602539062500e+01
7.193798065185546875e+01
9.957851409912109375e+01
9.297160339355468750e+01
1.031474990844726562e+02
1.052727661132812500e+02
2.180140380859375000e+02
9.397110748291015625e+01
6.712599945068359375e+01
6.599263000488281250e+01
1.150070571899414062e+02
9.707482147216796875e+01
8.317764282226562500e+01
9.782700347900390625e+01
2.041751556396484375e+02
1.200014266967773438e+02
6.294980621337890625e+01
6.758517456054687500e+01
4.765633010864257812e+01
1.351156921386718750e+02
4.046259689331054688e+01
6.272153472900390625e+01
4.483492279052734375e+01
1.061377105712890625e+02
8.661024475097656250e+01
1.753851165771484375e+02
9.047492218017578125e+01
6.059428787231445312e+01
9.516812133789062500e+01
7.556692504882812500e+01
5.564301300048828125e+01
8.804975128173828125e+01
5.908814620971679688e+01
2.191641693115234375e+02
1.593312377929687500e+02
1.457792816162109375e+02
3.732607650756835938e+01
6.400792694091796875e+01
2.120277404785156250e+02
1.447504425048828125e+02
1.227045898437500000e+02
5.983251571655273438e+01
7.564340209960937500e+01
6.960647583007812500e+01
7.526498413085937500e+01
1.072067031860351562e+02
7.668406677246093750e+01
5.409704589843750000e+01
6.769406127929687500e+01
1.293996429443359375e+02
