3.244096755981445312e+00
2.532318830490112305e+00
2.712336301803588867e+00
3.868238449096679688e+00
2.133400440216064453e+00
6.955591678619384766e+00
3.127296447753906250e+00
3.765382766723632812e+00
2.514259576797485352e+00
2.404106140136718750e+00
3.160448074340820312e+00
7.264566898345947266e+00
4.629384040832519531e+00
2.583999395370483398e+00
1.658800482749938965e+00
4.468426704406738281e+00
2.586454153060913086e+00
5.330922603607177734e+00
3.695416688919067383e+00
1.507714390754699707e+00
5.561898708343505859e+00
1.677943110466003418e+00
3.549561738967895508e+00
6.894554138183593750e+00
5.814263820648193359e+00
2.863617897033691406e+00
5.317590236663818359e+00
2.079629182815551758e+00
5.931266307830810547e+00
5.362470149993896484e+00
5.828188896179199219e+00
2.356731176376342773e+00
2.695518493652343750e+00
2.350276470184326172e+00
3.497050046920776367e+00
1.647461175918579102e+00
5.096883296966552734e+00
2.241414070129394531e+00
4.358932018280029297e+00
4.474923610687255859e+00
2.779145956039428711e+00
2.519032955169677734e+00
4.891539096832275391e+00
2.715316772460937500e+00
4.380218982696533203e+00
4.842695236206054688e+00
3.476634263992309570e+00
3.929778814315795898e+00
5.556466102600097656e+00
6.043417453765869141e+00
2.373080968856811523e+00
3.844465017318725586e+00
4.732840061187744141e+00
5.260943412780761719e+00
5.684533596038818359e+00
1.799682021141052246e+00
4.962599277496337891e+00
3.531427860260009766e+00
5.323980808258056641e+00
2.076827526092529297e+00
3.170231580734252930e+00
3.277241468429565430e+00
5.065908432006835938e+00
3.323159456253051758e+00
1.892776131629943848e+00
7.860048770904541016e+00
6.409343481063842773e-01
2.158283710479736328e+00
6.280465126037597656e+00
3.519619464874267578e+00
2.235355138778686523e+00
1.436729192733764648e+00
2.905008077621459961e+00
4.915702342987060547e+00
3.154695987701416016e+00
3.912240743637084961e+00
2.650366783142089844e+00
4.152400493621826172e+00
2.877491235733032227e+00
4.795723438262939453e+00
7.436870932579040527e-01
1.251878380775451660e+00
4.278396129608154297e+00
2.137727975845336914e+00
3.424383640289306641e+00
1.746053695678710938e+00
4.289569854736328125e+00
4.369648456573486328e+00
2.617214441299438477e+00
4.759702205657958984e+00
3.607878923416137695e+00
8.281885385513305664e-01
2.937501430511474609e+00
2.010762453079223633e+00
2.654684782028198242e+00
4.235350608825683594e+00
3.939079761505126953e+00
6.390781402587890625e+00
1.667726159095764160e+00
2.740954399108886719e+00
3.028172254562377930e+00
3.726826190948486328e+00
3.619028568267822266e+00
3.945985555648803711e+00
4.067341327667236328e+00
4.763247489929199219e+00
1.682350158691406250e+00
4.130746364593505859e+00
2.975236654281616211e+00
4.387828350067138672e+00
3.412807941436767578e+00
3.722453355789184570e+00
4.287724494934082031e+00
3.106134891510009766e+00
4.974864482879638672e+00
1.817170739173889160e+00
5.084966182708740234e+00
2.987354040145874023e+00
6.906654238700866699e-01
3.949053525924682617e+00
2.323328733444213867e+00
3.661748886108398438e+00
3.928119421005249023e+00
5.918005466461181641e+00
3.942933797836303711e+00
2.473007678985595703e+00
4.859737873077392578e+00
8.443833589553833008e-01
4.022890090942382812e+00
5.180975437164306641e+00
6.905681133270263672e+00
4.349689960479736328e+00
5.603177070617675781e+00
3.475271701812744141e+00
6.548644542694091797e+00
6.746036410331726074e-01
2.235605478286743164e+00
4.065782070159912109e+00
3.412710905075073242e+00
5.573224067687988281e+00
7.203258037567138672e+00
3.045857667922973633e+00
4.416565895080566406e+00
2.554593563079833984e+00
3.053053379058837891e+00
4.035951137542724609e+00
2.841549158096313477e+00
3.363951921463012695e+00
1.243711471557617188e+00
5.300466537475585938e+00
2.918049097061157227e+00
1.568578600883483887e+00
7.187717556953430176e-01
5.241302013397216797e+00
1.918063163757324219e+00
4.460981369018554688e+00
2.014707326889038086e+00
3.375987291336059570e+00
3.188112020492553711e+00
4.815484523773193359e+00
3.267590284347534180e+00
1.768196940422058105e+00
1.652948617935180664e+00
1.026073455810546875e+00
2.700392484664916992e+00
4.079102993011474609e+00
3.085447072982788086e+00
6.497460842132568359e+00
1.788483977317810059e+00
1.931221961975097656e+00
2.019905328750610352e+00
2.606173992156982422e+00
2.539740324020385742e+00
4.443019390106201172e+00
1.517960786819458008e+00
1.257276177406311035e+00
2.194365739822387695e+00
2.738891124725341797e+00
3.277303695678710938e+00
2.266901969909667969e+00
3.782026290893554688e+00
1.906883239746093750e+00
2.728473424911499023e+00
2.626451730728149414e+00
3.456352233886718750e+00
2.772483110427856445e+00
5.322131156921386719e+00
1.082137107849121094e+00
5.009854316711425781e+00
2.296701192855834961e+00
4.229098796844482422e+00
4.089328289031982422e+00
1.339576363563537598e+00
1.901258468627929688e+00
4.295455932617187500e+00
3.475958585739135742e+00
3.549240589141845703e+00
6.022953033447265625e+00
2.793627500534057617e+00
4.472589969635009766e+00
1.953368186950683594e+00
9.308376312255859375e-01
2.376729011535644531e+00
3.489144086837768555e+00
3.312216281890869141e+00
3.854849338531494141e+00
3.282404422760009766e+00
3.674158811569213867e+00
4.245613574981689453e+00
4.951100349426269531e+00
3.544440984725952148e+00
3.495769262313842773e+00
6.780379772186279297e+00
5.366671085357666016e+00
1.498839259147644043e+00
9.959482550621032715e-01
4.069481849670410156e+00
2.747894048690795898e+00
4.114079475402832031e+00
3.785755634307861328e+00
6.594805240631103516e+00
6.922936439514160156e-01
3.708652973175048828e+00
3.887755632400512695e+00
2.916529893875122070e+00
5.402424812316894531e+00
8.444537162780761719e+00
1.876532196998596191e+00
1.507626771926879883e+00
2.914248228073120117e+00
4.947934627532958984e+00
2.143416643142700195e+00
3.241326570510864258e+00
1.878472685813903809e+00
1.608508110046386719e+00
2.531744956970214844e+00
2.796084165573120117e+00
1.940888404846191406e+00
9.334473609924316406e-01
1.669069170951843262e+00
5.420318126678466797e+00
7.642261028289794922e+00
3.205404758453369141e+00
4.149396896362304688e+00
7.709133148193359375e+00
5.424575805664062500e+00
6.188998699188232422e+00
2.800356149673461914e+00
2.794874906539916992e+00
2.087752103805541992e+00
2.393301010131835938e+00
5.549851894378662109e+00
2.252631425857543945e+00
3.080854415893554688e+00
2.894868135452270508e+00
5.639384269714355469e+00
3.961498260498046875e+00
2.025751590728759766e+00
5.695596218109130859e+00
6.968881130218505859e+00
2.904860258102416992e+00
3.062168121337890625e+00
3.229797124862670898e+00
5.996581554412841797e+00
9.202064871788024902e-01
6.825630187988281250e+00
3.177680969238281250e+00
5.539442539215087891e+00
8.063584566116333008e-01
2.970174312591552734e+00
8.219583630561828613e-01
5.217876434326171875e-01
4.662190914154052734e+00
8.449461936950683594e+00
5.574827194213867188e+00
6.029686927795410156e-01
3.920293092727661133e+00
3.343845129013061523e+00
3.576747894287109375e+00
4.222440719604492188e+00
1.702558875083923340e+00
4.029030799865722656e+00
3.040151596069335938e+00
3.746624469757080078e+00
2.354382276535034180e+00
3.729369878768920898e+00
1.271639823913574219e+00
4.851585865020751953e+00
2.740201234817504883e+00
3.091901063919067383e+00
2.022715330123901367e+00
2.446240425109863281e+00
3.513032197952270508e+00
2.898049354553222656e+00
3.203740358352661133e+00
1.486483931541442871e+00
4.968757629394531250e+00
1.756977438926696777e+00
2.502966880798339844e+00
3.396923542022705078e+00
4.042425155639648438e+00
5.580245018005371094e+00
1.624219894409179688e+00
2.135865449905395508e+00
5.866123676300048828e+00
1.827345848083496094e+00
5.813858509063720703e+00
3.212624311447143555e+00
7.733071446418762207e-01
4.953134059906005859e+00
3.594435453414916992e+00
7.749727368354797363e-01
3.589009523391723633e+00
4.226877212524414062e+00
2.297775983810424805e+00
6.349507570266723633e-01
5.421102046966552734e+00
4.914653301239013672e+00
4.624537944793701172e+00
1.287284016609191895e+00
2.406343460083007812e+00
1.188328981399536133e+00
5.065665721893310547e+00
2.178615093231201172e+00
5.196628093719482422e+00
4.481873989105224609e+00
1.617021918296813965e+00
4.621929168701171875e+00
1.748596429824829102e+00
4.722272396087646484e+00
6.320821762084960938e+00
2.887711286544799805e+00
2.993160009384155273e+00
1.412321686744689941e+00
2.411818504333496094e+00
1.455252528190612793e+00
5.541554450988769531e+00
3.945938825607299805e+00
2.948942899703979492e+00
1.373909235000610352e+00
3.012866735458374023e+00
3.165203809738159180e+00
4.966338634490966797e+00
3.904996871948242188e+00
1.865226030349731445e+00
3.299800634384155273e+00
3.696972370147705078e+00
2.572057962417602539e+00
4.563497543334960938e+00
5.566939353942871094e+00
1.442093253135681152e+00
3.244883298873901367e+00
5.542994976043701172e+00
4.164965629577636719e+00
2.679858207702636719e+00
3.481117725372314453e+00
2.474809408187866211e+00
3.467128753662109375e+00
2.970592498779296875e+00
3.294231176376342773e+00
2.228406667709350586e+00
9.909664988517761230e-01
1.159627318382263184e+00
4.539672374725341797e+00
1.963688731193542480e+00
2.578671455383300781e+00
5.418879985809326172e+00
4.947947025299072266e+00
4.571201324462890625e+00
2.369825839996337891e+00
4.035399436950683594e+00
2.909501552581787109e+00
7.058485746383666992e-01
1.119607806205749512e+00
3.439746856689453125e+00
1.805225372314453125e+00
1.704335808753967285e+00
3.873566865921020508e+00
4.359370708465576172e+00
7.047948360443115234e+00
3.371341705322265625e+00
1.785434365272521973e+00
3.651244878768920898e+00
2.072634458541870117e+00
1.956971406936645508e+00
3.058988571166992188e+00
3.452186584472656250e+00
5.040515899658203125e+00
4.063559532165527344e+00
3.295575857162475586e+00
5.462852478027343750e+00
2.966794490814208984e+00
3.125481367111206055e+00
6.145513057708740234e+00
4.511348247528076172e+00
2.785263776779174805e+00
2.637926578521728516e+00
3.103381633758544922e+00
3.350329637527465820e+00
3.063946247100830078e+00
2.222980260848999023e+00
1.841803193092346191e+00
3.312415361404418945e+00
2.959725141525268555e+00
3.971719503402709961e+00
4.587424755096435547e+00
5.098715305328369141e+00
3.981820821762084961e+00
3.315138578414916992e+00
1.188005685806274414e+00
4.267268180847167969e+00
5.387075424194335938e+00
3.212984085083007812e+00
3.780285358428955078e+00
4.987158298492431641e+00
8.105340003967285156e-01
1.387901067733764648e+00
3.670660734176635742e+00
3.487927675247192383e+00
4.307730674743652344e+00
3.468989133834838867e+00
2.730958938598632812e+00
3.316264867782592773e+00
4.135383605957031250e+00
1.922874093055725098e+00
4.750218868255615234e+00
2.962467670440673828e+00
1.408644437789916992e+00
3.408638715744018555e+00
1.769447326660156250e+00
4.159468173980712891e+00
3.897076129913330078e+00
5.992671489715576172e+00
4.259822368621826172e+00
1.509093761444091797e+00
3.067987918853759766e+00
5.100437641143798828e+00
3.921721696853637695e+00
3.279376268386840820e+00
2.909878492355346680e+00
3.166048049926757812e+00
3.549029111862182617e+00
6.056624412536621094e+00
4.122007846832275391e+00
9.360134124755859375e+00
9.134630560874938965e-01
3.285372495651245117e+00
4.718795299530029297e+00
3.060535192489624023e+00
3.291411638259887695e+00
6.082719326019287109e+00
1.766544222831726074e+00
1.840387225151062012e+00
2.275500059127807617e+00
2.799030303955078125e+00
4.744259834289550781e+00
4.860529899597167969e+00
3.162768125534057617e+00
3.422224760055541992e+00
2.563081264495849609e+00
3.457616090774536133e+00
3.745560884475708008e+00
3.952362060546875000e+00
4.258427619934082031e+00
3.032155513763427734e+00
3.051771640777587891e+00
2.860684871673583984e+00
1.729762434959411621e+00
2.008852481842041016e+00
2.945013284683227539e+00
6.201316356658935547e+00
4.720282554626464844e+00
4.278727054595947266e+00
2.323501586914062500e+00
6.842891693115234375e+00
3.816212415695190430e+00
3.887086868286132812e+00
6.663060188293457031e+00
7.451038360595703125e+00
2.531481742858886719e+00
1.099998831748962402e+00
4.733836174011230469e+00
2.091439008712768555e+00
2.092684745788574219e+00
2.826471090316772461e+00
4.460956096649169922e+00
1.410037159919738770e+00
1.718812942504882812e+00
7.114104747772216797e+00
3.577916383743286133e+00
2.048043727874755859e+00
3.497165679931640625e+00
1.934342980384826660e+00
5.419010162353515625e+00
3.766388654708862305e+00
4.485751628875732422e+00
1.967079043388366699e+00
3.866065740585327148e+00
1.859268426895141602e+00
5.486162185668945312e+00
