4.029202461242675781e+00
3.860150575637817383e+00
9.298697471618652344e+00
2.731165170669555664e+00
3.726016283035278320e+00
6.998439431190490723e-01
4.199477672576904297e+00
7.913611888885498047e+00
3.220177412033081055e+00
2.167177200317382812e+00
2.112780809402465820e+00
6.196137666702270508e-01
3.272527694702148438e+00
4.626324176788330078e+00
2.094262361526489258e+00
1.716043710708618164e+00
3.637684583663940430e+00
4.305309772491455078e+00
2.761621236801147461e+00
6.089581966400146484e+00
3.898032903671264648e+00
7.759296298027038574e-01
2.154813766479492188e+00
3.290742874145507812e+00
2.561851501464843750e+00
6.420909881591796875e+00
2.661043167114257812e+00
3.195751428604125977e+00
2.330032587051391602e+00
4.723112583160400391e+00
3.370946884155273438e+00
1.522798776626586914e+00
3.467020511627197266e+00
4.213607311248779297e+00
1.826667428016662598e+00
3.510159730911254883e+00
3.891246557235717773e+00
4.654983043670654297e+00
4.941573619842529297e+00
2.529985427856445312e+00
4.309041023254394531e+00
4.194329738616943359e+00
4.686137199401855469e+00
5.910399913787841797e+00
4.040759563446044922e+00
2.771963596343994141e+00
1.337661147117614746e+00
2.082166433334350586e+00
4.384907245635986328e+00
3.354591369628906250e+00
4.840139389038085938e+00
4.425449848175048828e+00
2.696431875228881836e+00
2.923509120941162109e+00
5.761322498321533203e+00
2.918965816497802734e+00
3.849721193313598633e+00
2.459439992904663086e+00
3.459725141525268555e+00
5.367198467254638672e+00
2.458487749099731445e+00
2.191790342330932617e+00
2.156843900680541992e+00
2.138932943344116211e+00
1.853068947792053223e+00
2.287757158279418945e+00
3.664386034011840820e+00
4.658435821533203125e+00
1.672389030456542969e+00
5.143990993499755859e+00
2.051031589508056641e+00
3.805868864059448242e+00
3.848600149154663086e+00
2.881335973739624023e+00
5.044734001159667969e+00
3.688224077224731445e+00
2.582228660583496094e+00
2.016731023788452148e+00
3.265494585037231445e+00
4.888701915740966797e+00
1.993160128593444824e+00
4.730937480926513672e+00
1.775346398353576660e+00
2.480689764022827148e+00
3.160757064819335938e+00
5.205560207366943359e+00
3.544650316238403320e+00
5.046126842498779297e+00
4.773841381072998047e+00
2.885483741760253906e+00
1.343846678733825684e+00
6.182359218597412109e+00
3.049057483673095703e+00
3.552264451980590820e+00
2.950355291366577148e+00
2.502950191497802734e+00
4.655895233154296875e+00
1.700558066368103027e+00
2.031274318695068359e+00
5.590944886207580566e-01
4.833470821380615234e+00
4.068093299865722656e+00
1.913143515586853027e+00
3.668186902999877930e+00
1.031018972396850586e+00
2.928545713424682617e+00
2.183395385742187500e+00
4.079085826873779297e+00
1.857966423034667969e+00
1.720392227172851562e+00
4.755383968353271484e+00
1.834897041320800781e+00
1.280401587486267090e+00
3.031649589538574219e+00
3.399919986724853516e+00
4.010053157806396484e+00
4.888356208801269531e+00
4.409461975097656250e+00
3.218508243560791016e+00
2.713923931121826172e+00
4.614612102508544922e+00
6.212310314178466797e+00
2.729847669601440430e+00
6.163137435913085938e+00
1.502907156944274902e+00
1.534951090812683105e+00
4.548373699188232422e+00
4.057103633880615234e+00
8.574007153511047363e-01
4.604311943054199219e+00
1.328513860702514648e+00
2.445750236511230469e+00
1.798576593399047852e+00
3.541807889938354492e+00
2.014543294906616211e+00
7.407646179199218750e-01
4.251597881317138672e+00
4.443374156951904297e+00
2.567777872085571289e+00
2.759051084518432617e+00
3.041079282760620117e+00
3.775986909866333008e+00
3.389647006988525391e+00
2.920643329620361328e+00
1.488167196512222290e-01
1.135042905807495117e+00
2.681524515151977539e+00
1.164300203323364258e+00
3.252773284912109375e+00
5.432944774627685547e+00
4.900928020477294922e+00
3.330104112625122070e+00
3.221122026443481445e+00
2.869649410247802734e+00
2.634646177291870117e+00
2.835302114486694336e+00
1.809096217155456543e+00
3.206538438796997070e+00
3.911892414093017578e+00
2.633520603179931641e+00
2.732025861740112305e+00
6.029826641082763672e+00
2.931150436401367188e+00
5.236203670501708984e+00
5.572718620300292969e+00
5.409316539764404297e+00
2.328783750534057617e+00
5.330822944641113281e+00
1.273934125900268555e+00
1.531390547752380371e+00
2.603103399276733398e+00
1.088950753211975098e+00
2.191551923751831055e+00
4.945767879486083984e+00
2.988186597824096680e+00
3.401959657669067383e+00
2.568418502807617188e+00
2.092831134796142578e+00
5.057653427124023438e+00
5.027568340301513672e+00
2.391242265701293945e+00
3.819585084915161133e+00
5.885399818420410156e+00
3.905759811401367188e+00
4.028878688812255859e+00
1.304440498352050781e+00
6.805830478668212891e+00
4.722404479980468750e+00
4.183107852935791016e+00
1.005464076995849609e+00
1.973558306694030762e+00
1.553182244300842285e+00
2.899024724960327148e+00
4.734666347503662109e+00
4.079864025115966797e+00
1.203375220298767090e+00
4.229104518890380859e+00
1.395145893096923828e+00
6.500800609588623047e+00
5.355815291404724121e-01
4.942325592041015625e+00
2.774719953536987305e+00
1.822449088096618652e+00
1.853920936584472656e+00
2.627145528793334961e+00
2.904009103775024414e+00
3.989458560943603516e+00
2.500999927520751953e+00
1.494343996047973633e+00
4.578431606292724609e+00
7.613113522529602051e-01
4.977071762084960938e+00
2.497537374496459961e+00
2.590228796005249023e+00
1.864528298377990723e+00
4.448881149291992188e+00
4.318426132202148438e+00
1.557110548019409180e+00
7.315309047698974609e-01
1.703122138977050781e+00
2.172640562057495117e+00
2.626647710800170898e+00
3.223946809768676758e+00
2.698925256729125977e+00
2.371089696884155273e+00
4.006128787994384766e+00
1.580778598785400391e+00
4.475171089172363281e+00
6.071778297424316406e+00
2.941433191299438477e+00
3.734453916549682617e+00
3.220092773437500000e+00
5.601234912872314453e+00
1.900748848915100098e+00
2.783637046813964844e+00
4.345819473266601562e+00
2.756412029266357422e+00
1.332439064979553223e+00
4.212872505187988281e+00
3.146255970001220703e+00
2.847063302993774414e+00
1.962566256523132324e+00
3.714385986328125000e+00
1.955969095230102539e+00
4.260086059570312500e+00
3.242710590362548828e+00
1.918037652969360352e+00
3.720008611679077148e+00
4.859142303466796875e+00
2.507123708724975586e+00
6.708580970764160156e+00
4.650967121124267578e+00
3.144914150238037109e+00
2.948674201965332031e+00
3.491532564163208008e+00
3.243147611618041992e+00
3.338374376296997070e+00
1.845829844474792480e+00
5.195088863372802734e+00
2.111186504364013672e+00
2.484534978866577148e+00
2.865691900253295898e+00
3.664260149002075195e+00
1.660963892936706543e+00
1.706899285316467285e+00
3.478559255599975586e+00
3.571806430816650391e+00
4.633028984069824219e+00
2.882483482360839844e+00
3.415461778640747070e+00
3.201568365097045898e+00
3.876628875732421875e+00
2.316143512725830078e+00
3.704860687255859375e+00
5.414315223693847656e+00
3.595447540283203125e+00
1.354422569274902344e+00
3.741608858108520508e+00
5.122581005096435547e+00
2.096424818038940430e+00
3.403797149658203125e+00
4.705110073089599609e+00
3.031739950180053711e+00
2.023044586181640625e+00
3.762008666992187500e+00
4.951422810554504395e-01
7.469948768615722656e+00
3.389348268508911133e+00
3.228561878204345703e+00
4.978477478027343750e+00
3.990843296051025391e+00
5.320683479309082031e+00
3.755287170410156250e+00
3.735795259475708008e+00
1.944454431533813477e+00
4.227808475494384766e+00
3.163519144058227539e+00
1.413389563560485840e+00
2.895253181457519531e+00
5.159978389739990234e+00
4.606774806976318359e+00
2.332429409027099609e+00
2.079368829727172852e+00
4.086526393890380859e+00
4.645688056945800781e+00
5.429265022277832031e+00
2.933957815170288086e+00
1.519637942314147949e+00
2.209789991378784180e+00
5.089999198913574219e+00
1.750496745109558105e+00
2.193938016891479492e+00
3.612133502960205078e+00
4.287954807281494141e+00
4.101657390594482422e+00
1.589851737022399902e+00
6.183469772338867188e+00
4.352068901062011719e+00
4.289884567260742188e+00
1.693056464195251465e+00
3.807296514511108398e+00
3.013952016830444336e+00
1.179985284805297852e+00
3.735745668411254883e+00
4.544679641723632812e+00
2.703087568283081055e+00
4.199310302734375000e+00
3.623008012771606445e+00
3.627350330352783203e+00
4.329639911651611328e+00
2.686357259750366211e+00
3.686635732650756836e+00
4.460387229919433594e+00
2.219698429107666016e+00
3.225635290145874023e+00
2.785092830657958984e+00
3.968421220779418945e+00
2.414754390716552734e+00
1.973424911499023438e+00
3.644722700119018555e+00
3.902917623519897461e+00
2.313382387161254883e+00
2.821887016296386719e+00
3.723277330398559570e+00
1.726063609123229980e+00
2.677360057830810547e+00
3.669649839401245117e+00
3.345361471176147461e+00
3.710156202316284180e+00
3.219730377197265625e+00
4.317905426025390625e+00
1.141221046447753906e+00
2.064430952072143555e+00
6.651646614074707031e+00
2.230798244476318359e+00
5.318564891815185547e+00
3.802333116531372070e+00
7.631331920623779297e+00
1.451554656028747559e+00
5.126682281494140625e+00
4.584271907806396484e+00
4.749435901641845703e+00
2.166334867477416992e+00
9.864436388015747070e-01
2.223835229873657227e+00
3.497871398925781250e+00
2.269925832748413086e+00
1.773450493812561035e+00
2.575725317001342773e+00
3.676542997360229492e+00
4.109890460968017578e+00
6.476098060607910156e+00
1.571895360946655273e+00
4.827020168304443359e+00
4.078716754913330078e+00
2.793946266174316406e+00
2.694624423980712891e+00
3.859228849411010742e+00
2.987739324569702148e+00
4.437072753906250000e+00
2.042655706405639648e+00
2.477761268615722656e+00
3.918368577957153320e+00
1.571968436241149902e+00
4.508468627929687500e+00
8.107658624649047852e-01
3.458770751953125000e+00
8.331715583801269531e+00
1.861339807510375977e+00
6.122733116149902344e+00
4.140359401702880859e+00
5.509381771087646484e+00
2.659544467926025391e+00
2.051483869552612305e+00
4.755759239196777344e+00
5.013755798339843750e+00
3.827625036239624023e+00
2.839514493942260742e+00
3.465341329574584961e+00
3.027413606643676758e+00
1.799429297447204590e+00
4.960462570190429688e+00
7.472099304199218750e+00
3.226704835891723633e+00
1.911375403404235840e+00
7.182382106781005859e+00
2.622560501098632812e+00
1.459886908531188965e+00
2.883413076400756836e+00
1.143310546875000000e+00
7.738852024078369141e+00
2.640636682510375977e+00
4.428730010986328125e+00
1.690180063247680664e+00
1.382658839225769043e+00
5.284742355346679688e+00
3.008352518081665039e+00
5.413125514984130859e+00
1.676255464553833008e+00
6.105576038360595703e+00
2.203469514846801758e+00
2.706918478012084961e+00
4.652746677398681641e+00
5.416646957397460938e+00
1.421707510948181152e+00
3.846200704574584961e+00
8.580656051635742188e-01
2.759327650070190430e+00
1.922140359878540039e+00
1.274688839912414551e+00
3.184571266174316406e+00
4.450651168823242188e+00
3.371250867843627930e+00
4.826193809509277344e+00
7.781032085418701172e+00
3.173144340515136719e+00
1.152432918548583984e+00
2.513158559799194336e+00
2.847702980041503906e+00
3.043416738510131836e+00
2.723146915435791016e+00
4.199437618255615234e+00
5.608729362487792969e+00
6.208468437194824219e+00
5.625366687774658203e+00
2.866487264633178711e+00
2.811979055404663086e+00
1.461836099624633789e+00
4.795519351959228516e+00
5.659448146820068359e+00
2.156440973281860352e+00
2.286446571350097656e+00
4.009313106536865234e+00
1.735424995422363281e+00
7.189955711364746094e-01
3.040316581726074219e+00
4.515396118164062500e+00
4.909893035888671875e+00
2.531289815902709961e+00
2.998590469360351562e+00
2.443199872970581055e+00
2.658403158187866211e+00
4.276268959045410156e+00
1.619031548500061035e+00
1.949465632438659668e+00
8.931545257568359375e+00
3.482897996902465820e+00
6.267337322235107422e+00
2.807030677795410156e+00
4.156094074249267578e+00
2.200586318969726562e+00
5.261852264404296875e+00
3.348386526107788086e+00
1.272385954856872559e+00
5.846904277801513672e+00
3.174616336822509766e+00
3.962550401687622070e+00
3.891246557235717773e+00
3.784547567367553711e+00
5.205117702484130859e+00
2.913170814514160156e+00
1.510915279388427734e+00
1.495871424674987793e+00
3.167710542678833008e+00
5.833943843841552734e+00
4.459849834442138672e+00
4.096454143524169922e+00
1.453345775604248047e+00
3.160847663879394531e+00
2.596896171569824219e+00
2.292778968811035156e+00
8.812732696533203125e-01
5.242718219757080078e+00
3.736325502395629883e+00
6.433188319206237793e-01
4.657205581665039062e+00
2.159986257553100586e+00
4.604979515075683594e+00
3.265528917312622070e+00
5.219649314880371094e+00
