6.089396476745605469e-01
2.823610782623291016e+00
2.513546466827392578e+00
3.308102130889892578e+00
1.402612090110778809e+00
5.765765666961669922e+00
4.052265167236328125e+00
3.695387363433837891e+00
3.574624300003051758e+00
2.561370611190795898e+00
1.843173265457153320e+00
1.576742053031921387e+00
4.785756587982177734e+00
3.774704694747924805e+00
4.229763507843017578e+00
2.336791038513183594e+00
1.933248877525329590e+00
2.255023241043090820e+00
4.927932262420654297e+00
5.828309535980224609e+00
1.977460503578186035e+00
3.494444608688354492e+00
5.059873104095458984e+00
2.587708234786987305e+00
3.571877002716064453e+00
2.841688871383666992e+00
3.562916517257690430e+00
5.642333507537841797e+00
2.938532590866088867e+00
9.376894831657409668e-01
4.406398773193359375e+00
5.320727825164794922e+00
9.019222259521484375e-01
1.864273428916931152e+00
3.244295597076416016e+00
3.313281297683715820e+00
4.121607303619384766e+00
4.236629486083984375e+00
1.172912597656250000e+00
3.082836389541625977e+00
3.815811634063720703e+00
2.662267923355102539e+00
6.541533946990966797e+00
6.321809887886047363e-01
2.600753784179687500e+00
3.953208923339843750e+00
2.036506175994873047e+00
1.126111030578613281e+00
5.050623893737792969e+00
2.039529561996459961e+00
3.397902011871337891e+00
3.306218862533569336e+00
1.319288849830627441e+00
4.716058254241943359e+00
4.852753639221191406e+00
1.953889131546020508e+00
3.861437559127807617e+00
4.382107257843017578e+00
3.649517059326171875e+00
6.296657085418701172e+00
5.669640898704528809e-01
3.476380586624145508e+00
2.585411310195922852e+00
2.372784376144409180e+00
2.175024986267089844e+00
2.548263788223266602e+00
5.065458297729492188e+00
3.844871997833251953e+00
3.561384677886962891e+00
7.061828136444091797e+00
5.369984626770019531e+00
2.378391027450561523e+00
4.507353901863098145e-01
3.609726667404174805e+00
2.827911853790283203e+00
5.772937774658203125e+00
3.449814558029174805e+00
4.265768527984619141e+00
9.846749305725097656e-01
3.708553075790405273e+00
2.609438657760620117e+00
4.891700267791748047e+00
2.983365297317504883e+00
2.083894014358520508e+00
1.637060999870300293e+00
4.218127727508544922e+00
1.771282196044921875e+00
5.332043647766113281e+00
6.193673610687255859e+00
5.838782787322998047e+00
4.625850200653076172e+00
2.598682165145874023e+00
4.570184230804443359e+00
4.101507186889648438e+00
2.550169706344604492e+00
3.762960433959960938e+00
3.264381885528564453e+00
3.937923431396484375e+00
2.288504362106323242e+00
2.221123218536376953e+00
1.088152408599853516e+00
1.772699236869812012e+00
5.343342304229736328e+00
3.461557388305664062e+00
1.687072038650512695e+00
1.504607081413269043e+00
2.846699476242065430e+00
6.813899874687194824e-01
1.934761643409729004e+00
2.678548574447631836e+00
1.566605806350708008e+00
3.285402059555053711e+00
9.317344665527343750e+00
1.054772496223449707e+00
3.983850955963134766e+00
4.050901412963867188e+00
4.545058727264404297e+00
3.984602689743041992e+00
1.378357291221618652e+00
3.969759702682495117e+00
1.201880812644958496e+00
3.459127902984619141e+00
4.297194480895996094e+00
4.237729549407958984e+00
1.476413130760192871e+00
2.737239837646484375e+00
5.116326332092285156e+00
4.929418087005615234e+00
2.496793031692504883e+00
1.127691149711608887e+00
2.295557737350463867e+00
3.867201328277587891e+00
5.031953811645507812e+00
3.751656293869018555e+00
3.323779821395874023e+00
4.206244468688964844e+00
4.464666843414306641e+00
2.964487552642822266e+00
4.723142623901367188e+00
3.801828384399414062e+00
3.043677091598510742e+00
3.641206026077270508e+00
4.415795326232910156e+00
4.841882705688476562e+00
3.248165130615234375e+00
3.606882572174072266e+00
5.790923595428466797e+00
7.959021925926208496e-01
8.135874748229980469e+00
2.295150518417358398e+00
3.874673128128051758e+00
3.830037832260131836e+00
8.537104725837707520e-01
1.512961030006408691e+00
3.206550359725952148e+00
1.505431175231933594e+00
9.180289506912231445e-01
4.247018814086914062e+00
5.131555557250976562e+00
4.959632873535156250e+00
2.514466762542724609e+00
3.437589406967163086e+00
5.679110527038574219e+00
4.697983264923095703e+00
1.892260432243347168e+00
4.270638942718505859e+00
5.109094619750976562e+00
3.657378911972045898e+00
1.884997248649597168e+00
2.125203132629394531e+00
2.560660123825073242e+00
3.349637985229492188e+00
2.570526599884033203e+00
4.441292285919189453e+00
2.783735990524291992e+00
3.422302246093750000e+00
3.051484823226928711e+00
7.453659057617187500e+00
2.665439367294311523e+00
4.533731460571289062e+00
4.901905059814453125e+00
3.074455022811889648e+00
2.831647872924804688e+00
3.011232137680053711e+00
1.425964593887329102e+00
3.508924245834350586e+00
2.165120124816894531e+00
3.495866537094116211e+00
3.702307939529418945e+00
2.534650802612304688e+00
1.611869692802429199e+00
4.707896232604980469e+00
4.271428108215332031e+00
2.561170339584350586e+00
1.883765459060668945e+00
2.419084787368774414e+00
5.893371105194091797e+00
4.846363544464111328e+00
3.204020738601684570e+00
4.907059192657470703e+00
8.463179469108581543e-01
3.900591373443603516e+00
1.715731978416442871e+00
2.833305358886718750e+00
2.049646139144897461e+00
4.685741901397705078e+00
4.771328449249267578e+00
3.112088680267333984e+00
1.064144849777221680e+00
2.480202436447143555e+00
1.421162009239196777e+00
8.958143591880798340e-01
1.801257729530334473e+00
3.176605463027954102e+00
3.087172269821166992e+00
2.770050048828125000e+00
2.731215238571166992e+00
3.011120557785034180e+00
1.499583125114440918e+00
7.269980907440185547e+00
4.534502029418945312e+00
2.914537668228149414e+00
1.915164351463317871e+00
4.148524761199951172e+00
4.379090785980224609e+00
2.884081363677978516e+00
2.686103820800781250e+00
5.610471248626708984e+00
3.784443616867065430e+00
4.391552925109863281e+00
5.483705043792724609e+00
1.730345368385314941e+00
3.999187469482421875e+00
2.238573551177978516e+00
1.944344162940979004e+00
4.893019676208496094e+00
1.133366465568542480e+00
3.529032468795776367e+00
3.371447324752807617e+00
6.054259777069091797e+00
1.470837712287902832e+00
3.261703491210937500e+00
6.428300738334655762e-01
1.503098368644714355e+00
4.165904521942138672e+00
8.365020751953125000e+00
3.434315443038940430e+00
1.468306183815002441e+00
6.148502826690673828e+00
4.139442443847656250e+00
1.563353657722473145e+00
4.522328853607177734e+00
4.240542888641357422e+00
6.763755321502685547e+00
4.036869525909423828e+00
4.444300651550292969e+00
4.535961627960205078e+00
4.939172267913818359e+00
1.771317362785339355e+00
6.100198268890380859e+00
5.972802162170410156e+00
3.899288892745971680e+00
2.822296619415283203e+00
1.017279386520385742e+00
5.109162330627441406e+00
2.958317518234252930e+00
4.669586181640625000e+00
3.184523344039916992e+00
3.012771844863891602e+00
3.066021680831909180e+00
2.747515916824340820e+00
5.226274967193603516e+00
1.008260607719421387e+00
4.268450260162353516e+00
2.690288305282592773e+00
3.896177291870117188e+00
3.124071121215820312e+00
2.430008172988891602e+00
3.946470022201538086e+00
2.433211803436279297e+00
3.523103475570678711e+00
7.944470643997192383e-01
3.642340421676635742e+00
6.971097469329833984e+00
2.868228197097778320e+00
2.488064289093017578e+00
9.583679437637329102e-01
2.960623502731323242e+00
3.428312063217163086e+00
3.465874195098876953e+00
1.203341364860534668e+00
5.222366333007812500e+00
8.761463165283203125e+00
3.828161716461181641e+00
1.762304544448852539e+00
6.204133033752441406e+00
2.829528808593750000e+00
2.131092309951782227e+00
5.464761257171630859e+00
2.130727529525756836e+00
1.725748419761657715e+00
6.887520790100097656e+00
2.007467031478881836e+00
2.681506872177124023e+00
6.573711395263671875e+00
1.678464174270629883e+00
2.511223554611206055e+00
5.171401500701904297e+00
2.207501888275146484e+00
5.003665924072265625e+00
3.569235324859619141e+00
3.867506504058837891e+00
5.086529731750488281e+00
5.338823795318603516e+00
1.461983084678649902e+00
4.110713481903076172e+00
4.732063293457031250e+00
7.578166961669921875e+00
2.391544342041015625e+00
5.413125991821289062e+00
2.428913116455078125e+00
2.777343750000000000e+00
3.831696748733520508e+00
3.101529359817504883e+00
3.821091890335083008e+00
5.005448818206787109e+00
1.972111105918884277e+00
6.212331771850585938e+00
3.383773803710937500e+00
1.514158487319946289e+00
4.705038070678710938e+00
3.870869874954223633e+00
1.041935682296752930e+00
2.610220432281494141e+00
1.460080146789550781e+00
5.905560016632080078e+00
4.129634857177734375e+00
5.660383701324462891e+00
4.506564617156982422e+00
5.126952648162841797e+00
2.935125112533569336e+00
3.215110063552856445e+00
2.812795400619506836e+00
4.137446880340576172e+00
5.131592273712158203e+00
5.810873031616210938e+00
2.446383953094482422e+00
2.325191497802734375e+00
5.850742816925048828e+00
2.801252841949462891e+00
3.772485733032226562e+00
4.280165195465087891e+00
2.359853029251098633e+00
2.745429039001464844e+00
2.937322854995727539e+00
6.915935039520263672e+00
3.837392568588256836e+00
3.869224309921264648e+00
5.125913619995117188e+00
4.679496288299560547e+00
1.881516814231872559e+00
4.483579158782958984e+00
2.363758087158203125e+00
6.574003696441650391e-01
2.169075250625610352e+00
2.598030090332031250e+00
3.628939390182495117e+00
2.033100843429565430e+00
2.384775400161743164e+00
3.157498121261596680e+00
5.754780769348144531e-01
6.022004127502441406e+00
2.345901727676391602e+00
7.440917491912841797e+00
4.866569995880126953e+00
4.044463634490966797e+00
3.287663698196411133e+00
1.134522795677185059e+00
1.554933190345764160e+00
4.526212215423583984e+00
1.516562342643737793e+00
1.076519012451171875e+00
4.581002712249755859e+00
3.888725757598876953e+00
4.599082469940185547e+00
5.823226451873779297e+00
6.815168857574462891e+00
3.665617465972900391e+00
3.461988925933837891e+00
3.814177036285400391e+00
3.456446886062622070e+00
3.984508991241455078e+00
3.691896438598632812e+00
4.726565837860107422e+00
3.752322912216186523e+00
7.671765804290771484e+00
2.822108030319213867e+00
2.131964921951293945e+00
2.098383665084838867e+00
4.769680500030517578e+00
4.854991436004638672e+00
3.269123554229736328e+00
4.845184803009033203e+00
4.708726406097412109e+00
4.052483558654785156e+00
3.901559591293334961e+00
4.625718593597412109e+00
2.703867912292480469e+00
1.713310837745666504e+00
5.976180076599121094e+00
1.819186210632324219e+00
2.597184896469116211e+00
2.501293659210205078e+00
1.563120961189270020e+00
2.402649402618408203e+00
2.061286926269531250e+00
3.954717397689819336e+00
6.232881546020507812e+00
3.662755727767944336e+00
4.599357128143310547e+00
1.840794920921325684e+00
6.088711738586425781e+00
3.044709205627441406e+00
3.560670614242553711e+00
3.835548877716064453e+00
3.398661136627197266e+00
5.039010047912597656e+00
5.256616115570068359e+00
3.205391645431518555e+00
4.934299945831298828e+00
1.148098826408386230e+00
5.256799221038818359e+00
3.726232528686523438e+00
2.535431623458862305e+00
5.821763038635253906e+00
1.728093743324279785e+00
4.012388229370117188e+00
4.285244941711425781e+00
3.466942310333251953e+00
2.773620128631591797e+00
1.490239620208740234e+00
3.395329236984252930e+00
8.347013592720031738e-01
2.116636514663696289e+00
5.746448993682861328e+00
2.904814958572387695e+00
4.305019378662109375e+00
3.278872013092041016e+00
5.174082517623901367e-01
1.841814279556274414e+00
2.656059980392456055e+00
2.807914257049560547e+00
1.121602416038513184e+00
2.456587791442871094e+00
2.848968029022216797e+00
5.109394550323486328e+00
3.912021636962890625e+00
1.886992812156677246e+00
4.161487579345703125e+00
2.112145662307739258e+00
5.857254862785339355e-01
6.753951907157897949e-01
7.895585298538208008e-01
2.799827575683593750e+00
4.380330562591552734e+00
1.457479357719421387e+00
2.161397695541381836e+00
1.556866049766540527e+00
4.387126445770263672e+00
4.594380378723144531e+00
7.521925568580627441e-01
5.071527957916259766e+00
2.192764282226562500e+00
3.762854337692260742e+00
1.033442020416259766e+00
2.947802782058715820e+00
2.802570819854736328e+00
1.842836618423461914e+00
3.673728942871093750e+00
6.907452583312988281e+00
4.640331268310546875e+00
1.093750834465026855e+00
2.442087173461914062e+00
3.277380466461181641e+00
3.954972982406616211e+00
2.850936651229858398e+00
4.686467170715332031e+00
3.591380834579467773e+00
5.954836368560791016e+00
2.244189977645874023e+00
4.512557506561279297e+00
3.724571943283081055e+00
1.889738082885742188e+00
2.460676908493041992e+00
1.461366891860961914e+00
4.678256988525390625e+00
3.052930831909179688e+00
4.322256088256835938e+00
2.013625621795654297e+00
6.355959415435791016e+00
