5.749558448791503906e+00
5.592291355133056641e-01
1.260964632034301758e+00
2.995603561401367188e+00
4.160714149475097656e+00
3.203503131866455078e+00
8.885657191276550293e-01
3.730048894882202148e+00
4.822886943817138672e+00
1.738276481628417969e+00
2.297765493392944336e+00
3.723670244216918945e+00
1.727042555809020996e+00
3.807533025741577148e+00
2.015983581542968750e+00
7.112962245941162109e+00
3.846220493316650391e+00
4.875263690948486328e+00
2.986817836761474609e+00
5.055549144744873047e+00
3.210649967193603516e+00
8.048089027404785156e+00
2.955291748046875000e+00
3.326661348342895508e+00
4.275003433227539062e+00
3.388086080551147461e+00
2.641664028167724609e+00
3.187939405441284180e+00
4.952844142913818359e+00
1.885968446731567383e+00
5.570653438568115234e+00
4.213099956512451172e+00
5.968946456909179688e+00
1.145755410194396973e+00
3.864910602569580078e+00
5.634334564208984375e+00
4.059858322143554688e+00
4.436118125915527344e+00
2.743885517120361328e+00
2.375858068466186523e+00
1.541103005409240723e+00
3.967659711837768555e+00
4.020906448364257812e+00
5.639257907867431641e+00
1.360831856727600098e+00
1.790284514427185059e+00
1.240557909011840820e+00
3.746303558349609375e+00
5.362092852592468262e-01
6.261270642280578613e-01
2.705852270126342773e+00
4.158486425876617432e-01
3.487995147705078125e+00
3.514544010162353516e+00
8.949403762817382812e+00
2.318138837814331055e+00
1.221914887428283691e+00
5.016570568084716797e+00
1.089333176612854004e+00
3.801549673080444336e+00
2.238257169723510742e+00
2.250480890274047852e+00
1.592288136482238770e+00
4.404676914215087891e+00
1.924198031425476074e+00
4.120909690856933594e+00
1.788691520690917969e+00
1.100864529609680176e+00
1.230093359947204590e+00
1.552168250083923340e+00
5.685977935791015625e+00
3.586310625076293945e+00
2.744087696075439453e+00
3.256838321685791016e+00
1.813420534133911133e+00
2.440490007400512695e+00
2.379442930221557617e+00
4.867208003997802734e+00
3.189561605453491211e+00
3.338743686676025391e+00
8.019884109497070312e+00
3.578872442245483398e+00
1.888131499290466309e+00
2.930532693862915039e+00
1.553686022758483887e+00
4.831430912017822266e+00
7.651843547821044922e+00
4.020995616912841797e+00
2.367354154586791992e+00
5.769237518310546875e+00
2.569468259811401367e+00
5.365017414093017578e+00
3.096768140792846680e+00
3.009525775909423828e+00
7.180936932563781738e-01
2.215348958969116211e+00
3.609285116195678711e+00
3.361340761184692383e+00
2.779553890228271484e+00
2.451089620590209961e+00
1.242693781852722168e+00
7.418033599853515625e+00
4.475519657135009766e+00
3.683117389678955078e+00
3.014234066009521484e+00
3.619940996170043945e+00
6.736401915550231934e-01
9.781169891357421875e-01
4.370839595794677734e+00
2.449733495712280273e+00
2.581068515777587891e+00
3.339540481567382812e+00
4.479048728942871094e+00
4.497479438781738281e+00
3.049633502960205078e+00
2.613941431045532227e+00
2.071773290634155273e+00
2.577182769775390625e+00
5.198960304260253906e+00
2.801085233688354492e+00
4.165768623352050781e+00
3.515681505203247070e+00
3.326297044754028320e+00
2.685676336288452148e+00
7.978081107139587402e-01
3.399921894073486328e+00
3.760847091674804688e+00
3.000492811203002930e+00
2.242036581039428711e+00
7.511056423187255859e+00
2.837341308593750000e+00
4.218240737915039062e+00
1.215735316276550293e+00
1.637158989906311035e+00
3.740117788314819336e+00
2.626314163208007812e+00
1.615194678306579590e+00
2.178686857223510742e+00
3.102400779724121094e+00
3.411869764328002930e+00
2.976278543472290039e+00
1.895001411437988281e+00
4.946477890014648438e+00
3.245473623275756836e+00
6.598152160644531250e+00
2.756587743759155273e+00
2.947148084640502930e+00
4.878474235534667969e+00
2.333275556564331055e+00
3.431273698806762695e+00
2.789267301559448242e+00
2.826055049896240234e+00
5.302642822265625000e+00
1.303845167160034180e+00
2.476467847824096680e+00
4.532550811767578125e+00
1.756118416786193848e+00
4.001386642456054688e+00
2.378261089324951172e+00
3.337076663970947266e+00
4.077123165130615234e+00
2.785673618316650391e+00
4.737056255340576172e+00
1.149515390396118164e+00
3.407749891281127930e+00
4.289258480072021484e+00
5.373016595840454102e-01
1.766857385635375977e+00
2.136970758438110352e+00
3.070593357086181641e+00
3.610025882720947266e+00
1.695845007896423340e+00
2.650491714477539062e+00
4.502040386199951172e+00
3.401298999786376953e+00
5.269222736358642578e+00
8.914399147033691406e+00
2.945653676986694336e+00
3.967361211776733398e+00
5.073186874389648438e+00
3.152011394500732422e+00
2.977913856506347656e+00
2.057572126388549805e+00
4.477012157440185547e+00
3.797237157821655273e+00
3.534109830856323242e+00
3.961013078689575195e+00
1.849082589149475098e+00
2.064575195312500000e+00
1.117940187454223633e+00
3.993338823318481445e+00
9.214234352111816406e-01
3.614886999130249023e+00
1.124766111373901367e+00
5.880827903747558594e+00
1.630485892295837402e+00
6.733291625976562500e+00
4.181443691253662109e+00
2.225175857543945312e+00
2.200323104858398438e+00
1.871932864189147949e+00
2.110396385192871094e+00
3.916680097579956055e+00
2.998500585556030273e+00
2.734840631484985352e+00
2.164186954498291016e+00
3.582570314407348633e+00
2.401482343673706055e+00
4.179879665374755859e+00
4.422257900238037109e+00
3.473539113998413086e+00
6.075248241424560547e+00
2.640405416488647461e+00
4.207830905914306641e+00
3.584604263305664062e+00
1.109695076942443848e+00
1.849756598472595215e+00
1.201789736747741699e+00
6.597008705139160156e+00
2.637738466262817383e+00
3.650501251220703125e+00
3.719406127929687500e+00
3.162001848220825195e+00
3.976377487182617188e+00
3.849958419799804688e+00
5.810113430023193359e+00
3.382057189941406250e+00
2.460133552551269531e+00
2.672502279281616211e+00
4.640912532806396484e+00
1.494774460792541504e+00
4.873608589172363281e+00
3.417696714401245117e+00
4.879796981811523438e+00
3.411144256591796875e+00
2.722203016281127930e+00
4.785143375396728516e+00
6.258271694183349609e+00
2.348550796508789062e+00
3.710260152816772461e+00
1.853640913963317871e+00
2.951126813888549805e+00
4.002284526824951172e+00
4.132244586944580078e-01
2.585146903991699219e+00
1.129343986511230469e+00
1.959339499473571777e+00
2.748381853103637695e+00
4.916918754577636719e+00
3.785856246948242188e+00
4.007496356964111328e+00
3.886756658554077148e+00
3.278196334838867188e+00
1.237853765487670898e+00
3.900283098220825195e+00
7.089294433593750000e+00
3.205714941024780273e+00
4.227321147918701172e+00
5.325434684753417969e+00
3.617897033691406250e+00
5.381884098052978516e+00
3.377952337265014648e+00
8.963704109191894531e-01
1.366341948509216309e+00
5.702605247497558594e+00
3.625125885009765625e+00
4.102183818817138672e+00
1.918695449829101562e+00
5.448770999908447266e+00
6.495567321777343750e+00
1.621650338172912598e+00
2.776133537292480469e+00
3.014516592025756836e+00
5.099810600280761719e+00
3.904036760330200195e+00
1.078811049461364746e+00
2.658552169799804688e+00
1.777300834655761719e+00
5.198016643524169922e+00
2.940527915954589844e+00
8.757040977478027344e+00
2.364006280899047852e+00
2.406300067901611328e+00
2.953988552093505859e+00
5.151587963104248047e+00
5.339030265808105469e+00
3.435636520385742188e+00
2.490395307540893555e+00
5.501382827758789062e+00
4.881128311157226562e+00
3.695627689361572266e+00
2.122762918472290039e+00
5.521902561187744141e+00
4.296626567840576172e+00
4.808471202850341797e+00
1.794945955276489258e+00
1.570295691490173340e+00
2.432057619094848633e+00
2.240651845932006836e+00
5.825183868408203125e+00
2.980712175369262695e+00
2.340514898300170898e+00
4.782266139984130859e+00
3.677617311477661133e+00
8.498156666755676270e-01
5.468472838401794434e-01
1.183633565902709961e+00
6.044698238372802734e+00
3.686716556549072266e+00
2.663975238800048828e+00
4.257193088531494141e+00
1.785498619079589844e+00
3.787394762039184570e+00
3.721635818481445312e+00
1.482997059822082520e+00
4.454236030578613281e+00
1.973294138908386230e+00
4.488698482513427734e+00
4.606241703033447266e+00
3.984991788864135742e+00
7.389721274375915527e-01
6.540437221527099609e+00
1.266411662101745605e+00
4.408741474151611328e+00
1.511011362075805664e+00
8.155023455619812012e-01
2.050369977951049805e+00
1.311975717544555664e+00
1.285343527793884277e+00
5.128096580505371094e+00
2.175047636032104492e+00
1.161103963851928711e+00
2.384608030319213867e+00
1.036402106285095215e+00
6.024938583374023438e+00
5.285452842712402344e+00
5.454251766204833984e+00
2.930864095687866211e+00
2.308046102523803711e+00
5.636535167694091797e+00
5.879388332366943359e+00
5.588850021362304688e+00
4.855859756469726562e+00
4.427957057952880859e+00
5.420016765594482422e+00
8.437480926513671875e-01
4.499949932098388672e+00
2.822371721267700195e+00
1.667727708816528320e+00
1.754684805870056152e+00
4.029594421386718750e+00
3.203519821166992188e+00
4.558940410614013672e+00
3.215287446975708008e+00
3.083582639694213867e+00
9.754075407981872559e-01
3.348157882690429688e+00
2.858476400375366211e+00
8.910574913024902344e-01
3.623749494552612305e+00
4.272319316864013672e+00
1.979397773742675781e+00
4.217202663421630859e+00
2.918112277984619141e+00
3.030079603195190430e+00
5.164704799652099609e+00
2.476248502731323242e+00
1.872822761535644531e+00
4.639983654022216797e+00
5.964601993560791016e+00
4.625747203826904297e+00
2.943288803100585938e+00
3.155364036560058594e+00
1.834055304527282715e+00
2.629810094833374023e+00
5.046932220458984375e+00
2.606169462203979492e+00
3.475878477096557617e+00
2.646687746047973633e+00
5.857776165008544922e+00
3.783349275588989258e+00
2.364945173263549805e+00
2.168513059616088867e+00
4.090447902679443359e+00
1.745920062065124512e+00
2.795748233795166016e+00
2.313774585723876953e+00
5.735697269439697266e+00
2.974902391433715820e+00
2.718042373657226562e+00
2.352716684341430664e+00
5.858296155929565430e-01
4.276651859283447266e+00
2.834526777267456055e+00
2.765662908554077148e+00
3.124892234802246094e+00
3.947892904281616211e+00
3.977080106735229492e+00
2.550780534744262695e+00
7.814648628234863281e+00
3.584124326705932617e+00
4.104619026184082031e+00
7.069583892822265625e+00
3.685811996459960938e+00
1.855678558349609375e+00
2.325277566909790039e+00
4.041524410247802734e+00
2.483419895172119141e+00
1.326478362083435059e+00
4.577110767364501953e+00
7.645437717437744141e-01
2.002338647842407227e+00
1.969909548759460449e+00
5.386131763458251953e+00
2.663077592849731445e+00
1.623255610466003418e+00
4.521944999694824219e+00
4.748421669006347656e+00
5.023189067840576172e+00
2.484675645828247070e+00
2.086509227752685547e+00
3.002905607223510742e+00
3.928992509841918945e+00
2.763269186019897461e+00
2.529228925704956055e+00
3.712587833404541016e+00
2.881346225738525391e+00
2.808133602142333984e+00
4.767621040344238281e+00
2.090759754180908203e+00
3.897795200347900391e+00
2.703160762786865234e+00
4.611577987670898438e+00
5.890486240386962891e+00
2.657879829406738281e+00
3.077866315841674805e+00
5.812641143798828125e+00
1.568196177482604980e+00
5.194544792175292969e+00
2.838600635528564453e+00
6.358825206756591797e+00
6.382334709167480469e+00
2.486721754074096680e+00
5.306140422821044922e+00
2.792039394378662109e+00
1.338046669960021973e+00
2.774631500244140625e+00
4.600225448608398438e+00
4.139285564422607422e+00
4.124997138977050781e+00
4.167405605316162109e+00
4.037549495697021484e+00
3.174139499664306641e+00
1.751153349876403809e+00
4.038870334625244141e+00
4.800485134124755859e+00
4.609271049499511719e+00
1.637632012367248535e+00
3.423646926879882812e+00
6.171712398529052734e+00
1.011682629585266113e+00
3.830949544906616211e+00
1.822400450706481934e+00
1.884755730628967285e+00
3.531708240509033203e+00
2.059492111206054688e+00
3.246703386306762695e+00
2.396664381027221680e+00
3.154893636703491211e+00
6.135084629058837891e+00
3.913103580474853516e+00
2.915127754211425781e+00
7.600782513618469238e-01
4.000434875488281250e+00
4.354621887207031250e+00
1.620263695716857910e+00
4.867843151092529297e+00
4.843995571136474609e+00
1.872939705848693848e+00
4.517089843750000000e+00
5.626829147338867188e+00
4.239979267120361328e+00
2.058944463729858398e+00
2.205803155899047852e+00
5.877830982208251953e+00
1.079664468765258789e+00
3.186609029769897461e+00
3.663712263107299805e+00
2.411425113677978516e+00
5.272868156433105469e+00
2.186121940612792969e+00
1.519699215888977051e+00
3.281656265258789062e+00
8.008834719657897949e-01
4.759170055389404297e+00
1.456056833267211914e+00
3.078239440917968750e+00
3.570612668991088867e+00
1.622225999832153320e+00
1.579797863960266113e+00
