3.204483509063720703e+00
4.338331222534179688e+00
4.000774383544921875e+00
2.992064952850341797e+00
3.103813886642456055e+00
2.387655019760131836e+00
3.851791858673095703e+00
3.416539907455444336e+00
8.705000281333923340e-01
9.001170396804809570e-01
4.132522106170654297e+00
4.734052181243896484e+00
7.561009407043457031e+00
1.189015626907348633e+00
2.119349718093872070e+00
3.066537618637084961e+00
1.681330084800720215e+00
3.473666429519653320e+00
3.168639898300170898e+00
4.521068096160888672e+00
5.220233917236328125e+00
3.158861398696899414e+00
3.083606719970703125e+00
4.793479442596435547e+00
6.923870086669921875e+00
2.876054763793945312e+00
3.025575876235961914e+00
2.204416036605834961e+00
4.234818935394287109e+00
2.543428897857666016e+00
3.600777387619018555e+00
2.095504522323608398e+00
6.337044715881347656e+00
3.198933839797973633e+00
4.884640693664550781e+00
3.178744316101074219e+00
2.799263477325439453e+00
3.121222257614135742e+00
2.553192853927612305e+00
3.396528005599975586e+00
2.373889207839965820e+00
2.731148004531860352e+00
4.789189338684082031e+00
6.075078010559082031e+00
3.451641798019409180e+00
4.209173679351806641e+00
2.133509635925292969e+00
2.953362703323364258e+00
7.185792326927185059e-01
1.211212038993835449e+00
5.304020881652832031e+00
1.783304214477539062e+00
2.075648069381713867e+00
4.953856945037841797e+00
4.622123241424560547e+00
3.903964757919311523e+00
2.107609987258911133e+00
5.611407756805419922e+00
4.563801765441894531e+00
5.530515193939208984e+00
3.227329015731811523e+00
4.886675834655761719e+00
3.023457765579223633e+00
4.960784435272216797e+00
4.353878974914550781e+00
1.365554928779602051e+00
4.275398254394531250e+00
6.934291720390319824e-01
8.997804522514343262e-01
3.798911809921264648e+00
8.113577961921691895e-01
1.856896638870239258e+00
2.595239877700805664e+00
3.125640869140625000e+00
1.350171327590942383e+00
3.787420988082885742e+00
1.321017622947692871e+00
3.603260755538940430e+00
4.168295860290527344e+00
3.519428730010986328e+00
4.180063724517822266e+00
4.320930957794189453e+00
3.568755388259887695e+00
2.544722795486450195e+00
4.164432525634765625e+00
4.897384643554687500e+00
1.915556550025939941e+00
4.890329837799072266e+00
4.819279670715332031e+00
4.879544734954833984e+00
1.951517105102539062e+00
1.098813176155090332e+00
2.695393085479736328e+00
1.869836688041687012e+00
3.687602996826171875e+00
5.468179225921630859e+00
3.462049484252929688e+00
2.918405771255493164e+00
5.155476570129394531e+00
2.104698181152343750e+00
3.535465240478515625e+00
3.492413043975830078e+00
1.163758754730224609e+00
3.533639907836914062e+00
2.726415157318115234e+00
8.195024490356445312e+00
7.848529815673828125e-01
3.174805879592895508e+00
3.324528932571411133e+00
7.099346160888671875e+00
2.258073568344116211e+00
2.333177566528320312e+00
1.928674340248107910e+00
4.577709197998046875e+00
5.593302249908447266e+00
3.340595006942749023e+00
3.843494176864624023e+00
2.816598653793334961e+00
2.926080465316772461e+00
1.268221020698547363e+00
2.280532598495483398e+00
3.742228746414184570e+00
4.532142162322998047e+00
3.308347463607788086e+00
3.544172048568725586e+00
5.755544185638427734e+00
2.066646575927734375e+00
3.736476898193359375e+00
4.354485034942626953e+00
1.201488375663757324e+00
3.399185180664062500e+00
3.761629581451416016e+00
3.837020158767700195e+00
3.221121311187744141e+00
4.121137142181396484e+00
2.174452543258666992e+00
4.258862972259521484e+00
5.284691810607910156e+00
1.604974389076232910e+00
3.683042287826538086e+00
7.519749641418457031e+00
2.283605813980102539e+00
2.650087118148803711e+00
2.833304166793823242e+00
3.382656872272491455e-01
4.307804107666015625e+00
6.504693508148193359e+00
5.164454936981201172e+00
3.847153425216674805e+00
2.453699827194213867e+00
3.944887876510620117e+00
4.040762424468994141e+00
3.492561101913452148e+00
4.125213146209716797e+00
3.467775106430053711e+00
5.903441905975341797e+00
4.951019763946533203e+00
4.583898067474365234e+00
3.810911178588867188e+00
5.865539073944091797e+00
3.198040008544921875e+00
5.664377689361572266e+00
6.728742122650146484e+00
2.893323659896850586e+00
2.738974809646606445e+00
1.823281884193420410e+00
1.403279185295104980e+00
2.630664110183715820e+00
2.275282621383666992e+00
3.332680225372314453e+00
2.725589513778686523e+00
2.041921138763427734e+00
5.468667030334472656e+00
4.416432380676269531e+00
4.472115993499755859e+00
1.011939406394958496e+00
1.869257211685180664e+00
1.832918047904968262e+00
3.247728824615478516e+00
1.910170912742614746e+00
6.940714359283447266e+00
2.246577978134155273e+00
3.593710422515869141e+00
4.196879386901855469e+00
2.213247776031494141e+00
5.725478649139404297e+00
3.463843584060668945e+00
2.909805059432983398e+00
1.590343713760375977e+00
2.154608011245727539e+00
7.387219429016113281e+00
2.967849493026733398e+00
1.980886101722717285e+00
6.142995834350585938e+00
5.057375907897949219e+00
2.145096778869628906e+00
2.744065046310424805e+00
2.937022209167480469e+00
2.924029111862182617e+00
2.017884969711303711e+00
1.126749157905578613e+00
4.343171596527099609e+00
4.846462726593017578e+00
7.771270275115966797e+00
3.839169025421142578e+00
1.952234506607055664e+00
3.252721786499023438e+00
5.695856571197509766e+00
4.297545909881591797e+00
3.941719055175781250e+00
3.629575729370117188e+00
5.114175319671630859e+00
5.222716331481933594e+00
7.534183859825134277e-01
5.976310729980468750e+00
1.430423974990844727e+00
2.555546522140502930e+00
4.383893966674804688e+00
2.797337293624877930e+00
3.645095825195312500e+00
3.269381046295166016e+00
1.191754221916198730e+00
3.891175031661987305e+00
2.807636022567749023e+00
2.312030553817749023e+00
6.778710365295410156e+00
3.716189146041870117e+00
5.064180374145507812e+00
2.704701185226440430e+00
1.430155873298645020e+00
4.710200428962707520e-01
5.047167301177978516e+00
2.152462720870971680e+00
4.617757320404052734e+00
3.370993375778198242e+00
3.914104461669921875e+00
6.111367225646972656e+00
4.555660247802734375e+00
1.069479823112487793e+00
2.222828149795532227e+00
2.324977636337280273e+00
5.653254032135009766e+00
2.091580152511596680e+00
3.207940816879272461e+00
4.159605979919433594e+00
2.466005086898803711e+00
2.065102338790893555e+00
2.476730108261108398e+00
6.188380718231201172e+00
3.281745910644531250e+00
2.435156345367431641e+00
3.000857591629028320e+00
4.064545631408691406e+00
3.283058881759643555e+00
5.119494915008544922e+00
5.071015357971191406e-01
3.611053228378295898e+00
4.351854324340820312e+00
5.281080245971679688e+00
1.878468751907348633e+00
7.037189006805419922e+00
2.864578723907470703e+00
1.534138202667236328e+00
2.272233724594116211e+00
4.315908432006835938e+00
2.800330877304077148e+00
3.049102067947387695e+00
2.111794471740722656e+00
3.562594354152679443e-01
5.817366123199462891e+00
1.918498873710632324e+00
1.639592051506042480e+00
3.095686674118041992e+00
1.434620738029479980e+00
3.919317245483398438e+00
1.979844927787780762e+00
5.113117218017578125e+00
4.403007030487060547e+00
2.559515237808227539e+00
3.470945119857788086e+00
2.572639226913452148e+00
3.281569004058837891e+00
3.817644119262695312e+00
2.474106311798095703e+00
5.196000576019287109e+00
3.324231863021850586e+00
2.415059804916381836e+00
2.506419420242309570e+00
3.650997877120971680e+00
6.394714832305908203e+00
2.950619459152221680e+00
2.786000967025756836e+00
2.766792297363281250e+00
1.127443671226501465e+00
2.838145256042480469e+00
1.647378921508789062e+00
2.685752868652343750e+00
2.954296350479125977e+00
2.229294538497924805e+00
1.741204261779785156e+00
1.708955764770507812e+00
3.790750265121459961e+00
2.833334445953369141e+00
4.936242103576660156e+00
3.051197052001953125e+00
4.265959262847900391e+00
6.424993872642517090e-01
4.279241085052490234e+00
9.575057029724121094e-01
1.806846976280212402e+00
3.153513193130493164e+00
3.099422693252563477e+00
3.322343111038208008e+00
1.217239260673522949e+00
3.980850696563720703e+00
2.697869777679443359e+00
1.919762492179870605e+00
2.135901451110839844e+00
2.602908849716186523e+00
3.164298295974731445e+00
5.113727092742919922e+00
2.731296539306640625e+00
1.417050361633300781e+00
3.657869338989257812e+00
3.642187118530273438e+00
3.141654729843139648e+00
5.224968433380126953e+00
5.283647060394287109e+00
3.830424547195434570e+00
3.956848144531250000e+00
4.073826789855957031e+00
6.306440353393554688e+00
2.602679967880249023e+00
3.940645694732666016e+00
5.422322750091552734e+00
5.064705014228820801e-01
2.955024480819702148e+00
3.775497436523437500e+00
2.625923633575439453e+00
4.027120590209960938e+00
3.195385694503784180e+00
5.743968963623046875e+00
3.740122556686401367e+00
3.804971694946289062e+00
4.850705146789550781e+00
3.186820149421691895e-01
2.085867881774902344e+00
3.878922700881958008e+00
2.627502202987670898e+00
1.093882560729980469e+00
2.622497320175170898e+00
5.522546768188476562e+00
5.315196514129638672e+00
7.036120891571044922e-01
4.010175704956054688e+00
1.347666740417480469e+00
2.891244888305664062e+00
8.738055229187011719e+00
2.894790649414062500e+00
6.387005329132080078e+00
1.318192720413208008e+00
3.646311521530151367e+00
1.601844191551208496e+00
4.969428539276123047e+00
1.325549006462097168e+00
4.673886299133300781e+00
4.911239147186279297e+00
3.750848770141601562e+00
3.744967699050903320e+00
3.931835174560546875e+00
1.965110421180725098e+00
5.952823162078857422e+00
3.363824844360351562e+00
5.408260345458984375e+00
4.171530246734619141e+00
4.699705600738525391e+00
2.341269493103027344e+00
7.932448387145996094e-01
2.884806394577026367e+00
4.587398529052734375e+00
3.611476182937622070e+00
4.589245796203613281e+00
1.412258505821228027e+00
4.741431713104248047e+00
2.190367698669433594e+00
1.235186457633972168e+00
5.092701911926269531e+00
1.992155313491821289e+00
4.806460857391357422e+00
1.023778796195983887e+00
2.574545383453369141e+00
2.790542602539062500e+00
3.123661041259765625e+00
1.907570123672485352e+00
2.821656465530395508e+00
3.050894737243652344e+00
5.059239864349365234e+00
4.864549160003662109e+00
4.020381927490234375e+00
3.786079168319702148e+00
8.194694519042968750e+00
3.911857366561889648e+00
6.620306491851806641e+00
4.791708469390869141e+00
4.351644039154052734e+00
2.108160734176635742e+00
4.087480068206787109e+00
5.396721839904785156e+00
5.418658256530761719e+00
2.270662069320678711e+00
2.336531877517700195e+00
1.588949203491210938e+00
6.273106098175048828e+00
3.880348920822143555e+00
2.403224706649780273e+00
3.408720493316650391e+00
2.341130733489990234e+00
5.312752246856689453e+00
1.416867017745971680e+00
3.841230154037475586e+00
5.924022674560546875e+00
4.655877649784088135e-01
2.208832979202270508e+00
4.257677197456359863e-01
4.444854259490966797e+00
4.226493835449218750e+00
2.983697652816772461e+00
1.675936937332153320e+00
3.905143499374389648e+00
4.183200359344482422e+00
7.919127941131591797e-01
2.916133165359497070e+00
3.273344516754150391e+00
1.912586808204650879e+00
3.401352643966674805e+00
2.981723070144653320e+00
3.735690832138061523e+00
3.366334199905395508e+00
2.632667541503906250e+00
7.453225612640380859e+00
6.402987003326416016e+00
4.065083980560302734e+00
2.944518804550170898e+00
5.064994812011718750e+00
1.588741540908813477e+00
4.753060817718505859e+00
3.378872394561767578e+00
4.106475353240966797e+00
3.462094068527221680e+00
2.979890346527099609e+00
2.580486297607421875e+00
4.835034370422363281e+00
4.075839042663574219e+00
5.163886070251464844e+00
1.794373512268066406e+00
3.236380100250244141e+00
3.839011907577514648e+00
6.339549541473388672e+00
5.050469398498535156e+00
4.484761714935302734e+00
1.999366760253906250e+00
7.634274959564208984e+00
1.420000314712524414e+00
5.596049785614013672e+00
3.494213581085205078e+00
2.998692989349365234e+00
3.743678808212280273e+00
4.694169998168945312e+00
2.132434844970703125e+00
3.511816501617431641e+00
6.191788673400878906e+00
4.270228385925292969e+00
4.360837936401367188e+00
2.306637525558471680e+00
5.547539234161376953e+00
1.316083788871765137e+00
5.571601390838623047e+00
9.443417787551879883e-01
2.634641885757446289e+00
5.071778774261474609e+00
4.403755187988281250e+00
5.174971103668212891e+00
3.606652975082397461e+00
2.877045869827270508e+00
5.341758251190185547e+00
3.851137638092041016e+00
3.461780309677124023e+00
2.269090414047241211e+00
4.372813224792480469e+00
4.082525253295898438e+00
4.824685573577880859e+00
3.141822814941406250e+00
2.487509965896606445e+00
4.124357700347900391e+00
4.840489864349365234e+00
2.090322017669677734e+00
2.892540216445922852e+00
1.979874610900878906e+00
3.710898637771606445e+00
2.123843908309936523e+00
