4.880089759826660156e+00
3.065653085708618164e+00
4.117821693420410156e+00
2.786705732345581055e+00
8.015257716178894043e-01
5.839096546173095703e+00
2.433646202087402344e+00
4.270594120025634766e+00
3.276316165924072266e+00
1.295468211174011230e+00
2.425814867019653320e+00
6.045288562774658203e+00
5.134533405303955078e+00
3.464540243148803711e+00
2.813039541244506836e+00
6.181831836700439453e+00
2.783912897109985352e+00
2.501924276351928711e+00
1.659658670425415039e+00
3.178869962692260742e+00
6.561387062072753906e+00
4.164451599121093750e+00
2.920229434967041016e+00
3.192054748535156250e+00
4.627799510955810547e+00
4.096509456634521484e+00
5.179800987243652344e+00
2.740374326705932617e+00
2.742671966552734375e+00
5.357376098632812500e+00
5.176797509193420410e-01
6.194209575653076172e+00
5.022663593292236328e+00
9.764860272407531738e-01
3.868241548538208008e+00
3.820961475372314453e+00
2.344840049743652344e+00
5.453753948211669922e+00
3.552458286285400391e+00
2.735239744186401367e+00
1.365459442138671875e+00
1.652597308158874512e+00
5.417671680450439453e+00
6.300559520721435547e+00
4.680619716644287109e+00
2.550848424434661865e-01
1.653168678283691406e+00
3.035237073898315430e+00
5.851135253906250000e+00
2.251303911209106445e+00
2.614747285842895508e+00
2.622546911239624023e+00
4.246163368225097656e+00
5.997128963470458984e+00
1.989073038101196289e+00
2.957830190658569336e+00
3.528891086578369141e+00
2.907033205032348633e+00
4.864092350006103516e+00
3.494169950485229492e+00
7.899215698242187500e+00
5.019569873809814453e+00
3.465277910232543945e+00
1.345043897628784180e+00
5.776026725769042969e+00
3.183865308761596680e+00
2.037230968475341797e+00
2.688711166381835938e+00
5.017816066741943359e+00
3.399404525756835938e+00
5.665692329406738281e+00
3.577222824096679688e+00
1.683386683464050293e+00
4.616586208343505859e+00
1.559626221656799316e+00
3.398141860961914062e+00
2.159153699874877930e+00
3.456748723983764648e+00
2.268905401229858398e+00
3.627341508865356445e+00
5.173453330993652344e+00
3.789143085479736328e+00
4.573795795440673828e+00
4.573258876800537109e+00
2.066746473312377930e+00
5.474468708038330078e+00
3.479565382003784180e+00
4.186559677124023438e+00
3.707463979721069336e+00
2.805002212524414062e+00
3.015103101730346680e+00
3.227889299392700195e+00
4.140746593475341797e+00
1.993272423744201660e+00
4.297560691833496094e+00
2.983716726303100586e+00
4.199838161468505859e+00
3.064635515213012695e+00
2.846847772598266602e+00
7.630695700645446777e-01
6.402887821197509766e+00
5.455016613006591797e+00
3.443066835403442383e+00
3.347057342529296875e+00
3.649145126342773438e+00
7.992133498191833496e-01
6.286647796630859375e+00
4.206421375274658203e+00
5.154611587524414062e+00
6.807774305343627930e-01
4.173627853393554688e+00
6.509880065917968750e+00
3.798541307449340820e+00
3.438940763473510742e+00
7.982398509979248047e+00
3.702084779739379883e+00
3.732658147811889648e+00
3.602956771850585938e+00
3.383321762084960938e+00
3.564992189407348633e+00
3.627624273300170898e+00
5.630466461181640625e+00
3.228472232818603516e+00
4.203465461730957031e+00
1.220570087432861328e+00
2.804873466491699219e+00
3.804723501205444336e+00
2.915973424911499023e+00
3.584834337234497070e+00
1.924182295799255371e+00
5.028522968292236328e+00
6.857355594635009766e+00
3.761081457138061523e+00
5.123765945434570312e+00
1.761039733886718750e+00
1.489740967750549316e+00
3.147538185119628906e+00
1.715043067932128906e+00
2.013935565948486328e+00
2.505084276199340820e+00
2.838118791580200195e+00
3.349030733108520508e+00
5.008973598480224609e+00
5.651747226715087891e+00
2.087450027465820312e+00
2.076171398162841797e+00
2.166026353836059570e+00
5.738617777824401855e-01
5.607576370239257812e+00
2.411873340606689453e+00
9.176939129829406738e-01
3.774835586547851562e+00
4.994821071624755859e+00
4.334807872772216797e+00
2.085266113281250000e+00
3.995620727539062500e+00
1.681725382804870605e+00
1.482855081558227539e+00
4.725668430328369141e+00
1.077237606048583984e+00
7.324911952018737793e-01
5.655938625335693359e+00
7.271350026130676270e-01
1.209463238716125488e+00
1.526488661766052246e+00
2.066376686096191406e+00
4.746417999267578125e+00
3.202883243560791016e+00
4.013738632202148438e+00
5.119636058807373047e+00
1.632521033287048340e+00
2.739665746688842773e+00
3.163935422897338867e+00
2.960897922515869141e+00
4.529921531677246094e+00
1.418456196784973145e+00
2.414628028869628906e+00
3.854701280593872070e+00
2.040722131729125977e+00
4.810397326946258545e-01
4.415196895599365234e+00
4.575898647308349609e+00
8.235659599304199219e+00
3.719534635543823242e+00
6.032217502593994141e+00
4.319324493408203125e+00
4.647084712982177734e+00
2.427985906600952148e+00
3.909098803997039795e-01
2.757847785949707031e+00
3.544675588607788086e+00
2.767830133438110352e+00
6.272323608398437500e+00
2.542819261550903320e+00
4.608319282531738281e+00
3.550283193588256836e+00
8.647888302803039551e-01
1.108578443527221680e+00
9.804242253303527832e-01
1.875746250152587891e-01
3.179041624069213867e+00
3.643410921096801758e+00
5.151732921600341797e+00
2.640275716781616211e+00
2.920737504959106445e+00
2.608498573303222656e+00
3.943792343139648438e+00
5.314118385314941406e+00
4.150072097778320312e+00
7.576739192008972168e-01
2.110861778259277344e+00
3.423888921737670898e+00
1.250104427337646484e+00
1.137624621391296387e+00
1.247861981391906738e+00
3.405012607574462891e+00
3.071050405502319336e+00
1.032198190689086914e+00
4.223550796508789062e+00
3.892311811447143555e+00
5.069864273071289062e+00
2.584684133529663086e+00
4.652338981628417969e+00
3.936660051345825195e+00
4.615620136260986328e+00
8.581089973449707031e-01
2.930578947067260742e+00
1.705842018127441406e+00
2.995527267456054688e+00
1.850789666175842285e+00
3.293385744094848633e+00
2.077866077423095703e+00
5.122754573822021484e+00
5.779833316802978516e+00
4.758447170257568359e+00
1.645590186119079590e+00
2.269069910049438477e+00
2.461002349853515625e+00
3.082363128662109375e+00
7.156247496604919434e-01
2.735369682312011719e+00
2.966068267822265625e+00
5.740619182586669922e+00
2.196319341659545898e+00
5.030614376068115234e+00
3.605344772338867188e+00
1.274399161338806152e+00
7.463430881500244141e+00
7.342943668365478516e+00
2.397781133651733398e+00
1.459605097770690918e+00
3.483058214187622070e+00
3.161854982376098633e+00
3.804521262645721436e-01
4.818078041076660156e+00
3.848617553710937500e+00
3.017378091812133789e+00
4.595244407653808594e+00
5.573318958282470703e+00
7.479793429374694824e-01
5.081242084503173828e+00
1.536234259605407715e+00
3.580171585083007812e+00
2.073866605758666992e+00
5.018563270568847656e+00
2.933733761310577393e-01
6.273345470428466797e+00
2.822522878646850586e+00
2.105015754699707031e+00
4.542902946472167969e+00
4.483048439025878906e+00
9.939953088760375977e-01
3.214744329452514648e+00
1.178575873374938965e+00
2.147621154785156250e+00
3.526486158370971680e+00
5.443075180053710938e+00
2.739273309707641602e+00
4.574744701385498047e+00
1.555435419082641602e+00
4.348449230194091797e+00
4.178933620452880859e+00
2.067872762680053711e+00
4.200201988220214844e+00
2.046461820602416992e+00
3.590613126754760742e+00
3.904118299484252930e+00
1.452288031578063965e+00
2.535560607910156250e+00
6.320300579071044922e+00
6.786836147308349609e+00
2.020701169967651367e+00
4.330630302429199219e+00
2.821150541305541992e+00
4.598218917846679688e+00
3.753649473190307617e+00
2.651390314102172852e+00
4.565760135650634766e+00
2.939984560012817383e+00
2.013728618621826172e+00
6.511657714843750000e+00
2.463000535964965820e+00
6.550952434539794922e+00
3.854671478271484375e+00
2.500457048416137695e+00
5.603359699249267578e+00
5.166317224502563477e-01
3.529760360717773438e+00
3.130275487899780273e+00
3.515250444412231445e+00
1.718374133110046387e+00
3.479842901229858398e+00
6.106269359588623047e+00
1.259100914001464844e+00
1.947111010551452637e+00
2.603697299957275391e+00
2.767694473266601562e+00
1.992890596389770508e+00
2.909842729568481445e+00
6.024645328521728516e+00
2.637308120727539062e+00
9.401825070381164551e-01
4.251872539520263672e+00
5.910626411437988281e+00
3.239604949951171875e+00
5.787771344184875488e-01
3.229303836822509766e+00
3.994102954864501953e+00
3.778839826583862305e+00
4.280192852020263672e+00
4.120393276214599609e+00
3.356065750122070312e+00
3.136448860168457031e+00
1.877078056335449219e+00
6.894634366035461426e-01
5.469399452209472656e+00
4.118222713470458984e+00
2.075108528137207031e+00
2.597898960113525391e+00
2.104257822036743164e+00
4.536525249481201172e+00
2.388806819915771484e+00
3.071210622787475586e+00
6.766590118408203125e+00
1.055729985237121582e+00
1.414642214775085449e+00
5.176984786987304688e+00
2.911331415176391602e+00
3.066075086593627930e+00
3.986934661865234375e+00
1.923099398612976074e+00
1.753241896629333496e+00
5.352923393249511719e+00
1.538058161735534668e+00
2.700275897979736328e+00
3.311677217483520508e+00
1.404247879981994629e+00
2.089688062667846680e+00
4.175105571746826172e+00
1.805013656616210938e+00
5.022151470184326172e+00
1.828234910964965820e+00
1.546953678131103516e+00
2.619892835617065430e+00
4.553666591644287109e+00
2.788881063461303711e+00
1.714630126953125000e+00
2.153503894805908203e+00
2.959934949874877930e+00
5.081738948822021484e+00
3.253070831298828125e+00
2.767300605773925781e+00
3.911325931549072266e+00
1.754867911338806152e+00
2.980237722396850586e+00
2.259960889816284180e+00
2.853430032730102539e+00
1.430232405662536621e+00
2.310930728912353516e+00
5.702845096588134766e+00
2.626746892929077148e+00
2.594218015670776367e+00
2.630518913269042969e+00
3.629869461059570312e+00
1.370691537857055664e+00
3.036120653152465820e+00
3.683308362960815430e+00
1.683491945266723633e+00
8.587845802307128906e+00
1.190848112106323242e+00
4.398600101470947266e+00
3.159154891967773438e+00
2.335353851318359375e+00
4.323162078857421875e+00
3.341178178787231445e+00
2.576467990875244141e+00
3.277296066284179688e+00
4.947607994079589844e+00
5.287947654724121094e+00
3.994654417037963867e+00
1.835700631141662598e+00
6.395424604415893555e-01
4.189642429351806641e+00
3.539164304733276367e+00
2.162920951843261719e+00
1.778397917747497559e+00
3.818911075592041016e+00
2.980646610260009766e+00
2.143245220184326172e+00
3.986402273178100586e+00
6.582250118255615234e+00
6.637382507324218750e+00
2.000463008880615234e+00
4.610944271087646484e+00
1.048627734184265137e+00
2.606291532516479492e+00
2.953802824020385742e+00
3.020861625671386719e+00
4.928030967712402344e+00
3.454456090927124023e+00
1.204357266426086426e+00
2.416515588760375977e+00
1.760692596435546875e+00
3.739756822586059570e+00
4.033073902130126953e+00
2.818465232849121094e+00
1.018677473068237305e+00
3.437464475631713867e+00
2.617480278015136719e+00
5.641683101654052734e+00
2.899792671203613281e+00
4.682377815246582031e+00
1.263931155204772949e+00
2.819108486175537109e+00
2.670213460922241211e+00
1.294364213943481445e+00
4.276343345642089844e+00
1.401211619377136230e+00
1.029441714286804199e+00
2.767293453216552734e+00
3.131811618804931641e+00
3.697995424270629883e+00
4.819877147674560547e+00
3.044455051422119141e+00
4.293149471282958984e+00
3.503645658493041992e+00
3.494912862777709961e+00
2.273396492004394531e+00
4.326800823211669922e+00
3.619145154953002930e+00
5.699164390563964844e+00
3.943504810333251953e+00
4.709289550781250000e+00
3.702053546905517578e+00
2.123815298080444336e+00
1.844241023063659668e+00
4.891569614410400391e+00
5.135209560394287109e-01
2.275831222534179688e+00
3.026380062103271484e+00
2.156105041503906250e+00
3.102336883544921875e+00
2.275573015213012695e+00
1.938816428184509277e+00
4.578202247619628906e+00
2.710075855255126953e+00
2.358045101165771484e+00
5.599270343780517578e+00
4.711366176605224609e+00
4.356129646301269531e+00
8.394234776496887207e-01
6.895214319229125977e-01
1.791493654251098633e+00
5.599429607391357422e+00
4.895647525787353516e+00
2.173198938369750977e+00
4.870332241058349609e+00
3.607132673263549805e+00
5.974067687988281250e+00
2.502397298812866211e+00
4.872919559478759766e+00
1.887669444084167480e+00
4.349298477172851562e+00
1.842867136001586914e+00
3.305115222930908203e+00
4.980133533477783203e+00
2.722416877746582031e+00
1.962444543838500977e+00
2.468605518341064453e+00
2.199216127395629883e+00
3.614040374755859375e+00
4.148305892944335938e+00
2.391281366348266602e+00
2.809758663177490234e+00
4.612511157989501953e+00
1.705193161964416504e+00
6.276669979095458984e+00
3.019324541091918945e+00
2.909934997558593750e+00
5.175169467926025391e+00
