2.159054756164550781e+00
4.131916522979736328e+00
3.272850036621093750e+00
1.146000146865844727e+00
1.503978371620178223e+00
4.072500228881835938e+00
3.101152896881103516e+00
2.713799953460693359e+00
5.880912780761718750e+00
4.167801439762115479e-01
3.213064193725585938e+00
4.427893638610839844e+00
7.936990261077880859e+00
6.338436007499694824e-01
2.703127861022949219e+00
7.577865600585937500e+00
5.415023803710937500e+00
6.486625075340270996e-01
3.432662963867187500e+00
2.768351078033447266e+00
2.875200748443603516e+00
1.126783490180969238e+00
1.947255730628967285e+00
3.790181398391723633e+00
3.741392850875854492e+00
5.084701061248779297e+00
3.959339618682861328e+00
2.786066055297851562e+00
4.545245647430419922e+00
5.948509216308593750e+00
2.922401666641235352e+00
6.394220829010009766e+00
2.541188955307006836e+00
3.506181001663208008e+00
4.526015281677246094e+00
4.117188930511474609e+00
4.428425312042236328e+00
2.549828767776489258e+00
3.639643192291259766e+00
3.117889165878295898e+00
4.009276866912841797e+00
1.666734695434570312e+00
1.079878211021423340e+00
3.705199480056762695e+00
1.711311578750610352e+00
6.614666938781738281e+00
4.530304908752441406e+00
3.513566970825195312e+00
4.200305461883544922e+00
4.476522922515869141e+00
5.036735057830810547e+00
4.187447547912597656e+00
3.329387426376342773e+00
3.437261581420898438e+00
2.495447635650634766e+00
3.985827207565307617e+00
5.126673221588134766e+00
4.579197406768798828e+00
2.631354331970214844e+00
3.257107496261596680e+00
4.106844902038574219e+00
1.217451214790344238e+00
4.285950660705566406e+00
1.852100729942321777e+00
1.833512544631958008e+00
5.150127887725830078e+00
3.983573198318481445e+00
2.779659986495971680e+00
2.081801176071166992e+00
2.021723747253417969e+00
4.983728408813476562e+00
5.539335727691650391e+00
5.665606975555419922e+00
6.337978839874267578e+00
1.522263407707214355e+00
5.937644481658935547e+00
1.764150619506835938e+00
1.991169810295104980e+00
2.212693929672241211e+00
2.982344388961791992e+00
3.805118322372436523e+00
1.318277239799499512e+00
7.109095454216003418e-01
3.789793491363525391e+00
2.844699621200561523e+00
2.808085978031158447e-01
3.246474027633666992e+00
2.986336708068847656e+00
2.958309888839721680e+00
3.812606811523437500e+00
7.366784095764160156e+00
2.017158746719360352e+00
7.000694274902343750e+00
6.068955898284912109e+00
1.988734483718872070e+00
3.804717302322387695e+00
3.570043563842773438e+00
1.267112135887145996e+00
3.466978549957275391e+00
4.463610649108886719e+00
3.263179063796997070e+00
1.887002825736999512e+00
3.494027376174926758e+00
5.244259834289550781e+00
3.630765676498413086e+00
2.669409513473510742e+00
2.028183698654174805e+00
6.256511211395263672e+00
3.468923330307006836e+00
1.784989714622497559e+00
3.846302032470703125e+00
3.083516359329223633e+00
2.665117025375366211e+00
6.749582767486572266e+00
4.083776950836181641e+00
9.056919217109680176e-01
2.420269966125488281e+00
1.845940470695495605e+00
4.868079662322998047e+00
4.198079109191894531e+00
2.651793718338012695e+00
6.419536113739013672e+00
2.144654273986816406e+00
4.211065292358398438e+00
7.587322592735290527e-01
1.841054320335388184e+00
3.750659704208374023e+00
2.862664937973022461e+00
3.091932773590087891e+00
4.460772037506103516e+00
2.605696678161621094e+00
3.081521272659301758e+00
1.890162825584411621e+00
7.636269927024841309e-01
2.615474462509155273e+00
3.756962537765502930e+00
3.727682590484619141e+00
6.552957057952880859e+00
1.921226739883422852e+00
5.331123352050781250e+00
1.364665865898132324e+00
5.325011730194091797e+00
1.936918616294860840e+00
1.753715753555297852e+00
2.335430622100830078e+00
5.133428573608398438e+00
2.804906606674194336e+00
1.162459254264831543e+00
3.295911550521850586e+00
1.288476467132568359e+00
2.679395675659179688e+00
7.071876049041748047e+00
4.707222461700439453e+00
3.006212711334228516e+00
5.966997146606445312e+00
3.318895816802978516e+00
3.844804525375366211e+00
2.898838520050048828e+00
5.793112277984619141e+00
4.668206691741943359e+00
1.098541975021362305e+00
1.902979850769042969e+00
4.378717422485351562e+00
4.680665493011474609e+00
3.779302597045898438e+00
3.031910657882690430e+00
3.502465486526489258e-01
2.215201139450073242e+00
2.224827289581298828e+00
1.376664996147155762e+00
4.692229747772216797e+00
3.008785963058471680e+00
3.733591079711914062e+00
6.166081428527832031e-01
4.764335155487060547e+00
2.085608482360839844e+00
3.287085771560668945e+00
3.573733091354370117e+00
4.169755935668945312e+00
5.614423274993896484e+00
5.932376861572265625e+00
9.070492982864379883e-01
4.971403598785400391e+00
3.076505422592163086e+00
2.195427894592285156e+00
8.374155998229980469e+00
2.577454090118408203e+00
2.715256452560424805e+00
2.309470891952514648e+00
2.856766462326049805e+00
3.113649129867553711e+00
5.548705577850341797e+00
2.656083822250366211e+00
2.911290407180786133e+00
4.181434154510498047e+00
1.900199890136718750e+00
2.870365858078002930e+00
1.761818885803222656e+00
5.346128463745117188e+00
2.374492406845092773e+00
1.801851630210876465e+00
6.031699657440185547e+00
8.812351226806640625e-01
4.607690334320068359e+00
4.830007553100585938e+00
2.596705675125122070e+00
4.512177944183349609e+00
4.957649230957031250e+00
2.956138610839843750e+00
4.576549053192138672e+00
6.943937778472900391e+00
3.698423862457275391e+00
6.146352767944335938e+00
3.822145462036132812e+00
5.630253314971923828e+00
4.696977138519287109e+00
7.208858728408813477e-01
3.438281297683715820e+00
4.978679656982421875e+00
1.410783171653747559e+00
3.579785585403442383e+00
3.444535970687866211e+00
2.699471473693847656e+00
2.595774650573730469e+00
3.458544492721557617e+00
1.978817820549011230e+00
4.427584648132324219e+00
1.915492415428161621e+00
1.324612498283386230e+00
3.780657529830932617e+00
3.900943040847778320e+00
3.099808216094970703e+00
6.498124122619628906e+00
6.767110347747802734e+00
3.925120592117309570e+00
2.860579252243041992e+00
6.428336620330810547e+00
4.989343166351318359e+00
1.518305897712707520e+00
5.704953670501708984e+00
2.876822948455810547e+00
2.880213975906372070e+00
3.114758253097534180e+00
3.159278869628906250e+00
1.925415635108947754e+00
3.848593950271606445e+00
8.230529785156250000e+00
1.605937242507934570e+00
5.092584133148193359e+00
5.351934909820556641e+00
2.880833387374877930e+00
5.545608997344970703e+00
2.551535367965698242e+00
5.143340110778808594e+00
4.015523433685302734e+00
2.572602987289428711e+00
3.190184831619262695e+00
7.717730998992919922e+00
1.134355783462524414e+00
1.006390929222106934e+00
3.206902027130126953e+00
5.946934700012207031e+00
4.252870082855224609e+00
3.115175724029541016e+00
4.884520053863525391e+00
4.039364337921142578e+00
3.038950920104980469e+00
3.427170276641845703e+00
5.244257926940917969e+00
1.878873705863952637e+00
3.825928926467895508e+00
7.195843696594238281e+00
4.981557369232177734e+00
3.228257894515991211e+00
5.523599147796630859e+00
3.281732559204101562e+00
4.688830852508544922e+00
3.316162109375000000e+00
1.817318558692932129e+00
3.768369674682617188e+00
6.162643909454345703e+00
4.182608604431152344e+00
3.895109176635742188e+00
6.619560122489929199e-01
7.029036879539489746e-01
1.280271410942077637e+00
1.230354309082031250e+00
2.207228422164916992e+00
3.970038175582885742e+00
3.120314359664916992e+00
7.847554087638854980e-01
5.403727889060974121e-01
3.899760007858276367e+00
5.831316947937011719e+00
1.260826945304870605e+00
2.766424894332885742e+00
1.079669952392578125e+00
4.775351524353027344e+00
1.608279824256896973e+00
4.047248363494873047e+00
1.155995726585388184e+00
4.137540817260742188e+00
7.555812835693359375e+00
5.977708339691162109e+00
5.998107433319091797e+00
4.471908092498779297e+00
4.727159976959228516e+00
4.450531482696533203e+00
2.465122222900390625e+00
3.074387073516845703e+00
2.006684541702270508e+00
3.608716726303100586e+00
5.759799003601074219e+00
7.658357024192810059e-01
2.416779279708862305e+00
4.082310676574707031e+00
2.023869037628173828e+00
1.675778269767761230e+00
4.235658168792724609e+00
2.379757165908813477e+00
2.562311887741088867e+00
3.027674436569213867e+00
3.165001630783081055e+00
4.485210418701171875e+00
2.936106443405151367e+00
4.127604007720947266e+00
3.885857105255126953e+00
7.613837718963623047e+00
3.777141332626342773e+00
1.052869200706481934e+00
3.070912122726440430e+00
2.473080635070800781e+00
6.252167701721191406e+00
1.618044734001159668e+00
4.061614513397216797e+00
2.937692403793334961e+00
2.444375753402709961e+00
1.908889412879943848e+00
2.848030090332031250e+00
3.254117250442504883e+00
1.709073901176452637e+00
3.218248367309570312e+00
6.232176303863525391e+00
2.768862962722778320e+00
3.490970373153686523e+00
2.885437250137329102e+00
5.372980594635009766e+00
1.393817543983459473e+00
3.835882902145385742e+00
3.534127950668334961e+00
6.100440502166748047e+00
4.384065151214599609e+00
3.850209951400756836e+00
6.849438667297363281e+00
9.221985936164855957e-01
2.098652839660644531e+00
2.366044282913208008e+00
2.836460828781127930e+00
3.479063510894775391e+00
5.431043148040771484e+00
2.782355785369873047e+00
5.259999752044677734e+00
2.043131589889526367e+00
5.875773906707763672e+00
3.979365587234497070e+00
6.678359508514404297e+00
2.617017984390258789e+00
3.463840484619140625e+00
1.515588164329528809e+00
2.999388217926025391e+00
4.728782653808593750e+00
3.514483213424682617e+00
3.279598712921142578e+00
1.196591734886169434e+00
5.519567012786865234e+00
5.023840904235839844e+00
7.359515666961669922e+00
4.484006881713867188e+00
9.637579917907714844e-01
1.716305971145629883e+00
2.744687318801879883e+00
1.469444155693054199e+00
5.115054607391357422e+00
3.668663501739501953e+00
5.090397834777832031e+00
1.590892910957336426e+00
3.376600980758666992e+00
1.839773535728454590e+00
3.239466190338134766e+00
3.080071449279785156e+00
1.477214932441711426e+00
4.830358028411865234e+00
2.638550519943237305e+00
3.648556232452392578e+00
1.135896205902099609e+00
5.799756526947021484e+00
7.554734945297241211e-01
3.287139654159545898e+00
5.584374427795410156e+00
3.829216718673706055e+00
6.543426036834716797e+00
2.908640623092651367e+00
1.845832705497741699e+00
3.006576061248779297e+00
4.525374889373779297e+00
4.242549419403076172e+00
4.670425415039062500e+00
5.901363849639892578e+00
3.093378782272338867e+00
1.014791488647460938e+00
3.243375778198242188e+00
5.893365859985351562e+00
4.486115932464599609e+00
5.164232730865478516e+00
2.170695781707763672e+00
1.915185928344726562e+00
3.494741916656494141e+00
3.627439498901367188e+00
5.048852443695068359e+00
5.831570148468017578e+00
1.771637320518493652e+00
2.884886741638183594e+00
3.286611557006835938e+00
5.459022998809814453e+00
4.498935222625732422e+00
4.108836650848388672e+00
1.717244148254394531e+00
3.243007659912109375e+00
2.961933851242065430e+00
1.910696625709533691e+00
2.806930780410766602e+00
4.735741138458251953e+00
8.672563433647155762e-01
3.968183994293212891e+00
2.899603605270385742e+00
5.934679508209228516e+00
1.874604463577270508e+00
1.547908306121826172e+00
8.789407610893249512e-01
1.825855851173400879e+00
6.514152526855468750e+00
4.502377033233642578e+00
1.355466961860656738e+00
1.482917308807373047e+00
2.601972818374633789e+00
1.213736414909362793e+00
5.650250434875488281e+00
3.830030918121337891e+00
3.286961793899536133e+00
4.329669475555419922e+00
7.272359371185302734e+00
5.828795433044433594e+00
3.335513353347778320e+00
4.268608093261718750e+00
4.746665477752685547e+00
4.905241489410400391e+00
2.923531293869018555e+00
4.279796600341796875e+00
1.826533317565917969e+00
1.069077730178833008e+00
5.635491847991943359e+00
1.109981656074523926e+00
2.420441627502441406e+00
5.079107880592346191e-01
2.081612825393676758e+00
1.992595553398132324e+00
3.685829877853393555e+00
3.160981416702270508e+00
3.223298788070678711e+00
1.278925538063049316e+00
2.434850215911865234e+00
4.184161663055419922e+00
2.708206415176391602e+00
1.442880034446716309e+00
3.484072446823120117e+00
4.248157024383544922e+00
4.015184879302978516e+00
3.506217718124389648e+00
4.169896602630615234e+00
4.342773914337158203e+00
4.089109420776367188e+00
2.690924406051635742e+00
5.663383007049560547e+00
4.839018344879150391e+00
5.953826427459716797e+00
1.536399006843566895e+00
4.015940666198730469e+00
1.648699045181274414e+00
5.677393913269042969e+00
1.917056679725646973e+00
1.440832495689392090e+00
2.734163045883178711e+00
3.849599838256835938e+00
3.078558444976806641e+00
2.145509481430053711e+00
2.587061405181884766e+00
1.204553604125976562e+00
1.850629806518554688e+00
3.615093946456909180e+00
3.937192201614379883e+00
