4.372209548950195312e+00
3.015437364578247070e+00
1.188311934471130371e+00
1.440545916557312012e+00
2.233913421630859375e+00
2.945209264755249023e+00
5.307960987091064453e+00
1.362301468849182129e+00
3.348991155624389648e+00
3.653812885284423828e+00
2.470017194747924805e+00
5.284943103790283203e+00
3.058383226394653320e+00
5.318917751312255859e+00
1.068287134170532227e+00
3.923564672470092773e+00
8.747092485427856445e-01
3.096382856369018555e+00
4.544083595275878906e+00
4.310637950897216797e+00
1.215558409690856934e+00
2.081436872482299805e+00
3.302416324615478516e+00
3.571384429931640625e+00
3.535036802291870117e+00
3.820892333984375000e+00
4.686397075653076172e+00
3.557046175003051758e+00
1.014361262321472168e+00
4.811165809631347656e+00
3.218327283859252930e+00
1.983327507972717285e+00
3.761104583740234375e+00
2.835832834243774414e+00
2.947742223739624023e+00
4.166913986206054688e+00
8.040060400962829590e-01
1.972353935241699219e+00
2.586059570312500000e+00
1.352129220962524414e+00
1.844745516777038574e+00
2.408076047897338867e+00
2.892094135284423828e+00
2.261890172958374023e+00
1.402074813842773438e+00
2.065608739852905273e+00
3.536263704299926758e+00
3.457953214645385742e+00
3.159857511520385742e+00
4.670490741729736328e+00
4.490701854228973389e-01
3.115141630172729492e+00
4.406989574432373047e+00
4.046197414398193359e+00
3.224143266677856445e+00
6.816877722740173340e-01
3.216193437576293945e+00
5.053350448608398438e+00
4.133999824523925781e+00
2.898226261138916016e+00
3.692113876342773438e+00
2.584766626358032227e+00
1.782563447952270508e+00
4.622382640838623047e+00
2.790105581283569336e+00
3.909078598022460938e+00
3.134157180786132812e+00
2.791496515274047852e+00
1.257933855056762695e+00
2.140947341918945312e+00
4.154498577117919922e+00
8.613587617874145508e-01
2.041677951812744141e+00
5.126629352569580078e+00
4.404262065887451172e+00
4.541637897491455078e+00
1.049614071846008301e+00
2.050337553024291992e+00
4.453082561492919922e+00
2.175167322158813477e+00
4.965983390808105469e+00
4.136315822601318359e+00
5.822397232055664062e+00
6.887033939361572266e+00
1.592247247695922852e+00
1.457330942153930664e+00
4.569579124450683594e+00
7.023005008697509766e+00
6.526547670364379883e-01
2.835999965667724609e+00
1.977146148681640625e+00
4.746530532836914062e+00
3.012150526046752930e+00
1.251753091812133789e+00
6.502901554107666016e+00
3.167680501937866211e+00
4.098306179046630859e+00
3.152125120162963867e+00
1.382154583930969238e+00
5.484096527099609375e+00
3.852328538894653320e+00
2.136400938034057617e+00
8.244771957397460938e-01
3.568643331527709961e+00
3.904593229293823242e+00
4.163085460662841797e+00
8.357195854187011719e+00
6.453803539276123047e+00
4.758893489837646484e+00
5.144595623016357422e+00
3.349153280258178711e+00
2.812480449676513672e+00
5.634264945983886719e+00
3.467853307723999023e+00
3.966752290725708008e+00
1.240975141525268555e+00
3.199747562408447266e+00
4.182789325714111328e+00
6.082759499549865723e-01
1.232923150062561035e+00
7.479514598846435547e+00
2.010428905487060547e+00
4.588287353515625000e+00
5.055891036987304688e+00
4.773817062377929688e+00
5.159304618835449219e+00
1.220523476600646973e+00
6.856026649475097656e-01
2.536668539047241211e+00
2.074107885360717773e+00
4.176621437072753906e+00
5.871425151824951172e+00
2.631019353866577148e+00
1.730094194412231445e+00
3.297044515609741211e+00
2.563928842544555664e+00
1.708593964576721191e+00
4.969819068908691406e+00
3.362612247467041016e+00
4.871110439300537109e+00
5.216924667358398438e+00
3.522566318511962891e+00
1.729827165603637695e+00
4.132762432098388672e+00
1.654307246208190918e+00
3.635586261749267578e+00
4.553226470947265625e+00
2.214554071426391602e+00
2.422833919525146484e+00
2.178143501281738281e+00
3.816329717636108398e+00
1.172569632530212402e+00
2.189770936965942383e+00
2.064819812774658203e+00
4.630338668823242188e+00
4.512099742889404297e+00
5.368646144866943359e+00
2.744242429733276367e+00
4.156087875366210938e+00
3.633529663085937500e+00
1.019583702087402344e+00
2.982275724411010742e+00
3.262917757034301758e+00
3.238838911056518555e+00
4.322705745697021484e+00
1.486244440078735352e+00
2.186733484268188477e+00
6.897949218750000000e+00
4.471736431121826172e+00
2.562108993530273438e+00
3.407907247543334961e+00
6.584730625152587891e+00
1.818739295005798340e+00
4.036620140075683594e+00
1.235390305519104004e+00
2.086001873016357422e+00
2.823119163513183594e+00
2.935123205184936523e+00
3.040999889373779297e+00
1.317820906639099121e+00
7.649539709091186523e-01
2.979615688323974609e+00
1.046093702316284180e+00
4.197677612304687500e+00
1.144774150848388672e+01
2.896527051925659180e+00
2.335680484771728516e+00
3.693168401718139648e+00
4.119923591613769531e+00
4.611621379852294922e+00
4.854720592498779297e+00
2.400630712509155273e+00
2.332719802856445312e+00
3.273349523544311523e+00
3.520839452743530273e+00
4.167298316955566406e+00
3.654752492904663086e+00
2.611724853515625000e+00
5.228569507598876953e+00
4.928832530975341797e+00
4.766554355621337891e+00
1.707763314247131348e+00
3.042629957199096680e+00
3.841199159622192383e+00
3.625299215316772461e+00
1.708994269371032715e+00
2.535841703414916992e+00
5.571051120758056641e+00
3.131342172622680664e+00
2.232221841812133789e+00
3.573720932006835938e+00
5.261182308197021484e+00
1.711154937744140625e+00
3.605120420455932617e+00
4.343012332916259766e+00
2.617891073226928711e+00
2.971191406250000000e+00
1.857506752014160156e+00
3.642312765121459961e+00
7.113017559051513672e+00
2.728586673736572266e+00
3.356351613998413086e+00
2.292429208755493164e+00
2.872504949569702148e+00
2.214714288711547852e+00
5.939930915832519531e+00
2.189069032669067383e+00
2.044127225875854492e+00
7.523725986480712891e+00
3.194898128509521484e+00
3.352756977081298828e+00
1.493538498878479004e+00
4.619411945343017578e+00
1.994893312454223633e+00
4.222780704498291016e+00
9.914814829826354980e-01
1.625260353088378906e+00
2.454505681991577148e+00
2.088167905807495117e+00
5.202268123626708984e+00
3.290094375610351562e+00
5.701305389404296875e+00
3.759023666381835938e+00
4.538313865661621094e+00
2.894776105880737305e+00
3.696032166481018066e-01
6.370425701141357422e+00
1.069095969200134277e+00
6.423650264739990234e+00
3.956570148468017578e+00
2.762736558914184570e+00
2.202479124069213867e+00
3.659280061721801758e+00
2.288175821304321289e+00
1.633931040763854980e+00
1.897613167762756348e+00
3.612141847610473633e+00
4.758788585662841797e+00
2.806743621826171875e+00
2.158395051956176758e+00
1.332664847373962402e+00
2.820385694503784180e+00
3.373383045196533203e+00
1.776074290275573730e+00
4.165958404541015625e+00
4.045718669891357422e+00
3.779862165451049805e+00
9.307029724121093750e+00
3.667861938476562500e+00
5.195369720458984375e+00
5.009035587310791016e+00
1.299672365188598633e+00
6.722894310951232910e-01
7.458129882812500000e+00
5.764276504516601562e+00
3.716542959213256836e+00
6.317572593688964844e+00
3.298011779785156250e+00
1.988143920898437500e+00
2.610608816146850586e+00
3.842132568359375000e+00
8.576793670654296875e-01
3.314304351806640625e+00
2.579375028610229492e+00
1.298902392387390137e+00
3.575624465942382812e+00
3.111449003219604492e+00
6.007103443145751953e+00
1.948732018470764160e+00
2.195814609527587891e+00
7.144390106201171875e+00
4.694838523864746094e+00
3.622714996337890625e+00
4.092655658721923828e+00
5.823603630065917969e+00
1.375820398330688477e+00
3.676580190658569336e+00
8.377900123596191406e-01
3.552583456039428711e+00
2.700963735580444336e+00
3.875650405883789062e+00
3.394452810287475586e+00
3.377846956253051758e+00
1.568068742752075195e+00
3.619798421859741211e+00
1.327512383460998535e+00
2.095317840576171875e+00
6.227064132690429688e+00
2.886733770370483398e+00
6.389990806579589844e+00
2.145235776901245117e+00
1.440451502799987793e+00
3.397724151611328125e+00
2.645794630050659180e+00
1.645091414451599121e+00
9.087237715721130371e-01
4.832740306854248047e+00
2.479004859924316406e+00
4.608423709869384766e+00
2.289028167724609375e+00
4.833934783935546875e+00
4.221615314483642578e+00
3.093234539031982422e+00
4.215272426605224609e+00
2.847348690032958984e+00
1.592527031898498535e+00
2.401903867721557617e+00
3.459244966506958008e+00
2.662383556365966797e+00
3.184159040451049805e+00
1.235085964202880859e+00
1.803309798240661621e+00
1.562246680259704590e+00
1.740754723548889160e+00
6.822489261627197266e+00
4.829764068126678467e-01
3.093977451324462891e+00
4.515735149383544922e+00
3.429734945297241211e+00
1.962056756019592285e+00
3.274443387985229492e+00
3.473066091537475586e+00
1.607813715934753418e+00
3.653218984603881836e+00
5.270455837249755859e+00
4.103348731994628906e+00
2.488262176513671875e+00
2.973797082901000977e+00
2.557085752487182617e+00
6.060903072357177734e+00
3.731147527694702148e+00
6.128423213958740234e+00
4.848656654357910156e+00
4.632274210453033447e-01
2.291399955749511719e+00
1.971506357192993164e+00
1.096384048461914062e+00
4.149610996246337891e+00
2.963071346282958984e+00
4.463559150695800781e+00
1.889788627624511719e+00
3.609357595443725586e+00
2.719180822372436523e+00
4.105212688446044922e+00
3.768049001693725586e+00
3.239910840988159180e+00
3.595224142074584961e+00
1.531614065170288086e+00
3.558353900909423828e+00
2.877665281295776367e+00
3.441922426223754883e+00
3.354455709457397461e+00
4.171754360198974609e+00
3.240513324737548828e+00
8.105397224426269531e+00
7.040387153625488281e+00
3.895669937133789062e+00
2.176408529281616211e+00
2.246829986572265625e+00
5.286642551422119141e+00
2.152844429016113281e+00
1.563489675521850586e+00
3.445373296737670898e+00
8.902349472045898438e+00
2.242200374603271484e+00
6.135846138000488281e+00
3.815443754196166992e+00
3.542854785919189453e+00
4.626502513885498047e+00
2.468882083892822266e+00
2.261164903640747070e+00
4.264002323150634766e+00
3.372108459472656250e+00
4.388898372650146484e+00
3.096013307571411133e+00
3.160757780075073242e+00
1.890718698501586914e+00
2.939974546432495117e+00
9.979546666145324707e-01
1.301699519157409668e+00
1.273120403289794922e+00
2.677970647811889648e+00
3.662296295166015625e+00
2.252916812896728516e+00
2.559919834136962891e+00
3.450225114822387695e+00
5.574779033660888672e+00
4.789463996887207031e+00
4.803721904754638672e+00
3.497793197631835938e+00
5.621084690093994141e+00
8.592286109924316406e-01
7.185348510742187500e+00
5.403998851776123047e+00
2.157190084457397461e+00
5.714266896247863770e-01
2.724058389663696289e+00
3.780391454696655273e+00
2.502786397933959961e+00
2.496433496475219727e+00
4.665732979774475098e-01
4.985544681549072266e+00
4.005292415618896484e+00
1.045878648757934570e+00
5.295085430145263672e+00
3.299885988235473633e+00
1.579162716865539551e+00
2.620407581329345703e+00
3.653663635253906250e+00
6.973392009735107422e+00
3.931383848190307617e+00
1.895309090614318848e+00
1.734968781471252441e+00
6.203265666961669922e+00
2.525975465774536133e+00
2.215483665466308594e+00
3.569771647453308105e-01
3.661948442459106445e+00
6.756329536437988281e+00
3.522846221923828125e+00
2.809115648269653320e+00
2.414490699768066406e+00
2.825839281082153320e+00
6.711875915527343750e+00
1.162062644958496094e+00
3.885002613067626953e+00
2.244312047958374023e+00
4.677152156829833984e+00
1.049421668052673340e+00
6.397723197937011719e+00
1.538789749145507812e+00
1.388788104057312012e+00
4.026051998138427734e+00
4.620478153228759766e+00
4.437787532806396484e+00
4.743192672729492188e+00
1.014865517616271973e+00
2.443547487258911133e+00
5.001910209655761719e+00
4.847071170806884766e+00
3.451477766036987305e+00
4.398725032806396484e+00
7.093338370323181152e-01
2.742227792739868164e+00
3.232786893844604492e+00
5.837254524230957031e+00
1.345270156860351562e+00
5.671916484832763672e+00
4.114745616912841797e+00
4.667225360870361328e+00
1.801411628723144531e+00
2.783680677413940430e+00
5.294185161590576172e+00
5.206192016601562500e+00
4.032407283782958984e+00
4.759176731109619141e+00
7.521884441375732422e+00
6.728844642639160156e+00
2.455759763717651367e+00
3.194031476974487305e+00
4.698187828063964844e+00
6.035985469818115234e+00
2.460207462310791016e+00
3.623420715332031250e+00
7.759515285491943359e+00
4.850556850433349609e+00
4.534704685211181641e+00
1.615703940391540527e+00
1.723826408386230469e+00
4.884241580963134766e+00
2.479769945144653320e+00
1.048495292663574219e+00
7.041490077972412109e+00
7.536160945892333984e+00
6.250594615936279297e+00
3.031633853912353516e+00
5.927942752838134766e+00
2.347816228866577148e+00
5.321553707122802734e+00
3.646975040435791016e+00
