3.490139484405517578e+00
1.957468986511230469e+00
2.837510585784912109e+00
4.837390422821044922e+00
4.394497871398925781e+00
2.570946931838989258e+00
1.760326266288757324e+00
2.039122343063354492e+00
3.492834806442260742e+00
2.420831441879272461e+00
3.709683179855346680e+00
7.667932033538818359e+00
1.012742400169372559e+00
6.402946472167968750e+00
1.572251915931701660e+00
2.053749084472656250e+00
3.616121292114257812e+00
2.228641271591186523e+00
3.422928333282470703e+00
4.043929576873779297e+00
2.721283674240112305e+00
3.222221136093139648e+00
4.159415721893310547e+00
3.451858520507812500e+00
2.167637825012207031e+00
3.015297651290893555e+00
3.974649906158447266e+00
4.024918556213378906e+00
2.060316801071166992e+00
2.835672378540039062e+00
2.001161098480224609e+00
4.729207038879394531e+00
2.339015960693359375e+00
2.914727449417114258e+00
1.137734770774841309e+00
3.114887714385986328e+00
4.614917755126953125e+00
2.343707323074340820e+00
8.686366081237792969e+00
1.439507961273193359e+00
4.601747035980224609e+00
5.008124828338623047e+00
3.208569288253784180e+00
3.472660541534423828e+00
1.264403223991394043e+00
1.974464416503906250e+00
4.681208610534667969e+00
1.616845011711120605e+00
1.025295019149780273e+00
3.626723051071166992e+00
3.604876279830932617e+00
4.841332912445068359e+00
1.594016909599304199e+00
7.739131450653076172e+00
2.118816137313842773e+00
4.270888805389404297e+00
5.777617454528808594e+00
2.618064641952514648e+00
3.204155683517456055e+00
4.881722927093505859e+00
3.124497175216674805e+00
2.753777265548706055e+00
2.041290521621704102e+00
3.039214849472045898e+00
3.630175352096557617e+00
5.807734131813049316e-01
1.218226552009582520e+00
4.665212631225585938e+00
5.188721179962158203e+00
3.438190937042236328e+00
4.096730709075927734e+00
1.625486016273498535e+00
5.134612560272216797e+00
2.304095029830932617e+00
4.498984813690185547e+00
2.447698354721069336e+00
6.226416587829589844e+00
3.908159017562866211e+00
1.728077769279479980e+00
4.143498897552490234e+00
3.058033227920532227e+00
6.668322086334228516e+00
5.899542331695556641e+00
2.936748266220092773e+00
4.610680580139160156e+00
2.633271217346191406e+00
4.098423957824707031e+00
1.456576108932495117e+00
3.371670246124267578e+00
5.725298404693603516e+00
2.939999103546142578e+00
4.604271411895751953e+00
1.591485619544982910e+00
2.092619657516479492e+00
4.960951328277587891e+00
3.904645681381225586e+00
2.564353466033935547e+00
2.287041425704956055e+00
2.191778659820556641e+00
3.156846761703491211e+00
5.709329128265380859e+00
2.930816650390625000e+00
5.180636882781982422e+00
3.695068836212158203e+00
7.176226973533630371e-01
6.324531078338623047e+00
3.587044477462768555e+00
6.777999877929687500e+00
3.781312704086303711e+00
1.147101283073425293e+00
3.285269975662231445e+00
7.855418920516967773e-01
6.142533779144287109e+00
4.417173862457275391e+00
2.780615091323852539e+00
4.772849559783935547e+00
3.833389997482299805e+00
1.123176574707031250e+00
2.814052343368530273e+00
1.126009464263916016e+00
3.564153432846069336e+00
4.705991268157958984e+00
4.863052845001220703e+00
1.410374522209167480e+00
2.447090625762939453e+00
3.164912462234497070e+00
6.299526691436767578e+00
1.767783761024475098e+00
5.437657356262207031e+00
3.129158020019531250e+00
5.659037113189697266e+00
1.903762817382812500e+00
2.634613275527954102e+00
4.108850002288818359e+00
2.822834730148315430e+00
2.595267534255981445e+00
4.136546134948730469e+00
3.351207733154296875e+00
2.216455936431884766e+00
2.721014022827148438e+00
5.296897888183593750e+00
2.233181953430175781e+00
1.211368203163146973e+00
3.883980512619018555e+00
4.022718429565429688e+00
1.543501496315002441e+00
4.272715091705322266e+00
1.094687819480895996e+00
4.007956981658935547e+00
5.376521587371826172e+00
4.537339687347412109e+00
3.795034289360046387e-01
2.560961246490478516e+00
3.011053800582885742e+00
4.480776309967041016e+00
2.003329992294311523e+00
5.605198740959167480e-01
2.883124113082885742e+00
2.427513599395751953e+00
1.674391746520996094e+00
2.421135663986206055e+00
8.912643432617187500e+00
4.721534729003906250e+00
1.693505167961120605e+00
3.229640722274780273e+00
1.628352046012878418e+00
2.365530014038085938e+00
3.229101181030273438e+00
4.449429512023925781e+00
3.285562992095947266e+00
4.138778686523437500e+00
5.769783496856689453e+00
1.065091848373413086e+00
6.905212402343750000e-01
1.312955498695373535e+00
6.094502449035644531e+00
2.666558265686035156e+00
3.221910953521728516e+00
2.609031200408935547e+00
3.458556890487670898e+00
2.169959545135498047e+00
3.749206542968750000e+00
2.725483894348144531e+00
3.357870578765869141e+00
3.042938470840454102e+00
4.339576244354248047e+00
3.248052597045898438e+00
1.190946578979492188e+00
5.484465599060058594e+00
2.760667562484741211e+00
3.689754962921142578e+00
3.955654859542846680e+00
3.885290145874023438e+00
2.018448114395141602e+00
1.661613345146179199e+00
2.242284536361694336e+00
4.365393638610839844e+00
3.783129930496215820e+00
4.608198165893554688e+00
1.979035019874572754e+00
5.406394958496093750e+00
3.730679035186767578e+00
4.806209087371826172e+00
2.126394748687744141e+00
2.610504388809204102e+00
8.761519789695739746e-01
4.541287899017333984e+00
1.748992919921875000e+00
3.781552076339721680e+00
1.648679018020629883e+00
5.773062705993652344e+00
1.333921909332275391e+00
4.274974822998046875e+00
1.909184813499450684e+00
3.340333700180053711e+00
2.660418510437011719e+00
4.927129745483398438e+00
3.843542814254760742e+00
8.028789758682250977e-01
2.918327093124389648e+00
1.626984834671020508e+00
3.725252866744995117e+00
3.459452867507934570e+00
5.144540309906005859e+00
9.609300494194030762e-01
2.702955484390258789e+00
3.379969835281372070e+00
2.189025402069091797e+00
1.163796067237854004e+00
3.529472827911376953e+00
2.110184907913208008e+00
4.564839839935302734e+00
3.262880325317382812e+00
1.846198081970214844e+00
3.117531061172485352e+00
3.685272216796875000e+00
2.372392416000366211e+00
1.609036684036254883e+00
5.634509563446044922e+00
4.834836006164550781e+00
3.252867937088012695e+00
3.216878890991210938e+00
3.547838628292083740e-01
1.279608130455017090e+00
5.138014793395996094e+00
3.088581562042236328e+00
4.561797142028808594e+00
1.687845826148986816e+00
4.799141407012939453e+00
2.307390928268432617e+00
2.728451490402221680e+00
3.432703018188476562e+00
4.722178936004638672e+00
4.576493740081787109e+00
7.205338954925537109e+00
3.816730499267578125e+00
2.644958257675170898e+00
1.879344582557678223e+00
2.768913030624389648e+00
8.530306220054626465e-01
1.728174448013305664e+00
3.157800197601318359e+00
1.503901481628417969e+00
2.753582954406738281e+00
4.291595458984375000e+00
4.560231685638427734e+00
2.815172910690307617e+00
4.462353706359863281e+00
4.712249755859375000e+00
3.056063413619995117e+00
7.704020738601684570e-01
5.595224380493164062e+00
3.766869068145751953e+00
2.005109548568725586e+00
2.611989021301269531e+00
4.478128433227539062e+00
2.227501153945922852e+00
7.128549098968505859e+00
5.324228763580322266e+00
1.328241109848022461e+00
1.864965081214904785e+00
2.235221624374389648e+00
3.870826482772827148e+00
1.904894232749938965e+00
2.430007934570312500e+00
2.215063333511352539e+00
2.154796123504638672e+00
2.582243204116821289e+00
2.875818967819213867e+00
1.791414260864257812e+00
4.603816509246826172e+00
4.135697841644287109e+00
2.813297033309936523e+00
3.017545700073242188e+00
1.921428084373474121e+00
2.809876680374145508e+00
4.638364791870117188e+00
1.403216361999511719e+00
3.528722047805786133e+00
3.651407003402709961e+00
4.514873027801513672e+00
5.238336086273193359e+00
2.742941379547119141e+00
3.592247724533081055e+00
2.599524259567260742e+00
4.625879764556884766e+00
3.961518049240112305e+00
7.698412418365478516e+00
3.388499021530151367e+00
3.686406850814819336e+00
3.853109836578369141e+00
6.669105529785156250e+00
2.296558618545532227e+00
2.597495794296264648e+00
3.948830366134643555e+00
2.406453847885131836e+00
3.259964466094970703e+00
3.219414234161376953e+00
7.887839674949645996e-01
4.325176715850830078e+00
2.181447982788085938e+00
4.346279621124267578e+00
3.000227451324462891e+00
1.238838791847229004e+00
5.449790000915527344e+00
3.420691251754760742e+00
2.985504388809204102e+00
2.512071847915649414e+00
4.216393947601318359e+00
1.201632261276245117e+00
4.466717720031738281e+00
4.859786510467529297e+00
1.367277026176452637e+00
2.397625684738159180e+00
4.181644916534423828e+00
2.890222787857055664e+00
1.007391333580017090e+00
2.419585943222045898e+00
2.581426858901977539e+00
1.763735175132751465e+00
2.825490474700927734e+00
4.391844272613525391e+00
2.854006528854370117e+00
3.136856794357299805e+00
4.115188121795654297e+00
2.661440372467041016e+00
4.864976406097412109e+00
4.901477336883544922e+00
1.579830765724182129e+00
4.733282089233398438e+00
1.990988969802856445e+00
3.341076612472534180e+00
1.567083477973937988e+00
4.022407054901123047e+00
2.782447338104248047e+00
3.997518539428710938e+00
5.311135292053222656e+00
4.261810481548309326e-01
1.547422647476196289e+00
2.475109577178955078e+00
2.367045640945434570e+00
1.703697443008422852e+00
3.457195997238159180e+00
2.579926013946533203e+00
5.389583110809326172e+00
3.549516439437866211e+00
2.498891353607177734e+00
8.697136044502258301e-01
1.784284234046936035e+00
1.564992904663085938e+00
4.900458335876464844e+00
4.622933387756347656e+00
3.716939210891723633e+00
5.545926570892333984e+00
2.520654439926147461e+00
4.475246906280517578e+00
2.826283454895019531e+00
3.744034528732299805e+00
4.265712738037109375e+00
6.368008613586425781e+00
3.820462942123413086e+00
3.100709676742553711e+00
1.604780435562133789e+00
2.917933464050292969e+00
5.269921779632568359e+00
4.028501987457275391e+00
5.243221759796142578e+00
3.462197542190551758e+00
1.478204727172851562e+00
5.925412654876708984e+00
5.370218753814697266e+00
3.979539155960083008e+00
4.050362110137939453e+00
3.260361194610595703e+00
1.886428475379943848e+00
3.875096082687377930e+00
2.652041673660278320e+00
2.946745634078979492e+00
2.448411703109741211e+00
3.501586914062500000e+00
4.775659084320068359e+00
9.117650389671325684e-01
3.646049261093139648e+00
3.071091175079345703e+00
3.912655591964721680e+00
4.248483657836914062e+00
4.468322753906250000e+00
1.513877749443054199e+00
4.588605403900146484e+00
2.870558261871337891e+00
3.161199331283569336e+00
2.860236167907714844e+00
5.675864696502685547e+00
4.208595275878906250e+00
4.993622779846191406e+00
2.878181219100952148e+00
4.404546260833740234e+00
3.133033990859985352e+00
3.310225009918212891e+00
8.551492094993591309e-01
3.429242849349975586e+00
1.521700143814086914e+00
2.378773450851440430e+00
5.556176662445068359e+00
1.985849618911743164e+00
8.697193264961242676e-01
2.096468687057495117e+00
3.077725410461425781e+00
2.241840362548828125e+00
1.953126549720764160e+00
2.050026178359985352e+00
4.189309597015380859e+00
4.155917644500732422e+00
4.332982540130615234e+00
5.119037151336669922e+00
2.638619184494018555e+00
1.999279975891113281e+00
2.955448389053344727e+00
4.104085445404052734e+00
2.506836175918579102e+00
1.267059564590454102e+00
3.518307924270629883e+00
5.802292823791503906e+00
2.963329792022705078e+00
3.351030111312866211e+00
4.693496823310852051e-01
8.106276392936706543e-01
5.353590965270996094e+00
2.191916465759277344e+00
4.160768032073974609e+00
4.832088947296142578e+00
3.132960557937622070e+00
3.360877275466918945e+00
2.340722799301147461e+00
3.254590749740600586e+00
2.419787168502807617e+00
5.636981487274169922e+00
3.145661830902099609e+00
1.424405694007873535e+00
3.040191411972045898e+00
6.326549649238586426e-01
3.587299346923828125e+00
2.536417245864868164e+00
5.409260272979736328e+00
5.014900207519531250e+00
4.109360218048095703e+00
4.679383754730224609e+00
7.020719051361083984e+00
3.157734632492065430e+00
2.892405271530151367e+00
4.930463790893554688e+00
4.123472690582275391e+00
4.137637138366699219e+00
7.992316484451293945e-01
1.386556744575500488e+00
8.411523103713989258e-01
2.987194061279296875e+00
3.080023765563964844e+00
2.062302350997924805e+00
1.693653702735900879e+00
2.527509927749633789e+00
2.513757228851318359e+00
3.576916933059692383e+00
2.493832111358642578e+00
2.800160884857177734e+00
1.162284612655639648e+00
3.758358716964721680e+00
3.462350606918334961e+00
5.117496013641357422e+00
3.589653730392456055e+00
2.455536603927612305e+00
5.332147121429443359e+00
5.108737468719482422e+00
6.598271369934082031e+00
1.551446318626403809e+00
4.780650615692138672e+00
2.673142910003662109e+00
3.950704574584960938e+00
9.294028282165527344e-01
7.477522373199462891e+00
