4.327454566955566406e+00
4.437951564788818359e+00
6.766250610351562500e+00
5.185911655426025391e+00
2.281454086303710938e+00
4.768994808197021484e+00
4.040361940860748291e-01
3.393335819244384766e+00
4.282985687255859375e+00
3.906496047973632812e+00
3.741908788681030273e+00
4.100309371948242188e+00
1.973789811134338379e+00
5.223336219787597656e+00
7.717355251312255859e+00
3.606866121292114258e+00
6.024279594421386719e+00
5.399683475494384766e+00
3.843698263168334961e+00
2.429317712783813477e+00
5.185945510864257812e+00
2.985857963562011719e+00
5.373434066772460938e+00
3.001205205917358398e+00
2.153800964355468750e+00
4.881434917449951172e+00
1.224148750305175781e+00
3.845901250839233398e+00
3.550219774246215820e+00
4.688289165496826172e+00
5.189327001571655273e-01
2.416358470916748047e+00
1.004181981086730957e+00
3.812438964843750000e+00
1.109821915626525879e+00
1.696106314659118652e+00
3.205388784408569336e+00
3.560817003250122070e+00
4.433632850646972656e+00
1.772539138793945312e+00
3.110052824020385742e+00
1.593849539756774902e+00
6.971998691558837891e+00
4.021033287048339844e+00
3.969855070114135742e+00
6.165343284606933594e+00
6.058694124221801758e-01
1.671226859092712402e+00
3.615470170974731445e+00
5.227641582489013672e+00
2.899926424026489258e+00
3.906779050827026367e+00
2.198206663131713867e+00
5.936702728271484375e+00
1.163159728050231934e+00
5.130908489227294922e+00
1.373545765876770020e+00
1.930749893188476562e+00
4.495440959930419922e+00
4.180011272430419922e+00
2.661012649536132812e+00
3.808416366577148438e+00
2.073348760604858398e+00
2.769986867904663086e+00
4.825763225555419922e+00
3.666655063629150391e+00
3.158883810043334961e+00
2.332704782485961914e+00
3.680679798126220703e+00
6.007823467254638672e+00
4.337120056152343750e+00
6.221424579620361328e+00
2.655415773391723633e+00
3.249397039413452148e+00
5.264370918273925781e+00
2.698944330215454102e+00
2.614131689071655273e+00
4.176286220550537109e+00
2.106267690658569336e+00
5.464882373809814453e+00
1.531194567680358887e+00
3.138104200363159180e+00
2.508457422256469727e+00
4.024880409240722656e+00
5.103560924530029297e+00
3.226873874664306641e+00
3.121547222137451172e+00
1.261910438537597656e+00
4.143221855163574219e+00
3.941445112228393555e+00
4.705487251281738281e+00
1.656606912612915039e+00
3.276123046875000000e+00
3.500874280929565430e+00
2.946126699447631836e+00
4.387352943420410156e+00
3.375661611557006836e+00
4.349585533142089844e+00
5.603616237640380859e-01
3.807081222534179688e+00
4.130250453948974609e+00
7.556225657463073730e-01
5.005893230438232422e+00
4.178947925567626953e+00
4.519877910614013672e+00
3.664761304855346680e+00
2.416828393936157227e+00
1.373619794845581055e+00
5.267377376556396484e+00
4.697196960449218750e+00
2.923804998397827148e+00
3.231147050857543945e+00
4.968365728855133057e-01
2.080916643142700195e+00
4.272311210632324219e+00
1.829122900962829590e+00
6.162003517150878906e+00
1.127169489860534668e+00
1.400875568389892578e+00
1.656140208244323730e+00
5.144875049591064453e+00
4.293209552764892578e+00
4.851462841033935547e+00
2.694036483764648438e+00
1.908775687217712402e+00
1.582198262214660645e+00
3.874894857406616211e+00
4.100570201873779297e+00
4.264721870422363281e+00
1.639839053153991699e+00
3.852489471435546875e+00
1.469988107681274414e+00
2.776426792144775391e+00
4.438864707946777344e+00
3.135762929916381836e+00
2.652825117111206055e+00
5.030370235443115234e+00
5.518619537353515625e+00
3.630450963973999023e+00
3.194932460784912109e+00
5.317254543304443359e+00
2.012670040130615234e+00
2.566145658493041992e+00
7.152582645416259766e+00
2.176645040512084961e+00
6.186850070953369141e+00
6.746520400047302246e-01
2.731799364089965820e+00
5.851516246795654297e+00
1.061348795890808105e+00
3.805251359939575195e+00
5.215322494506835938e+00
4.112832546234130859e+00
2.740257501602172852e+00
4.215246677398681641e+00
4.059349060058593750e+00
2.340953588485717773e+00
2.241548538208007812e+00
2.889993429183959961e+00
1.854398965835571289e+00
4.598493576049804688e+00
3.611306905746459961e+00
1.478130221366882324e+00
1.767870783805847168e+00
4.137504100799560547e+00
1.120776534080505371e+00
8.212761878967285156e+00
2.744193553924560547e+00
3.644577741622924805e+00
4.323469638824462891e+00
3.582554340362548828e+00
8.075442314147949219e-01
3.253479480743408203e+00
1.082959532737731934e+00
6.849423408508300781e+00
2.230986595153808594e+00
4.362435340881347656e+00
5.405444622039794922e+00
2.638910531997680664e+00
4.791224479675292969e+00
3.033435583114624023e+00
2.120394468307495117e+00
3.897989034652709961e+00
2.716611862182617188e+00
2.740840673446655273e+00
4.329485416412353516e+00
3.392809391021728516e+00
1.990483522415161133e+00
2.581318616867065430e+00
3.992192506790161133e+00
7.212754249572753906e+00
3.692577362060546875e+00
3.844628036022186279e-01
4.232571125030517578e+00
4.519065856933593750e+00
6.819282531738281250e+00
5.147567272186279297e+00
6.157148838043212891e+00
2.802000045776367188e+00
1.269642591476440430e+00
1.718808054924011230e+00
1.865006685256958008e+00
3.536802768707275391e+00
3.571713209152221680e+00
5.174660682678222656e+00
3.171659231185913086e+00
3.593257188796997070e+00
4.551171302795410156e+00
5.757979393005371094e+00
6.866660594940185547e+00
5.610177516937255859e+00
3.028262853622436523e+00
3.987069845199584961e+00
4.261372566223144531e+00
4.366400718688964844e+00
5.974427700042724609e+00
9.142023324966430664e-01
1.891850352287292480e+00
3.122709989547729492e+00
3.894027709960937500e+00
5.031243324279785156e+00
5.882615566253662109e+00
3.422037601470947266e+00
5.377777099609375000e+00
3.696816205978393555e+00
3.750342607498168945e+00
4.427698135375976562e+00
5.004605293273925781e+00
2.096853017807006836e+00
3.192697525024414062e+00
2.240365266799926758e+00
3.703659772872924805e+00
3.336523771286010742e+00
3.500851392745971680e+00
1.033881425857543945e+00
3.144521474838256836e+00
4.130893230438232422e+00
4.056083202362060547e+00
2.028376340866088867e+00
4.270498752593994141e+00
4.185543537139892578e+00
2.761666536331176758e+00
2.937085866928100586e+00
2.945472717285156250e+00
4.218600749969482422e+00
1.539044499397277832e+00
4.048552989959716797e+00
4.005197525024414062e+00
5.168641567230224609e+00
3.819487810134887695e+00
4.099694728851318359e+00
2.615355968475341797e+00
4.608389854431152344e+00
3.790412187576293945e+00
4.694581031799316406e+00
1.869363665580749512e+00
3.551274538040161133e+00
3.846355199813842773e+00
5.981185913085937500e+00
1.754623770713806152e+00
7.822885036468505859e+00
1.193589687347412109e+01
3.491557359695434570e+00
4.828637599945068359e+00
3.113939285278320312e+00
4.186975955963134766e+00
2.033108711242675781e+00
7.148043513298034668e-01
3.060685873031616211e+00
5.336200237274169922e+00
4.931967735290527344e+00
5.271751880645751953e+00
4.201285839080810547e+00
3.445578098297119141e+00
3.078843832015991211e+00
3.215692520141601562e+00
5.772912979125976562e+00
2.576925992965698242e+00
2.619957685470581055e+00
2.396474599838256836e+00
4.069499969482421875e+00
5.882172107696533203e+00
1.116214990615844727e+00
2.749506473541259766e+00
3.608107089996337891e+00
4.561272621154785156e+00
1.689737677574157715e+00
2.349250793457031250e+00
2.061591863632202148e+00
3.188022851943969727e+00
3.411987066268920898e+00
3.615181684494018555e+00
3.418843984603881836e+00
2.732008695602416992e+00
2.846390247344970703e+00
1.732372283935546875e+00
2.202504634857177734e+00
4.137934684753417969e+00
3.624747514724731445e+00
2.772251367568969727e+00
5.287077426910400391e+00
1.782366156578063965e+00
2.087711334228515625e+00
9.137749671936035156e-01
5.147756099700927734e+00
5.418519973754882812e+00
5.528466701507568359e+00
1.660205721855163574e+00
2.458158254623413086e+00
5.517266273498535156e+00
3.165096044540405273e+00
3.381355762481689453e+00
3.865752458572387695e+00
9.904899001121520996e-01
1.923962473869323730e+00
2.994479894638061523e+00
2.765793323516845703e+00
1.565627455711364746e+00
4.890288352966308594e+00
5.460717678070068359e+00
2.845356464385986328e+00
5.970418453216552734e+00
2.358761310577392578e+00
5.325675964355468750e+00
2.759528875350952148e+00
4.498107433319091797e+00
4.364089965820312500e+00
3.683562040328979492e+00
8.396204113960266113e-01
1.835706084966659546e-01
6.482587337493896484e+00
3.956169605255126953e+00
6.742161750793457031e+00
5.539432048797607422e+00
7.737415313720703125e+00
2.130722045898437500e+00
3.329901933670043945e+00
4.639533996582031250e+00
4.425622463226318359e+00
5.490191936492919922e+00
3.452555179595947266e+00
7.388545274734497070e-01
3.686970949172973633e+00
4.654526710510253906e+00
2.643918037414550781e+00
5.278720855712890625e+00
3.797685384750366211e+00
1.966344118118286133e+00
4.263262748718261719e+00
3.970706939697265625e+00
5.048686504364013672e+00
2.631875514984130859e+00
4.642631053924560547e+00
2.440348148345947266e+00
1.928472161293029785e+00
1.747462153434753418e+00
1.663372397422790527e+00
9.049116373062133789e-01
4.180277347564697266e+00
4.910747051239013672e+00
2.116771697998046875e+00
2.014200925827026367e+00
2.847072362899780273e+00
2.781262159347534180e+00
2.770350933074951172e+00
4.205382823944091797e+00
3.512322187423706055e+00
6.113502025604248047e+00
3.455215215682983398e+00
3.252387762069702148e+00
2.371368646621704102e+00
5.735937118530273438e+00
3.596886157989501953e+00
5.442169666290283203e+00
3.402435302734375000e+00
2.810150861740112305e+00
2.866173028945922852e+00
2.249457359313964844e+00
4.892800807952880859e+00
2.809883832931518555e+00
4.295060157775878906e+00
2.221498727798461914e+00
1.707767486572265625e+00
2.269514799118041992e+00
4.251766681671142578e+00
1.186506152153015137e+00
8.964371085166931152e-01
2.898072004318237305e+00
2.245304822921752930e+00
2.021552801132202148e+00
5.525719165802001953e+00
2.884013175964355469e+00
2.867085218429565430e+00
5.037210464477539062e+00
1.289234161376953125e+00
1.911719202995300293e+00
4.217136383056640625e+00
2.005986928939819336e+00
3.085647821426391602e+00
4.144010543823242188e+00
6.932805180549621582e-01
3.743164777755737305e+00
3.475126028060913086e+00
2.918768882751464844e+00
6.971845149993896484e+00
4.925373077392578125e+00
1.703807860612869263e-01
1.775480151176452637e+00
2.410552978515625000e+00
2.195068836212158203e+00
4.593773365020751953e+00
8.860196113586425781e+00
3.423018217086791992e+00
4.389011383056640625e+00
3.701641559600830078e+00
1.341552853584289551e+00
3.353502988815307617e+00
2.809078931808471680e+00
3.958270788192749023e+00
6.297462463378906250e+00
2.541392564773559570e+00
5.769016265869140625e+00
8.445582389831542969e+00
4.182193279266357422e+00
4.991814136505126953e+00
1.506478667259216309e+00
3.758687734603881836e+00
4.079178869724273682e-01
4.484189987182617188e+00
3.636086225509643555e+00
3.998655080795288086e-01
2.671204566955566406e+00
1.006754875183105469e+01
5.771832466125488281e-01
3.414418935775756836e+00
1.310464262962341309e+00
4.009221076965332031e+00
6.742974519729614258e-01
3.918516159057617188e+00
2.938645124435424805e+00
6.468459606170654297e+00
2.680896997451782227e+00
4.046019554138183594e+00
9.137927293777465820e-01
3.206129074096679688e+00
2.907825708389282227e+00
6.925576686859130859e+00
2.232292413711547852e+00
2.058287382125854492e+00
5.562645912170410156e+00
3.221973896026611328e+00
1.403833150863647461e+00
1.925973534584045410e+00
1.429078221321105957e+00
2.787626743316650391e+00
2.838312625885009766e+00
4.496678829193115234e+00
3.783658266067504883e+00
3.870267629623413086e+00
1.607189774513244629e+00
2.992246627807617188e+00
4.455771923065185547e+00
4.377547740936279297e+00
3.632706165313720703e+00
3.613271713256835938e+00
3.365414381027221680e+00
6.265384197235107422e+00
2.998769760131835938e+00
4.609602451324462891e+00
5.577624797821044922e+00
1.009482741355895996e+00
5.399794101715087891e+00
2.353400707244873047e+00
3.357447862625122070e+00
2.943873643875122070e+00
5.829452276229858398e-01
3.981075048446655273e+00
4.417226314544677734e+00
4.368021965026855469e+00
2.140473365783691406e+00
6.689013838768005371e-01
2.921232700347900391e+00
2.916011095046997070e+00
3.066318273544311523e+00
5.440751552581787109e+00
4.060996532440185547e+00
3.533953905105590820e+00
2.145174741744995117e+00
2.970509290695190430e+00
1.889033198356628418e+00
4.183673381805419922e+00
5.745734214782714844e+00
1.077829718589782715e+00
3.863014221191406250e+00
3.494504928588867188e+00
1.469596475362777710e-01
9.110253453254699707e-01
1.237179517745971680e+00
2.274843931198120117e+00
3.923790693283081055e+00
