4.674461841583251953e+00
3.911339521408081055e+00
4.907795429229736328e+00
6.313273906707763672e+00
3.169004917144775391e+00
5.188182353973388672e+00
2.893988132476806641e+00
2.067789793014526367e+00
2.744132757186889648e+00
6.629034519195556641e+00
3.293067693710327148e+00
3.961498260498046875e+00
3.286615848541259766e+00
9.735323786735534668e-01
3.204272508621215820e+00
2.380114793777465820e+00
6.139660835266113281e+00
3.499282598495483398e+00
2.947921514511108398e+00
4.122892379760742188e+00
4.586695194244384766e+00
5.215620994567871094e+00
2.609400272369384766e+00
4.126760482788085938e+00
3.923658847808837891e+00
5.586382389068603516e+00
3.159171581268310547e+00
1.537231206893920898e+00
2.546908855438232422e+00
3.180538892745971680e+00
3.284837007522583008e+00
3.515130281448364258e+00
6.035966277122497559e-01
7.462161779403686523e-01
3.395632982254028320e+00
2.940049648284912109e+00
2.046317815780639648e+00
3.617552280426025391e+00
5.466047763824462891e+00
3.776510953903198242e+00
3.618164062500000000e+00
1.902732849121093750e+00
3.418502092361450195e+00
3.702156066894531250e+00
8.270221948623657227e-01
3.754464387893676758e+00
5.350932598114013672e+00
5.895924568176269531e+00
3.608860492706298828e+00
1.729475021362304688e+00
4.312016665935516357e-01
3.617088794708251953e+00
4.386254787445068359e+00
4.645515918731689453e+00
5.689399242401123047e+00
4.929915428161621094e+00
1.962282419204711914e+00
7.086098670959472656e+00
2.178327798843383789e+00
2.894840240478515625e+00
2.661239385604858398e+00
1.203968405723571777e+00
3.883097171783447266e+00
2.737292528152465820e+00
4.750161170959472656e+00
4.761322021484375000e+00
2.744271039962768555e+00
2.286163568496704102e+00
1.157455682754516602e+00
3.685728788375854492e+00
1.593233346939086914e+00
1.895168900489807129e+00
3.500563383102416992e+00
4.824101924896240234e+00
1.671323776245117188e+00
3.420765638351440430e+00
4.851358413696289062e+00
4.544835567474365234e+00
2.990571260452270508e+00
1.374365329742431641e+00
3.260428667068481445e+00
3.019113302230834961e+00
5.998360633850097656e+00
3.011607170104980469e+00
3.712013006210327148e+00
3.349618911743164062e+00
1.790109515190124512e+00
6.211210250854492188e+00
4.419953823089599609e+00
4.204728603363037109e+00
4.109587192535400391e+00
5.653985023498535156e+00
3.507018804550170898e+00
3.330837726593017578e+00
2.006758451461791992e+00
3.640841007232666016e+00
6.375240683555603027e-01
1.408287882804870605e+00
2.347844839096069336e+00
5.522349357604980469e+00
5.554110527038574219e+00
2.510737657546997070e+00
2.825806856155395508e+00
4.622037887573242188e+00
5.060220241546630859e+00
4.239701926708221436e-01
2.621322393417358398e+00
2.583758115768432617e+00
4.217278957366943359e+00
2.084276199340820312e+00
3.277346849441528320e+00
5.487368583679199219e+00
3.908521413803100586e+00
1.592477202415466309e+00
4.522504329681396484e+00
5.719026088714599609e+00
3.969506978988647461e+00
1.305388450622558594e+00
3.303511381149291992e+00
1.092295527458190918e+00
2.449223279953002930e+00
5.965272903442382812e+00
4.255166053771972656e+00
2.433222532272338867e+00
5.286773204803466797e+00
4.375411510467529297e+00
1.141459584236145020e+00
1.009913444519042969e+00
3.563979387283325195e+00
9.750967025756835938e-01
2.616402864456176758e+00
2.551416635513305664e+00
2.733488798141479492e+00
5.699384689331054688e+00
1.184197068214416504e+00
3.597241640090942383e+00
5.918450832366943359e+00
2.003953695297241211e+00
5.675895690917968750e+00
7.527653694152832031e+00
3.110130310058593750e+00
2.414001703262329102e+00
4.003080844879150391e+00
4.524753093719482422e+00
2.660697698593139648e+00
2.403930664062500000e+00
1.529693007469177246e+00
5.347850799560546875e+00
3.727843523025512695e+00
7.266004681587219238e-01
6.808298587799072266e+00
2.712608814239501953e+00
4.172471523284912109e+00
3.636491775512695312e+00
3.395005941390991211e+00
2.417100906372070312e+00
1.856975793838500977e+00
1.642458319664001465e+00
2.379656553268432617e+00
2.997905731201171875e+00
5.979904532432556152e-01
1.438695192337036133e+00
2.578719854354858398e+00
5.432484626770019531e+00
3.007400751113891602e+00
5.020593166351318359e+00
2.026884794235229492e+00
3.873298406600952148e+00
2.281350851058959961e+00
2.226994514465332031e+00
3.280757665634155273e+00
4.420413494110107422e+00
4.620041847229003906e+00
6.284863352775573730e-01
6.820939540863037109e+00
3.887021780014038086e+00
3.896337985992431641e+00
4.542642116546630859e+00
1.367923259735107422e+00
3.433425903320312500e+00
4.143897056579589844e+00
6.039758682250976562e+00
4.712060928344726562e+00
7.308719158172607422e-01
2.827798366546630859e+00
5.547834396362304688e+00
3.693804264068603516e+00
4.985925197601318359e+00
1.097494006156921387e+00
4.843719482421875000e+00
5.161868572235107422e+00
3.523821353912353516e+00
1.224524617195129395e+00
4.399567604064941406e+00
2.835671186447143555e+00
1.692359924316406250e+00
4.818175792694091797e+00
1.351064920425415039e+00
1.796399474143981934e+00
3.738061189651489258e+00
2.912857770919799805e+00
2.090687513351440430e+00
4.936445236206054688e+00
4.917198181152343750e+00
8.628013730049133301e-01
2.923895835876464844e+00
4.042429447174072266e+00
3.350203037261962891e+00
1.491741061210632324e+00
6.225997805595397949e-01
3.810865402221679688e+00
1.230890631675720215e+00
4.194689273834228516e+00
3.758369922637939453e+00
1.505677103996276855e+00
2.609781026840209961e+00
2.305145025253295898e+00
1.261142373085021973e+00
1.077708125114440918e+00
3.581902027130126953e+00
3.072189569473266602e+00
3.142066001892089844e+00
4.161221504211425781e+00
3.311389684677124023e+00
2.793390035629272461e+00
5.193783760070800781e+00
1.914233446121215820e+00
2.823495626449584961e+00
3.771596670150756836e+00
1.258842468261718750e+00
7.213897705078125000e+00
2.266594022512435913e-01
3.903339862823486328e+00
7.642678618431091309e-01
2.351923465728759766e+00
3.751002550125122070e+00
1.554771900177001953e+00
2.469178438186645508e+00
9.715058207511901855e-01
3.416074514389038086e+00
2.733480215072631836e+00
2.987901449203491211e+00
6.176064014434814453e+00
2.940676450729370117e+00
6.412648200988769531e+00
1.793666839599609375e+00
3.575385808944702148e+00
1.460138797760009766e+00
3.580555438995361328e+00
1.702273607254028320e+00
2.747700929641723633e+00
4.018331050872802734e+00
1.840472579002380371e+00
4.438882350921630859e+00
3.831408262252807617e+00
2.097219228744506836e+00
4.994423866271972656e+00
1.593197345733642578e+00
4.021926403045654297e+00
1.417020678520202637e+00
4.243491649627685547e+00
5.420485973358154297e+00
2.455215215682983398e+00
3.286407470703125000e+00
2.698387622833251953e+00
2.954347848892211914e+00
1.299405455589294434e+00
3.767727613449096680e+00
3.475870609283447266e+00
4.704154491424560547e+00
2.787778615951538086e+00
3.581860303878784180e+00
5.373017787933349609e+00
4.164012908935546875e+00
2.323589563369750977e+00
2.251129150390625000e+00
3.755072832107543945e+00
3.736414432525634766e+00
2.883487224578857422e+00
1.926874756813049316e+00
5.104207515716552734e+00
4.604555130004882812e+00
2.644626855850219727e+00
4.431792259216308594e+00
5.808889389038085938e+00
2.234890699386596680e+00
3.468201398849487305e+00
6.835231184959411621e-01
2.196412801742553711e+00
2.695276975631713867e+00
4.860346794128417969e+00
3.979183197021484375e+00
3.388216733932495117e+00
2.878051519393920898e+00
4.326272010803222656e+00
3.134285449981689453e+00
6.933654308319091797e+00
3.389055013656616211e+00
4.472318172454833984e+00
3.639617919921875000e+00
6.181857109069824219e+00
1.691349387168884277e+00
1.639912605285644531e+00
5.830575942993164062e+00
5.479719161987304688e+00
2.032892227172851562e+00
3.629770994186401367e+00
1.907156586647033691e+00
5.539961338043212891e+00
4.988988399505615234e+00
3.358603239059448242e+00
2.646633625030517578e+00
3.188966989517211914e+00
2.067400693893432617e+00
3.750197172164916992e+00
2.653172492980957031e+00
3.000643968582153320e+00
2.452901840209960938e+00
3.248724699020385742e+00
3.355566501617431641e+00
3.062736749649047852e+00
6.587393283843994141e+00
5.199151515960693359e+00
7.825571537017822266e+00
4.510398387908935547e+00
4.468645572662353516e+00
4.079438686370849609e+00
2.499234199523925781e+00
7.311299800872802734e+00
5.815911769866943359e+00
5.297410011291503906e+00
4.187918663024902344e+00
4.148064136505126953e+00
1.293503999710083008e+00
4.426712989807128906e+00
4.735870361328125000e+00
3.334322690963745117e+00
2.402958393096923828e+00
1.506172776222229004e+00
2.844069242477416992e+00
6.050578594207763672e+00
4.182992458343505859e+00
2.233560323715209961e+00
4.672234058380126953e+00
1.240736722946166992e+00
3.424524784088134766e+00
1.179275035858154297e+00
1.695869445800781250e+00
2.617813348770141602e+00
3.701899051666259766e+00
3.979013442993164062e+00
1.702227950096130371e+00
2.746688127517700195e+00
3.113213062286376953e+00
6.770545482635498047e+00
4.205525875091552734e+00
1.909268975257873535e+00
2.509572505950927734e+00
5.870181560516357422e+00
3.984852313995361328e+00
6.715746402740478516e+00
2.951009035110473633e+00
1.782115221023559570e+00
2.865773677825927734e+00
2.962834119796752930e+00
2.190078735351562500e+00
1.508641839027404785e+00
6.001738548278808594e+00
4.451557636260986328e+00
2.443470001220703125e+00
3.468023777008056641e+00
7.234101772308349609e+00
6.588111400604248047e+00
7.793816328048706055e-01
4.224827766418457031e+00
2.026987314224243164e+00
7.382840633392333984e+00
2.331939697265625000e+00
4.731993675231933594e+00
3.769980669021606445e+00
3.744359731674194336e+00
5.458234786987304688e+00
2.300454139709472656e+00
3.585773229598999023e+00
3.881706953048706055e+00
5.088887691497802734e+00
1.592331171035766602e+00
4.854431152343750000e+00
3.322028875350952148e+00
5.160430431365966797e+00
2.149019956588745117e+00
6.375568866729736328e+00
3.606808185577392578e+00
3.814896345138549805e+00
3.690456390380859375e+00
1.840680718421936035e+00
1.286074399948120117e+00
3.367465734481811523e+00
2.255819559097290039e+00
2.414258718490600586e+00
3.106872081756591797e+00
7.649821758270263672e+00
4.543400764465332031e+00
4.879027843475341797e+00
2.948381662368774414e+00
4.390487194061279297e+00
4.475456237792968750e+00
2.141762256622314453e+00
4.831857204437255859e+00
3.258940219879150391e+00
3.026849746704101562e+00
2.066035509109497070e+00
5.683807849884033203e+00
9.750577807426452637e-01
1.586927413940429688e+00
3.993178129196166992e+00
1.762361764907836914e+00
3.107559204101562500e+00
5.464781761169433594e+00
3.634401321411132812e+00
4.665284633636474609e+00
5.303841114044189453e+00
4.234379291534423828e+00
2.168449163436889648e+00
4.252184867858886719e+00
3.140632390975952148e+00
3.311246633529663086e+00
2.547437667846679688e+00
2.221788406372070312e+00
3.349192857742309570e+00
1.491485357284545898e+00
9.326801300048828125e-01
1.001103758811950684e+00
6.585788726806640625e+00
7.190514564514160156e+00
4.263421058654785156e+00
1.093918323516845703e+00
5.439707279205322266e+00
2.530333757400512695e+00
1.510692954063415527e+00
6.081427574157714844e+00
2.786925554275512695e+00
2.901459932327270508e+00
7.335575222969055176e-01
1.630141854286193848e+00
5.488566875457763672e+00
2.879663944244384766e+00
7.202342987060546875e+00
2.256291151046752930e+00
5.184771060943603516e+00
4.394963264465332031e+00
5.563732147216796875e+00
2.932942628860473633e+00
5.568221569061279297e+00
2.429424047470092773e+00
3.798665285110473633e+00
3.769358396530151367e+00
5.568593502044677734e+00
1.391987442970275879e+00
2.441226243972778320e+00
2.229041337966918945e+00
3.113148450851440430e+00
2.140788793563842773e+00
3.322052717208862305e+00
5.298084259033203125e+00
3.282104492187500000e+00
2.604523181915283203e+00
3.524188756942749023e+00
1.185004591941833496e+00
4.269952297210693359e+00
3.634212255477905273e+00
4.844480514526367188e+00
3.620478868484497070e+00
7.124108791351318359e+00
2.821524381637573242e+00
1.517591357231140137e+00
4.469429492950439453e+00
2.108989715576171875e+00
7.838790416717529297e+00
5.517275333404541016e+00
3.321180105209350586e+00
4.161888122558593750e+00
2.953165531158447266e+00
2.352124929428100586e+00
2.705883264541625977e+00
5.872714996337890625e+00
3.136328220367431641e+00
4.859420299530029297e+00
2.769341707229614258e+00
3.476226568222045898e+00
3.146428585052490234e+00
5.026325702667236328e+00
1.555620551109313965e+00
4.476824283599853516e+00
2.986693382263183594e+00
3.673191547393798828e+00
4.068031311035156250e+00
1.542026996612548828e+00
1.721099257469177246e+00
2.424077987670898438e+00
