5.693847656250000000e+00
2.564731359481811523e+00
1.795268416404724121e+00
2.335974216461181641e+00
2.811789989471435547e+00
3.453308820724487305e+00
2.903336286544799805e+00
4.549128055572509766e+00
3.578707456588745117e+00
1.967911958694458008e+00
4.053591251373291016e+00
5.925038814544677734e+00
2.685521125793457031e+00
4.577991962432861328e+00
3.062246561050415039e+00
1.791767001152038574e+00
1.959680795669555664e+00
3.355293035507202148e+00
4.869586467742919922e+00
2.458462476730346680e+00
1.307739853858947754e+00
5.680416584014892578e+00
5.614781379699707031e+00
4.103412151336669922e+00
3.634483098983764648e+00
2.991204977035522461e+00
2.478722095489501953e+00
3.297105073928833008e+00
3.913020372390747070e+00
2.625674009323120117e+00
3.793310880661010742e+00
4.919702529907226562e+00
3.243644475936889648e+00
4.126152992248535156e+00
4.449366033077239990e-01
3.581599950790405273e+00
4.402926921844482422e+00
1.596349120140075684e+00
2.149855852127075195e+00
3.978158235549926758e+00
3.185652017593383789e+00
2.918234348297119141e+00
4.919329643249511719e+00
4.040960788726806641e+00
2.745356321334838867e+00
3.214613437652587891e+00
2.798610687255859375e+00
4.440072059631347656e+00
2.264118671417236328e+00
2.332704305648803711e+00
2.577918291091918945e+00
3.016888380050659180e+00
6.779884099960327148e-01
4.264581203460693359e+00
3.486081361770629883e+00
3.412987947463989258e+00
1.626980781555175781e+00
4.159542560577392578e+00
8.278485536575317383e-01
3.200508117675781250e+00
2.953093051910400391e+00
3.816392898559570312e+00
2.352619886398315430e+00
2.646450042724609375e+00
6.978306770324707031e+00
2.146203041076660156e+00
4.445634841918945312e+00
2.928684711456298828e+00
7.475840449333190918e-01
1.494846820831298828e+00
1.760642647743225098e+00
4.539979457855224609e+00
3.001011610031127930e+00
2.544888734817504883e+00
3.264758825302124023e+00
2.841815710067749023e+00
2.802980184555053711e+00
1.497660279273986816e+00
2.440355062484741211e+00
2.488274335861206055e+00
1.436780333518981934e+00
3.356686830520629883e+00
1.883662462234497070e+00
5.456251621246337891e+00
3.104851245880126953e+00
3.140346765518188477e+00
5.634000778198242188e+00
2.935364007949829102e+00
1.492558002471923828e+00
2.841750383377075195e+00
3.165370702743530273e+00
4.024037837982177734e+00
2.542813062667846680e+00
2.323937416076660156e+00
3.608146667480468750e+00
3.489018201828002930e+00
4.350903987884521484e+00
2.426458120346069336e+00
1.329793691635131836e+00
5.795254707336425781e-01
2.751512050628662109e+00
4.336597919464111328e+00
7.866194844245910645e-01
4.317781448364257812e+00
7.189367771148681641e+00
3.800304174423217773e+00
4.211373329162597656e+00
2.489903450012207031e+00
3.805410861968994141e+00
7.410075068473815918e-01
3.913866758346557617e+00
4.182547569274902344e+00
2.807818651199340820e+00
3.211517095565795898e+00
2.051819562911987305e+00
4.019945144653320312e+00
2.715504646301269531e+00
4.643352508544921875e+00
4.392005443572998047e+00
4.265561580657958984e+00
2.806700944900512695e+00
5.174631595611572266e+00
3.060805082321166992e+00
5.053067684173583984e+00
2.656419515609741211e+00
2.294923543930053711e+00
2.103724002838134766e+00
4.955578327178955078e+00
8.916475176811218262e-01
6.783534526824951172e+00
3.473609209060668945e+00
3.509560823440551758e+00
4.377072811126708984e+00
3.748954057693481445e+00
9.792367815971374512e-01
3.490602970123291016e+00
5.065801143646240234e+00
2.639178991317749023e+00
2.483855724334716797e+00
3.285640478134155273e+00
7.779521465301513672e+00
5.994634151458740234e+00
4.099656581878662109e+00
4.593209743499755859e+00
3.868293762207031250e+00
4.474520206451416016e+00
5.150049209594726562e+00
3.934676408767700195e+00
3.793378114700317383e+00
3.231791734695434570e+00
4.486042499542236328e+00
2.747456312179565430e+00
2.658607721328735352e+00
1.585886359214782715e+00
4.880886554718017578e+00
4.213912010192871094e+00
2.843890905380249023e+00
2.697801351547241211e+00
3.767593860626220703e+00
3.625780820846557617e+00
1.422607660293579102e+00
4.941369533538818359e+00
1.444245338439941406e+00
3.420716047286987305e+00
3.466359376907348633e+00
1.985547304153442383e+00
3.525791168212890625e+00
1.531370639801025391e+00
5.325958728790283203e+00
2.950215816497802734e+00
3.504170656204223633e+00
4.467949867248535156e+00
9.148110747337341309e-01
4.145170688629150391e+00
4.946415901184082031e+00
3.657593965530395508e+00
4.550958633422851562e+00
2.153897047042846680e+00
1.942790985107421875e+00
3.352093458175659180e+00
4.728315353393554688e+00
2.857805192470550537e-01
5.383819103240966797e+00
3.772624731063842773e+00
4.388633728027343750e+00
3.486254215240478516e+00
1.773958563804626465e+00
2.899484395980834961e+00
6.375433802604675293e-01
5.150661468505859375e+00
3.872478961944580078e+00
1.901706933975219727e+00
4.612783491611480713e-01
6.712398529052734375e-01
3.243139743804931641e+00
2.429696321487426758e+00
2.939810991287231445e+00
4.243326663970947266e+00
1.809823513031005859e-01
1.221724390983581543e+00
6.182105541229248047e+00
1.011208653450012207e+00
5.117799282073974609e+00
3.451637983322143555e+00
2.734069108963012695e+00
3.574418783187866211e+00
3.268053233623504639e-01
4.537625789642333984e+00
6.809213161468505859e+00
6.131437778472900391e+00
3.277474641799926758e+00
5.890318393707275391e+00
5.432929992675781250e+00
4.922244548797607422e+00
5.370505809783935547e+00
3.848148107528686523e+00
2.852751970291137695e+00
1.920849680900573730e+00
5.145394325256347656e+00
3.656134843826293945e+00
2.032120943069458008e+00
2.533081769943237305e+00
2.725176811218261719e+00
5.464916229248046875e+00
4.298218727111816406e+00
3.200628042221069336e+00
4.011765480041503906e+00
2.864349842071533203e+00
1.879580497741699219e+00
1.896718382835388184e+00
3.823556184768676758e+00
1.654486060142517090e+00
2.167074918746948242e+00
4.186139106750488281e+00
4.235478878021240234e+00
6.839282989501953125e+00
3.873522996902465820e+00
3.137795686721801758e+00
4.783647060394287109e+00
4.842422008514404297e-01
2.478484630584716797e+00
2.294414520263671875e+00
4.832542896270751953e+00
1.387201309204101562e+00
2.492186307907104492e+00
4.389762401580810547e+00
1.097838878631591797e+00
3.696355104446411133e+00
4.672944545745849609e+00
4.447606086730957031e+00
4.166718006134033203e+00
1.779662013053894043e+00
3.697656631469726562e+00
2.608114480972290039e+00
2.191039562225341797e+00
4.321523189544677734e+00
4.495767593383789062e+00
4.489825725555419922e+00
1.231503367424011230e+00
3.141820192337036133e+00
2.159877300262451172e+00
1.671368241310119629e+00
2.660758495330810547e+00
5.062895298004150391e+00
2.292732715606689453e+00
2.145769834518432617e+00
2.493005037307739258e+00
3.850088596343994141e+00
5.759108066558837891e+00
3.163033723831176758e+00
2.386646747589111328e+00
2.690253973007202148e+00
1.617254853248596191e+00
1.057722568511962891e+00
2.537028074264526367e+00
4.044806957244873047e+00
2.801674604415893555e+00
4.670953273773193359e+00
2.935435056686401367e+00
5.424304008483886719e+00
1.788673281669616699e+00
1.638749122619628906e+00
5.053660392761230469e+00
2.057366371154785156e+00
1.336533427238464355e-01
5.953715801239013672e+00
4.434815406799316406e+00
4.125526428222656250e+00
4.554354190826416016e+00
2.223392248153686523e+00
3.835969686508178711e+00
4.754325389862060547e+00
8.644968271255493164e-01
1.787232756614685059e+00
2.483998060226440430e+00
2.826082706451416016e+00
1.561154365539550781e+00
4.076254367828369141e+00
1.313026070594787598e+00
2.731127500534057617e+00
3.222018957138061523e+00
6.217525482177734375e+00
3.593107700347900391e+00
2.147164106369018555e+00
2.756444692611694336e+00
6.246353387832641602e-01
2.994607210159301758e+00
2.809822797775268555e+00
2.026375055313110352e+00
3.358960866928100586e+00
5.264252662658691406e+00
2.871500253677368164e+00
8.142069816589355469e+00
5.156503200531005859e+00
4.148886203765869141e+00
1.074698805809020996e+00
1.988964915275573730e+00
1.060294985771179199e+00
3.367346286773681641e+00
2.464719772338867188e+00
6.290804147720336914e-01
2.960412979125976562e+00
4.308359146118164062e+00
3.684127569198608398e+00
3.671185016632080078e+00
1.976005911827087402e+00
4.763230800628662109e+00
5.142242431640625000e+00
1.727340102195739746e+00
5.708246707916259766e+00
4.059978008270263672e+00
2.838235616683959961e+00
2.923220157623291016e+00
6.808126926422119141e+00
5.727500438690185547e+00
5.257814407348632812e+00
3.548723936080932617e+00
3.574073553085327148e+00
2.038635492324829102e+00
2.723996877670288086e+00
4.141540527343750000e+00
2.938190698623657227e+00
4.595831394195556641e+00
1.855602860450744629e+00
2.546310424804687500e+00
5.293286800384521484e+00
3.985247373580932617e+00
2.721216678619384766e+00
3.716456651687622070e+00
3.736886978149414062e+00
3.664756536483764648e+00
5.090112090110778809e-01
4.135422229766845703e+00
3.689006805419921875e+00
2.968753576278686523e+00
3.621508121490478516e+00
5.303317070007324219e+00
2.478085041046142578e+00
2.220162630081176758e+00
4.370406150817871094e+00
4.178359508514404297e+00
3.875759601593017578e+00
2.526421785354614258e+00
5.518740177154541016e+00
4.114486694335937500e+00
3.250012159347534180e+00
1.628552317619323730e+00
1.343834996223449707e+00
6.524552345275878906e+00
6.297955513000488281e+00
2.202026605606079102e+00
2.360860586166381836e+00
3.640596151351928711e+00
3.030693054199218750e+00
3.935890197753906250e+00
1.092593908309936523e+00
3.892504215240478516e+00
1.539181113243103027e+00
6.796614170074462891e+00
5.775909423828125000e+00
2.607296943664550781e+00
2.273364067077636719e+00
2.518739938735961914e+00
6.517418861389160156e+00
2.108376026153564453e+00
1.083170890808105469e+00
1.039024114608764648e+00
2.754464864730834961e+00
3.411072969436645508e+00
6.116743564605712891e+00
2.149489164352416992e+00
3.158249139785766602e+00
3.592726230621337891e+00
2.320358037948608398e+00
3.838498353958129883e+00
4.492544651031494141e+00
2.348275423049926758e+00
3.939828634262084961e+00
2.056116819381713867e+00
3.334436416625976562e+00
3.112005472183227539e+00
2.307014226913452148e+00
1.680477499961853027e+00
2.838526725769042969e+00
4.175683498382568359e+00
2.591695070266723633e+00
3.892976760864257812e+00
1.176028728485107422e+00
4.040047645568847656e+00
3.311227798461914062e+00
4.100513458251953125e+00
6.990032196044921875e+00
3.336526632308959961e+00
4.347076416015625000e+00
9.759440422058105469e+00
3.878593921661376953e+00
4.121074676513671875e+00
2.410618782043457031e+00
6.061541080474853516e+00
2.350841760635375977e+00
3.122802734375000000e+00
3.447437047958374023e+00
6.131400585174560547e+00
8.711175322532653809e-01
6.709401607513427734e-01
6.531154632568359375e+00
1.726928949356079102e+00
2.855573654174804688e+00
4.675823688507080078e+00
1.109265089035034180e+00
3.991353273391723633e+00
5.049319267272949219e+00
2.826603889465332031e+00
2.570833921432495117e+00
3.226677656173706055e+00
5.194661140441894531e+00
2.465670108795166016e+00
4.061645030975341797e+00
4.902454376220703125e+00
5.829291343688964844e+00
3.166723012924194336e+00
1.505529284477233887e+00
3.033909320831298828e+00
3.791056394577026367e+00
5.037858009338378906e+00
7.127629280090332031e+00
2.694852113723754883e+00
7.375056743621826172e-01
1.625495553016662598e+00
5.737580776214599609e+00
6.690691471099853516e+00
1.268155455589294434e+00
2.231262207031250000e+00
5.444581985473632812e+00
5.664183497428894043e-01
5.698535919189453125e+00
3.545957326889038086e+00
4.335719585418701172e+00
5.678872585296630859e+00
2.196941614151000977e+00
2.786252737045288086e+00
2.851198434829711914e+00
4.208909034729003906e+00
1.358233928680419922e+00
4.817262172698974609e+00
6.405143141746520996e-01
1.491943240165710449e+00
2.621702671051025391e+00
3.225061416625976562e+00
3.899945020675659180e+00
2.146003961563110352e+00
2.755451917648315430e+00
3.329170942306518555e+00
4.965729713439941406e+00
7.070048451423645020e-01
3.278077840805053711e+00
1.251380324363708496e+00
2.054531335830688477e+00
6.867106914520263672e+00
4.781549453735351562e+00
2.870536804199218750e+00
2.206226110458374023e+00
3.808380126953125000e+00
3.584232091903686523e+00
6.815017223358154297e+00
3.306184768676757812e+00
3.702509403228759766e+00
3.804903507232666016e+00
1.176657080650329590e+00
4.223788738250732422e+00
2.786427736282348633e+00
4.079997539520263672e+00
2.856256246566772461e+00
3.904237508773803711e+00
3.981414556503295898e+00
1.826032042503356934e+00
1.393731832504272461e+00
4.341590881347656250e+00
1.552040100097656250e+00
5.228728771209716797e+00
