2.288181304931640625e+00
4.112496852874755859e+00
3.788536787033081055e+00
2.547002077102661133e+00
3.282258749008178711e+00
4.918736934661865234e+00
3.125928640365600586e+00
4.606029033660888672e+00
5.285271167755126953e+00
3.214874029159545898e+00
3.887130498886108398e+00
3.691920042037963867e+00
4.096399784088134766e+00
5.533391475677490234e+00
3.414191961288452148e+00
2.846631765365600586e+00
2.864397287368774414e+00
5.147081851959228516e+00
3.873838186264038086e+00
3.534894943237304688e+00
1.917640328407287598e+00
3.602478027343750000e+00
2.931511163711547852e+00
8.723233222961425781e+00
7.410193920135498047e+00
2.300961256027221680e+00
2.310658216476440430e+00
3.053724527359008789e+00
2.757434368133544922e+00
2.628815889358520508e+00
2.631167411804199219e+00
4.011115550994873047e+00
6.655635356903076172e+00
4.180570125579833984e+00
4.503541469573974609e+00
3.823088169097900391e+00
1.611958384513854980e+00
2.707671642303466797e+00
1.292976140975952148e+00
4.609906196594238281e+00
4.704822063446044922e+00
3.180634737014770508e+00
1.789319634437561035e+00
2.972734451293945312e+00
8.180522918701171875e+00
1.479762315750122070e+00
4.783623218536376953e+00
1.758647918701171875e+00
1.445294260978698730e+00
6.316291332244873047e+00
3.114310741424560547e+00
5.021436214447021484e+00
3.971276521682739258e+00
3.291236877441406250e+00
3.555788516998291016e+00
2.493025541305541992e+00
4.810636997222900391e+00
2.818223714828491211e+00
2.268304586410522461e+00
5.086017131805419922e+00
1.078827381134033203e+00
4.844490587711334229e-01
1.351629495620727539e+00
6.244360923767089844e+00
2.921708345413208008e+00
4.615348339080810547e+00
3.211702346801757812e+00
7.649566650390625000e+00
2.654178857803344727e+00
4.225975036621093750e+00
3.544114828109741211e+00
3.085975646972656250e+00
2.915960073471069336e+00
3.412041902542114258e+00
1.645062804222106934e+00
1.988728165626525879e+00
4.558937072753906250e+00
5.287909507751464844e+00
3.628808259963989258e+00
1.874558329582214355e+00
4.722295761108398438e+00
4.603389739990234375e+00
5.241305828094482422e+00
4.029460430145263672e+00
4.491153240203857422e+00
2.803862810134887695e+00
6.171993017196655273e-01
2.412008047103881836e+00
2.120505809783935547e+00
5.129389286041259766e+00
6.603160381317138672e+00
6.933999657630920410e-01
2.872970342636108398e+00
5.256538391113281250e+00
5.898841381072998047e+00
4.296936035156250000e+00
2.123868465423583984e+00
3.815716207027435303e-01
3.283865451812744141e+00
5.353765010833740234e+00
4.267463207244873047e+00
2.748201131820678711e+00
2.655688762664794922e+00
8.702346682548522949e-01
2.405962228775024414e+00
6.320027828216552734e+00
4.008652687072753906e+00
3.052637815475463867e+00
4.137236595153808594e+00
1.838656425476074219e+00
5.942744255065917969e+00
2.574416875839233398e+00
1.920129656791687012e+00
1.785267233848571777e+00
5.378714084625244141e+00
3.696133375167846680e+00
3.790887594223022461e+00
7.561786174774169922e+00
2.851028203964233398e+00
5.907874584197998047e+00
7.978006839752197266e+00
1.344599127769470215e+00
4.038859844207763672e+00
3.625751495361328125e+00
3.186279773712158203e+00
3.527945280075073242e+00
3.628997087478637695e+00
5.051606655120849609e+00
2.771852254867553711e+00
2.438889026641845703e+00
2.994516372680664062e+00
3.473222494125366211e+00
1.232058525085449219e+00
3.476632356643676758e+00
4.981519699096679688e+00
5.829673290252685547e+00
2.313282012939453125e+00
4.998906612396240234e+00
5.032046794891357422e+00
2.872230291366577148e+00
1.784972071647644043e+00
5.205987930297851562e+00
2.278706312179565430e+00
1.813674926757812500e+00
4.443672180175781250e+00
2.889098882675170898e+00
4.479418277740478516e+00
1.993332147598266602e+00
4.375160217285156250e+00
2.706586837768554688e+00
5.331166744232177734e+00
6.463729858398437500e+00
4.081068992614746094e+00
3.226701498031616211e+00
3.232248306274414062e+00
5.323399543762207031e+00
2.896047592163085938e+00
8.339688301086425781e+00
6.011939048767089844e+00
2.621310710906982422e+00
4.424075603485107422e+00
4.982577800750732422e+00
2.717972278594970703e+00
1.397770524024963379e+00
5.395642280578613281e+00
4.032176017761230469e+00
3.212604284286499023e+00
4.370507717132568359e+00
3.131649017333984375e+00
9.243260383605957031e+00
7.787145137786865234e+00
5.282452583312988281e+00
2.137391090393066406e+00
2.016119956970214844e+00
3.414750814437866211e+00
1.118720889091491699e+00
4.293714046478271484e+00
2.983437299728393555e+00
4.405233860015869141e+00
4.571434974670410156e+00
4.413342952728271484e+00
3.091090917587280273e+00
3.556131362915039062e+00
3.504185914993286133e+00
3.060195922851562500e+00
3.447691440582275391e+00
4.659549713134765625e+00
6.335072994232177734e+00
1.752749800682067871e+00
4.268510818481445312e+00
8.116157531738281250e+00
3.310546159744262695e+00
3.901405811309814453e+00
8.605061769485473633e-01
4.507119655609130859e+00
4.295700073242187500e+00
5.776116847991943359e+00
4.113441944122314453e+00
2.158969402313232422e+00
4.803338050842285156e+00
2.172145605087280273e+00
2.624140501022338867e+00
3.932430267333984375e+00
4.462013244628906250e+00
3.506246328353881836e+00
4.384393215179443359e+00
4.892199993133544922e+00
1.686379671096801758e+00
2.171380758285522461e+00
6.047799587249755859e+00
3.450231552124023438e+00
3.496984243392944336e+00
2.492985010147094727e+00
2.655143976211547852e+00
2.986236810684204102e+00
1.589811801910400391e+00
1.840406060218811035e+00
1.065771937370300293e+00
3.701864719390869141e+00
3.613614797592163086e+00
2.857366800308227539e+00
3.823314428329467773e+00
8.831163406372070312e+00
1.853633522987365723e+00
8.237914443016052246e-01
2.404361724853515625e+00
1.527635455131530762e+00
6.664574623107910156e+00
1.229976058006286621e+00
3.318990468978881836e+00
1.531678080558776855e+00
7.536556720733642578e-01
5.577657222747802734e+00
4.062941551208496094e+00
3.731674671173095703e+00
4.907714366912841797e+00
1.692892670631408691e+00
4.578512191772460938e+00
4.706816375255584717e-01
2.108620882034301758e+00
7.845264434814453125e+00
3.806143999099731445e+00
5.439543128013610840e-01
3.670503377914428711e+00
5.290039062500000000e+00
2.728437423706054688e+00
6.983857154846191406e+00
2.353529214859008789e+00
2.476552724838256836e+00
4.993512153625488281e+00
3.796182394027709961e+00
3.832190036773681641e+00
5.423529148101806641e+00
1.965921998023986816e+00
6.310550212860107422e+00
4.482438564300537109e+00
4.507163047790527344e+00
8.305822610855102539e-01
4.840704441070556641e+00
1.756058692932128906e+00
3.974857807159423828e+00
6.124193072319030762e-01
4.994999885559082031e+00
2.317799329757690430e+00
8.835206031799316406e+00
2.389697074890136719e+00
1.328242063522338867e+00
5.508427143096923828e+00
2.915663242340087891e+00
1.820110321044921875e+00
4.291363239288330078e+00
4.191205024719238281e+00
3.910828113555908203e+00
2.438785314559936523e+00
4.016925334930419922e+00
6.756720066070556641e+00
3.737254858016967773e+00
6.009873747825622559e-01
6.750110149383544922e+00
3.383667469024658203e+00
2.543298244476318359e+00
6.306288719177246094e+00
2.841607332229614258e+00
2.371994972229003906e+00
5.764032363891601562e+00
6.305566787719726562e+00
1.630441546440124512e+00
5.959912300109863281e+00
3.955648899078369141e+00
4.259166240692138672e+00
5.627462863922119141e+00
1.885264992713928223e+00
4.620428562164306641e+00
5.741612911224365234e+00
3.356415510177612305e+00
6.989537715911865234e+00
2.872918605804443359e+00
4.815393924713134766e+00
3.661409854888916016e+00
2.838259935379028320e+00
3.008750677108764648e+00
3.764211654663085938e+00
5.293501853942871094e+00
3.968998432159423828e+00
4.819296360015869141e+00
4.714468002319335938e+00
3.263298511505126953e+00
4.964550495147705078e+00
2.214109659194946289e+00
9.559920430183410645e-02
3.540661334991455078e+00
2.721353530883789062e+00
7.464494228363037109e+00
4.052947998046875000e+00
5.513033270835876465e-01
6.585994720458984375e+00
3.737217426300048828e+00
4.575550079345703125e+00
3.102724790573120117e+00
4.720666408538818359e+00
4.690679073333740234e+00
1.234324812889099121e+00
2.399451971054077148e+00
3.564588308334350586e+00
2.123972654342651367e+00
3.892118215560913086e+00
1.902971267700195312e+00
4.218444347381591797e+00
3.725223541259765625e+00
1.414552092552185059e+00
1.609984397888183594e+00
1.036772608757019043e+00
3.234482526779174805e+00
2.870399236679077148e+00
6.209510326385498047e+00
3.147938013076782227e+00
2.654417276382446289e+00
3.222958803176879883e+00
2.792810201644897461e+00
1.878188490867614746e+00
5.420269012451171875e+00
7.297786712646484375e+00
4.636157512664794922e+00
2.432842969894409180e+00
5.788298845291137695e-01
4.758082866668701172e+00
7.646205902099609375e+00
2.575920343399047852e+00
2.685729742050170898e+00
3.111475706100463867e+00
3.844184160232543945e+00
3.009336233139038086e+00
1.172810912132263184e+00
6.204643726348876953e+00
4.349296569824218750e+00
3.190438985824584961e+00
4.125821590423583984e+00
4.326309680938720703e+00
2.589507102966308594e+00
2.168104887008666992e+00
2.631223201751708984e+00
1.484806776046752930e+00
3.310574769973754883e+00
5.811626434326171875e+00
5.138469219207763672e+00
3.322104692459106445e+00
4.640170574188232422e+00
2.778647899627685547e+00
3.093119144439697266e+00
2.137811422348022461e+00
3.435278654098510742e+00
3.663730382919311523e+00
4.752946853637695312e+00
3.311508655548095703e+00
3.655729055404663086e+00
6.164766311645507812e+00
6.640185713768005371e-01
8.671171069145202637e-01
3.016291618347167969e+00
5.773035883903503418e-01
4.328082561492919922e+00
3.875776052474975586e+00
5.856099605560302734e+00
1.377436399459838867e+00
3.569552659988403320e+00
3.204135894775390625e+00
2.111948013305664062e+00
3.462306261062622070e+00
3.673979520797729492e+00
2.939341306686401367e+00
8.795568346977233887e-01
1.899993777275085449e+00
3.140332937240600586e+00
2.545269727706909180e+00
1.900461554527282715e+00
6.225574016571044922e+00
2.164565324783325195e+00
3.782615661621093750e+00
5.747968673706054688e+00
8.368030548095703125e+00
1.503073096275329590e+00
1.961421251296997070e+00
2.373716592788696289e+00
2.104257106781005859e+00
4.429028630256652832e-01
4.004540443420410156e+00
4.342469215393066406e+00
5.637046337127685547e+00
3.158471107482910156e+00
1.581742405891418457e+00
4.257089138031005859e+00
1.264694213867187500e+00
4.318611145019531250e+00
2.585073947906494141e+00
5.464982509613037109e+00
1.687343835830688477e+00
4.545797824859619141e+00
1.810233950614929199e+00
1.747958540916442871e+00
3.023576974868774414e+00
5.449277400970458984e+00
4.616912364959716797e+00
3.723186969757080078e+00
4.750044345855712891e+00
2.408100128173828125e+00
3.210553407669067383e+00
2.962788820266723633e+00
2.242437124252319336e+00
6.094983577728271484e+00
3.577237844467163086e+00
1.381737589836120605e+00
6.239940524101257324e-01
1.701028108596801758e+00
4.088209629058837891e+00
6.475219249725341797e+00
3.000213384628295898e+00
3.298829793930053711e+00
2.911708116531372070e+00
7.935559153556823730e-01
1.386519432067871094e+00
1.716261506080627441e+00
3.081419467926025391e+00
3.670923233032226562e+00
3.890503644943237305e+00
4.359106063842773438e+00
2.589900732040405273e+00
2.460317134857177734e+00
3.221453428268432617e+00
4.274897575378417969e+00
1.932105660438537598e+00
2.252057313919067383e+00
3.581190824508666992e+00
4.543248653411865234e+00
6.380721569061279297e+00
5.286720275878906250e+00
5.710910797119140625e+00
1.066493034362792969e+00
3.715930938720703125e+00
3.048060178756713867e+00
1.649134278297424316e+00
3.604854583740234375e+00
2.945355653762817383e+00
3.406061172485351562e+00
1.259247183799743652e+00
4.581266939640045166e-01
2.392051696777343750e+00
2.215038776397705078e+00
1.940325140953063965e+00
1.890771865844726562e+00
4.413514137268066406e+00
4.176273345947265625e+00
2.926541268825531006e-01
2.995898485183715820e+00
3.230436801910400391e+00
5.672788619995117188e+00
2.773977756500244141e+00
2.607127189636230469e+00
1.650652170181274414e+00
3.848759889602661133e+00
3.445376157760620117e+00
7.046021461486816406e+00
2.906623601913452148e+00
4.346933841705322266e+00
3.913755178451538086e+00
5.390560150146484375e+00
3.411307573318481445e+00
1.436690568923950195e+00
4.032744884490966797e+00
2.851053953170776367e+00
3.464232683181762695e+00
6.158409595489501953e+00
2.338694334030151367e+00
6.078809738159179688e+00
3.564366102218627930e+00
4.691487789154052734e+00
1.260296821594238281e+00
6.059820652008056641e+00
1.978648185729980469e+00
3.493402481079101562e+00
2.869657278060913086e+00
