3.397907018661499023e+00
2.047826528549194336e+00
5.791491985321044922e+00
3.891065597534179688e+00
4.389140605926513672e+00
1.972328186035156250e+00
2.330025434494018555e+00
1.103204846382141113e+00
3.030772209167480469e+00
2.233584880828857422e+00
1.785229086875915527e+00
8.412529230117797852e-01
2.217631340026855469e+00
2.097610473632812500e+00
3.557390928268432617e+00
2.343951463699340820e+00
1.220439195632934570e+00
2.705327272415161133e+00
2.149015426635742188e+00
4.258391857147216797e+00
4.491544246673583984e+00
1.231032848358154297e+00
1.458521604537963867e+00
4.628584861755371094e+00
3.387737989425659180e+00
6.466979503631591797e+00
1.503774046897888184e+00
3.231440305709838867e+00
1.143174529075622559e+00
4.053963184356689453e+00
1.494632124900817871e+00
6.102121829986572266e+00
3.389699935913085938e+00
3.224924087524414062e+00
3.504076480865478516e+00
1.112439513206481934e+00
4.882209300994873047e+00
4.026565074920654297e+00
1.383144259452819824e+00
2.653666019439697266e+00
2.380837440490722656e+00
3.126510381698608398e+00
8.019075393676757812e+00
4.178304195404052734e+00
2.844988822937011719e+00
2.131098508834838867e+00
2.324603557586669922e+00
6.683999061584472656e+00
3.015954971313476562e+00
1.990877151489257812e+00
6.158106327056884766e+00
3.607421875000000000e+00
3.311398267745971680e+00
3.406049013137817383e+00
2.314417362213134766e+00
6.559233188629150391e+00
3.907746076583862305e+00
2.799681425094604492e+00
3.087727546691894531e+00
3.640714645385742188e+00
1.566318631172180176e+00
3.200953245162963867e+00
1.226038575172424316e+00
7.751261591911315918e-01
4.355019092559814453e+00
4.901780605316162109e+00
2.167554616928100586e+00
8.853767514228820801e-01
1.048454165458679199e+00
3.413045167922973633e+00
2.563400745391845703e+00
3.438589811325073242e+00
6.484813690185546875e+00
3.379780530929565430e+00
8.188612937927246094e+00
5.170968532562255859e+00
4.062415599822998047e+00
2.514245748519897461e+00
1.488700747489929199e+00
3.468156099319458008e+00
6.086583137512207031e+00
1.927642703056335449e+00
6.761692047119140625e+00
2.209780931472778320e+00
5.340990543365478516e+00
3.225130796432495117e+00
4.893444061279296875e+00
6.776480197906494141e+00
3.135506391525268555e+00
4.095203399658203125e+00
3.526414632797241211e+00
1.371791243553161621e+00
3.553235769271850586e+00
8.937948346138000488e-01
8.299218416213989258e-01
2.313764333724975586e+00
8.860158920288085938e-01
2.080366849899291992e+00
4.023291110992431641e+00
2.632215261459350586e+00
2.915328741073608398e+00
5.114753246307373047e+00
2.481896162033081055e+00
6.448356628417968750e+00
3.555692434310913086e+00
1.208200097084045410e+00
2.870200634002685547e+00
3.329503297805786133e+00
5.221601963043212891e+00
2.809001445770263672e+00
4.943813323974609375e+00
1.875223755836486816e+00
1.545045971870422363e+00
4.175755023956298828e+00
4.134599208831787109e+00
3.723389387130737305e+00
1.769405007362365723e+00
2.933793783187866211e+00
1.567386388778686523e+00
1.805597901344299316e+00
8.325894355773925781e+00
5.702347278594970703e+00
5.805963039398193359e+00
6.395605206489562988e-01
2.708908319473266602e+00
4.974919795989990234e+00
3.908966064453125000e+00
1.153918147087097168e+00
3.054296255111694336e+00
3.590290784835815430e+00
3.738990783691406250e+00
1.578058600425720215e+00
1.263642311096191406e+00
1.595271348953247070e+00
9.502481818199157715e-01
4.754531860351562500e+00
3.495307922363281250e+00
2.558449268341064453e+00
3.790514469146728516e+00
5.692242622375488281e+00
4.082524776458740234e+00
3.380115985870361328e+00
3.518734693527221680e+00
4.091513156890869141e+00
2.929537773132324219e+00
4.975673854351043701e-01
4.222632884979248047e+00
1.399570822715759277e+00
2.969465732574462891e+00
1.720924615859985352e+00
2.797370910644531250e+00
4.801140308380126953e+00
2.894692659378051758e+00
6.488180637359619141e+00
2.567760229110717773e+00
4.758224010467529297e+00
7.053807377815246582e-01
4.548069953918457031e+00
3.232453584671020508e+00
3.356441974639892578e+00
2.041012048721313477e+00
2.453350067138671875e+00
5.453530788421630859e+00
3.466702222824096680e+00
1.664121866226196289e+00
4.281940460205078125e+00
6.659260749816894531e+00
1.321283817291259766e+00
4.899479866027832031e+00
2.523388624191284180e+00
3.672985553741455078e+00
4.510566711425781250e+00
3.522172212600708008e+00
3.972473859786987305e+00
4.936464309692382812e+00
5.474153757095336914e-01
4.587591648101806641e+00
4.529853820800781250e+00
4.834304332733154297e+00
2.287753343582153320e+00
2.674337148666381836e+00
1.941392898559570312e+00
3.719990253448486328e+00
4.903831005096435547e+00
2.863980293273925781e+00
2.277050733566284180e+00
2.176958084106445312e+00
3.391644239425659180e+00
3.555446386337280273e+00
4.436326503753662109e+00
4.059950828552246094e+00
2.349526166915893555e+00
1.755248069763183594e+00
2.471258640289306641e+00
4.265586853027343750e+00
5.204133510589599609e+00
4.264278888702392578e+00
3.085569143295288086e+00
6.075540781021118164e-01
4.262035369873046875e+00
1.219525456428527832e+00
2.888588190078735352e+00
4.966810703277587891e+00
5.143342494964599609e+00
1.488263487815856934e+00
2.390440702438354492e+00
1.785802841186523438e+00
3.737251758575439453e+00
5.949366092681884766e+00
4.127934932708740234e+00
4.346004009246826172e+00
1.663995981216430664e+00
5.053947925567626953e+00
2.471160650253295898e+00
1.019588112831115723e+00
4.271388530731201172e+00
4.423414707183837891e+00
2.052508115768432617e+00
2.271185398101806641e+00
2.069608211517333984e+00
3.055523157119750977e+00
2.932459354400634766e+00
2.586563825607299805e+00
7.943180799484252930e-01
5.033488273620605469e+00
3.222218036651611328e+00
7.805842876434326172e+00
3.222200393676757812e+00
5.456287860870361328e+00
2.202414512634277344e+00
4.308400630950927734e+00
2.325701475143432617e+00
2.827614784240722656e+00
3.769493818283081055e+00
2.749971151351928711e+00
5.208328247070312500e+00
4.587660789489746094e+00
2.925748825073242188e+00
5.585811138153076172e+00
3.332360506057739258e+00
3.360543966293334961e+00
2.338089227676391602e+00
3.864386320114135742e+00
2.361968755722045898e+00
5.287425994873046875e+00
2.811749219894409180e+00
1.333747386932373047e+00
3.137060999870300293e-01
4.933662414550781250e+00
2.592845678329467773e+00
1.699063539505004883e+00
3.144408464431762695e+00
6.709384918212890625e+00
5.336610317230224609e+00
1.437535881996154785e+00
2.286654233932495117e+00
6.323972702026367188e+00
5.630282402038574219e+00
2.861137866973876953e+00
3.606918096542358398e+00
3.490109205245971680e+00
4.764136791229248047e+00
2.932578563690185547e+00
4.331561565399169922e+00
4.274801731109619141e+00
2.133457183837890625e+00
1.533242940902709961e+00
4.657519817352294922e+00
2.399523973464965820e+00
4.345634460449218750e+00
4.058093547821044922e+00
4.920053958892822266e+00
2.133641481399536133e+00
6.360311031341552734e+00
4.270932674407958984e+00
2.635662078857421875e+00
3.705320358276367188e+00
3.010049819946289062e+00
6.872679591178894043e-01
3.320389509201049805e+00
2.169556379318237305e+00
4.892392635345458984e+00
2.696742773056030273e+00
4.247061729431152344e+00
2.320238828659057617e+00
2.279334068298339844e+00
2.519047975540161133e+00
3.647840261459350586e+00
4.675091743469238281e+00
7.544166445732116699e-01
2.437365293502807617e+00
3.010537862777709961e+00
2.619008541107177734e+00
3.463209867477416992e+00
3.021785020828247070e+00
2.944667100906372070e+00
2.780625104904174805e+00
3.744892120361328125e+00
3.926521062850952148e+00
2.850800514221191406e+00
3.366412878036499023e+00
4.659453392028808594e+00
2.797114133834838867e+00
1.676960229873657227e+00
6.106658458709716797e+00
2.102947950363159180e+00
4.484183788299560547e+00
3.512995481491088867e+00
3.611129522323608398e+00
5.561013698577880859e+00
5.748785495758056641e+00
4.051660537719726562e+00
4.122597217559814453e+00
2.216515541076660156e+00
6.332858085632324219e+00
4.223619937896728516e+00
3.793114185333251953e+00
1.121350288391113281e+00
6.570137023925781250e+00
3.409419298171997070e+00
1.884968757629394531e+00
3.052099227905273438e+00
3.750116348266601562e+00
5.248649597167968750e+00
2.100370168685913086e+00
3.157476186752319336e+00
8.811745643615722656e-01
6.546548366546630859e+00
8.491159677505493164e-01
6.281119346618652344e+00
5.145448684692382812e+00
3.094872236251831055e+00
2.223787546157836914e+00
4.869132995605468750e+00
4.263023376464843750e+00
2.593231916427612305e+00
4.442354202270507812e+00
7.061463356018066406e+00
2.114099264144897461e+00
4.318873882293701172e+00
4.995702266693115234e+00
3.786266326904296875e+00
3.985816955566406250e+00
2.880491971969604492e+00
1.394464373588562012e+00
9.146973609924316406e+00
3.948875427246093750e+00
1.869828462600708008e+00
3.658972263336181641e+00
3.502573490142822266e+00
2.069933652877807617e+00
4.885993480682373047e+00
3.410942792892456055e+00
3.211727619171142578e+00
2.734699964523315430e+00
2.749182462692260742e+00
4.853483140468597412e-01
2.846802949905395508e+00
4.205781459808349609e+00
2.085567712783813477e+00
2.759889125823974609e+00
3.493509054183959961e+00
4.585005283355712891e+00
1.287679076194763184e+00
3.161497712135314941e-01
2.202579736709594727e+00
3.822788238525390625e+00
9.826142191886901855e-01
1.556815505027770996e+00
2.652489900588989258e+00
6.657596111297607422e+00
3.662438631057739258e+00
3.087091922760009766e+00
4.370381832122802734e+00
3.507477998733520508e+00
5.786889553070068359e+00
4.810165882110595703e+00
2.642482519149780273e+00
1.708710074424743652e+00
2.037754058837890625e+00
4.206188678741455078e+00
5.502847194671630859e+00
3.247912168502807617e+00
9.674584269523620605e-01
1.542092680931091309e+00
6.074450969696044922e+00
1.827309012413024902e+00
2.891216993331909180e+00
4.180757999420166016e+00
1.095156860351562500e+01
3.933664083480834961e+00
3.858571767807006836e+00
2.307993650436401367e+00
4.542776584625244141e+00
1.773466944694519043e+00
2.927381277084350586e+00
5.403074264526367188e+00
3.930004835128784180e+00
7.581917762756347656e+00
2.669198751449584961e+00
8.866910338401794434e-01
3.798924982547760010e-01
5.269134521484375000e+00
3.113952398300170898e+00
4.288372516632080078e+00
6.385315895080566406e+00
1.064825534820556641e+00
3.923552751541137695e+00
2.189941167831420898e+00
2.182989835739135742e+00
4.140594959259033203e+00
1.962344765663146973e+00
3.917148351669311523e+00
3.587152242660522461e+00
3.693320989608764648e+00
4.597036540508270264e-01
3.142982959747314453e+00
7.955853462219238281e+00
2.051943540573120117e+00
9.435666203498840332e-01
3.609903812408447266e+00
7.924265265464782715e-01
1.395339250564575195e+00
2.394531488418579102e+00
2.623196125030517578e+00
5.188591957092285156e+00
5.834560871124267578e+00
3.127161026000976562e+00
5.733604907989501953e+00
1.507848739624023438e+00
1.856584429740905762e+00
6.004477977752685547e+00
1.188638329505920410e+00
4.345939159393310547e+00
5.280019760131835938e+00
3.348510026931762695e+00
2.461797475814819336e+00
3.949281454086303711e+00
2.333208084106445312e+00
4.916748046875000000e+00
3.036179304122924805e+00
2.076366186141967773e+00
3.391498565673828125e+00
3.953053712844848633e+00
3.117988824844360352e+00
1.769693970680236816e+00
2.930813550949096680e+00
3.282046079635620117e+00
7.854114174842834473e-01
4.022213459014892578e+00
3.775537967681884766e+00
9.458772540092468262e-01
5.789827346801757812e+00
3.300351381301879883e+00
5.654337882995605469e+00
1.966413497924804688e+00
6.408236980438232422e+00
2.915575265884399414e+00
1.420829534530639648e+00
3.638941943645477295e-01
3.906276702880859375e+00
2.570651769638061523e+00
5.066846370697021484e+00
5.239354610443115234e+00
2.982305049896240234e+00
6.063460826873779297e+00
1.633022665977478027e+00
2.530964851379394531e+00
1.759416460990905762e+00
4.023418903350830078e+00
2.053457021713256836e+00
1.094250321388244629e+00
7.021855354309082031e+00
4.025357723236083984e+00
4.518906593322753906e+00
2.141341686248779297e+00
2.876548290252685547e+00
4.108508586883544922e+00
2.278221368789672852e+00
2.109956264495849609e+00
5.377436637878417969e+00
2.114522457122802734e+00
1.052891135215759277e+00
2.589493274688720703e+00
1.749927520751953125e+00
4.895551204681396484e+00
3.937114000320434570e+00
6.058434486389160156e+00
3.648550510406494141e+00
3.757131338119506836e+00
2.632701396942138672e+00
7.270519137382507324e-01
4.182789802551269531e+00
4.205777645111083984e+00
4.631834983825683594e+00
3.527847290039062500e+00
1.830299735069274902e+00
3.354819059371948242e+00
2.573894262313842773e+00
2.335377693176269531e+00
