5.891859089230885166e-02 6.398351950372725305e+00
-6.191746325519601607e-02 6.407178568553830722e+00
-6.088557733297184776e-02 6.407206344062609915e+00
-6.106251549258894656e-02 6.402154756079856845e+00
-6.064452926296540897e-02 6.412937303076540196e+00
-6.227617588892858658e-02 6.409800745357277840e+00
-1.057186807130953698e-01 2.602548502559434240e+01
6.627695614102321886e-02 6.501994083679266900e+00
5.900902546765238177e-02 6.395226220327032252e+00
-6.025264897852480872e-02 6.411514942431590036e+00
-6.354893621944252002e-02 6.405158568210243430e+00
6.049482594927321766e-02 6.386646426255211395e+00
5.516545717818201883e-02 6.405881009020474082e+00
-9.926902635151334253e-02 2.090108621730781380e+01
5.924883887201213423e-02 6.392028359568278972e+00
-8.308035657751153269e-02 6.405291577269889736e+00
5.265105787134501114e-02 6.403814016945663212e+00
6.059977475528355306e-02 6.392836495196320357e+00
-6.127189099990012350e-02 6.413195028786057073e+00
-9.297972314916420900e-02 2.670020466143949989e+01
5.316520254936913520e-02 6.401668479263852518e+00
5.925709704839863395e-02 6.391233802343950110e+00
-6.580270517795810958e-02 6.409126104698007254e+00
-6.151090846284734681e-06 6.293249753438806771e+00
-1.051006787914713914e-01 1.604795848051396590e+01
-1.282356494883285514e-04 6.295824814787799539e+00
5.769772144354000376e-02 6.397929989123606553e+00
5.469422182098504504e-02 6.399028692237038740e+00
5.886952400855208906e-02 6.392529074669710987e+00
-6.115506622288735539e-02 6.408225823271314070e+00
5.913544711237722629e-02 6.397650462915652980e+00
6.043023573121490688e-02 6.391132313797394993e+00
-6.084387840700114514e-02 6.403670694175168876e+00
5.766592605020356976e-02 6.405157428411328624e+00
6.075860562900617379e-02 6.386679300314275665e+00
5.931163858092666774e-02 6.390503567094223847e+00
4.891953050590146235e-02 7.400216187107886867e+00
6.104223940592594377e-02 6.388872717346877117e+00
-6.144553537323500791e-02 6.409858987099596561e+00
-6.231529031402413543e-02 6.411276809447554292e+00
1.415920604274579775e-01 2.528382254864224876e+01
-1.017148521489786572e-01 2.703313795471272840e+01
6.093230923724370085e-02 6.391549852972485013e+00
5.793019378502665268e-02 6.401912043267609320e+00
-6.122351968523327692e-02 6.402961422400685443e+00
1.044679596809918870e-01 2.502948574131973558e+01
-1.160043201432494897e-01 2.442677388740938582e+01
-6.070325594014429338e-02 6.410520734685711375e+00
-1.007547082940285499e-01 2.203536947465416418e+01
-6.146837139408168477e-02 6.402871658619420536e+00
-3.558124825668738250e-02 2.170621987324386382e+01
5.536129214904703805e-02 6.400925464993439284e+00
5.756882256092997474e-02 6.403440763412495684e+00
5.779359492936091830e-02 6.402878131436429143e+00
7.183157651552152245e-02 2.398058177906428057e+01
5.857140884794564267e-02 6.400625173363144960e+00
6.016444686990105734e-02 6.390854709601134331e+00
5.917967165193949858e-02 6.395908654735354304e+00
-6.470511078006617456e-02 6.408075335399121109e+00
6.035157572622169841e-02 6.387493928680349597e+00
6.083215962994839576e-02 6.387766707665598176e+00
-6.355573510317083508e-02 6.402009322685490389e+00
2.691916838270629400e-02 6.401982189506360221e+00
6.063535034623652314e-02 6.387337897094067962e+00
1.375510287288591454e-02 2.538788813632589836e+01
5.858278808923624709e-02 6.399028216589057294e+00
-6.836601762879368493e-02 9.744109893846852444e+00
-3.872238135755556865e-02 6.646296564871961188e+00
-7.458415089168805856e-02 6.402333021935879387e+00
-6.260620743423522816e-02 6.398002310145237459e+00
-6.077650163577839881e-02 6.409540701042367949e+00
6.635853607489902717e-02 6.495228221099236698e+00
5.895505253140111840e-02 6.396442606522592556e+00
-6.249652820391023156e-02 6.404861285356021838e+00
5.879787613400262736e-02 6.392746789358559667e+00
6.704655724814448381e-02 2.571771876144935476e+01
-6.157198325985780568e-02 6.407667744567365986e+00
7.134500916043910734e-02 1.843273036228516659e+01
-5.808347220480526013e-02 7.407055978732572044e+00
-6.053242696017679947e-02 6.410179124432172415e+00
5.829073842338434314e-02 6.409032283935771623e+00
5.172961099228265414e-02 6.404826117242231831e+00
5.641915217795144544e-02 6.405573751545118100e+00
-6.084328515021969475e-02 6.407540983574134152e+00
-1.246865324916809487e-01 2.499762032752419572e+01
5.414904025249664410e-02 6.400490657793253213e+00
-6.460152574047024754e-02 6.408700962932088352e+00
6.000149399577165560e-02 6.388714376366552372e+00
7.341756275280872379e-02 1.123511012713666979e+01
6.117143632481839705e-02 6.387425127213542275e+00
6.009669422959158097e-02 6.390763790580507475e+00
-4.567852077255879495e-02 1.181891933435207598e+01
-6.348565090642452335e-02 6.407886448965924409e+00
6.115508452802003586e-02 6.384761140817865055e+00
-4.627889306644897283e-02 7.288952684316374331e+00
-6.156855537755355490e-02 6.411962453984291876e+00
6.066819867389899867e-02 6.388844083078857317e+00
5.840747429203738128e-02 6.405257635886387746e+00
6.108321705938773299e-02 6.381610600431125491e+00
1.002193295563973408e-01 2.502763552624294974e+01
5.567481082253337293e-02 6.405038802350222049e+00
6.104177727705425993e-02 6.387517197732738516e+00
-6.744606056166790875e-02 6.402202299032383692e+00
-5.992059474210319897e-02 6.413192365182128540e+00
-1.142267737544403333e-01 2.254358948982740785e+01
5.888492076040374029e-02 6.394510117471068789e+00
5.773535442394920475e-02 6.404049232883332721e+00
6.075179980401242130e-02 6.391405628742900191e+00
5.037899108836834533e-02 6.398449343401567901e+00
5.859821809466524145e-02 6.403076854122408790e+00
-6.028975499291091417e-02 6.405961522986505230e+00
1.123547130290016849e-01 2.643692468140066509e+01
5.754002560496646046e-02 6.396136155475413254e+00
1.366288617791265314e-01 2.171389723677944161e+01
-6.034909302874263276e-02 6.409821914878611082e+00
-6.194926504618918084e-02 6.408443982359857571e+00
6.108515993165683500e-02 6.389493965635870687e+00
-7.216777128556192689e-02 6.407417806891244183e+00
6.101116658057947895e-02 6.388915646169051499e+00
-1.553954936192591951e-05 6.289573991419844745e+00
5.947983275905584233e-02 6.395970219174233584e+00
5.636465204902180864e-02 6.883082140576945562e+00
5.883638909538077555e-02 6.399777630314684274e+00
-6.432415627120932622e-02 6.414202930223903643e+00
5.928687582230757203e-02 6.395417983198735890e+00
5.580769301224543233e-02 6.402903629182203460e+00
5.815806466411860970e-02 6.398963071311291273e+00
6.080517471800313267e-02 6.385359980565452176e+00
-6.038660431237836274e-02 6.405982609419446305e+00
-6.066966527948221971e-02 6.404917189733638772e+00
6.112956475479294077e-02 6.388634834163180010e+00
6.040154326063767315e-02 6.390416501535627347e+00
-8.304590579768535152e-02 6.402828710956820046e+00
5.373998173206383927e-02 6.406916814314976172e+00
5.360921493770293839e-02 6.403170480610180348e+00
-6.105715501113574001e-02 6.407731102035294946e+00
-1.061099289304297533e-01 1.927262866529661522e+01
5.811889014859495523e-02 6.398836699358822599e+00
5.106344691030223482e-02 6.406915961788181235e+00
6.111424449849029578e-02 6.386985526098643007e+00
-6.741980674617882585e-02 6.407273739714679728e+00
5.785869208839265754e-02 6.400230660346460709e+00
-1.677237557138749890e-04 6.285603144185675895e+00
-8.248039742634805105e-02 6.404725275853049737e+00
8.095293879330493769e-02 2.240440653121555314e+01
2.289978001259327864e-02 6.401350491158201983e+00
-1.111114649230827423e-01 2.547473721724134776e+01
5.918271341621000881e-02 6.396864559579399589e+00
5.869723551505222348e-02 6.392847422128371981e+00
-6.026373836162540742e-02 6.408319314971549829e+00
5.893217595711330858e-02 6.392927890870533147e+00
-6.051162716045988682e-02 6.404404787328098259e+00
-6.062005501113815198e-02 6.411687607159706204e+00
-6.058087155628591458e-02 6.405618647074309280e+00
5.886028358593619475e-02 6.394741423072276554e+00
-6.141163159962033380e-02 6.409424279395008028e+00
-6.060905340819090770e-02 6.408384466256281442e+00
5.936647435845923693e-02 6.396520353543119874e+00
-1.021135894021237278e-01 1.480163101830506811e+01
4.005756983954170819e-02 6.407477765405145576e+00
5.830244789595421390e-02 6.402559269795346175e+00
-1.068122195514244477e-01 2.563117552208181849e+01
-9.300073344801537689e-02 2.519743284116576021e+01
-8.553364717952738339e-02 1.408661301062841886e+01
6.012065432606074344e-02 6.395856379789729651e+00
6.002128764348721446e-02 6.388825683482227902e+00
6.027161011334805640e-02 6.393137173277020580e+00
5.896329086301250327e-02 6.399604754251956962e+00
6.107211409344332625e-02 6.387980220137484011e+00
5.915356116317549429e-02 6.397134076916645817e+00
6.058902653107670760e-02 2.511203585774201841e+01
-1.081608449633313096e-01 2.549530964918216824e+01
5.732795687541199225e-02 6.400071738956264689e+00
6.132315088819720317e-02 6.386782760686316784e+00
5.550149337239763253e-02 6.401287168649945514e+00
-6.485348494521889218e-02 6.402271815594687610e+00
5.837065700771666005e-02 6.403424297719794822e+00
-5.228916463714395474e-02 2.449869678728896005e+01
-1.258636308151192540e-01 2.549145545076789432e+01
-6.376842509736529996e-02 6.396727091235843154e+00
-7.677676120623337652e-02 6.407673422751853032e+00
-6.205603762972471127e-02 6.408277987636856743e+00
-6.124797512556159895e-02 6.404171022479135722e+00
8.196690711497320314e-02 2.229375966021653710e+01
5.752292704763709019e-02 6.400853325617513967e+00
-6.070939141835526853e-02 6.407920703645245020e+00
-1.047330411615829127e-01 2.080757198193228064e+01
-1.060537956205814536e-01 1.705752139614158835e+01
-6.345756587811160476e-02 1.376471299325803699e+01
5.845756557279531418e-02 6.403929499654914537e+00
5.860242520742361266e-02 6.395955644914125493e+00
6.054619034037717756e-02 6.387681218460387278e+00
5.842770949808721165e-02 6.399632314265491395e+00
5.742454738058610370e-02 6.398716004163543580e+00
5.838772943058490039e-02 6.398419220543381414e+00
-1.122420790400507629e-01 2.564637474730723810e+01
-5.286353430970858192e-02 1.823417288968263605e+01
-1.151662182490009595e-01 2.696026642716611121e+01
5.880022358636648877e-02 6.397953981066391904e+00
-1.611965750318313656e-02 2.745631572155683386e+01
-6.817318913905623390e-02 6.406953886614121352e+00
-6.104517169438933299e-02 6.408532876405853784e+00
5.792474829852101159e-02 6.401387554075800068e+00
5.627635301688367619e-02 6.407635133465769961e+00
-6.421036216681330622e-02 6.408086850447382687e+00
6.106737578725641297e-02 6.393044264207286886e+00
9.047946450228654125e-05 1.581588360376724189e+01
-6.037128147478248996e-02 6.404376523345911565e+00
4.170438074441328719e-02 6.408145450592405368e+00
6.100152189157161814e-02 6.385215655977291682e+00
5.730424678800127847e-02 6.398896218578945749e+00
-6.303861631532479970e-02 6.414066671089623028e+00
-1.321711881902082331e-03 6.291553919740460188e+00
5.353520946975313943e-02 6.410750277094829030e+00
3.385187276036590032e-02 6.510547031478581381e+00
5.437313433255866468e-02 6.408313265253604563e+00
6.150958333176055615e-02 6.388960654432532138e+00
6.041550501515007693e-02 6.389591765355759456e+00
5.894981217640431898e-02 6.397489853538818494e+00
5.820500963382864434e-02 6.403857613897603329e+00
-1.150109529075401121e-01 2.545659466948094973e+01
-6.075592152347160380e-02 6.405040376054230045e+00
5.730389743903446798e-02 6.398855128767310774e+00
-6.063937643288892787e-02 6.406253887132691283e+00
-6.402721287193434418e-02 6.413577703635715999e+00
-6.127795060231899793e-02 6.409703727075282131e+00
-6.031232317528827797e-02 6.412086286545621405e+00
6.070404128666714166e-02 8.666430245588097492e+00
-7.851031092272954537e-02 6.399328510351657506e+00
-6.405368137917810678e-04 6.298774608464109193e+00
5.778874183723627100e-02 6.407224697785620648e+00
5.854889585374298266e-02 6.405129056797861153e+00
5.802687012626756013e-02 6.405439872967152226e+00
-6.103201765771179566e-02 6.407223239590051911e+00
-8.057277112496058491e-02 6.405924316384159489e+00
-5.988497807967702730e-02 6.406818342931400068e+00
-1.093733126666733557e-01 2.506217970482675383e+01
5.420932683293615967e-02 6.404005806869223605e+00
4.306537465559337474e-02 6.406938980140915341e+00
5.499275704125029113e-02 6.409613673905483644e+00
-6.127367415818497226e-02 6.403961213330076063e+00
-1.183871704988197215e-01 2.740754569860706269e+01
-6.482392446443381584e-02 6.408875084245959641e+00
5.929055364013872953e-02 6.399177303476232481e+00
-6.059321239866925085e-02 6.409549571673716528e+00
-7.585024961612590877e-04 6.294489035992950399e+00
-1.131504275653901492e-01 2.609301182204862712e+01
-6.057214483207402911e-02 6.407091850713212189e+00
-6.335429588377397558e-02 6.406927545681262437e+00
5.977439174083341855e-02 6.393377416392903356e+00
-6.203821103817873384e-02 6.407365531611432630e+00
-8.199491898257188494e-02 6.402849903694804112e+00
5.939216125678970642e-02 6.392615373473482521e+00
-1.185179375626860265e-01 2.673510820919532094e+01
5.633723328155408605e-02 6.407731813564041978e+00
-1.098827722224809816e-01 2.548012831236794185e+01
-6.070576905388451461e-02 6.416389938917180125e+00
-1.111830514808920811e-01 2.601900320229088948e+01
-6.336522010634650093e-02 6.400508444197930302e+00
5.952511937909525652e-02 6.393625207793114384e+00
-7.663790679306170528e-04 6.295552252866546183e+00
5.922530784378193108e-02 6.394817769896834037e+00
1.023986939366790076e-02 2.692229859851558871e+01
-9.893647578841924251e-04 6.295257358696992434e+00
-6.948136742915175801e-02 6.405261669718917972e+00
-7.341184138827708608e-03 6.406154501384515143e+00
-8.957019217145692491e-02 2.531925659079760393e+01
-9.744507309447786314e-04 6.293107883756089649e+00
-8.038262922589359261e-02 6.401980361557686017e+00
5.350874176812551314e-02 6.407538248763966493e+00
5.712957616263297789e-02 6.408692433691155266e+00
-6.332809179506836139e-02 6.405973068803487713e+00
-6.561712515666220935e-02 6.404822401328586601e+00
-6.015099207399336734e-02 6.407937152720467822e+00
-6.103462069427364328e-02 6.408311808659683528e+00
-6.259703639627882399e-02 6.407793868696845863e+00
-6.522394927716002044e-04 6.294064605941542823e+00
-6.149171457586877915e-02 6.407941251238240099e+00
5.767739244405216403e-02 6.400316551123811593e+00
5.943643729838085643e-02 6.391828958958793550e+00
-7.003714663986937428e-02 7.018175252729205837e+00
6.108921198553570603e-02 6.387809347760668111e+00
5.631767506158775333e-02 6.403028448203999190e+00
5.857976167187987221e-02 6.397612334033591530e+00
-6.030271708892205595e-02 6.408059826483029298e+00
-6.417493718496490585e-02 6.407415274748545109e+00
-6.095480647390397883e-02 6.404202553562109657e+00
5.525010967667835088e-02 6.403011688760449793e+00
6.012874190192064178e-02 6.395590820858759962e+00
-6.110985832030624287e-02 6.399838309548061765e+00
-9.614057755739152666e-02 2.340165356889697179e+01
5.804763660463721497e-02 6.399469952663798367e+00
5.957111232951068508e-02 6.400121825740889392e+00
-6.108854376590158036e-02 6.406055346908991588e+00
3.825858885088812000e-02 6.627723339999269214e+00
-6.109497586917188999e-02 6.405639284238032083e+00
6.663430374511127019e-02 6.502095569256395535e+00
5.732870431618869445e-02 6.403023890905781279e+00
5.879359909695763831e-02 6.393639970477894785e+00
-6.568821289226732529e-02 6.409573199969390345e+00
-6.014089420798683638e-02 6.408084709889720898e+00
1.407433058725624520e-01 2.508546874472247978e+01
5.876310149506571573e-02 6.398410796792224353e+00
-8.841289800859365722e-02 2.689417187931695352e+01
5.884455753732945049e-02 6.392048973966519831e+00
5.825782324213503449e-02 6.396927317072756303e+00
-6.203402159418830442e-02 6.406296848501904506e+00
5.894453508573376660e-02 6.402426408510886624e+00
-6.292490536821981895e-02 6.403783658275305157e+00
-1.166347238780858081e-01 2.596770565703047495e+01
5.773332154308810638e-02 6.402033535319974433e+00
-6.116860906842843532e-02 6.407314525381549331e+00
6.121566201934237200e-02 6.389322772533668982e+00
5.757157986646922743e-02 6.398937638030621322e+00
-7.880378011286731654e-02 2.524007865035999743e+01
5.968624456727501804e-02 6.386624430907521521e+00
6.014661743368034802e-02 6.391600302534960143e+00
5.953381369041570170e-02 6.391636817550977234e+00
5.951124230346013788e-02 6.395601775792309596e+00
5.993653738806672265e-02 6.389519507337925397e+00
-6.008830435120900842e-02 6.410141788440575361e+00
-6.183069967172218073e-02 6.407403216525817236e+00
-6.128513474164642982e-02 6.404844740891579846e+00
-6.415217339639373018e-04 6.293166811592590726e+00
5.977442222643316455e-02 6.391812143838914828e+00
-8.253966311583312010e-02 6.398196019754234243e+00
5.902292465121065923e-02 6.394360483699947473e+00
6.118044321523293666e-02 6.391679655987511310e+00
6.046631664276422291e-02 6.394967483068180414e+00
-6.849600081950994734e-02 6.405820005851125210e+00
5.856024828504007018e-02 6.402506942033273418e+00
5.840571771411839919e-02 6.394956745329312575e+00
5.906673546300993116e-02 6.398640180207969763e+00
-7.760502757639443916e-02 6.400994220514767186e+00
5.024540713504472428e-02 6.409437114876245900e+00
-7.291916944877213647e-04 6.295518350399365914e+00
-6.089446037252391197e-02 6.407163762516389305e+00
5.319715506452433323e-02 6.403360708101115684e+00
6.099256892224912824e-02 6.395324614430122345e+00
-6.038921257882932242e-02 6.403527100339284850e+00
-6.421677008418744115e-02 6.404340253467424304e+00
-1.440628232003568487e-03 6.292643726503781565e+00
-6.461477198955867252e-02 6.409566168034649181e+00
-1.118218485199654610e-01 2.800145203941073646e+01
-1.296537445286474743e-03 6.291342970399503187e+00
-6.103421726455639240e-02 6.403260639722387459e+00
5.726704160494532070e-02 6.402665468187297648e+00
-6.501085386268426469e-02 8.659600932366025461e+00
6.089126528802873278e-02 6.384720934763045364e+00
5.259363457654431945e-02 6.402720219104498511e+00
6.068664370853644324e-02 6.394841817623872160e+00
-6.946786274935709549e-02 6.404349885406054099e+00
-8.964458189180124492e-04 6.296752128833097650e+00
-5.584271274152591280e-04 6.295556711585861720e+00
5.939950219303279100e-02 6.395787334266644919e+00
-5.723228065245694607e-03 6.402912045432935351e+00
6.075208557301956663e-02 6.394168426695184593e+00
5.963162818030995349e-02 6.399320962823973780e+00
6.078871255040779048e-02 6.386888647185475776e+00
6.049208880698673380e-02 6.389426565860648388e+00
6.026108230634825980e-02 6.389996618776207171e+00
1.294430180111884321e-01 2.305734305020671471e+01
5.787735231408405734e-02 6.399185514922608675e+00
-6.002574868517562140e-02 6.410991176476303899e+00
1.230753644326065543e-01 2.656123849268419690e+01
-8.194032828790651091e-02 6.400512090807859877e+00
5.951867605534200134e-02 6.392119862408670805e+00
6.153293676597069994e-02 6.381404637838756777e+00
-1.211916424306984652e-01 2.164175745230036085e+01
5.442344561843615036e-02 6.402818510869112245e+00
1.347936142279204108e-01 2.572389200214012916e+01
-6.585084672102547998e-02 6.407865285030555746e+00
-6.026582622786737925e-02 6.407437405798004804e+00
6.136893953254296541e-02 6.386179297517068143e+00
-6.081709845282689403e-02 6.408633888721537275e+00
-6.014861581091956316e-02 6.405610219882395207e+00
5.298504857801885487e-02 6.407678653268739311e+00
-6.969675134509922820e-02 2.484665512767243811e+01
5.978907875455990312e-02 6.393630898821866637e+00
5.869001414259969462e-02 6.400110083725204291e+00
-7.907867803987164712e-02 1.432145595624046308e+01
6.144168953508625380e-02 6.382778528459098766e+00
5.600791009856168762e-02 6.411436463187439649e+00
5.667298264330997842e-02 6.406248104050111358e+00
5.809396922066056845e-02 6.398882794100492433e+00
5.738241428303800934e-02 6.398954815377396521e+00
6.007497912828187875e-02 6.390724828088647058e+00
-3.034089583635324328e-05 6.293190881556977700e+00
-6.135257468501977007e-02 6.409171234293202346e+00
5.831371545557875735e-02 6.398579813214725576e+00
3.163063392574677613e-02 7.152847003111141966e+00
-6.003380842332373818e-02 6.406506903795805563e+00
4.053359963666982452e-02 6.407256834928988454e+00
1.345053170331438341e-01 2.325802059148239564e+01
5.919750695801176410e-02 6.395039092491962229e+00
-6.109226951651585552e-02 6.405217338628186319e+00
-1.511236050845590762e-03 6.295174207798839738e+00
-1.538630735920351600e-03 6.297150899185885997e+00
6.073495262272717715e-02 6.388769673691732542e+00
5.675346379482251735e-02 6.403757058190323370e+00
5.526220483727018601e-02 6.403961837178354877e+00
-5.460870461659637215e-02 7.279543497294356236e+00
-6.503136091725586487e-02 6.405752244201320167e+00
-6.085941514564172788e-02 6.405365348980590845e+00
-4.887951400037919558e-02 6.404672743011276204e+00
5.769702648346342749e-02 6.406608970870691699e+00
-2.723054567664820111e-02 6.400399028060954620e+00
5.794133159402217043e-02 6.401727139332920480e+00
-6.038495011814422331e-02 6.410285546395305012e+00
-1.215580406062907459e-01 2.533716600108256500e+01
-6.132743521811691301e-02 6.402428889380562538e+00
-6.098584063862377835e-02 6.408476699889853911e+00
5.839741368073304156e-02 6.400330381143144898e+00
5.963651443813730579e-02 6.397600520300221305e+00
6.056398118438125616e-02 6.384287567117811868e+00
-6.031159231132934145e-02 6.405024714144995635e+00
-1.051831670156808118e-01 2.636208979713106970e+01
-1.095537822586720444e-01 2.589069659113331312e+01
-6.012759235965305787e-02 6.415546983466267505e+00
-5.330405095312924085e-02 7.528612348288242551e+00
5.831601683276342596e-02 6.396923548452035924e+00
-6.812212453693403114e-02 6.412568328024982556e+00
-6.193460621367406771e-02 6.408586730085253258e+00
-1.353891961700187663e-03 6.288713202755472409e+00
-7.633484334766639512e-02 2.688928815152897300e+01
-6.032333852379886951e-02 6.411197328249030214e+00
-7.258028058955028061e-02 6.399989574918381052e+00
-5.994890452874149234e-02 6.407881835981375396e+00
-6.024017620545614460e-02 6.406548650863750360e+00
-8.389538486996594990e-02 2.677259602518009629e+01
-1.119846865812970105e-01 2.630870979601283821e+01
2.964469238381815808e-02 6.401088325573665472e+00
-1.106755432593544003e-01 1.926680233123889963e+01
6.092777137864830578e-02 6.387770403680304909e+00
-1.034125654733724364e-01 2.673770032178118328e+01
-3.573543068676882095e-04 6.291255479784885196e+00
-6.016061752197077173e-02 6.400356065341136436e+00
5.898723712496269783e-02 6.392057042479796003e+00
5.874132194184988193e-02 6.404109442641019001e+00
-6.036426141201096940e-02 6.411120487670784129e+00
-6.547038312952217776e-02 6.408575259684734959e+00
-7.280996183423217583e-02 6.406446703969185918e+00
-7.502295899826372239e-02 2.790615707269474655e+01
1.479626113176226998e-01 2.774071451978785774e+01
5.851554855519371795e-02 6.404117384507840072e+00
-1.106354038088328690e-01 2.348417962954787797e+01
5.929080893935971541e-02 6.394366277246398944e+00
-6.570069680567471038e-02 6.409247595643726036e+00
5.623832506697012262e-02 6.407627327008973417e+00
-6.015055351080962620e-02 6.409211033252586454e+00
-1.130451441588798955e-01 2.679598279406516426e+01
-1.274407203309375070e-01 1.560438977660078308e+01
-6.113192859675855434e-02 6.409438301088488110e+00
-5.159699197673547899e-02 7.902893182649900261e+00
6.025163178982582274e-02 6.390324971337110860e+00
-6.076641413938160818e-02 6.410802323064369368e+00
5.885321584872062889e-02 6.402576574942990817e+00
5.541344627700527797e-02 6.398703727164436472e+00
6.000294759530765132e-02 6.394505473214049829e+00
-6.266717699793342145e-02 6.406811709589337767e+00
5.126580833911874996e-02 6.403615254607383456e+00
5.948606945238448657e-02 6.392391086640138553e+00
-6.079479399002361145e-02 6.408326300553508048e+00
-6.134820969555620368e-02 6.411736104942399983e+00
5.995432469072057430e-02 6.390493749564719828e+00
5.861763157514360972e-02 6.397376145753014498e+00
-6.047760624571847654e-02 6.406477584751278265e+00
-6.056594323421330556e-02 6.406619461913843239e+00
-6.188287668223374505e-02 6.410079353144430669e+00
5.946892932429654471e-02 6.399781621994108605e+00
-6.113532732331564135e-02 6.410649244905010313e+00
-2.952322393360125308e-02 2.569518831457876473e+01
-6.208677911551883921e-02 6.409914423445122189e+00
1.152866700134473205e-01 2.595105964872929505e+01
-6.240192682892430065e-02 6.411668008760422310e+00
-6.687315577848113035e-02 6.408289792516073113e+00
-6.088063161921109662e-02 6.410566460984448156e+00
5.937575807090688523e-02 6.395003181212707943e+00
-6.122988389261591058e-02 6.407777638507250906e+00
-6.088864679644916122e-02 6.412133355881827868e+00
5.838448047748521358e-02 6.401392983764647937e+00
-3.524114446602876621e-02 1.787074027540354493e+01
-6.633681388042093896e-02 6.407572853785458378e+00
-6.078512007140542822e-02 6.405418708366545033e+00
6.097157452853137205e-02 6.382904012122789794e+00
-4.139421766573281314e-04 6.289669720403070485e+00
6.114153709333560588e-02 6.387743533426096576e+00
5.813053922075746976e-02 6.401098263336140626e+00
-9.583894705437606687e-04 6.288489735516259671e+00
5.857503481864038963e-02 6.398884536690579772e+00
-7.250325938300272721e-05 6.292559651381931296e+00
5.523391838070728505e-02 6.402738648534588961e+00
5.962859919434718853e-02 6.388288539783263609e+00
-6.023791057941254440e-02 6.404111581377343043e+00
7.917870517552974552e-02 2.536599300088917985e+01
-6.198273754489606879e-02 6.405912556725898988e+00
5.898709880669679440e-02 6.399830803044673111e+00
8.486014105351363801e-02 2.770467215892957213e+01
-1.280079110486942451e-03 6.297754729087062131e+00
-3.033974555204099754e-05 6.293264873532816495e+00
2.231189261308638705e-02 2.167205669884124575e+01
5.098316784607260371e-02 6.404427387568842889e+00
-1.201695584189468591e-01 2.392480886528006323e+01
6.071366487402499873e-02 6.387319475915442801e+00
-5.096334787096717250e-02 6.764804866608346678e+00
-3.990881333812146270e-04 6.287624021229958338e+00
5.865854810711754186e-02 6.401312887353578063e+00
-5.667719389907998478e-02 2.368982022580964397e+01
-6.054065024908641957e-02 6.403990002939063508e+00
5.844242278034603166e-02 6.398492857655429411e+00
-6.068904915952041262e-02 6.409066789518398366e+00
-6.528128634495643234e-02 6.407595609198320830e+00
-9.998231982717878386e-02 2.594890998540458682e+01
-5.840019815283176152e-04 6.293235807395364922e+00
5.946762149864798230e-02 6.397266693701659790e+00
1.425056696473365747e-01 2.486924711169679725e+01
1.128762191670768245e-01 1.634381419448119743e+01
-1.045900036137624167e-01 2.567593999652764580e+01
6.138299718731020371e-02 6.387368487328678235e+00
-6.172963652957368791e-02 6.409022665275549535e+00
6.024408819112815616e-02 6.391687087890618457e+00
4.482494349807644718e-02 8.657569357485787265e+00
-1.985888831367160767e-03 6.291810834631000660e+00
6.044599563879374943e-02 6.388229181362113707e+00
5.887667745027349436e-02 6.392996439989810931e+00
-6.564084153730558036e-02 6.409672009800099879e+00
-6.095490484517512159e-02 9.752245568248667951e+00
5.911131220435673211e-02 6.396057763926618733e+00
5.880785738046110517e-02 6.394634103479389431e+00
5.668871765302232330e-02 6.400548210698269180e+00
5.859438797988382464e-02 6.403106555563191193e+00
5.929909217795491239e-02 6.396981266916825781e+00
5.881693792676731536e-02 6.398507389577177129e+00
5.992645187060280376e-02 6.386789151848162760e+00
4.488180158706138456e-02 6.406443242786928671e+00
6.036613120329388515e-02 6.393034223059014032e+00
1.156572762796942433e-01 2.669023262595594659e+01
-6.260987964491725177e-02 6.409077259606842603e+00
-6.046330693238951420e-02 6.407774813536433633e+00
-1.681877392137431926e-03 6.299306505712602977e+00
-1.103396841057333322e-01 2.706073773961392703e+01
-6.493780750907093835e-02 6.404728920237419132e+00
6.023443029068990817e-02 6.385668912618053916e+00
2.776398886369647184e-02 6.402323629293153573e+00
5.968204638765609027e-02 6.393513058735396548e+00
-6.475369839801788097e-02 6.409706095219307009e+00
5.776020194727985585e-02 6.392496135009249514e+00
5.604051105575170999e-02 6.396692047103132772e+00
-6.230564191213094904e-02 6.408623996442472937e+00
-7.850343542836346611e-02 6.407758259169379578e+00
-1.119535480048638176e-01 2.689306481053918674e+01
4.744456026995701875e-02 6.405837366173462222e+00
-5.961622360012679145e-02 6.410495660083900482e+00
-6.047794197295966456e-02 6.412001286257797972e+00
5.933751469442517107e-02 6.394654331893648624e+00
5.992749645066688946e-02 6.397851981816848443e+00
-6.148827191857947350e-02 6.402864208952262715e+00
-1.137771168889736700e-01 2.566590655567275192e+01
6.055894289027981270e-02 6.388015247334662305e+00
-3.859427202906860060e-02 2.665949621657026825e+01
-6.146448119553156453e-02 6.401421743245176543e+00
-6.009739287829619220e-02 6.399991776775595831e+00
4.827676488869806631e-02 6.403082821999718455e+00
-6.563249107896933221e-02 6.413300832554988951e+00
5.900240895835834332e-02 6.396001387434832708e+00
-6.032420453357888179e-02 6.406263500855098769e+00
5.801477187924224121e-02 6.399128459557597459e+00
-5.994366913576799905e-02 6.411135040412377251e+00
-6.047694957157057766e-02 6.410161660955926877e+00
5.785054352239498571e-02 6.404306512823115582e+00
5.760026186834032308e-02 6.400596220267239289e+00
1.262117886507699016e-01 2.083471754936242348e+01
-1.059762393978980199e-04 6.295487330719803154e+00
-6.187627436329041358e-02 6.413686850354705982e+00
5.962263995353121043e-02 6.395045982069299306e+00
-7.617865252800010145e-02 2.599350280930979551e+01
6.159219905535626843e-02 6.389689725465008685e+00
-6.013011147482840574e-02 6.410228579366365587e+00
-6.383583366619857702e-02 6.412226098137963071e+00
6.024142133901019824e-02 6.386673335774809779e+00
6.132822737236838517e-02 6.387684770293629022e+00
-1.273330659566401790e-01 2.496559525767051824e+01
5.702460006729942465e-02 6.400581098484702025e+00
-6.057291345722019826e-02 6.406910508810771177e+00
-9.221419576191058898e-02 1.810175367543290292e+01
-1.575541385899908997e-04 6.293499741400360392e+00
-6.036853988861398679e-02 6.408536946861547179e+00
-6.552111379973006577e-02 6.406194937164112702e+00
5.652873318338758751e-02 6.406780670925907195e+00
8.906229698676362827e-02 1.391928473077566331e+01
5.904160405630549252e-02 6.394354692691150532e+00
5.827331091054349654e-02 6.400672935512944584e+00
-6.086226005190308735e-02 6.409557135499692748e+00
-6.051162243792559264e-02 6.402111385188574921e+00
-6.725432855285290445e-04 6.293521360930540709e+00
-9.598116877458479079e-02 1.133052249664390665e+01
-6.985182974539819178e-02 6.398296503576796468e+00
-6.077860241579717548e-02 6.403615681533110227e+00
5.972674583307469032e-02 6.391546949467763028e+00
5.744852245517245715e-02 6.407971404614681177e+00
5.969634991029134502e-02 6.397554788749611809e+00
-6.176156884666553909e-02 6.412392071980812958e+00
6.156327933583205514e-02 6.387072690461210733e+00
6.103011102015030998e-02 6.386969383282428581e+00
-1.172535482711922483e-01 2.613865728512629971e+01
6.092653905163290112e-02 6.389901655174217154e+00
5.980060825639864353e-02 6.398720104662919184e+00
1.474483677513372948e-01 2.573993037377467985e+01
4.315930811879819390e-02 6.410538806751646668e+00
-1.142739300461306645e-01 2.736817859389520180e+01
5.778530122103271022e-02 6.400612795211196193e+00
-2.879577940000991113e-02 6.527248317113039100e+00
5.951965048111829137e-02 6.396224861895417391e+00
-6.008909978655169182e-02 6.410697868441045166e+00
-6.157849302776884776e-02 6.410036719153100471e+00
-3.240535244802891096e-02 6.521983644345424658e+00
5.802608540649638325e-02 6.394690927594139040e+00
6.075252360030368448e-02 6.389089484120783702e+00
-1.750727544064814567e-03 6.300122876709863817e+00
5.743163227076768240e-02 6.405638015466126767e+00
6.103605980974509404e-02 6.386482003441684263e+00
-6.129733945582118565e-02 6.407713685448940488e+00
-6.075642384097030418e-02 6.411694759803779675e+00
5.819955094041992516e-02 6.399889537655839788e+00
-5.999151131890795297e-02 6.403763602388827358e+00
6.085182767432092965e-02 6.387815703933971356e+00
-1.181049630120251104e-04 6.290521619780496287e+00
6.053287339366082015e-02 6.388536508662515878e+00
-3.398624431044938721e-04 6.295062732703603281e+00
5.980888445727856884e-02 6.399911157425755448e+00
-9.074997826851294302e-02 1.405342268648435500e+01
6.037396449323494813e-02 8.241051184589466061e+00
-3.883481367784880067e-04 6.294311687001291844e+00
5.934784076207690745e-02 6.393475929693269499e+00
5.718844334898368076e-02 6.395071705665629658e+00
-6.196438828331343740e-02 6.406018400356329856e+00
5.966028177729900545e-02 6.396455544737218446e+00
1.063029127230839949e-01 2.471288564570861368e+01
-1.770042994533885250e-03 6.297101480674610841e+00
5.643480067404903211e-02 6.403599268961222002e+00
4.474426829297377395e-02 2.571567842661675485e+01
-2.327439999784824964e-04 6.292005609105316033e+00
5.823017611987278686e-02 6.399930786253116288e+00
-6.071287021194006484e-02 6.409230541145337412e+00
-6.200896659784946308e-02 6.413615932736135505e+00
5.893996652058804131e-02 6.395275921683683862e+00
5.863863979290099421e-02 6.396265414341803179e+00
5.854868317191515292e-02 6.397601186961080266e+00
-6.013951000244304596e-02 6.405947831217608801e+00
-6.488023682115563739e-02 6.408206121964293622e+00
-6.088661157511672528e-02 6.400739651365627836e+00
-8.364412268247503612e-02 2.670929406440923515e+01
5.979062941391500435e-02 6.396092411429189717e+00
-6.006152130532867867e-02 6.408907351427525434e+00
5.957952741318583989e-02 6.392705506852729869e+00
-6.248524497571308900e-02 8.443716003797955949e+00
-1.035999346840343893e-04 6.289940727238308327e+00
5.862601149726959920e-02 6.400730683100567475e+00
-6.059726521026773810e-02 6.408147714330446831e+00
6.014539407695843054e-02 6.392319620537395330e+00
5.816964438569999230e-02 6.399426395104250709e+00
-6.003848981622796760e-02 6.412323475844810439e+00
-6.124399417168745891e-02 6.403578387133097571e+00
1.465482576957730931e-01 2.826653602803193976e+01
-6.014587253574939230e-02 6.406409594992888756e+00
8.242513010984314770e-02 2.483308000581438080e+01
6.072804946635617512e-02 6.384965428792391151e+00
-1.245523188556709182e-01 2.548253266547268936e+01
-6.002087634511380637e-02 6.403812128722261576e+00
5.982432293246409127e-02 6.391018592664770459e+00
-1.649031926689067951e-03 6.299986616685449015e+00
5.913879304099044221e-02 6.387788686031593777e+00
-6.326213723304374703e-02 6.413586867584298190e+00
1.419167965450766344e-01 2.461900015698235222e+01
1.282200264598024608e-01 1.903002292061616529e+01
5.835496294892129898e-02 6.403049777569449930e+00
-5.389041800832709145e-02 7.658196350546501385e+00
5.899013758654707978e-02 6.396513237081029146e+00
5.931667715195979712e-02 6.393939133776046724e+00
5.932821560247469178e-02 6.392511921481890624e+00
-7.535227355066129173e-02 6.407396201851420336e+00
-1.040513673790684490e-01 2.608205642586373330e+01
-6.259829854717598174e-02 6.407752163559258918e+00
5.880577929805683168e-02 6.397371057637098346e+00
-3.611429832376732152e-02 2.546651447915667887e+01
5.870727145881735054e-02 6.397847402559847296e+00
-6.158522347434389199e-02 6.408506660115862452e+00
-6.039880172253465213e-02 6.408415513884482273e+00
-6.220306700338275319e-02 6.406522290923805762e+00
-6.426609523301457516e-02 6.400648560631658768e+00
5.622685857236137119e-02 6.406681063506889373e+00
-3.302614890635102718e-05 6.292834579385765181e+00
-5.146266663604404795e-02 7.020769533039662669e+00
5.856908945349798695e-02 6.394256209856756357e+00
6.098913284510119187e-02 6.385609322506766716e+00
-6.245951876051371310e-02 6.410714893257406288e+00
5.873328518018022804e-02 6.395332756774488203e+00
-6.053478279103699511e-02 6.410340753381120749e+00
5.797016158332773950e-02 6.402964708042912179e+00
5.713814723930619316e-02 6.401414477549383975e+00
-6.172425925005677744e-02 6.407587258178370604e+00
-6.247333527292764366e-02 6.408227127863741046e+00
-6.823103026003529692e-04 6.291799854220576194e+00
-5.972684966141000862e-02 6.397777616206594686e+00
-1.076491815904391802e-01 1.839601204678307411e+01
5.905818136477191532e-02 6.398004792383240158e+00
-6.707011879369255414e-02 6.407893630620395520e+00
-6.077267216235737041e-02 6.407894171066338629e+00
-1.103884135868964944e-01 2.383514028893919345e+01
-1.105121955901821468e-01 1.979176693808242860e+01
5.546500252292192040e-02 6.404081081902116779e+00
-1.239079909182302930e-03 6.296944144272079491e+00
-6.151950466508754323e-02 6.405531781877044750e+00
-6.058954811260075513e-02 6.409416567745390481e+00
-5.981925125869568677e-02 6.401368892913993136e+00
-6.800810037840585021e-02 6.403465950695488296e+00
-6.521923544102045667e-02 6.408451060629567486e+00
5.834649833293775734e-02 6.403265608203438042e+00
5.703221429587930491e-02 6.398575199472309905e+00
-1.076278375816606958e-01 1.729620210160442184e+01
5.829791090173579160e-02 6.404018878046255026e+00
6.125562787568115258e-02 6.388660970851701926e+00
-2.071847928078879297e-04 6.290893333409071531e+00
-6.083444150474376366e-02 6.405411964076209941e+00
5.933377271109672307e-02 6.391695410579916192e+00
5.899359182796658913e-02 6.398027142495883446e+00
-6.571790436228475141e-02 6.413041962856658174e+00
-6.066517912292614112e-02 6.404543458149492885e+00
-6.173856060023850262e-02 6.406880841956112960e+00
6.023185866106699898e-02 6.392987202483254805e+00
5.077248269829369443e-02 2.711504216098173714e+01
-7.185648098737787426e-02 2.687615236274635677e+01
6.109479202359437838e-02 6.383817738333696923e+00
-6.494695053062758683e-02 6.411065053212796627e+00
-1.076818293098114887e-01 2.536805844805268961e+01
5.933931614120148412e-02 6.397022509426046888e+00
6.121828461461149146e-02 6.385397438638668710e+00
-6.039696483245834968e-02 6.402915127000884610e+00
5.619000966880775133e-02 6.400780746851381764e+00
5.608803238361451809e-02 6.407066354324230772e+00
-3.878638260010752736e-04 6.295227406880991694e+00
6.080362774506737483e-02 6.391053850814666148e+00
-5.311645833451089649e-04 6.290886849597463915e+00
2.081872836791898163e-04 6.632170389521610865e+00
-6.153107969918927833e-02 6.399742316196442182e+00
-4.150007538283873032e-04 6.298343616150327229e+00
-3.874756489396663506e-02 3.295978545724673126e+01
5.980317444014916772e-02 6.392303462794538760e+00
5.642857266975901537e-02 6.405872221694520974e+00
6.100194172823167338e-02 6.386138790473359528e+00
5.683402566875647710e-02 6.403366667490523412e+00
6.059330193244873153e-02 6.390029489157895703e+00
5.813548299871865166e-02 6.400909186032594178e+00
-8.232891094694427814e-02 6.405352617145286587e+00
5.905861680663614804e-02 6.397108001167510771e+00
-4.013365230852686261e-02 6.527930180171599872e+00
6.060441401289233532e-02 6.381635818114937742e+00
5.908834729020065457e-02 6.397288859738503142e+00
6.016388546737233556e-02 6.392381559320958750e+00
-6.081607514279310095e-02 6.408568922997068817e+00
-3.602190292123955140e-03 6.299219838922213377e+00
-5.116587636768120395e-02 6.403133981117930418e+00
5.863307835137394897e-02 6.393547007468651344e+00
-6.198869360681763530e-02 6.403963128325926846e+00
5.757176910294580646e-02 6.402755709329849054e+00
-1.113483348254343669e-01 2.443777895344061690e+01
6.001786571836149192e-02 6.388146591892692072e+00
-1.438247763921457478e-04 6.290670178349555997e+00
5.905085470499814304e-02 6.393697284392370506e+00
-1.183724208601654171e-01 2.032680635387393764e+01
6.116358527275014140e-02 6.393799801695187135e+00
-4.662561632381938270e-02 2.668844536637820042e+01
3.952900424754478281e-02 6.405194113104126785e+00
5.907417582435645770e-02 6.399342327384240470e+00
-1.088022020478479068e-01 2.199519831324313657e+01
-6.498992711155394952e-02 6.404082618338616584e+00
6.046583865960841742e-02 6.390551317087147964e+00
-1.260744761366929811e-01 2.674342436346890750e+01
-5.163993647701908829e-02 6.899589863254736777e+00
6.036785586469649995e-02 6.385108379092394593e+00
6.102239629371185303e-02 6.385334760145701338e+00
6.032904160402252636e-02 6.389445055920235816e+00
5.800229022403814022e-02 6.399439118283319239e+00
-5.123733050798051636e-04 6.294984472893998095e+00
-1.187027821713464715e-01 2.732735681148942675e+01
-6.035725120074847405e-02 6.406477288642693502e+00
-3.545331298704837431e-03 6.296997003239932056e+00
-1.030666941676625092e-03 6.293425713588305825e+00
5.950542943698840237e-02 6.392699157029962720e+00
-6.223482968210095057e-02 6.410252183165076723e+00
5.987852589598519071e-02 6.393298417669441847e+00
6.021178717158499893e-02 6.392326096786018930e+00
-6.382308188546845229e-02 6.406209572130319607e+00
-6.038516785468047571e-02 6.406626222738545096e+00
5.561586951387077066e-02 6.402748484026168363e+00
5.923477881865071848e-02 6.395612345858854297e+00
-1.116936842458010615e-01 2.494547904108677727e+01
5.915221582467303230e-02 6.397034654642856033e+00
6.120557901772741977e-02 6.384645611191537284e+00
-6.034207804212056436e-02 6.408231800339448725e+00
6.520073328605026364e-02 2.522309989672616126e+01
-8.268695753091970246e-04 6.291924081512322964e+00
5.759905192129834151e-02 6.403585522465893298e+00
3.147137654155701680e-02 6.408998624481779594e+00
2.856621387171484616e-02 2.632997504673375389e+01
6.000249773519881341e-02 6.394245930818978074e+00
5.943575823627181287e-02 6.390636696655035642e+00
-1.558577182236745018e-03 6.297093953348243289e+00
5.905472994735087855e-02 6.396631598571532962e+00
-5.987315500925898676e-02 6.412914184617473978e+00
-1.010490974630712246e-03 6.292486346900743044e+00
-6.096171182924198240e-02 6.400229734961839334e+00
5.692894715619487012e-02 6.399254818372932085e+00
-3.980263535101389444e-02 6.646384565423121948e+00
4.785203346649598982e-02 6.408149409267064556e+00
-1.517146954996140273e-02 2.619281711196573781e+01
-6.135222284634893331e-02 6.412853334385833826e+00
5.829348643567323213e-02 6.404094348044287344e+00
-7.674650015553877158e-02 1.149820455572626443e+01
5.543007078254927333e-02 6.402903503942610541e+00
-8.143996850056886561e-02 6.404101493464536610e+00
-5.581179122971097195e-04 6.291690098330994907e+00
-1.037396912837122709e-01 2.553248498957245971e+01
-9.522847489947881827e-02 2.767267717134780725e+01
8.442074852149580866e-02 1.240749566331672682e+01
-4.951851511957018614e-02 2.354883100623305836e+01
5.954053180831540837e-02 6.390621043767930054e+00
-6.011244019580869874e-02 6.405707889717368708e+00
5.805184212503765318e-02 6.407637218443438698e+00
-6.524932701115343514e-04 6.297136199809208357e+00
-1.121851793725592294e-01 2.650609510789325540e+01
-6.671349059643980062e-02 6.407718496004223496e+00
-6.090267230031088525e-02 6.408787242524224048e+00
5.983113300848923871e-02 6.396281014292306111e+00
5.952296842693161061e-02 6.394665094917468373e+00
-2.411061145188964083e-03 6.299367447354337735e+00
-6.067013112059074093e-02 6.405172006834998655e+00
-6.198091642002510199e-02 6.412139970769480612e+00
-1.622525269677145901e-02 6.409690051241372366e+00
5.937390186443047141e-02 6.388697981525043090e+00
-6.147055722220270968e-02 6.408368722551261776e+00
-8.216725741745051215e-02 1.509424178896979818e+01
-7.246717782885263304e-02 6.401490616882991702e+00
5.919269969540599807e-02 6.396583763524456678e+00
5.947641862491131332e-02 6.395154155737165169e+00
-6.295980429521635946e-02 6.409313218418525970e+00
5.789946960572068396e-02 6.402777055371974058e+00
-2.301745233666725732e-02 2.517087086833262433e+01
5.490957896510690467e-02 6.403359394946317451e+00
-6.116431716823599041e-02 6.411213941650368398e+00
5.997184627570115167e-02 6.388178854000761575e+00
5.998991219311808343e-02 6.392174160670439420e+00
6.104323594143702680e-02 6.389836737258283605e+00
-1.074953054332063174e-01 1.609762307247244095e+01
-6.052719056162659400e-02 6.407183192677294414e+00
5.957353458529981299e-02 6.393147499763697894e+00
-1.863581285769994045e-03 6.289613002063525471e+00
5.847641644025878410e-02 6.399925860025731161e+00
-8.281416559875465211e-04 6.295745916278077559e+00
5.957535987403070332e-02 6.396006596114244047e+00
-1.487079252273946009e-02 2.135106407821726648e+01
5.817988498091383742e-02 6.405175112880625576e+00
3.179843424091871595e-02 6.407977917436948445e+00
-6.344774929836966004e-02 6.405835114619352844e+00
-6.043046044380635112e-02 6.406571056409972265e+00
5.486260265684524823e-02 6.399015195605890938e+00
5.233630088689775889e-02 6.407327911915711383e+00
5.981965262017132495e-02 6.388322511873355758e+00
5.837327377289306535e-02 6.402539836001452933e+00
-6.098112658721236562e-02 6.399212009755758324e+00
-6.126256397551232968e-02 6.406753237812850443e+00
-6.021161933087273294e-02 6.409090037540712714e+00
-6.064607910220069092e-02 6.410001655638343010e+00
-1.125603828712493926e-01 1.866512622518114384e+01
-6.032194628107920981e-02 6.408114170778234531e+00
5.872726939208919306e-02 6.398928594571018813e+00
-5.594439234874839378e-02 1.728738237915316134e+01
-1.142867826830299416e-01 2.493804785059148443e+01
-8.897759663831747434e-02 2.610196434005806054e+01
5.986493175633519903e-02 6.391449612567646099e+00
-1.171533499633042041e-01 2.682529067826244429e+01
1.359245724524721366e-01 2.739022376049820906e+01
5.892401968959870562e-02 6.397064884109170180e+00
5.951119373251502476e-02 6.399090071664923052e+00
3.442727606111294775e-02 6.407163903821686546e+00
5.806150800442444471e-02 6.403014770442824855e+00
-6.027635944796095463e-02 6.408337262705110504e+00
7.197478284588515463e-02 1.007106535518266099e+01
-1.061284807597151492e-03 6.294764582092571281e+00
-6.456766083311010762e-02 6.409810229832748618e+00
5.877252553870966623e-02 6.399794176474671303e+00
5.823771350182602863e-02 6.403767179558689016e+00
4.684367334747224082e-02 6.406801584419692830e+00
-6.096561001386400364e-02 6.408767038229548518e+00
-6.073794785869294360e-02 6.409849250589253700e+00
-1.555350825703516460e-03 6.296641855771755836e+00
-6.532942238185221462e-02 6.405147072378445827e+00
-1.129030747900543891e-01 1.892840969038808296e+01
-5.999737474715795965e-02 6.404336113671970310e+00
5.936405436780517464e-02 6.393097630785242735e+00
5.877626876870163664e-02 6.405076838844504294e+00
-7.499943345088611046e-02 2.399686787952917300e+01
-4.332731011025131584e-04 6.292055584991581796e+00
-1.165545983650990713e-01 2.624871284367910107e+01
-1.183555259379840546e-01 2.389359582318227737e+01
-6.152971726121475582e-04 6.291597775364698997e+00
-9.916611923042728538e-02 1.600254928868541171e+01
-1.497110561838391196e-03 6.295771480841379386e+00
5.502681376082871334e-02 6.401004279144232534e+00
-6.026846364497461667e-02 6.409195370313549134e+00
5.764138950742489498e-02 6.398351926325566374e+00
-1.393754638046382222e-01 2.399749849766118714e+01
5.920868480477566725e-02 6.395545800850706897e+00
-6.010908025412089323e-02 6.407797228306479909e+00
-1.139041568593813780e-01 2.551519504010220274e+01
5.963648293079878288e-02 6.392373687767384460e+00
-6.486258551702218933e-02 6.410544665603539194e+00
-6.048565861059133908e-02 6.411740014624600192e+00
-1.619567416044773427e-03 6.407580408303238606e+00
5.616939267703850019e-02 6.400249862254423050e+00
5.901603253170183833e-02 6.388452705831648260e+00
-6.724389951620697581e-02 6.408022610039078693e+00
-7.700991556775903940e-03 2.635177549539470832e+01
5.991262883870233924e-02 6.388792893898364689e+00
-6.033919642639839348e-02 6.406365297437288220e+00
-1.206420009339438659e-01 2.592313153867079123e+01
-5.887168284482219988e-02 8.773290896819657902e+00
-6.232974765115122107e-02 6.406895532196402954e+00
5.239166648072481058e-02 6.404585781190198723e+00
5.682777559910044685e-02 6.397958054391533089e+00
-7.562807615761890645e-04 6.297344814026252457e+00
3.612674603560144665e-02 2.130578489515960783e+01
-3.038207660120015308e-03 6.295898144562943166e+00
5.931192012272151759e-02 6.394983467051719828e+00
5.559121025402503219e-02 6.400518962987001181e+00
-6.114428917505141531e-02 6.410235743714786771e+00
4.218589416095094163e-02 6.406763299544646628e+00
-6.463699406101945655e-02 6.406391828186055903e+00
-6.853104712941365806e-02 6.404936917201180968e+00
-6.051151375625088424e-02 6.406567297559929486e+00
5.916817072383893233e-02 6.401366059596275804e+00
-6.076078277356466301e-02 6.409271226751019235e+00
-9.826701748831989658e-02 2.217922476799871490e+01
4.309101161988676543e-02 6.399948291623245744e+00
5.518175223196130491e-02 6.401829657689161124e+00
-1.244118179369833599e-01 2.687472950506158043e+01
-1.661611697054321199e-02 2.675076785380635513e+01
5.847964571623023855e-02 6.399437694153539802e+00
-6.064123537126375751e-02 6.406102842672422248e+00
6.028313850099090848e-02 6.389424627402621404e+00
-6.036158917778178257e-02 6.409313289201817199e+00
6.098024129438161384e-02 6.384114245871361781e+00
-7.668297669415469198e-02 6.400126438893298797e+00
-6.011658419425735395e-02 6.406127123516784039e+00
5.837807275518406419e-02 6.396578232227073890e+00
-7.479109187691783400e-02 2.686544735093416136e+01
5.936954395044432425e-02 6.394188475555403706e+00
-6.003671096466911550e-02 6.416881052020420917e+00
-6.759293467286997537e-02 6.760219845835791830e+00
6.106612591771766463e-02 6.388736564191111356e+00
-6.025843035241150447e-02 6.406182136131951310e+00
1.136405363206184627e-01 1.592140133296889459e+01
6.131908508439883748e-02 6.386419526747462605e+00
5.903874053541497552e-02 6.399999277329782466e+00
5.782188767099696175e-02 6.404727553793885697e+00
-9.606718667808848700e-02 1.902070808063482588e+01
-1.070673910929334088e-01 2.482699866191486748e+01
-6.506706643826051795e-02 6.407814981590703063e+00
-6.358645880824427554e-02 6.407962014275589979e+00
-6.485954522811725187e-02 6.411552507999627615e+00
-6.040056432542283138e-02 6.408169932280394221e+00
5.700467459104632817e-02 6.401407477338997509e+00
-6.564970444163997776e-02 2.612079665173655485e+01
-3.133259187042500976e-02 2.651079283890243943e+01
-1.199254096882395315e-01 2.653154835500221864e+01
6.014517146609765080e-02 6.393415606911021953e+00
5.368956492844342149e-02 6.402155469579813740e+00
-6.386430815672794470e-02 6.404233320672692464e+00
6.016796091887242209e-02 6.388697260467990802e+00
-6.150156220983667849e-02 6.409545788993091797e+00
-6.002472604252349214e-02 6.409432066963304919e+00
-6.162736488466362406e-02 6.405806148587338100e+00
-6.893789848794323882e-04 6.293528399195260192e+00
5.806140974855768244e-02 6.396880533195657748e+00
5.856737172981249517e-02 6.403841821294907533e+00
-6.039714121128957058e-02 6.406778474996579043e+00
6.062305160765964901e-02 6.389151707836678185e+00
4.541452341747120175e-02 6.399011506240617209e+00
1.324654980755185230e-01 2.662084652941406659e+01
5.994723860520651676e-02 6.393453614682123032e+00
5.869722700675814031e-02 6.400753291325659511e+00
5.780189396633558102e-02 6.399412572048099435e+00
-6.251726092053468131e-02 6.408898241151801400e+00
-8.134020513379881800e-02 6.400107222545468488e+00
5.810848148093567672e-02 6.400386641742557892e+00
5.934539039379242709e-02 6.393637525881176842e+00
-5.996318274205136856e-02 6.405392470175303110e+00
5.362671759298774654e-02 6.398464936154289795e+00
6.031510236358804400e-02 6.391494989435724250e+00
-1.073799047289140107e-01 1.973079212758591794e+01
