-3.862753137946128845e-02 6.375513553619384766e+00
-3.937248513102531433e-02 6.374202728271484375e+00
-3.823629394173622131e-02 6.368257522583007812e+00
-3.123505786061286926e-02 6.352631568908691406e+00
-3.969219699501991272e-02 6.369277954101562500e+00
-3.848669677972793579e-02 6.368643760681152344e+00
-3.938314318656921387e-02 6.374488353729248047e+00
-3.804580494761466980e-02 6.365837097167968750e+00
-4.331923276185989380e-02 6.379208087921142578e+00
-3.711397945880889893e-02 6.361292839050292969e+00
-3.858827054500579834e-02 6.367467880249023438e+00
-3.701473027467727661e-02 6.363544464111328125e+00
-4.395929723978042603e-02 6.378206729888916016e+00
-3.593279793858528137e-02 6.362114906311035156e+00
-3.921816870570182800e-02 6.367728233337402344e+00
-4.934317618608474731e-02 6.381834030151367188e+00
-3.601877763867378235e-02 6.358976840972900391e+00
-3.799493238329887390e-02 6.363825321197509766e+00
-2.860041335225105286e-02 6.343874454498291016e+00
-3.325420990586280823e-02 6.351800441741943359e+00
-4.680185765027999878e-02 6.376466274261474609e+00
-4.205225408077239990e-02 6.379641532897949219e+00
-3.760084137320518494e-02 6.363281726837158203e+00
-2.949470281600952148e-02 6.350363254547119141e+00
-3.410764783620834351e-02 6.359795570373535156e+00
-4.319594800472259521e-02 6.374563217163085938e+00
-3.313321620225906372e-02 6.355818748474121094e+00
-3.717025369405746460e-02 6.362226486206054688e+00
-3.578862547874450684e-02 6.364468574523925781e+00
-4.409313201904296875e-02 6.385465621948242188e+00
-3.799224272370338440e-02 6.360834121704101562e+00
-3.860532864928245544e-02 6.363185405731201172e+00
-3.828508034348487854e-02 6.366951465606689453e+00
-3.516859933733940125e-02 6.356980800628662109e+00
-3.810900077223777771e-02 6.370667457580566406e+00
-4.224606230854988098e-02 6.375295162200927734e+00
-3.937732055783271790e-02 6.371738910675048828e+00
-4.085284098982810974e-02 6.380479812622070312e+00
-3.504406288266181946e-02 6.360476970672607422e+00
-4.922810569405555725e-02 6.378052711486816406e+00
-3.642132505774497986e-02 6.360391616821289062e+00
-3.586060553789138794e-02 6.362959384918212891e+00
-3.291957080364227295e-02 6.353219985961914062e+00
-3.762110322713851929e-02 6.365391731262207031e+00
-3.994252905249595642e-02 6.376142024993896484e+00
-3.799377009272575378e-02 6.368743896484375000e+00
-4.109581932425498962e-02 6.375731945037841797e+00
-3.666860237717628479e-02 6.365689754486083984e+00
-3.757165372371673584e-02 6.368237018585205078e+00
-4.300098866224288940e-02 6.381285190582275391e+00
-3.376084566116333008e-02 6.357599735260009766e+00
-3.719271719455718994e-02 6.367046356201171875e+00
-3.954512625932693481e-02 6.370819568634033203e+00
-3.820729628205299377e-02 6.367609024047851562e+00
-3.638179227709770203e-02 6.363076686859130859e+00
-3.741348534822463989e-02 6.371381282806396484e+00
-3.757236897945404053e-02 6.365023136138916016e+00
-4.050440713763237000e-02 6.374570846557617188e+00
-3.815357759594917297e-02 6.371975898742675781e+00
-3.966340422630310059e-02 6.361197948455810547e+00
-3.889229521155357361e-02 6.375265121459960938e+00
-4.239155352115631104e-02 6.381839752197265625e+00
-3.857356309890747070e-02 6.366752147674560547e+00
-3.978675976395606995e-02 6.372883796691894531e+00
-4.190203547477722168e-02 6.373323440551757812e+00
-3.581153601408004761e-02 6.364295959472656250e+00
-4.122691974043846130e-02 6.375286102294921875e+00
-4.591527581214904785e-02 6.381207466125488281e+00
-3.638988360762596130e-02 6.369575500488281250e+00
-4.320925474166870117e-02 6.383077144622802734e+00
-3.886455669999122620e-02 6.368923187255859375e+00
-3.462430834770202637e-02 6.356188774108886719e+00
-3.832510486245155334e-02 6.361963272094726562e+00
-4.123824462294578552e-02 6.380356788635253906e+00
-4.041041433811187744e-02 6.372767448425292969e+00
-4.397523403167724609e-02 6.375120162963867188e+00
-4.554590210318565369e-02 6.374714374542236328e+00
-4.028593003749847412e-02 6.377728939056396484e+00
-4.892989993095397949e-02 6.373457908630371094e+00
-3.515838086605072021e-02 6.363816738128662109e+00
-3.120350465178489685e-02 6.348947525024414062e+00
-4.154637828469276428e-02 6.381350517272949219e+00
-4.031772539019584656e-02 6.367797374725341797e+00
-4.321288317441940308e-02 6.378095149993896484e+00
-3.210270404815673828e-02 6.347457885742187500e+00
-4.165007174015045166e-02 6.377916812896728516e+00
-3.800148144364356995e-02 6.366179943084716797e+00
-3.862488269805908203e-02 6.359072208404541016e+00
-4.179959744215011597e-02 6.372500896453857422e+00
-3.814590722322463989e-02 6.372457981109619141e+00
-3.379942476749420166e-02 6.353266239166259766e+00
-2.864195406436920166e-02 6.340547561645507812e+00
-4.310864955186843872e-02 6.377671718597412109e+00
-4.345487430691719055e-02 6.387596130371093750e+00
-3.627327084541320801e-02 6.364219188690185547e+00
-3.791346773505210876e-02 6.368318080902099609e+00
-4.552241414785385132e-02 6.380028724670410156e+00
-3.878181055188179016e-02 6.367520809173583984e+00
-4.253219068050384521e-02 6.376691818237304688e+00
-4.157304018735885620e-02 6.384774208068847656e+00
-4.145554453134536743e-02 6.383809089660644531e+00
-4.139012098312377930e-02 6.380696296691894531e+00
-3.536062687635421753e-02 6.360758304595947266e+00
-3.858056664466857910e-02 6.365771770477294922e+00
-4.546895995736122131e-02 6.390252113342285156e+00
-3.963090106844902039e-02 6.366690635681152344e+00
-4.010264575481414795e-02 6.373956680297851562e+00
-3.924121335148811340e-02 6.369435787200927734e+00
-4.229224473237991333e-02 6.375624179840087891e+00
-3.766429424285888672e-02 6.363057136535644531e+00
-4.144443944096565247e-02 6.378985881805419922e+00
-3.390945866703987122e-02 6.362048625946044922e+00
-3.657753020524978638e-02 6.357548236846923828e+00
-4.254131764173507690e-02 6.382648944854736328e+00
-4.148347303271293640e-02 6.379281520843505859e+00
-4.099725931882858276e-02 6.382070541381835938e+00
-3.579262644052505493e-02 6.358572483062744141e+00
-4.379070550203323364e-02 6.379324436187744141e+00
-3.851730749011039734e-02 6.361866950988769531e+00
-3.565711528062820435e-02 6.365905284881591797e+00
-3.736895695328712463e-02 6.364162445068359375e+00
-4.150077328085899353e-02 6.380568504333496094e+00
-4.269686713814735413e-02 6.377344608306884766e+00
-3.908234834671020508e-02 6.366058826446533203e+00
-4.026772081851959229e-02 6.375962734222412109e+00
-3.782636672258377075e-02 6.363629817962646484e+00
-3.618460148572921753e-02 6.362308979034423828e+00
-3.528140112757682800e-02 6.361412525177001953e+00
-4.150920733809471130e-02 6.375457763671875000e+00
-4.134802147746086121e-02 6.373688697814941406e+00
-3.917149081826210022e-02 6.371904373168945312e+00
-3.341900184750556946e-02 6.356525421142578125e+00
-3.655067458748817444e-02 6.368832111358642578e+00
-3.722359612584114075e-02 6.365072727203369141e+00
-3.617960214614868164e-02 6.366463661193847656e+00
-4.087362438440322876e-02 6.379261493682861328e+00
-4.266440495848655701e-02 6.374125003814697266e+00
-3.661321103572845459e-02 6.358735084533691406e+00
-4.484252259135246277e-02 6.380390644073486328e+00
-4.136679694056510925e-02 6.377879142761230469e+00
-3.598682954907417297e-02 6.363599777221679688e+00
-4.081077128648757935e-02 6.376286029815673828e+00
-3.626738116145133972e-02 6.359752655029296875e+00
-3.456914052367210388e-02 6.362762451171875000e+00
-3.500330448150634766e-02 6.363442420959472656e+00
-3.702887147665023804e-02 6.359202861785888672e+00
-3.029904142022132874e-02 6.354367733001708984e+00
-3.442247584462165833e-02 6.356173992156982422e+00
-4.477800428867340088e-02 6.379189014434814453e+00
-3.635122627019882202e-02 6.358896255493164062e+00
-3.111129254102706909e-02 6.342217445373535156e+00
-3.697350248694419861e-02 6.363776206970214844e+00
-3.714884817600250244e-02 6.364189624786376953e+00
-3.394706919789314270e-02 6.361176013946533203e+00
-3.045048192143440247e-02 6.357367992401123047e+00
-3.742539882659912109e-02 6.354924201965332031e+00
-4.451914131641387939e-02 6.377449512481689453e+00
-4.567358270287513733e-02 6.376595497131347656e+00
-4.505796357989311218e-02 6.375142574310302734e+00
-3.727623447775840759e-02 6.358581542968750000e+00
-4.144482687115669250e-02 6.376464843750000000e+00
-4.019268229603767395e-02 6.374918460845947266e+00
-4.093996807932853699e-02 6.370778560638427734e+00
-3.660381957888603210e-02 6.360522747039794922e+00
-3.729676455259323120e-02 6.365319728851318359e+00
-3.128400817513465881e-02 6.349703311920166016e+00
-4.385450109839439392e-02 6.378262042999267578e+00
-3.576425090432167053e-02 6.357203960418701172e+00
-3.891314193606376648e-02 6.369346618652343750e+00
-4.244328290224075317e-02 6.378013134002685547e+00
-3.719060868024826050e-02 6.369009971618652344e+00
-4.253266751766204834e-02 6.375940322875976562e+00
-3.829526156187057495e-02 6.371175289154052734e+00
-3.925512731075286865e-02 6.372027397155761719e+00
-4.307433962821960449e-02 6.380828380584716797e+00
-4.491344094276428223e-02 6.379512786865234375e+00
-3.609618544578552246e-02 6.361401081085205078e+00
-3.887914866209030151e-02 6.368614673614501953e+00
-3.736365213990211487e-02 6.357699871063232422e+00
-4.418385401368141174e-02 6.383119106292724609e+00
-4.204601421952247620e-02 6.370897293090820312e+00
-3.729723021388053894e-02 6.368697166442871094e+00
-3.970422223210334778e-02 6.373498916625976562e+00
-3.510363027453422546e-02 6.360683917999267578e+00
-3.947604075074195862e-02 6.368580818176269531e+00
-3.406024724245071411e-02 6.353859901428222656e+00
-3.801422193646430969e-02 6.370550155639648438e+00
-3.402542695403099060e-02 6.348411560058593750e+00
-4.070186242461204529e-02 6.374308586120605469e+00
-3.732672333717346191e-02 6.369336128234863281e+00
-4.451388865709304810e-02 6.379935741424560547e+00
-3.725432977080345154e-02 6.366657733917236328e+00
-3.592380136251449585e-02 6.358149051666259766e+00
-3.501515462994575500e-02 6.360425949096679688e+00
-3.661250323057174683e-02 6.363126277923583984e+00
-5.420232564210891724e-02 6.380561828613281250e+00
-4.078596830368041992e-02 6.379416942596435547e+00
-3.916941583156585693e-02 6.362358093261718750e+00
-4.233334958553314209e-02 6.373591423034667969e+00
-3.168227523565292358e-02 6.353482723236083984e+00
-3.633731603622436523e-02 6.367926597595214844e+00
-3.883551061153411865e-02 6.363086700439453125e+00
-4.291081055998802185e-02 6.370089530944824219e+00
-3.913879767060279846e-02 6.369635581970214844e+00
-4.403570294380187988e-02 6.381515979766845703e+00
-3.942745178937911987e-02 6.370717525482177734e+00
-4.008633270859718323e-02 6.368847370147705078e+00
-3.915907442569732666e-02 6.374804973602294922e+00
-3.296929970383644104e-02 6.357624053955078125e+00
-3.282840549945831299e-02 6.363058567047119141e+00
-4.135927930474281311e-02 6.382085800170898438e+00
-3.469271212816238403e-02 6.363448143005371094e+00
-3.972590342164039612e-02 6.366815567016601562e+00
-3.660754114389419556e-02 6.364988803863525391e+00
-3.685219958424568176e-02 6.368154525756835938e+00
-4.708085954189300537e-02 6.372294902801513672e+00
-3.949681669473648071e-02 6.376011848449707031e+00
-3.786533698439598083e-02 6.363246917724609375e+00
-3.755822777748107910e-02 6.362792968750000000e+00
-4.116802662611007690e-02 6.373435497283935547e+00
-4.194563999772071838e-02 6.377453804016113281e+00
-4.292905703186988831e-02 6.376966476440429688e+00
-4.004068672657012939e-02 6.372173309326171875e+00
-3.724244982004165649e-02 6.371000766754150391e+00
-4.821148142218589783e-02 6.389301300048828125e+00
-3.789192810654640198e-02 6.367453575134277344e+00
-3.880996257066726685e-02 6.368221282958984375e+00
-3.775988146662712097e-02 6.374392032623291016e+00
-3.484528884291648865e-02 6.365598678588867188e+00
-4.579874500632286072e-02 6.384732723236083984e+00
-3.393843397498130798e-02 6.350546360015869141e+00
-4.049389436841011047e-02 6.377335548400878906e+00
-3.660960122942924500e-02 6.367893695831298828e+00
-3.385834768414497375e-02 6.358850479125976562e+00
-3.476255759596824646e-02 6.362891197204589844e+00
-3.491551429033279419e-02 6.361160278320312500e+00
-3.435071185231208801e-02 6.356431961059570312e+00
-4.328173026442527771e-02 6.377145767211914062e+00
-4.166328534483909607e-02 6.374538421630859375e+00
-3.562826290726661682e-02 6.368299007415771484e+00
-4.530296474695205688e-02 6.377536296844482422e+00
-3.208636492490768433e-02 6.352676868438720703e+00
-4.955410957336425781e-02 6.389592647552490234e+00
-3.727148845791816711e-02 6.365806102752685547e+00
-3.266699984669685364e-02 6.352592945098876953e+00
-3.871257975697517395e-02 6.369856834411621094e+00
-3.278605267405509949e-02 6.351510047912597656e+00
-4.049772769212722778e-02 6.367624282836914062e+00
-3.704413771629333496e-02 6.363081455230712891e+00
-4.315998405218124390e-02 6.385506153106689453e+00
-4.026260226964950562e-02 6.375927925109863281e+00
-3.466333448886871338e-02 6.354824542999267578e+00
-4.189299792051315308e-02 6.373314857482910156e+00
-4.115858301520347595e-02 6.375040531158447266e+00
-4.736219346523284912e-02 6.382799148559570312e+00
-3.546131402254104614e-02 6.364937305450439453e+00
-4.371717944741249084e-02 6.381243705749511719e+00
-3.221569582819938660e-02 6.357707500457763672e+00
-3.978513181209564209e-02 6.365049839019775391e+00
-3.691504895687103271e-02 6.361860275268554688e+00
-3.897560015320777893e-02 6.366856098175048828e+00
-4.311754554510116577e-02 6.377555847167968750e+00
-3.954907134175300598e-02 6.373098373413085938e+00
-3.707739338278770447e-02 6.364855766296386719e+00
-3.136411681771278381e-02 6.351748466491699219e+00
-5.124761909246444702e-02 6.388246536254882812e+00
-3.907240182161331177e-02 6.367740154266357422e+00
-3.952349349856376648e-02 6.368221759796142578e+00
-3.990561887621879578e-02 6.373570919036865234e+00
-3.722473606467247009e-02 6.356812000274658203e+00
-4.174531996250152588e-02 6.375226020812988281e+00
-2.690375596284866333e-02 6.337890625000000000e+00
-3.985437750816345215e-02 6.372155189514160156e+00
-3.532499074935913086e-02 6.365778446197509766e+00
-3.666465729475021362e-02 6.356886386871337891e+00
-4.176156967878341675e-02 6.370372772216796875e+00
-4.119138792157173157e-02 6.376130580902099609e+00
-5.235798656940460205e-02 6.383924007415771484e+00
-4.076172411441802979e-02 6.376577377319335938e+00
-3.869749233126640320e-02 6.372941493988037109e+00
-3.787734732031822205e-02 6.372447490692138672e+00
-3.874614089727401733e-02 6.367519855499267578e+00
-3.495642915368080139e-02 6.362143993377685547e+00
-4.663493111729621887e-02 6.384917736053466797e+00
-3.779011219739913940e-02 6.360742568969726562e+00
-3.193843737244606018e-02 6.344876289367675781e+00
-3.419001027941703796e-02 6.353065013885498047e+00
-4.127258062362670898e-02 6.372115135192871094e+00
-4.359110817313194275e-02 6.378557682037353516e+00
-4.160283505916595459e-02 6.376033782958984375e+00
-3.349117934703826904e-02 6.355922222137451172e+00
-4.287622123956680298e-02 6.383149147033691406e+00
-3.947108611464500427e-02 6.374871253967285156e+00
-3.275115787982940674e-02 6.354768276214599609e+00
-4.063552245497703552e-02 6.369710445404052734e+00
-3.491460159420967102e-02 6.359539508819580078e+00
-3.654387593269348145e-02 6.368141174316406250e+00
-4.092235863208770752e-02 6.377864837646484375e+00
-4.328665882349014282e-02 6.379453659057617188e+00
-3.787833452224731445e-02 6.367240428924560547e+00
-3.475314006209373474e-02 6.356337547302246094e+00
-3.921139612793922424e-02 6.364967823028564453e+00
-2.947637438774108887e-02 6.340648174285888672e+00
-3.509985283017158508e-02 6.362291336059570312e+00
-3.623114898800849915e-02 6.364996910095214844e+00
-4.094922542572021484e-02 6.374454498291015625e+00
-4.195391014218330383e-02 6.371303558349609375e+00
-4.478637874126434326e-02 6.376703739166259766e+00
-4.028284549713134766e-02 6.367655754089355469e+00
-3.962533175945281982e-02 6.372386455535888672e+00
-3.258996456861495972e-02 6.354736804962158203e+00
-4.220301285386085510e-02 6.374565601348876953e+00
-4.179307073354721069e-02 6.371771812438964844e+00
-2.565592154860496521e-02 6.334526062011718750e+00
-2.928054705262184143e-02 6.347967147827148438e+00
-4.943625628948211670e-02 6.377353668212890625e+00
-3.010478243231773376e-02 6.351211547851562500e+00
-3.745411336421966553e-02 6.363328933715820312e+00
-4.295491427183151245e-02 6.378221035003662109e+00
-4.018308967351913452e-02 6.368157386779785156e+00
-4.113580659031867981e-02 6.371685981750488281e+00
-3.473344817757606506e-02 6.360754489898681641e+00
-4.542091488838195801e-02 6.383246898651123047e+00
-3.653067350387573242e-02 6.365770816802978516e+00
-3.485538437962532043e-02 6.355772018432617188e+00
-3.904378041625022888e-02 6.371860980987548828e+00
-3.888020291924476624e-02 6.368454933166503906e+00
-3.889613598585128784e-02 6.370851516723632812e+00
-4.214395955204963684e-02 6.375057220458984375e+00
-3.766312077641487122e-02 6.365828514099121094e+00
-3.048573434352874756e-02 6.349024295806884766e+00
-3.985137864947319031e-02 6.365556240081787109e+00
-4.102337360382080078e-02 6.376758575439453125e+00
-3.907597064971923828e-02 6.364936351776123047e+00
-4.279684275388717651e-02 6.375587463378906250e+00
-3.573683649301528931e-02 6.358733177185058594e+00
-4.146715253591537476e-02 6.372658252716064453e+00
-4.225679486989974976e-02 6.376884460449218750e+00
-3.769320249557495117e-02 6.367898941040039062e+00
-3.944841772317886353e-02 6.372459888458251953e+00
-4.017531126737594604e-02 6.372184276580810547e+00
-3.248573094606399536e-02 6.354014873504638672e+00
-3.138648346066474915e-02 6.356000423431396484e+00
-4.048663005232810974e-02 6.375686168670654297e+00
-3.590759634971618652e-02 6.366181373596191406e+00
-3.972725942730903625e-02 6.368073463439941406e+00
-3.864848986268043518e-02 6.364571094512939453e+00
-3.173257037997245789e-02 6.348748207092285156e+00
-4.324469342827796936e-02 6.380893230438232422e+00
-3.935895487666130066e-02 6.370069026947021484e+00
-4.122194275259971619e-02 6.376109123229980469e+00
-3.549460694193840027e-02 6.363914966583251953e+00
-3.492403775453567505e-02 6.359791755676269531e+00
-3.643098473548889160e-02 6.369054794311523438e+00
-2.623860538005828857e-02 6.336890220642089844e+00
-4.170324653387069702e-02 6.369832992553710938e+00
-4.354700446128845215e-02 6.381385326385498047e+00
-3.868842124938964844e-02 6.371769428253173828e+00
-4.501437768340110779e-02 6.375933170318603516e+00
-3.864246606826782227e-02 6.369388580322265625e+00
-3.260748833417892456e-02 6.359598159790039062e+00
-4.582706093788146973e-02 6.376925945281982422e+00
-4.017516970634460449e-02 6.372941017150878906e+00
-4.044546931982040405e-02 6.375824928283691406e+00
-3.829961642622947693e-02 6.366677284240722656e+00
-3.470171988010406494e-02 6.357611179351806641e+00
-3.314374014735221863e-02 6.356004238128662109e+00
-4.080074653029441833e-02 6.369994163513183594e+00
-4.365653544664382935e-02 6.377305030822753906e+00
-4.104346409440040588e-02 6.374557971954345703e+00
-3.737392649054527283e-02 6.370963096618652344e+00
-4.601944983005523682e-02 6.378130435943603516e+00
-3.450637683272361755e-02 6.352429866790771484e+00
-4.404456913471221924e-02 6.386544227600097656e+00
-3.517016023397445679e-02 6.361637592315673828e+00
-4.428379610180854797e-02 6.377475738525390625e+00
-3.916620090603828430e-02 6.368223667144775391e+00
-3.223679587244987488e-02 6.344914436340332031e+00
-4.080617055296897888e-02 6.369624614715576172e+00
-3.413883969187736511e-02 6.359187126159667969e+00
-3.614410758018493652e-02 6.361091136932373047e+00
-3.602270781993865967e-02 6.367730140686035156e+00
-4.241510108113288879e-02 6.373359203338623047e+00
-4.056744277477264404e-02 6.371504783630371094e+00
-4.357599094510078430e-02 6.379181861877441406e+00
-4.019897058606147766e-02 6.369659423828125000e+00
-3.621598705649375916e-02 6.363889217376708984e+00
-4.206985235214233398e-02 6.374494552612304688e+00
-3.913188353180885315e-02 6.368772506713867188e+00
-3.528726845979690552e-02 6.357839584350585938e+00
-3.666025772690773010e-02 6.369995117187500000e+00
-3.754642233252525330e-02 6.366653442382812500e+00
-3.411775454878807068e-02 6.358328819274902344e+00
-3.925544023513793945e-02 6.366948127746582031e+00
-4.232390597462654114e-02 6.377926826477050781e+00
-3.941682353615760803e-02 6.366806983947753906e+00
-4.074586182832717896e-02 6.371535778045654297e+00
-3.929739445447921753e-02 6.365617752075195312e+00
-4.187597706913948059e-02 6.379114627838134766e+00
-3.466198593378067017e-02 6.358801841735839844e+00
-3.670760616660118103e-02 6.364333629608154297e+00
-4.551751911640167236e-02 6.382287502288818359e+00
-3.642820194363594055e-02 6.365536212921142578e+00
-3.613766655325889587e-02 6.362610816955566406e+00
-4.479231312870979309e-02 6.376188278198242188e+00
-4.127785563468933105e-02 6.370103836059570312e+00
-3.744100779294967651e-02 6.374181747436523438e+00
-3.670709952712059021e-02 6.363650321960449219e+00
-3.700339049100875854e-02 6.362130165100097656e+00
-4.491056874394416809e-02 6.384194850921630859e+00
-4.463456198573112488e-02 6.375802040100097656e+00
-3.675415739417076111e-02 6.357336521148681641e+00
-3.536511585116386414e-02 6.361158370971679688e+00
-3.361121937632560730e-02 6.355059623718261719e+00
-3.202132508158683777e-02 6.352086544036865234e+00
-4.081822559237480164e-02 6.368210315704345703e+00
-4.273780807852745056e-02 6.380124568939208984e+00
-4.072399064898490906e-02 6.372879028320312500e+00
-4.294491559267044067e-02 6.382722377777099609e+00
-4.425356537103652954e-02 6.380107402801513672e+00
-3.751422837376594543e-02 6.370048046112060547e+00
-3.336976468563079834e-02 6.352630615234375000e+00
-4.209659621119499207e-02 6.378950595855712891e+00
-4.731941223144531250e-02 6.382544994354248047e+00
-3.259491920471191406e-02 6.344461441040039062e+00
-3.776514157652854919e-02 6.363452434539794922e+00
-3.861707448959350586e-02 6.365163326263427734e+00
-3.543256968259811401e-02 6.364807128906250000e+00
-4.166374728083610535e-02 6.374510765075683594e+00
-4.103530198335647583e-02 6.374750137329101562e+00
-3.178975358605384827e-02 6.356466770172119141e+00
-4.539616033434867859e-02 6.383823871612548828e+00
-4.016159474849700928e-02 6.368449211120605469e+00
-3.000127896666526794e-02 6.349363803863525391e+00
-3.923032060265541077e-02 6.373749732971191406e+00
-3.911092132329940796e-02 6.369766235351562500e+00
-3.890010342001914978e-02 6.372255325317382812e+00
-3.823319077491760254e-02 6.371948242187500000e+00
-3.722851723432540894e-02 6.360878467559814453e+00
-3.786133974790573120e-02 6.365484237670898438e+00
-3.436838090419769287e-02 6.362593173980712891e+00
-3.518097475171089172e-02 6.357396125793457031e+00
-3.794374316930770874e-02 6.360363006591796875e+00
-4.486196115612983704e-02 6.382876396179199219e+00
-3.965781256556510925e-02 6.372158050537109375e+00
-3.461190685629844666e-02 6.360779762268066406e+00
-4.155508428812026978e-02 6.380249977111816406e+00
-3.635807707905769348e-02 6.365345001220703125e+00
-3.337842226028442383e-02 6.356669902801513672e+00
-3.728303685784339905e-02 6.366774559020996094e+00
-3.776240348815917969e-02 6.371762275695800781e+00
-4.337605834007263184e-02 6.382037162780761719e+00
-4.318593814969062805e-02 6.378943920135498047e+00
-4.208112135529518127e-02 6.376163482666015625e+00
-4.211357235908508301e-02 6.375949859619140625e+00
-3.516047075390815735e-02 6.367670536041259766e+00
-3.889968618750572205e-02 6.371815681457519531e+00
-3.246185556054115295e-02 6.355453014373779297e+00
-3.863820433616638184e-02 6.365639686584472656e+00
-3.727032616734504700e-02 6.367016315460205078e+00
-3.805403038859367371e-02 6.366996288299560547e+00
-4.416330531239509583e-02 6.378430843353271484e+00
-3.578589484095573425e-02 6.365415096282958984e+00
-3.762817010283470154e-02 6.367600440979003906e+00
-3.601501882076263428e-02 6.363141536712646484e+00
-3.502748161554336548e-02 6.360539436340332031e+00
-3.667512908577919006e-02 6.361631393432617188e+00
-3.573318943381309509e-02 6.362655639648437500e+00
-3.330394253134727478e-02 6.350765228271484375e+00
-4.021649062633514404e-02 6.373023509979248047e+00
-3.543385863304138184e-02 6.362736701965332031e+00
-3.675863519310951233e-02 6.361004352569580078e+00
-4.236986115574836731e-02 6.377206325531005859e+00
-4.039077088236808777e-02 6.376748561859130859e+00
-3.671541437506675720e-02 6.365835666656494141e+00
-4.489855468273162842e-02 6.376220226287841797e+00
-3.856886178255081177e-02 6.367894172668457031e+00
-3.278420493006706238e-02 6.349809169769287109e+00
-3.775473684072494507e-02 6.365449428558349609e+00
-4.234081879258155823e-02 6.377837657928466797e+00
-3.481701016426086426e-02 6.356878280639648438e+00
-4.081836342811584473e-02 6.373760700225830078e+00
-3.675028309226036072e-02 6.363696575164794922e+00
-3.221733123064041138e-02 6.355004787445068359e+00
-4.311020672321319580e-02 6.380891799926757812e+00
-4.538367688655853271e-02 6.387013912200927734e+00
-3.386978060007095337e-02 6.358086585998535156e+00
-3.940275311470031738e-02 6.370623111724853516e+00
-4.861330240964889526e-02 6.371486663818359375e+00
-3.990063816308975220e-02 6.365081310272216797e+00
-3.256930783390998840e-02 6.355991840362548828e+00
-4.382007569074630737e-02 6.375731945037841797e+00
-3.811518475413322449e-02 6.366956233978271484e+00
-3.803555667400360107e-02 6.369955539703369141e+00
-3.673091158270835876e-02 6.360491275787353516e+00
-4.505917429924011230e-02 6.380400657653808594e+00
-3.194993361830711365e-02 6.356274604797363281e+00
-3.990006446838378906e-02 6.373634338378906250e+00
-3.381755575537681580e-02 6.359215736389160156e+00
-5.349641293287277222e-02 6.383564472198486328e+00
-3.871362656354904175e-02 6.367659091949462891e+00
-4.518830776214599609e-02 6.375876426696777344e+00
-3.944052010774612427e-02 6.374052047729492188e+00
-3.834387660026550293e-02 6.369032382965087891e+00
-3.444039821624755859e-02 6.360861301422119141e+00
-3.197825700044631958e-02 6.352760791778564453e+00
-3.839802742004394531e-02 6.367297172546386719e+00
-3.591326996684074402e-02 6.356027603149414062e+00
-3.639510273933410645e-02 6.361770153045654297e+00
-3.110612183809280396e-02 6.350235462188720703e+00
-4.123855754733085632e-02 6.371702194213867188e+00
-3.266957029700279236e-02 6.352502822875976562e+00
-3.878336772322654724e-02 6.371082782745361328e+00
-3.451322019100189209e-02 6.363200664520263672e+00
-3.755347803235054016e-02 6.366517066955566406e+00
-3.563091531395912170e-02 6.362806320190429688e+00
-3.194249048829078674e-02 6.348329544067382812e+00
-3.570112213492393494e-02 6.361066818237304688e+00
-3.616937249898910522e-02 6.361685752868652344e+00
-4.122366011142730713e-02 6.378794670104980469e+00
-4.522927477955818176e-02 6.376623153686523438e+00
-3.914196789264678955e-02 6.373813152313232422e+00
-4.458375647664070129e-02 6.380003929138183594e+00
-3.811078891158103943e-02 6.370548248291015625e+00
-3.766585513949394226e-02 6.362144470214843750e+00
-3.478355333209037781e-02 6.363054275512695312e+00
-3.977737203240394592e-02 6.373150825500488281e+00
-3.749906271696090698e-02 6.364989280700683594e+00
-3.376377746462821960e-02 6.358227252960205078e+00
-4.438472539186477661e-02 6.392464160919189453e+00
-4.165323078632354736e-02 6.372379302978515625e+00
-4.094978794455528259e-02 6.371791839599609375e+00
-4.449808225035667419e-02 6.387332439422607422e+00
-3.613017126917839050e-02 6.363547325134277344e+00
-4.370581358671188354e-02 6.384741783142089844e+00
-3.767528757452964783e-02 6.367248535156250000e+00
-4.127186536788940430e-02 6.370368003845214844e+00
-3.768333047628402710e-02 6.362719535827636719e+00
-4.117348045110702515e-02 6.376938343048095703e+00
-3.150114789605140686e-02 6.352909564971923828e+00
-4.361876845359802246e-02 6.388011455535888672e+00
-3.799498826265335083e-02 6.369518756866455078e+00
-3.668208047747612000e-02 6.367926120758056641e+00
-4.329796880483627319e-02 6.393927574157714844e+00
-3.751455619931221008e-02 6.355597972869873047e+00
-3.966424241662025452e-02 6.372074127197265625e+00
-4.335679486393928528e-02 6.376619338989257812e+00
-3.950327262282371521e-02 6.369105815887451172e+00
-3.835998475551605225e-02 6.372436523437500000e+00
-4.142406210303306580e-02 6.375869274139404297e+00
-3.622417524456977844e-02 6.372673511505126953e+00
-3.642855584621429443e-02 6.365764141082763672e+00
-4.287056997418403625e-02 6.374526977539062500e+00
-3.251446411013603210e-02 6.355966091156005859e+00
-3.723129257559776306e-02 6.366257667541503906e+00
-3.276592865586280823e-02 6.347378730773925781e+00
-4.653223603963851929e-02 6.376317501068115234e+00
-3.836554288864135742e-02 6.375150203704833984e+00
-3.629641234874725342e-02 6.362383842468261719e+00
-4.125912860035896301e-02 6.373006820678710938e+00
-3.721901401877403259e-02 6.363163948059082031e+00
-3.485620394349098206e-02 6.358696937561035156e+00
-2.997705712914466858e-02 6.349108695983886719e+00
-4.348034411668777466e-02 6.378876686096191406e+00
-3.889670222997665405e-02 6.370063781738281250e+00
-3.586789220571517944e-02 6.359351158142089844e+00
-4.085664823651313782e-02 6.380108356475830078e+00
-4.324584826827049255e-02 6.366819858551025391e+00
-4.131156578660011292e-02 6.373420238494873047e+00
-4.781063273549079895e-02 6.377333641052246094e+00
-3.585679456591606140e-02 6.363521575927734375e+00
-3.509557247161865234e-02 6.363472938537597656e+00
-3.781292960047721863e-02 6.363267898559570312e+00
-3.479802235960960388e-02 6.358976364135742188e+00
-3.556957468390464783e-02 6.359706401824951172e+00
-4.085970297455787659e-02 6.375080585479736328e+00
-3.822638839483261108e-02 6.365628242492675781e+00
-3.903010115027427673e-02 6.367252349853515625e+00
-3.621686249971389771e-02 6.357863426208496094e+00
-3.707502037286758423e-02 6.364501476287841797e+00
-3.617545217275619507e-02 6.366435527801513672e+00
-4.196651279926300049e-02 6.376106262207031250e+00
-3.694124519824981689e-02 6.356575012207031250e+00
-3.979187458753585815e-02 6.373341560363769531e+00
-4.403949156403541565e-02 6.387133598327636719e+00
-3.328584879636764526e-02 6.348167896270751953e+00
-3.619989752769470215e-02 6.364030361175537109e+00
-4.302892833948135376e-02 6.372901916503906250e+00
-3.971381857991218567e-02 6.368649959564208984e+00
-3.354099765419960022e-02 6.352219104766845703e+00
-4.314457252621650696e-02 6.382429599761962891e+00
-3.649923950433731079e-02 6.365206241607666016e+00
-3.540397062897682190e-02 6.364171028137207031e+00
-4.120203107595443726e-02 6.376198291778564453e+00
-4.340252280235290527e-02 6.380862712860107422e+00
-4.010505229234695435e-02 6.377192020416259766e+00
-3.937665000557899475e-02 6.367979049682617188e+00
-3.872067853808403015e-02 6.370735168457031250e+00
-4.649051278829574585e-02 6.380142688751220703e+00
-3.161349892616271973e-02 6.347855091094970703e+00
-3.488182649016380310e-02 6.360019683837890625e+00
-4.603474587202072144e-02 6.380647659301757812e+00
-3.202668577432632446e-02 6.359744548797607422e+00
-3.797208890318870544e-02 6.362442970275878906e+00
-4.486585780978202820e-02 6.377756595611572266e+00
-4.748728871345520020e-02 6.383506774902343750e+00
-3.803155943751335144e-02 6.359816074371337891e+00
-3.592891991138458252e-02 6.359263420104980469e+00
-4.482132196426391602e-02 6.383568763732910156e+00
-4.309286549687385559e-02 6.374107837677001953e+00
-3.193954378366470337e-02 6.350461006164550781e+00
-4.198621213436126709e-02 6.383433818817138672e+00
-4.140767455101013184e-02 6.367301940917968750e+00
-3.595897555351257324e-02 6.362800598144531250e+00
-3.508638963103294373e-02 6.352545261383056641e+00
-5.598957091569900513e-02 6.377355098724365234e+00
-3.865322843194007874e-02 6.369138240814208984e+00
-3.594395145773887634e-02 6.365130901336669922e+00
-4.056254029273986816e-02 6.371579170227050781e+00
-3.814609348773956299e-02 6.372813224792480469e+00
-4.579674452543258667e-02 6.378129482269287109e+00
-3.646844252943992615e-02 6.364027023315429688e+00
-4.021390900015830994e-02 6.370451450347900391e+00
-3.792942687869071960e-02 6.363619804382324219e+00
-3.559274226427078247e-02 6.362326145172119141e+00
-3.833193704485893250e-02 6.370151996612548828e+00
-3.219978138804435730e-02 6.353188991546630859e+00
-4.225166887044906616e-02 6.378086566925048828e+00
-3.251715004444122314e-02 6.347746849060058594e+00
-3.482941538095474243e-02 6.364018440246582031e+00
-4.101577773690223694e-02 6.376011371612548828e+00
-3.625681623816490173e-02 6.360966682434082031e+00
-4.038767144083976746e-02 6.375676631927490234e+00
-3.697558864951133728e-02 6.366909980773925781e+00
-3.701923787593841553e-02 6.363314628601074219e+00
-4.135552421212196350e-02 6.376476764678955078e+00
-4.091070219874382019e-02 6.369875431060791016e+00
-4.281729087233543396e-02 6.373792171478271484e+00
-3.881725296378135681e-02 6.369737625122070312e+00
-3.211809694766998291e-02 6.357563972473144531e+00
-3.795432299375534058e-02 6.369791984558105469e+00
-3.657336160540580750e-02 6.362885951995849609e+00
-4.337462037801742554e-02 6.376339912414550781e+00
-4.661850631237030029e-02 6.377457141876220703e+00
-3.474320843815803528e-02 6.361578941345214844e+00
-3.649510443210601807e-02 6.359619140625000000e+00
-4.034298658370971680e-02 6.369264602661132812e+00
-3.681319579482078552e-02 6.367983341217041016e+00
-4.154675453901290894e-02 6.362702846527099609e+00
-3.615552932024002075e-02 6.366415500640869141e+00
-3.894628956913948059e-02 6.377424240112304688e+00
-3.873622417449951172e-02 6.368640422821044922e+00
-3.074123337864875793e-02 6.345049858093261719e+00
-3.260083124041557312e-02 6.355594158172607422e+00
-4.267723113298416138e-02 6.384203910827636719e+00
-4.025986790657043457e-02 6.373977184295654297e+00
-4.061170667409896851e-02 6.376721858978271484e+00
-4.051496461033821106e-02 6.376384735107421875e+00
-4.276290163397789001e-02 6.373783111572265625e+00
-3.971256315708160400e-02 6.373280048370361328e+00
-4.425971210002899170e-02 6.379356861114501953e+00
-4.410021007061004639e-02 6.380864620208740234e+00
-4.024926945567131042e-02 6.370462417602539062e+00
-3.261087834835052490e-02 6.352125167846679688e+00
-4.580326750874519348e-02 6.377530097961425781e+00
-3.660928085446357727e-02 6.354832172393798828e+00
-3.815742582082748413e-02 6.363752365112304688e+00
-3.268373757600784302e-02 6.359644889831542969e+00
-3.301520645618438721e-02 6.346202850341796875e+00
-3.459070622920989990e-02 6.354587078094482422e+00
-4.154502600431442261e-02 6.375591278076171875e+00
-3.735959157347679138e-02 6.374981403350830078e+00
-3.390905261039733887e-02 6.360072612762451172e+00
-3.418853878974914551e-02 6.360494136810302734e+00
-3.486384078860282898e-02 6.360633373260498047e+00
-4.416120797395706177e-02 6.377391815185546875e+00
-4.198956489562988281e-02 6.380265712738037109e+00
-3.376080468297004700e-02 6.356852531433105469e+00
-4.349765926599502563e-02 6.379477977752685547e+00
-4.221221059560775757e-02 6.377646446228027344e+00
-3.456086292862892151e-02 6.362235546112060547e+00
-3.592958673834800720e-02 6.362478256225585938e+00
-4.314963519573211670e-02 6.377383708953857422e+00
-3.711811080574989319e-02 6.363102436065673828e+00
-3.582091256976127625e-02 6.367323398590087891e+00
-4.201908409595489502e-02 6.372032165527343750e+00
-2.995685115456581116e-02 6.342818260192871094e+00
-3.723821416497230530e-02 6.364982604980468750e+00
-2.981062978506088257e-02 6.348498344421386719e+00
-3.495915234088897705e-02 6.363412857055664062e+00
-3.792900964617729187e-02 6.365834712982177734e+00
-3.579998761415481567e-02 6.360224723815917969e+00
-4.307568818330764771e-02 6.375345230102539062e+00
-3.538502752780914307e-02 6.362930297851562500e+00
-4.041744023561477661e-02 6.364071846008300781e+00
-4.012145474553108215e-02 6.368997573852539062e+00
-4.065191000699996948e-02 6.378740310668945312e+00
-3.778863325715065002e-02 6.371589660644531250e+00
-3.562539815902709961e-02 6.359021186828613281e+00
-3.992965072393417358e-02 6.364710807800292969e+00
-3.599043563008308411e-02 6.362534523010253906e+00
-3.930989280343055725e-02 6.367208003997802734e+00
-4.319256544113159180e-02 6.385467529296875000e+00
-4.505696147680282593e-02 6.383836269378662109e+00
-4.191127419471740723e-02 6.374670505523681641e+00
-3.946302086114883423e-02 6.373185157775878906e+00
-3.497634828090667725e-02 6.353286266326904297e+00
-4.344686120748519897e-02 6.378751277923583984e+00
-4.293720051646232605e-02 6.378244876861572266e+00
-4.144227877259254456e-02 6.378650665283203125e+00
-3.151880577206611633e-02 6.355997562408447266e+00
-4.086161404848098755e-02 6.374997615814208984e+00
-4.264378920197486877e-02 6.379132270812988281e+00
-3.975856304168701172e-02 6.381425380706787109e+00
-5.866587907075881958e-02 6.383049011230468750e+00
-4.241926595568656921e-02 6.379559516906738281e+00
-3.588223829865455627e-02 6.356997489929199219e+00
-4.258147999644279480e-02 6.374205112457275391e+00
-3.746610507369041443e-02 6.364070415496826172e+00
-4.608010500669479370e-02 6.380302429199218750e+00
-3.661509230732917786e-02 6.360260963439941406e+00
-4.076720774173736572e-02 6.367505550384521484e+00
-4.326428100466728210e-02 6.377703666687011719e+00
-4.280513525009155273e-02 6.379009723663330078e+00
-4.134354740381240845e-02 6.371702194213867188e+00
-3.852348029613494873e-02 6.370627403259277344e+00
-3.746405243873596191e-02 6.364569187164306641e+00
-3.494573011994361877e-02 6.361045837402343750e+00
-4.295780137181282043e-02 6.383309364318847656e+00
-3.489260748028755188e-02 6.358950614929199219e+00
-3.429540619254112244e-02 6.357291221618652344e+00
-4.513305425643920898e-02 6.378201007843017578e+00
-4.199591279029846191e-02 6.373609542846679688e+00
-3.964281454682350159e-02 6.370849609375000000e+00
-4.603324085474014282e-02 6.373537540435791016e+00
-4.476540908217430115e-02 6.383980751037597656e+00
-4.284735023975372314e-02 6.374000549316406250e+00
-3.672842308878898621e-02 6.366226196289062500e+00
-4.319547489285469055e-02 6.378304481506347656e+00
-4.512199759483337402e-02 6.375064849853515625e+00
-3.957986459136009216e-02 6.371572494506835938e+00
-3.726511448621749878e-02 6.366669654846191406e+00
-3.549575805664062500e-02 6.354796409606933594e+00
-4.109933972358703613e-02 6.374433517456054688e+00
-3.695869818329811096e-02 6.366006851196289062e+00
-4.038231819868087769e-02 6.375492095947265625e+00
-4.914048314094543457e-02 6.387682914733886719e+00
-4.213651269674301147e-02 6.378516674041748047e+00
-4.056935757398605347e-02 6.366621971130371094e+00
-4.160674661397933960e-02 6.367306709289550781e+00
-3.809347376227378845e-02 6.363009452819824219e+00
-3.556777536869049072e-02 6.363077640533447266e+00
-4.131601005792617798e-02 6.368731021881103516e+00
-3.725332394242286682e-02 6.358071327209472656e+00
-4.134898260235786438e-02 6.373287200927734375e+00
-4.041101038455963135e-02 6.368642807006835938e+00
-3.942157328128814697e-02 6.375422477722167969e+00
-3.029084205627441406e-02 6.350520133972167969e+00
-4.429573193192481995e-02 6.380646228790283203e+00
-4.673061147332191467e-02 6.384920597076416016e+00
-3.834974765777587891e-02 6.363492965698242188e+00
-4.297276586294174194e-02 6.380546092987060547e+00
-4.352213814854621887e-02 6.375065326690673828e+00
-4.273950681090354919e-02 6.376589775085449219e+00
-3.570611402392387390e-02 6.361750125885009766e+00
-4.008021578192710876e-02 6.375856399536132812e+00
-3.726823627948760986e-02 6.363254070281982422e+00
-4.287689551711082458e-02 6.373602867126464844e+00
-4.536386206746101379e-02 6.386991977691650391e+00
-3.608718514442443848e-02 6.357682228088378906e+00
-3.895492479205131531e-02 6.373860836029052734e+00
-2.756109088659286499e-02 6.341171264648437500e+00
-3.850187361240386963e-02 6.370396614074707031e+00
-4.011733084917068481e-02 6.371623039245605469e+00
-3.564184159040451050e-02 6.359943389892578125e+00
-3.819015622138977051e-02 6.366874217987060547e+00
-3.370064869523048401e-02 6.353432178497314453e+00
-3.935258090496063232e-02 6.368711948394775391e+00
-5.021543055772781372e-02 6.377365112304687500e+00
-3.900198638439178467e-02 6.372888088226318359e+00
-4.373760893940925598e-02 6.371549129486083984e+00
-3.716369345784187317e-02 6.368254184722900391e+00
-3.627239167690277100e-02 6.359246253967285156e+00
-3.348642587661743164e-02 6.351750373840332031e+00
-3.671653196215629578e-02 6.361615657806396484e+00
-3.629201278090476990e-02 6.360435009002685547e+00
-3.468034788966178894e-02 6.360502243041992188e+00
-4.236602410674095154e-02 6.377923965454101562e+00
-3.198543563485145569e-02 6.353061676025390625e+00
-3.606564179062843323e-02 6.364987373352050781e+00
-3.901161253452301025e-02 6.366522789001464844e+00
-2.781060710549354553e-02 6.342356204986572266e+00
-4.017734527587890625e-02 6.371649742126464844e+00
-4.357148334383964539e-02 6.374068737030029297e+00
-3.626389056444168091e-02 6.363581657409667969e+00
-3.765505179762840271e-02 6.365138530731201172e+00
-3.698563203215599060e-02 6.354905128479003906e+00
-4.059287905693054199e-02 6.371910095214843750e+00
-3.560348227620124817e-02 6.359328746795654297e+00
-4.227117821574211121e-02 6.378136634826660156e+00
-4.358584806323051453e-02 6.380304813385009766e+00
-4.001520946621894836e-02 6.364540100097656250e+00
-3.589141368865966797e-02 6.355030059814453125e+00
-3.658178448677062988e-02 6.366870880126953125e+00
-3.748998045921325684e-02 6.365056037902832031e+00
-4.099306836724281311e-02 6.372086524963378906e+00
-3.868732228875160217e-02 6.368235111236572266e+00
-4.226787388324737549e-02 6.375691413879394531e+00
-3.580364584922790527e-02 6.358580589294433594e+00
-3.461659699678421021e-02 6.356262683868408203e+00
-3.841607272624969482e-02 6.371214866638183594e+00
-4.169108718633651733e-02 6.375097751617431641e+00
-4.498457908630371094e-02 6.379894256591796875e+00
-4.280919954180717468e-02 6.378294944763183594e+00
-3.787562623620033264e-02 6.368479728698730469e+00
-4.344177991151809692e-02 6.377241134643554688e+00
-3.832925111055374146e-02 6.371104240417480469e+00
-3.898216784000396729e-02 6.367421150207519531e+00
-3.721075505018234253e-02 6.365895271301269531e+00
-3.652790933847427368e-02 6.362471580505371094e+00
-4.226919636130332947e-02 6.380115509033203125e+00
-3.462946414947509766e-02 6.355041027069091797e+00
-4.292709380388259888e-02 6.380591869354248047e+00
-3.982409089803695679e-02 6.368576049804687500e+00
-3.716938942670822144e-02 6.363778114318847656e+00
-4.102380946278572083e-02 6.370783805847167969e+00
-3.655790537595748901e-02 6.364257335662841797e+00
-4.045012593269348145e-02 6.375515937805175781e+00
-3.759218752384185791e-02 6.359459400177001953e+00
-3.815101832151412964e-02 6.368713855743408203e+00
-3.951544314622879028e-02 6.373196601867675781e+00
-3.535797819495201111e-02 6.352098464965820312e+00
-3.492639213800430298e-02 6.361767768859863281e+00
-3.919978067278862000e-02 6.368555545806884766e+00
-3.965839743614196777e-02 6.367837905883789062e+00
-4.009854048490524292e-02 6.376737117767333984e+00
-3.666218370199203491e-02 6.360009193420410156e+00
-4.398183524608612061e-02 6.377327442169189453e+00
-4.515627026557922363e-02 6.375906467437744141e+00
-4.633510485291481018e-02 6.377239227294921875e+00
-3.242992982268333435e-02 6.347669601440429688e+00
-5.052260309457778931e-02 6.380007743835449219e+00
-4.021174088120460510e-02 6.373646259307861328e+00
-4.400130361318588257e-02 6.379200935363769531e+00
-3.670435398817062378e-02 6.362022399902343750e+00
-3.386839851737022400e-02 6.358221054077148438e+00
-2.962943166494369507e-02 6.341036319732666016e+00
-3.576700016856193542e-02 6.357785701751708984e+00
-4.315173998475074768e-02 6.374828338623046875e+00
-2.736982703208923340e-02 6.332535743713378906e+00
-4.259502515196800232e-02 6.374975681304931641e+00
-3.313584625720977783e-02 6.354256629943847656e+00
-4.594973847270011902e-02 6.376760005950927734e+00
-4.256772249937057495e-02 6.376488685607910156e+00
-4.250160604715347290e-02 6.375881671905517578e+00
-3.347721323370933533e-02 6.359036445617675781e+00
-4.205552488565444946e-02 6.370634078979492188e+00
-3.789182007312774658e-02 6.370620250701904297e+00
-4.087229073047637939e-02 6.377962589263916016e+00
-5.067789927124977112e-02 6.380196571350097656e+00
-4.275270178914070129e-02 6.377488613128662109e+00
-3.894217684864997864e-02 6.370280265808105469e+00
-3.838610276579856873e-02 6.370973587036132812e+00
-3.225715458393096924e-02 6.347131252288818359e+00
-3.804164752364158630e-02 6.367675781250000000e+00
-4.658348485827445984e-02 6.380988597869873047e+00
-4.014597088098526001e-02 6.370455265045166016e+00
-3.563879802823066711e-02 6.364223003387451172e+00
-4.142538458108901978e-02 6.375576972961425781e+00
-4.221693053841590881e-02 6.373924255371093750e+00
-3.704302757978439331e-02 6.364510059356689453e+00
-4.258631169795989990e-02 6.366942882537841797e+00
-3.825369849801063538e-02 6.371514797210693359e+00
-3.398082405328750610e-02 6.357742309570312500e+00
-4.398706182837486267e-02 6.378864765167236328e+00
-4.216259717941284180e-02 6.378633499145507812e+00
-3.706498816609382629e-02 6.364661216735839844e+00
-3.145643696188926697e-02 6.351710319519042969e+00
-3.933121636509895325e-02 6.372335910797119141e+00
-3.517939150333404541e-02 6.359376907348632812e+00
-4.045287519693374634e-02 6.367409706115722656e+00
-4.101249203085899353e-02 6.376315593719482422e+00
-4.251914098858833313e-02 6.375848293304443359e+00
-3.395142778754234314e-02 6.355400085449218750e+00
-4.222930595278739929e-02 6.377337932586669922e+00
-4.245819523930549622e-02 6.377950191497802734e+00
-4.181016609072685242e-02 6.374467849731445312e+00
-3.905048221349716187e-02 6.372255802154541016e+00
-4.774160683155059814e-02 6.381753444671630859e+00
-4.604996740818023682e-02 6.382079601287841797e+00
-4.350605979561805725e-02 6.375298500061035156e+00
-3.986042737960815430e-02 6.365684032440185547e+00
-3.545244038105010986e-02 6.364731311798095703e+00
-3.888871893286705017e-02 6.369665622711181641e+00
-3.995704278349876404e-02 6.371007919311523438e+00
-3.442178666591644287e-02 6.355506420135498047e+00
-4.063278436660766602e-02 6.370037555694580078e+00
-3.597430139780044556e-02 6.365189075469970703e+00
-3.271120041608810425e-02 6.350613594055175781e+00
-3.645402565598487854e-02 6.362409591674804688e+00
-4.254269972443580627e-02 6.380786418914794922e+00
-4.260638356208801270e-02 6.372895240783691406e+00
-3.996130451560020447e-02 6.369294166564941406e+00
-3.948209434747695923e-02 6.371053695678710938e+00
-4.076130315661430359e-02 6.371052742004394531e+00
-4.045071825385093689e-02 6.373037338256835938e+00
-3.621357306838035583e-02 6.362645149230957031e+00
-3.979638963937759399e-02 6.373682498931884766e+00
-3.618810325860977173e-02 6.362686634063720703e+00
-4.480891674757003784e-02 6.387937068939208984e+00
-3.873600065708160400e-02 6.365694999694824219e+00
-3.744865208864212036e-02 6.364854335784912109e+00
-4.033561423420906067e-02 6.372844219207763672e+00
-4.594568163156509399e-02 6.375180244445800781e+00
-4.489708319306373596e-02 6.377698421478271484e+00
-4.225868359208106995e-02 6.376713275909423828e+00
-3.761037811636924744e-02 6.369453907012939453e+00
-3.543905913829803467e-02 6.353380680084228516e+00
-3.886306285858154297e-02 6.370971679687500000e+00
-4.182446002960205078e-02 6.377536773681640625e+00
-4.460850358009338379e-02 6.383244514465332031e+00
-4.675506427884101868e-02 6.381567955017089844e+00
-3.956563770771026611e-02 6.369307518005371094e+00
-4.518332332372665405e-02 6.373462677001953125e+00
-3.514712676405906677e-02 6.360436439514160156e+00
-3.641244769096374512e-02 6.361427783966064453e+00
-4.122426360845565796e-02 6.373980045318603516e+00
-3.998634591698646545e-02 6.377050876617431641e+00
-3.511336445808410645e-02 6.368379592895507812e+00
-4.126138985157012939e-02 6.376736640930175781e+00
-4.704665392637252808e-02 6.385674953460693359e+00
-4.032503068447113037e-02 6.382898807525634766e+00
-3.358535096049308777e-02 6.363395214080810547e+00
-4.147320985794067383e-02 6.371817111968994141e+00
-4.002302885055541992e-02 6.369899272918701172e+00
-3.875534981489181519e-02 6.372705936431884766e+00
-3.741113096475601196e-02 6.363683223724365234e+00
-3.937809169292449951e-02 6.370142936706542969e+00
-3.535231575369834900e-02 6.349569320678710938e+00
-4.146888107061386108e-02 6.379916667938232422e+00
-3.551337867975234985e-02 6.363785743713378906e+00
-4.463614523410797119e-02 6.377686023712158203e+00
-2.872456982731819153e-02 6.338217258453369141e+00
-3.794494643807411194e-02 6.364436149597167969e+00
-4.355180263519287109e-02 6.377537727355957031e+00
-3.412608429789543152e-02 6.359131813049316406e+00
-4.206909984350204468e-02 6.370052337646484375e+00
-2.796959877014160156e-02 6.333486080169677734e+00
-3.850018233060836792e-02 6.371881484985351562e+00
-4.072056338191032410e-02 6.377754211425781250e+00
-3.890970721840858459e-02 6.366524219512939453e+00
-3.953906148672103882e-02 6.370448112487792969e+00
-3.551958501338958740e-02 6.361473560333251953e+00
-3.548597171902656555e-02 6.366079330444335938e+00
-4.237032681703567505e-02 6.375957012176513672e+00
-3.461747989058494568e-02 6.361003875732421875e+00
-4.498082771897315979e-02 6.381011486053466797e+00
-4.094142839312553406e-02 6.379187107086181641e+00
-3.387462720274925232e-02 6.358899593353271484e+00
-3.909214958548545837e-02 6.369250774383544922e+00
-3.697606921195983887e-02 6.366334438323974609e+00
-3.964968770742416382e-02 6.374595642089843750e+00
-3.337981924414634705e-02 6.352557182312011719e+00
-4.011765494942665100e-02 6.368832111358642578e+00
-3.799459338188171387e-02 6.371477127075195312e+00
-4.063940048217773438e-02 6.374402523040771484e+00
-3.926544636487960815e-02 6.366810798645019531e+00
-3.957916051149368286e-02 6.371029376983642578e+00
-3.867406398057937622e-02 6.368384361267089844e+00
-4.017161205410957336e-02 6.371899127960205078e+00
-3.882084786891937256e-02 6.367187500000000000e+00
-3.982485458254814148e-02 6.374179840087890625e+00
-4.091322049498558044e-02 6.374186515808105469e+00
-4.153796657919883728e-02 6.373195171356201172e+00
-4.256838187575340271e-02 6.370193958282470703e+00
-3.722361475229263306e-02 6.366717815399169922e+00
-3.243604674935340881e-02 6.352817535400390625e+00
-3.499291464686393738e-02 6.364593505859375000e+00
-3.553194925189018250e-02 6.367686271667480469e+00
-4.304130002856254578e-02 6.380447864532470703e+00
-3.853430598974227905e-02 6.363825321197509766e+00
-3.592593967914581299e-02 6.365108489990234375e+00
-3.927908092737197876e-02 6.370845794677734375e+00
-3.973083943128585815e-02 6.372842311859130859e+00
-4.186941683292388916e-02 6.376493453979492188e+00
-4.433957859873771667e-02 6.382624626159667969e+00
-3.390511125326156616e-02 6.356700897216796875e+00
-4.201206192374229431e-02 6.375669002532958984e+00
-3.964741155505180359e-02 6.370462417602539062e+00
-4.039588198065757751e-02 6.365412712097167969e+00
-4.093374311923980713e-02 6.375319480895996094e+00
-4.623476788401603699e-02 6.382190227508544922e+00
-3.610308840870857239e-02 6.359857559204101562e+00
-3.519778326153755188e-02 6.352663516998291016e+00
-4.735035076737403870e-02 6.377507686614990234e+00
-3.646666184067726135e-02 6.362275123596191406e+00
-3.811485320329666138e-02 6.364855766296386719e+00
-4.140594974160194397e-02 6.377545356750488281e+00
-3.573604300618171692e-02 6.365406513214111328e+00
-4.924428090453147888e-02 6.383770465850830078e+00
