-1.604036704609601571e-02 6.301568362245744126e+00
-1.972443157447218570e-02 6.318382759332249243e+00
-2.129193438483668877e-02 6.321371986267352305e+00
-2.026862510570034970e-02 6.307710699447223845e+00
-2.032118682145232086e-02 6.315370911105308238e+00
-1.727012308752648440e-02 6.299826575353518088e+00
-1.892311977136602874e-02 6.313428338743477752e+00
-1.702960169756960462e-02 6.303590134834629488e+00
-1.640155764386905246e-02 6.292440029375334198e+00
-1.666371364455980497e-02 6.294256137295349163e+00
-2.081442046793419154e-02 6.308658274437885183e+00
-2.014319658924237921e-02 6.316047057687868005e+00
-1.993145234803012089e-02 6.306402650278570832e+00
-2.026666655008954598e-02 6.303630361616947120e+00
-2.075927042554621266e-02 6.321275831892069874e+00
-1.807106414797583771e-02 6.310150027213859758e+00
-1.917239568738388078e-02 6.304626817084050039e+00
-1.962775863305049606e-02 6.314233824425423691e+00
-1.975634214023490320e-02 6.314115379643433279e+00
-2.224450242585726545e-02 6.305573287623245093e+00
-1.803091156046056354e-02 6.292314118698083547e+00
-2.064826882942912001e-02 6.311337368231898282e+00
-1.853352382183268143e-02 6.313399274081696433e+00
-2.058699283757761678e-02 6.306366785000380837e+00
-1.766140523482651048e-02 6.301225232019511679e+00
-1.944525715676528876e-02 6.306315891347753499e+00
-2.287118109715706449e-02 6.308405409954963794e+00
-2.045428933222775969e-02 6.306791303584121877e+00
-1.462455707967913465e-02 6.285649027081191775e+00
-1.975384555369787132e-02 6.317234179024055152e+00
-2.079684577851386579e-02 6.322695309689672527e+00
-1.931185127957348729e-02 6.306548878377666867e+00
-1.427994823842623773e-02 6.274992616559089242e+00
-2.001949443436544518e-02 6.307755534666890540e+00
-2.184691861965305792e-02 6.316585005582616041e+00
-2.177957693147537094e-02 6.314327654716754168e+00
-1.784472303213460731e-02 6.297196039190585459e+00
-1.760101522642726346e-02 6.315367626425143044e+00
-1.940516598563871153e-02 6.310768662450167987e+00
-1.974045560265634547e-02 6.314495189714723899e+00
-2.036406631715791116e-02 6.305421603723148749e+00
-1.785340169904342522e-02 6.310246397785306272e+00
-1.823946437778618812e-02 6.307248296069435156e+00
-1.925385765566711704e-02 6.320776221865211042e+00
-1.814055542462864046e-02 6.307745643615037423e+00
-1.687577793701688922e-02 6.304641676207196177e+00
-1.550774904050276903e-02 6.294224077753431956e+00
-1.711920311617397272e-02 6.307725952157957394e+00
-2.009050359127841079e-02 6.315036192700713258e+00
-1.938787694450824772e-02 6.315547290859733209e+00
-1.897664251798650281e-02 6.291756611022412571e+00
-1.711251115977165116e-02 6.310133188259960946e+00
-1.974465271669635646e-02 6.309836120073031296e+00
-2.065184909158107596e-02 6.309484090740740569e+00
-1.633660346215501380e-02 6.313501805413089585e+00
-1.782477030078566393e-02 6.312239950786151965e+00
-2.312812593848474069e-02 6.317033985998295798e+00
-2.059465890286653333e-02 6.308329451404946830e+00
-1.935613696194857236e-02 6.316817685329873200e+00
-2.069649273808685241e-02 6.310256249662726802e+00
-2.072978408917121318e-02 6.303660956561453865e+00
-1.834715566870513681e-02 6.304428555634078002e+00
-1.888542600967793583e-02 6.316513555482592857e+00
-1.983088668467880566e-02 6.319482880422162552e+00
-1.762328919650972547e-02 6.302813160445596807e+00
-1.890050392930694989e-02 6.303404056146633572e+00
-1.984603586376286477e-02 6.312069109232076869e+00
-1.808445277940039925e-02 6.307037108960670047e+00
-1.935303610160972465e-02 6.300338296878792654e+00
-1.708942185567760563e-02 6.311540912579351570e+00
-2.292938126633628504e-02 6.315406212808062136e+00
-1.724823801149735769e-02 6.301317393990502502e+00
-1.960584216456303513e-02 6.304965109801545786e+00
-1.983238032497108144e-02 6.313233195506961160e+00
-1.806300331327150011e-02 6.302320976701067501e+00
-2.117737351928539180e-02 6.314207804291426029e+00
-1.931121508272060083e-02 6.297946425322388464e+00
-1.714629931349125058e-02 6.296393151108989450e+00
-1.762620591892351263e-02 6.300352097260844886e+00
-2.272933416232709308e-02 6.314769651378371762e+00
-1.931667678206158700e-02 6.313320252728822801e+00
-1.815180918418972389e-02 6.305043276771582939e+00
-1.970252143009912360e-02 6.317139162462300561e+00
-2.150290521107516700e-02 6.320281946446720589e+00
-1.839283777684783128e-02 6.305509392180367989e+00
-2.019772520043565389e-02 6.311061953611917019e+00
-2.113263197716799824e-02 6.314211701511603714e+00
-2.170357828377602466e-02 6.315252465251592007e+00
-1.745921207507782069e-02 6.310472458191872747e+00
-1.789862825331728358e-02 6.290391361937161641e+00
-1.680164220987301338e-02 6.294789772883060408e+00
-2.281211280004359632e-02 6.324612294943070090e+00
-1.944678656690995711e-02 6.306744494859502836e+00
-1.927391411982863623e-02 6.311290782302635627e+00
-1.737543877897601563e-02 6.292601269695947686e+00
-1.929748755045271325e-02 6.314514549542669997e+00
-2.026809174567911764e-02 6.311809809344294919e+00
-1.908469582862352271e-02 6.306890748453503726e+00
-1.853872080663926392e-02 6.301246972304002547e+00
-1.782486427120703876e-02 6.315239607861646398e+00
-1.646243653129771112e-02 6.300666787951346492e+00
-1.899744915844683857e-02 6.304705011297945028e+00
-1.968937051695626023e-02 6.312425762612730473e+00
-2.042970665686273668e-02 6.303844296687089788e+00
-1.915194426450832904e-02 6.310963633244274007e+00
-2.037189706528435423e-02 6.307255651796732643e+00
-1.922069677914529928e-02 6.307150864963680270e+00
-1.710554041551658189e-02 6.309407807387129807e+00
-1.968503492679508915e-02 6.312005512105222316e+00
-1.779963944062495917e-02 6.300858883532220567e+00
-2.042713906296594883e-02 6.306718667840781833e+00
-1.883152130464858798e-02 6.308384321094786529e+00
-2.116667255941852288e-02 6.315778660455091398e+00
-2.029692301278540612e-02 6.315205320744935236e+00
-1.791244048038624637e-02 6.309118303491530355e+00
-2.071802841831829611e-02 6.319467169994529065e+00
-1.815887194140933247e-02 6.302820978007444452e+00
-1.943718039007230614e-02 6.314900722105873498e+00
-2.049857382674022399e-02 6.314431424828916839e+00
-2.055734145486126652e-02 6.311864688934938350e+00
-1.949838284344643236e-02 6.300453727663178682e+00
-1.931742109321409051e-02 6.309592510088728901e+00
-1.952657575391518463e-02 6.303151114765747742e+00
-1.904801407048956063e-02 6.299920422225581795e+00
-1.573777863395471599e-02 6.284044704894333755e+00
-1.916224261495604042e-02 6.296429296370459561e+00
-2.070425325927584270e-02 6.316429377564594994e+00
-2.076559127386331388e-02 6.321594201889491949e+00
-1.902783996445742143e-02 6.311320617726697613e+00
-2.089803460628955611e-02 6.309098169953712087e+00
-2.135527571874386299e-02 6.301631117069396382e+00
-1.773527106418001931e-02 6.311230821064421903e+00
-1.785983426184339917e-02 6.286817626317653840e+00
-2.165787603428562941e-02 6.309979575351044367e+00
-1.964387306897229235e-02 6.301459498979475882e+00
-1.840373279298662679e-02 6.301265265095513435e+00
-1.856900439757741550e-02 6.303431084880527280e+00
-1.717602491254376085e-02 6.295914879975393674e+00
-1.753403395425096045e-02 6.307368496279278425e+00
-2.003203012095716717e-02 6.318685170896333858e+00
-1.631334320325619758e-02 6.299985342442161240e+00
-1.817321797272902772e-02 6.309256736870933580e+00
-1.734757995097876981e-02 6.308907138392231495e+00
-2.081253483200910803e-02 6.317130277560126572e+00
-2.005132479089724584e-02 6.310474997054112301e+00
-2.275644822365354564e-02 6.322434809210682793e+00
-1.685480935072913855e-02 6.313399371900323409e+00
-1.756024736928116919e-02 6.299787593518972884e+00
-1.810233551478994396e-02 6.295295429414503374e+00
-1.769246601648620520e-02 6.299351028564196042e+00
-2.011208269004460814e-02 6.305105284338069715e+00
-1.843975697788907686e-02 6.317287874134230208e+00
-2.131291880335023370e-02 6.308666784921340032e+00
-1.955059238088834722e-02 6.301290492294496559e+00
-1.998024507772456354e-02 6.300948052961174106e+00
-1.655887139258746532e-02 6.302591837219083892e+00
-2.149462418284776161e-02 6.317330029658256407e+00
-1.793437500494430431e-02 6.294820305296851437e+00
-1.896525457080462662e-02 6.303361153482867074e+00
-1.593836934144013395e-02 6.297616927651982444e+00
-1.927765279687808364e-02 6.311368265794167876e+00
-1.593817247860004893e-02 6.298483676620135085e+00
-1.965381303008278957e-02 6.315167068223848545e+00
-2.039373190123160845e-02 6.314385918659034758e+00
-1.913652340719292078e-02 6.300644103917419692e+00
-1.919755504031955828e-02 6.310524201020728086e+00
-2.268787822912007868e-02 6.317707614660666771e+00
-1.973593556070605409e-02 6.312053203915851896e+00
-1.735502461986185296e-02 6.304420139794427058e+00
-1.744593914489289688e-02 6.300744872051606826e+00
-1.928291508995652603e-02 6.313448034236518680e+00
-2.155353546536172005e-02 6.316069106702166813e+00
-2.119868444839882737e-02 6.309619385677304848e+00
-1.816824859595037728e-02 6.301074779437658258e+00
-1.824985978058452085e-02 6.302361217964731033e+00
-2.122374396280251457e-02 6.312051650680060355e+00
-1.875621457109354073e-02 6.317193126116191770e+00
-1.930350332752635983e-02 6.317225506591478634e+00
-2.087973824694356467e-02 6.304951353817167536e+00
-2.004694765617243135e-02 6.306451952508308700e+00
-2.028846516354632784e-02 6.305746694842547129e+00
-1.713056532438854418e-02 6.306965297461043285e+00
-1.453601980564929452e-02 6.285838099558185732e+00
-1.918407106446999577e-02 6.309399666922812067e+00
-1.716011254060818836e-02 6.293192356636040152e+00
-2.034667663332922344e-02 6.301351730879432012e+00
-1.806294351487708338e-02 6.311688013126311780e+00
-1.870425229601542505e-02 6.317478916071766371e+00
-2.248913758000481433e-02 6.318907191214660379e+00
-1.703326601056368017e-02 6.304252474112564286e+00
-1.568662859273591004e-02 6.301424805844012766e+00
-1.647051556582647402e-02 6.299851828969372569e+00
-1.792393610853328101e-02 6.306306866927853250e+00
-1.928715578228405031e-02 6.306883217017834831e+00
-1.967820276667937851e-02 6.305430416292631790e+00
-1.833318896483408789e-02 6.301610426987701352e+00
-1.835581705958662380e-02 6.306048283845973046e+00
-1.897533763237040094e-02 6.316488418496843060e+00
-2.072863126712072568e-02 6.297333400762701316e+00
-1.774251487752850909e-02 6.304015964275647477e+00
-1.568588442305472730e-02 6.298392024118480315e+00
-2.011796866334862599e-02 6.307189153631472145e+00
-1.992071802170782002e-02 6.298848793671854018e+00
-1.840099611109342892e-02 6.316183314403004623e+00
-1.939173734458332632e-02 6.296360293600743674e+00
-1.799267638454668528e-02 6.312475540171726074e+00
-1.798900367571487635e-02 6.316256581127916547e+00
-2.072861600757094913e-02 6.306046770728653605e+00
-1.950926669658276102e-02 6.309570895490389297e+00
-1.649125932082298046e-02 6.292741856832863689e+00
-2.062289706205464035e-02 6.310822811303419044e+00
-1.936221125290808753e-02 6.291327900171000742e+00
-1.910786679854660497e-02 6.309065167902017990e+00
-1.856025913260327120e-02 6.307544954319281416e+00
-1.820220888881755872e-02 6.309177994238944542e+00
-1.936142355956610439e-02 6.326152057525287198e+00
-2.045858699966614930e-02 6.311668150774315755e+00
-1.840467133310569325e-02 6.299958637873071865e+00
-1.813626566312977195e-02 6.299731072061833359e+00
-2.190109636184169734e-02 6.319307053875256486e+00
-2.344770842328191413e-02 6.318637608944420947e+00
-1.998254570923446022e-02 6.316448689408420414e+00
-2.010525732510200225e-02 6.296580577052083960e+00
-1.967160284396929359e-02 6.311959303338878335e+00
-1.686528184163353650e-02 6.312639796952719706e+00
-2.187530253331360086e-02 6.307199330060021758e+00
-1.964012070855411518e-02 6.317824743279003563e+00
-1.773827101085280467e-02 6.294654798072065738e+00
-2.019306716800775559e-02 6.308167633978018607e+00
-1.804728627352411574e-02 6.295441604461093910e+00
-1.824325781811250713e-02 6.314190855414929082e+00
-1.974514014824078206e-02 6.318703613614672143e+00
-1.733596950905005873e-02 6.301197502878382650e+00
-1.657714776374788479e-02 6.288306326200326701e+00
-1.511446992781947940e-02 6.289493064282551948e+00
-2.076509255763460404e-02 6.314125163650492034e+00
-1.902991141371743189e-02 6.309341822708141478e+00
-1.617046691389943669e-02 6.290371142795103232e+00
-2.200084297911945874e-02 6.328523677322416496e+00
-1.804966046958320081e-02 6.296589622549762844e+00
-2.106359354237522657e-02 6.305700254739959654e+00
-1.761579864292468767e-02 6.304738638969572762e+00
-2.095387320769183381e-02 6.309682164233297641e+00
-1.896660702305867641e-02 6.309153073244195831e+00
-2.191783546584775977e-02 6.308443244490162805e+00
-1.769201689493815621e-02 6.298721389936688730e+00
-2.231857492816222838e-02 6.317301004852686752e+00
-1.818780867362342069e-02 6.311841647665015209e+00
-1.981910793367571560e-02 6.303006263165240597e+00
-1.925585644191094015e-02 6.299770774973016074e+00
-1.925540940572965931e-02 6.312800436303405149e+00
-1.942904531496160436e-02 6.299492546129989989e+00
-2.182915773950670768e-02 6.322776804142703710e+00
-1.927591071856120386e-02 6.300492945106292098e+00
-1.575391822832197808e-02 6.301075310744366220e+00
-2.196256490458423083e-02 6.320537641292575337e+00
-1.754477824585824741e-02 6.308753111014397952e+00
-1.632618355493568874e-02 6.299985383763856639e+00
-1.875054964591502810e-02 6.304935889570601582e+00
-2.098856148485482576e-02 6.304729537113993310e+00
-2.064837410159166275e-02 6.317879362301768609e+00
-2.006658893794543985e-02 6.326625771965067813e+00
-2.083574433979970553e-02 6.308259103732745565e+00
-1.711736139127058298e-02 6.290108581171724111e+00
-1.979320721436766961e-02 6.301143198885516661e+00
-1.457101913663998161e-02 6.299804310582693745e+00
-1.927338309248654430e-02 6.307764437441602645e+00
-1.808940790135873944e-02 6.295015542457423230e+00
-1.929482271699295426e-02 6.312731935974983166e+00
-1.772353068146109711e-02 6.301136221341601562e+00
-2.038993443906871039e-02 6.317306257031114924e+00
-1.854528182178780127e-02 6.316421365421629019e+00
-1.782474181581898687e-02 6.296210130099916036e+00
-2.024365207226592328e-02 6.309938728200346958e+00
-2.304507065195749577e-02 6.318527484555677809e+00
-2.202792011463838850e-02 6.315508063091513691e+00
-1.722295865232269241e-02 6.292554086487208487e+00
-1.919358149798607027e-02 6.295644843419555770e+00
-2.095144884909803246e-02 6.314183843296597765e+00
-1.962475171176354671e-02 6.310054814271693679e+00
-1.934479873405414718e-02 6.306196768909113182e+00
-1.838623089990883142e-02 6.299940993938005995e+00
-2.007264655870898140e-02 6.309552021821917656e+00
-1.827640262327591414e-02 6.301466421116362682e+00
-1.965030685907871721e-02 6.312576127380464364e+00
-1.922800590615055677e-02 6.320549096169743031e+00
-2.190656844334208653e-02 6.313026055360039912e+00
-2.046314329502180868e-02 6.305525517224613630e+00
-1.864550076470171402e-02 6.310494930467445585e+00
-1.967283360527517094e-02 6.306376115950138583e+00
-1.799308874871617669e-02 6.307021079240731076e+00
-2.119220398795976928e-02 6.319630224687440290e+00
-2.162252767407611687e-02 6.321745825315947087e+00
-1.910152307149676210e-02 6.305163649219931443e+00
-1.720977832448816747e-02 6.309256727125146291e+00
-1.737251149406381090e-02 6.285542972625170144e+00
-1.755954773475219138e-02 6.314015930713726021e+00
-1.885286312056783098e-02 6.304066527025422140e+00
-2.056195560751122864e-02 6.311262381737147820e+00
-1.773620364369996039e-02 6.297388810168544460e+00
-2.100692148113817576e-02 6.320609650169456195e+00
-1.996769409437086640e-02 6.310831356819491589e+00
-1.785576586600345905e-02 6.296299987943337229e+00
-1.760464472008729797e-02 6.292569167261985008e+00
-2.140411987272555078e-02 6.312203570705303690e+00
-1.862868983749232932e-02 6.306172418271315472e+00
-1.716739456357962990e-02 6.303199520694952263e+00
-2.003186834991176057e-02 6.323040962723821323e+00
-2.061506411076142326e-02 6.301089894882410114e+00
-1.947122451163621482e-02 6.303448181154736041e+00
-1.991262121372538302e-02 6.316856165790030175e+00
-1.756311147813652274e-02 6.306860565812188568e+00
-1.821817605604769685e-02 6.305289900152281746e+00
-2.294587313846029736e-02 6.317692861200262300e+00
-1.968969157255356928e-02 6.301105901016793354e+00
-2.074403745185107728e-02 6.318572383491034117e+00
-2.228540196638012505e-02 6.314702502585309851e+00
-1.856620557057486742e-02 6.316943699823732494e+00
-1.783642983706888729e-02 6.303958192345024969e+00
-2.052970223328549892e-02 6.300838103277172308e+00
-1.974255068127522827e-02 6.296606319564668652e+00
-1.832432213050444458e-02 6.288300013152017698e+00
-1.887423580296886116e-02 6.313922344276531540e+00
-1.987552114264660996e-02 6.319186692854990461e+00
-2.343275125331009678e-02 6.320088082249577077e+00
-1.903230875585956716e-02 6.315635188881207007e+00
-1.617495131922984386e-02 6.292335501719344748e+00
-2.033391710090125953e-02 6.315369535050717076e+00
-2.138389625040495318e-02 6.315042489554016925e+00
-1.650423087095684305e-02 6.303042788137767971e+00
-1.961011422979570817e-02 6.313083741847559160e+00
-1.877073181570429461e-02 6.315095793836491112e+00
-1.976000394941581501e-02 6.312898600161405582e+00
-1.954371209884592231e-02 6.313938281025609278e+00
-1.997111050423713841e-02 6.308863918172489704e+00
-1.765959346526584095e-02 6.299855773170146556e+00
-1.854621946962885237e-02 6.308499795776869590e+00
-1.660414386508862750e-02 6.299213117589526512e+00
-1.821895646851724726e-02 6.303184533478938256e+00
-2.161651519871639338e-02 6.316479520250824820e+00
-1.725174820387591346e-02 6.298866716839016000e+00
-2.041150584340996332e-02 6.322076480867488968e+00
-2.158706910331559259e-02 6.317028089925099898e+00
-1.788509324455955785e-02 6.318186723740699229e+00
-1.636865929903262573e-02 6.315347661238688737e+00
-1.954976787604071481e-02 6.310900826442966682e+00
-1.711948163049510641e-02 6.303708964185013031e+00
-2.214491360868167669e-02 6.311145631286334101e+00
-1.727799951901205777e-02 6.303631862997875146e+00
-1.956460852972134734e-02 6.315297331049697149e+00
-2.078712119980818951e-02 6.310612364919561124e+00
-1.925277246182063862e-02 6.306484517808883083e+00
-1.592179464287656054e-02 6.302760613682957924e+00
-1.904125094016365094e-02 6.303397545541502112e+00
-2.023694016718364380e-02 6.308631674492036545e+00
-2.141377231430227623e-02 6.311671475131408471e+00
-1.904854920119142953e-02 6.305948052895194778e+00
-1.683897297856987163e-02 6.298729803020330920e+00
-1.899972873668491491e-02 6.303849378247940116e+00
-2.058565297094824831e-02 6.315714702419591653e+00
-2.022502398102061366e-02 6.297432351137219442e+00
-1.729340813385742137e-02 6.293292766545651062e+00
-2.214692068627688304e-02 6.309854973872768724e+00
-1.826467904182993429e-02 6.316130746713700006e+00
-1.734721356746997400e-02 6.302157089075384633e+00
-2.134016012412374985e-02 6.317581277231126613e+00
-2.075357887947613250e-02 6.315047627280200082e+00
-1.864804763333592630e-02 6.289559034605459509e+00
-1.900594142562064826e-02 6.307297920612631614e+00
-2.035664149239779092e-02 6.306693582430645151e+00
-2.116198366789673324e-02 6.324555998289510761e+00
-1.543735301930225512e-02 6.294373604626070318e+00
-2.143997036518859728e-02 6.321760726061617319e+00
-1.986055821295118484e-02 6.304801127389755067e+00
-2.013114600995705161e-02 6.298604446685087233e+00
-1.845522545833618022e-02 6.300681282449506426e+00
-1.741055777658012671e-02 6.317677512112203964e+00
-2.274338800666616395e-02 6.320423410312193013e+00
-1.944102102596879933e-02 6.310015389351283588e+00
-2.041526957925573343e-02 6.324224574989282921e+00
-1.586381188588424640e-02 6.289677066089182311e+00
-2.064857386821858376e-02 6.315654704137319442e+00
-1.963680597397525485e-02 6.308825641461316636e+00
-2.142718787739696096e-02 6.298698308862987538e+00
-2.057997202960294703e-02 6.318644234722545328e+00
-1.722004721586713194e-02 6.285601773833341177e+00
-2.196715186866353420e-02 6.321307615949571357e+00
-1.908692569295243613e-02 6.310321825451088884e+00
-1.854916672505775577e-02 6.308734088580413513e+00
-1.478158758707889819e-02 6.294063763797704603e+00
-1.792202877601367650e-02 6.301163455854573492e+00
-1.909219068570784661e-02 6.306538154631521564e+00
-1.977104683243999239e-02 6.309135097797030411e+00
-2.127856869369419007e-02 6.317653374469608174e+00
-1.690185827741952362e-02 6.298418600891452002e+00
-1.881603011926424873e-02 6.310492526592057949e+00
-1.924979592867009925e-02 6.306500183536769555e+00
-2.003675698744816769e-02 6.311243157041553253e+00
-2.029637734997575410e-02 6.311060090188429506e+00
-1.918018639477853116e-02 6.309259560566841785e+00
-2.045563958001561655e-02 6.309214020363175912e+00
-1.885020844195044176e-02 6.300073098291900209e+00
-1.916456287591049301e-02 6.307192329959878663e+00
-2.215892054992599225e-02 6.317873156126385226e+00
-1.862402880847367770e-02 6.302869395015594733e+00
-1.743486788368986407e-02 6.297915219991374158e+00
-1.896384500968220643e-02 6.311615027924138310e+00
-1.561784292974438548e-02 6.292381362000651457e+00
-2.098684430137334050e-02 6.312125659873022876e+00
-1.485605108509595318e-02 6.292793459923609056e+00
-1.884139708478017872e-02 6.298394103762513296e+00
-1.975699015718100637e-02 6.304442290714288077e+00
-1.732095680176921892e-02 6.288982383225967254e+00
-1.813799333008585257e-02 6.302870511364805139e+00
-1.951956887333031188e-02 6.294529334810642140e+00
-1.776270147093692020e-02 6.284981035776852742e+00
-1.736618009380705430e-02 6.299938406409753000e+00
-2.195313740251524093e-02 6.313922554441981916e+00
-2.306943207188305589e-02 6.318396087416916274e+00
-2.110446830505235266e-02 6.329857546772770682e+00
-2.099701938601265111e-02 6.313577007623442761e+00
-1.822355763318496413e-02 6.301016701534400077e+00
-1.812518581303031173e-02 6.295996748447107549e+00
-1.732778871381442098e-02 6.312350002826654816e+00
-2.098399865731440106e-02 6.303119235782619789e+00
-1.263362665106269878e-02 6.281821113393830203e+00
-1.800848800388409054e-02 6.306868338647877437e+00
-1.861403679538517486e-02 6.310598485225040299e+00
-1.658246597395805766e-02 6.293186001799976559e+00
-1.923075990638024868e-02 6.308709056185286101e+00
-1.950987138850428237e-02 6.303743378944389519e+00
-2.025342372284039127e-02 6.308767154979399550e+00
-1.818553901098599046e-02 6.296094146724743545e+00
-1.962858225788099986e-02 6.313602248836409636e+00
-2.155814942810764523e-02 6.309070124799977641e+00
-1.925607203711048043e-02 6.303859428580618207e+00
-1.988774099721851707e-02 6.316483171932850027e+00
-2.033455812641429827e-02 6.307443294954331314e+00
-1.779950312027742121e-02 6.302527728771406323e+00
-2.087443263228801194e-02 6.312988866472228011e+00
-2.103831478256945609e-02 6.309692075328572791e+00
-2.119161964189973657e-02 6.317336368245864975e+00
-2.071238264239260579e-02 6.306608887706437905e+00
-1.784295947568469154e-02 6.295595556185018538e+00
-1.706990948453000756e-02 6.290615304652496853e+00
-1.775097178364780370e-02 6.303666023175066968e+00
-1.621234573839637483e-02 6.295222492820403914e+00
-1.818322904695994502e-02 6.303889900540931457e+00
-1.878303408111184347e-02 6.313670119780653067e+00
-1.824875252669035108e-02 6.299541108180151561e+00
-1.416365381380338406e-02 6.288759584781376866e+00
-2.004454833758176346e-02 6.310066445852736017e+00
-1.823508048045155427e-02 6.313931814840148427e+00
-1.802979879724776746e-02 6.301388913789423896e+00
-1.634671596012480382e-02 6.298190925555487318e+00
-1.959624096024351059e-02 6.287591254931829354e+00
-1.719705745036968769e-02 6.300227735465660395e+00
-1.576490374870682942e-02 6.293635208293688166e+00
-1.874895834250261961e-02 6.318473173524766118e+00
-1.851768013132813750e-02 6.311266309252534512e+00
-2.063373240168951683e-02 6.313774284846262574e+00
-1.820372595357259288e-02 6.306745571829979191e+00
-2.066672559975193946e-02 6.303543691053582698e+00
-2.043024586134351006e-02 6.319302394281296031e+00
-1.760289112494718700e-02 6.307674591309483603e+00
-1.659014835975494706e-02 6.284344609606384857e+00
-2.025344853780274013e-02 6.311120962212171115e+00
-1.590040538920736712e-02 6.308303787370625137e+00
-1.965190048433340664e-02 6.311125552092655688e+00
-2.089387426561994943e-02 6.314653113710939181e+00
-1.786681032121921475e-02 6.313395857237496855e+00
-1.787248159815417459e-02 6.311538151049818524e+00
-2.125916750423081231e-02 6.308588923688060568e+00
-1.731110303914151771e-02 6.301440694228581663e+00
-1.810632389894718808e-02 6.300497066675370128e+00
-1.884021092150278687e-02 6.308305007713308044e+00
-1.822253977237095479e-02 6.300940320053962651e+00
-1.832397595222069742e-02 6.314452211524633540e+00
-1.854779133199570273e-02 6.311863678278046841e+00
-1.883083295331548779e-02 6.293047757602522552e+00
-1.597878082962100876e-02 6.296523326937256471e+00
-1.825274208586923769e-02 6.300577250565752685e+00
-1.802471117815697410e-02 6.301133911558689071e+00
-2.162223825331709148e-02 6.310592878144524853e+00
-1.808508858865379154e-02 6.309047619634968740e+00
-2.127544840676449944e-02 6.315765264648995014e+00
-2.075321119069632042e-02 6.313631229493402941e+00
-1.980653817150322682e-02 6.304815924380540615e+00
-1.947951954899306004e-02 6.302898190834266501e+00
-2.156541387668003962e-02 6.314873495661183611e+00
-2.057159126664957760e-02 6.301104440801885254e+00
-1.776415856944570104e-02 6.298532992472479108e+00
-1.721883803057475126e-02 6.298552582542697564e+00
-2.056975236039121357e-02 6.316518700296240851e+00
-1.962327753254530793e-02 6.312711444545487716e+00
-1.824162625150138606e-02 6.295669724650782229e+00
-1.541768072304393333e-02 6.287699657948627951e+00
-2.072511249672809308e-02 6.306452779644365236e+00
-1.938262470816962124e-02 6.309875244325066745e+00
-1.980991650063584214e-02 6.308303591678542155e+00
-1.943198712960772512e-02 6.321830843211198925e+00
-2.004273037497085463e-02 6.305478352826066946e+00
-1.701207522811407080e-02 6.308358043899304768e+00
-1.688503736059510096e-02 6.291065073225456494e+00
-2.117443513709950376e-02 6.301061001323926547e+00
-1.898354414846541161e-02 6.306783401684202595e+00
-1.639615570863238447e-02 6.288323304397565927e+00
-1.687281010125017688e-02 6.307477820576307792e+00
-2.057805923651810642e-02 6.324068413828869417e+00
-1.899180376363727996e-02 6.297240138468675141e+00
-1.927487109459216641e-02 6.314310190594570216e+00
-1.660658719858701393e-02 6.301261733205305582e+00
-1.941575004118289982e-02 6.309126046282177214e+00
-1.927991248742191160e-02 6.303391231359470659e+00
-1.827707446368126432e-02 6.301878373404402822e+00
-1.906875101937201972e-02 6.303887683755331928e+00
-1.909634454773549705e-02 6.303475836720523695e+00
-2.084701124533807487e-02 6.313829572223310649e+00
-1.886637241578507929e-02 6.314252729198515546e+00
-2.033083007661547204e-02 6.304162916164632868e+00
-1.581585198710101781e-02 6.289485443712733215e+00
-1.837021264700673673e-02 6.294377149452064835e+00
-1.977065758326665423e-02 6.296519800208730366e+00
-1.584065718032125203e-02 6.299084061355700648e+00
-1.767041990131862361e-02 6.314853756606111368e+00
-2.084791921296682421e-02 6.312616244629277951e+00
-1.807139874932568724e-02 6.302345935252398057e+00
-1.974365143613107665e-02 6.302477422026176335e+00
-1.733550357761097505e-02 6.321204158017433627e+00
-1.767732748232161283e-02 6.300474866963509335e+00
-1.567335828846938561e-02 6.296884334227204505e+00
-1.863604106964752982e-02 6.309996030109290999e+00
-2.311710086137591658e-02 6.318751301054271075e+00
-2.211436457012501411e-02 6.316035019615635626e+00
-2.225724336001640158e-02 6.317491820391611945e+00
-2.268130596830649631e-02 6.313291339045867367e+00
-2.145513936516975362e-02 6.310894726098955410e+00
-1.786202980056492140e-02 6.298186025992637660e+00
-1.906692694212110128e-02 6.310165218483447802e+00
-1.876624990335876153e-02 6.303770475801315776e+00
-1.961886595649194043e-02 6.310076130914344716e+00
-1.326609547595124228e-02 6.286184336033543651e+00
-2.042824164888226018e-02 6.312300313048962330e+00
-2.300373283137562008e-02 6.322860548798324487e+00
-1.858673512629689661e-02 6.315188999918993851e+00
-2.046125519904390400e-02 6.318271677830748168e+00
-1.751202518102940031e-02 6.316224071009740371e+00
-1.866626633768944665e-02 6.308004082392895562e+00
-1.810542744640383783e-02 6.312842219612817551e+00
-1.985925069876580407e-02 6.309131204535360027e+00
-1.995139649776689339e-02 6.312213386163340267e+00
-1.747214829870331887e-02 6.302336892202855090e+00
-1.990383521124292759e-02 6.307608569714858504e+00
-2.028726740840158110e-02 6.323329816967625305e+00
-1.538612015880559680e-02 6.291110974718097104e+00
-2.047492688552900175e-02 6.321497647474028980e+00
-2.110439187672431827e-02 6.307786745068812095e+00
-2.235311532313242339e-02 6.312756681423132399e+00
-1.764415080829496996e-02 6.294412293738113284e+00
-2.053548865585025363e-02 6.312259042459254843e+00
-2.116687633970362747e-02 6.318955171224236445e+00
-2.095944967761897981e-02 6.312061831060640671e+00
-1.498483363137545488e-02 6.288387770532188448e+00
-1.978758785467375769e-02 6.301738738663700268e+00
-1.859783698951536501e-02 6.305322630418240593e+00
-1.936335196728557195e-02 6.301168412575228750e+00
-2.067140864583291715e-02 6.304999376195452143e+00
-1.771667633937791531e-02 6.302395092504455398e+00
-1.612450573714288571e-02 6.291915694703733131e+00
-1.830594380781652708e-02 6.304280235384478459e+00
-1.746985565859980605e-02 6.301291671987119258e+00
-1.880971909799480923e-02 6.304504394437492998e+00
-1.847288894371809653e-02 6.302601891437183745e+00
-1.763410888015595757e-02 6.306267799957615772e+00
-1.724876310982420557e-02 6.304989913788875633e+00
-1.897361820687788747e-02 6.307644550235660397e+00
-1.939780604790718177e-02 6.301774871925628574e+00
-2.087904775665839346e-02 6.312248402008409087e+00
-1.944298525122994947e-02 6.317188705575611074e+00
-1.840258785481746484e-02 6.300541036572353093e+00
-1.988132451923561861e-02 6.323404419577352442e+00
-1.749705910599820557e-02 6.299777086256634462e+00
-1.948960067725115375e-02 6.321991837459414398e+00
-1.821704002602060612e-02 6.306010092066601125e+00
-1.656630894097414763e-02 6.303095890291047887e+00
-2.215322249700545781e-02 6.313734928711000727e+00
-1.871240065492334181e-02 6.307985957549786526e+00
-1.850300881841573930e-02 6.298272764178417304e+00
-1.852640525627319290e-02 6.300436262814038457e+00
-2.035141423724164123e-02 6.318098331431593273e+00
-1.507193044996940623e-02 6.289455114871178587e+00
-1.928056300205299722e-02 6.315843331445786468e+00
-1.789448120315105528e-02 6.303753254241022397e+00
-2.081716061438219911e-02 6.318927101516936595e+00
-1.802001373760772629e-02 6.300319554845623671e+00
-1.860184723408461749e-02 6.304482267587571798e+00
-1.819832384400091319e-02 6.308201466020239678e+00
-2.007352946783672737e-02 6.312223730383335507e+00
-1.668266024827162741e-02 6.299373250696384652e+00
-1.706253886080742743e-02 6.299207327458344885e+00
-2.228435863018785046e-02 6.321101787652455783e+00
-1.589842631632050474e-02 6.294076481362236741e+00
-1.764242097244918261e-02 6.312797896928532104e+00
-1.753335299869522579e-02 6.300714623170042827e+00
-1.930336097401903761e-02 6.312340459834782536e+00
-2.146535773620995846e-02 6.307678809309491541e+00
-2.018386086862503093e-02 6.312814896242737284e+00
-1.672681440909606909e-02 6.291288278981904014e+00
-1.918235129681533646e-02 6.307843906432753833e+00
-1.969433071510978683e-02 6.313968119106582400e+00
-2.067436266173514059e-02 6.304956536446682414e+00
-1.565017661201856258e-02 6.287020169311036355e+00
-1.889409829326826884e-02 6.312201819195012220e+00
-2.010500435671230823e-02 6.309763775444466205e+00
-1.825288845941495236e-02 6.307496860580622311e+00
-2.021268037659779138e-02 6.312039446756967820e+00
-1.824207965744800708e-02 6.308416963261390009e+00
-1.847005347760134752e-02 6.300364071049590287e+00
-1.840644452316371471e-02 6.317430540351256063e+00
-1.993342133809155453e-02 6.313382231715223725e+00
-1.619170804864136781e-02 6.301718259269660116e+00
-1.762371159619838257e-02 6.306145403486355328e+00
-1.669227917643920089e-02 6.305413936839116218e+00
-2.032923366891783989e-02 6.313035812056036811e+00
-2.081304724841717690e-02 6.317000619691286900e+00
-1.969495159578171783e-02 6.309586718117178528e+00
-1.930266114231315305e-02 6.313865009267782824e+00
-1.789692731464471998e-02 6.305797627232492708e+00
-1.698681132440185704e-02 6.311102155281536064e+00
-2.114655943119767706e-02 6.316118724080991065e+00
-1.927646710646325340e-02 6.308145881329150662e+00
-1.985681736247521534e-02 6.313736674170033147e+00
-1.887417105514510585e-02 6.311390288661582915e+00
-1.898613079551451921e-02 6.305886010471077441e+00
-1.599421737170449165e-02 6.304692270392367348e+00
-1.843931963197771584e-02 6.306131692762818375e+00
-2.247450690615808433e-02 6.311035529611486616e+00
-1.700481224934910496e-02 6.303868544536296525e+00
-1.806181608204644740e-02 6.310261589234182011e+00
-1.900819432641021045e-02 6.310655417002771550e+00
-1.709071126210598424e-02 6.298669751464176514e+00
-1.971239022634506399e-02 6.300531565442253346e+00
-1.632864633210623362e-02 6.294158391791128793e+00
-1.953415696683129255e-02 6.314583719818044116e+00
-1.864121546290251064e-02 6.321272805194913857e+00
-2.035126150961842628e-02 6.318827131582022361e+00
-1.642590275569376368e-02 6.293001682198107183e+00
-2.040848226481989380e-02 6.312610948593048832e+00
-1.856747082560784856e-02 6.311586692091895934e+00
-1.832150099167079854e-02 6.298229550205647342e+00
-2.020207863911130386e-02 6.320204612869506633e+00
-1.877810032224205838e-02 6.303578935042006393e+00
-2.103342350933698479e-02 6.309632613909095689e+00
-1.923548313422828587e-02 6.300374092464317677e+00
-1.707358152232950343e-02 6.300979303491272887e+00
-1.908169823520899921e-02 6.301717429521954017e+00
-1.779008392744940714e-02 6.309091610270384898e+00
-2.011386340353486790e-02 6.314610603219608542e+00
-1.995720179161740437e-02 6.312617514239597050e+00
-2.351551360739007057e-02 6.315945319541048875e+00
-2.090078901735126921e-02 6.315106342794844174e+00
-2.205516686318059055e-02 6.298887191059268531e+00
-1.901801882378194308e-02 6.311891122941354126e+00
-1.895635466278888792e-02 6.305275321022807411e+00
-2.163384713028416312e-02 6.316452930069886840e+00
-2.165853220008417956e-02 6.317779275533919048e+00
-1.805446949861398698e-02 6.308411694054650631e+00
-2.071744257566297820e-02 6.308368793097185012e+00
-1.807933022811282486e-02 6.307802313610984868e+00
-1.826704456387766295e-02 6.300441502873314725e+00
-1.884572858715426180e-02 6.310773024024753042e+00
-1.988398454022995143e-02 6.315933712735593453e+00
-2.013536575276433926e-02 6.317648924997121718e+00
-1.476354746296926201e-02 6.306197652770500817e+00
-2.183049688505295932e-02 6.302875466714287001e+00
-1.861091697100607234e-02 6.304913398894492538e+00
-1.703923258619977066e-02 6.302439997882309797e+00
-1.842203261402779180e-02 6.295718082132626847e+00
-1.488349236854309698e-02 6.276621823671383993e+00
-1.506987516456413656e-02 6.304848056438921766e+00
-1.543158377764118627e-02 6.277506277121860379e+00
-1.992202667057338394e-02 6.308583147963206628e+00
-1.619155251876853996e-02 6.304019333691015525e+00
-1.748980970196775675e-02 6.309649006671529392e+00
-1.856116788000564122e-02 6.297611068713650617e+00
-2.071605457582841731e-02 6.306945409889524790e+00
-1.911019350238343795e-02 6.316969534739839354e+00
-1.759810275240339394e-02 6.303240528437303425e+00
-1.886507364119853480e-02 6.312513613514788346e+00
-2.205251027591074303e-02 6.313650927272869140e+00
-1.976634542890117613e-02 6.301957190428505662e+00
-1.551996849304049242e-02 6.305826763246376032e+00
-1.336960094111100394e-02 6.293714874114225033e+00
-1.622020064373005943e-02 6.291434969138621547e+00
-1.917602586498294570e-02 6.315762954916722016e+00
-1.913099032690385171e-02 6.306718345654130253e+00
-1.640706512350266488e-02 6.307705098878561678e+00
-1.947948496147611230e-02 6.315916937897015693e+00
-2.133597935355299041e-02 6.318902663577877554e+00
-1.969086202469035041e-02 6.312858451180167307e+00
-1.830949145139550149e-02 6.302423113555465584e+00
-1.780112805187236691e-02 6.303762215838045080e+00
-1.817362677888946509e-02 6.301776535947642088e+00
-1.780774996039703739e-02 6.290463498299258660e+00
-1.673783044817378496e-02 6.297354406768035595e+00
-2.113346339974851718e-02 6.307532533751912140e+00
-1.787608188886319338e-02 6.295276936792246758e+00
-1.939215205601289849e-02 6.303387865867864370e+00
-2.119635930854901762e-02 6.310404777462050419e+00
-1.804614088132018568e-02 6.304076121438162872e+00
-1.860820771347417718e-02 6.303762518447555863e+00
-1.692630118509792780e-02 6.290567971155327065e+00
-1.973582976286918783e-02 6.302513190086082240e+00
-1.801379026845408016e-02 6.298895079072817538e+00
-2.114724846656302476e-02 6.309692941447210046e+00
-2.052522666954121472e-02 6.306269054590261547e+00
-1.955545158869770317e-02 6.301680546937597605e+00
-2.048793173069992507e-02 6.300296904431704093e+00
-1.814818263587061886e-02 6.304367290117840916e+00
-1.862586413311846656e-02 6.306041827130483668e+00
-2.105681408094665918e-02 6.308786741216051652e+00
-2.016040925514535342e-02 6.312352844264037977e+00
-1.701072226472466475e-02 6.305216026109761174e+00
-1.660346044797786358e-02 6.300714783865362101e+00
-2.029545616042126299e-02 6.319887597147327618e+00
-1.781915131328597884e-02 6.302369092508115500e+00
-1.792686708006344110e-02 6.302934607897181074e+00
-1.851432825533418092e-02 6.311769520378445186e+00
-1.516220266907583603e-02 6.289978871385885739e+00
-1.827678553531333905e-02 6.300001070917977231e+00
-1.841019681343265824e-02 6.308502490890179892e+00
-1.684134268728069983e-02 6.301204213970600598e+00
-1.915426604283388540e-02 6.307328053255564448e+00
-1.575488882843351091e-02 6.296904531604118560e+00
-2.149390341872817189e-02 6.311151009623767294e+00
-1.884049043513615074e-02 6.301240179543770914e+00
-1.980678914611519459e-02 6.301918556374455527e+00
-2.176027803977437225e-02 6.317809106635427163e+00
-2.194217727535389961e-02 6.320486533070461377e+00
-1.857956143802659554e-02 6.311907967313883816e+00
-1.914945293959384454e-02 6.317793867877807834e+00
-1.668756724442595207e-02 6.303695461611019013e+00
-2.066310320996868344e-02 6.304748594785514193e+00
-1.889669360283509347e-02 6.315579685203099203e+00
-1.835514936451571044e-02 6.307795516264545377e+00
-1.829694375475755808e-02 6.310791535520813511e+00
-1.629901911798777026e-02 6.295026170366981866e+00
-2.123372913022566338e-02 6.306506202476828804e+00
-2.017368851127455953e-02 6.306888156393917200e+00
-2.017300477155134497e-02 6.314712537701800521e+00
-1.512906370076355644e-02 6.291385963924520652e+00
-1.861285673766222698e-02 6.297011694934324666e+00
-2.050442251613551758e-02 6.308664847886919169e+00
-2.099726740372474809e-02 6.311591084932809181e+00
-1.944702029338042648e-02 6.303762146385095910e+00
-1.941588922243345228e-02 6.315365957561892785e+00
-1.766310019641319229e-02 6.304896281181417983e+00
-2.143913036403782835e-02 6.315492994739855703e+00
-2.211449267257866586e-02 6.303245307419953924e+00
-2.106091550907830678e-02 6.317960944801247258e+00
-1.924665788035791192e-02 6.308133999361399624e+00
-1.693131967795903636e-02 6.286623744011086146e+00
-1.935761272564986979e-02 6.300277052367649233e+00
-1.670729980923214841e-02 6.300166696034854574e+00
-1.665035493737768157e-02 6.295995455452861655e+00
-1.970023424963464331e-02 6.309681881477993137e+00
-2.113457232737880193e-02 6.319318232861379059e+00
-1.922229364769266480e-02 6.317711949318321807e+00
-2.125183049153903103e-02 6.323072302991143978e+00
-1.482310571199078886e-02 6.297194787016674233e+00
-1.949035698808498918e-02 6.306008562605673440e+00
-1.859807022367207519e-02 6.301934412190876245e+00
-1.825396029976519841e-02 6.308170934446966527e+00
-1.880466301597779472e-02 6.300916165073727981e+00
-1.651483241412728120e-02 6.305513471764511380e+00
-1.872861969141269289e-02 6.319675350666275726e+00
-1.700520061428259511e-02 6.296203434822515099e+00
-1.983126517951083745e-02 6.318318747389974455e+00
-2.075041528654635731e-02 6.292880742255626991e+00
-1.860180300384077501e-02 6.304454787729747878e+00
-1.820242813492486955e-02 6.298283011205788817e+00
-1.927766569477175340e-02 6.308978415954742403e+00
-2.123520900713812137e-02 6.312560524468322498e+00
-1.855684291524108132e-02 6.298373313662648521e+00
-2.222209717063620971e-02 6.318258549963966075e+00
-2.012026666585932377e-02 6.299965300303033366e+00
-1.698763008323134205e-02 6.297401242925471543e+00
-2.269100473084240815e-02 6.310732422415541443e+00
-1.807938457254186504e-02 6.309063999778635967e+00
-2.011918151870822902e-02 6.309790281932175837e+00
-2.015845138101228506e-02 6.314970170010884232e+00
-1.525011471019864506e-02 6.302587205573122908e+00
-1.759925616066487786e-02 6.313203268760908315e+00
-2.143658514740932886e-02 6.307541950018828558e+00
-1.846739050066836807e-02 6.302726569797635570e+00
-2.079295159588875896e-02 6.318623232493618680e+00
-2.082295840920649066e-02 6.313402895475102028e+00
-1.994032167126649768e-02 6.315531486222218938e+00
-1.726149950585090243e-02 6.300731831548536555e+00
-1.959723770078816707e-02 6.309171927514197087e+00
-1.951834662255734487e-02 6.315720262067610946e+00
-1.800017176813030473e-02 6.300116309439216522e+00
-1.769477370095173807e-02 6.292836308030034687e+00
-2.102144232713756833e-02 6.312986939418340882e+00
-2.058141490824925979e-02 6.309985518343345312e+00
-1.761416863087707230e-02 6.289616661458986790e+00
-1.645339303465752356e-02 6.298247512812359616e+00
-1.604718264389828897e-02 6.295935887193348179e+00
-1.366840175222067133e-02 6.289431202735547899e+00
-1.778076109241934905e-02 6.305777482573861725e+00
-2.046953688164437207e-02 6.317384230276934076e+00
-1.635817759196235566e-02 6.301304250147659047e+00
-1.681937422747387112e-02 6.305978376336812019e+00
-1.882688838105667228e-02 6.299056926575855364e+00
-2.021211396556095441e-02 6.307083783520925024e+00
-2.059330917144404360e-02 6.320395772548163649e+00
-1.908442571028907964e-02 6.302259686381669113e+00
-1.803617822774918056e-02 6.294008041077661986e+00
-2.082987655204846661e-02 6.312439791059810013e+00
-2.025121501902074628e-02 6.316635263456687355e+00
-2.146817782450811951e-02 6.313623377600855235e+00
-1.872333394086724001e-02 6.303439176024844492e+00
-1.806075559878575487e-02 6.296762490069834683e+00
-1.915893577712224349e-02 6.314358779710358860e+00
-2.034630057204921127e-02 6.313380365139911632e+00
-1.883603506612313572e-02 6.308564364234810817e+00
-1.842274926338834801e-02 6.305561577098219850e+00
-2.268527805391097607e-02 6.311680955565527107e+00
-1.590760461348673938e-02 6.291150434434776173e+00
-1.911421635321942925e-02 6.312697521581264404e+00
-1.676290177313831398e-02 6.300409202992883095e+00
-1.845790341112883703e-02 6.303996672495947529e+00
-2.025182348800439597e-02 6.311817231587424359e+00
-1.767079432996723765e-02 6.306118177221969212e+00
-2.063326316928883186e-02 6.314664140482973309e+00
-1.871533712211931322e-02 6.313011509677992628e+00
-1.516376326386309481e-02 6.285935402409060124e+00
-2.142236742785516568e-02 6.314330384471635860e+00
-1.573446250121042500e-02 6.289579928847621737e+00
-1.978043738426835119e-02 6.311637948109806828e+00
-1.867651729279884432e-02 6.301958753796421675e+00
-2.054641767151288434e-02 6.310513596420461724e+00
-1.890409616418164962e-02 6.294331046766515669e+00
-2.093194596182008926e-02 6.311223987580257599e+00
-1.812042887817978676e-02 6.303188014438191544e+00
-1.508988690792774368e-02 6.301756768627060801e+00
-2.076942651876208940e-02 6.318874178132843689e+00
-2.110073955997428946e-02 6.311282357833010614e+00
-1.741829228045953248e-02 6.316420879151753098e+00
-1.699972731539380055e-02 6.299544090102375371e+00
-2.195445401074699876e-02 6.317209835290876541e+00
-1.860554081475161714e-02 6.306247719005289021e+00
-1.823253829138654636e-02 6.307347118176943823e+00
-1.838891607817079443e-02 6.312519533273915684e+00
-1.994053013291179066e-02 6.305401440567130145e+00
-1.367471057017299874e-02 6.290562273412763084e+00
-2.024515526826385636e-02 6.314240682244973257e+00
-1.688671102579615557e-02 6.312293797684170649e+00
-1.654778098132794750e-02 6.292981236991020744e+00
-2.126767209075421106e-02 6.313108673190774844e+00
-1.681820063283055028e-02 6.294561781024818004e+00
-1.878829644368429364e-02 6.303668883295619807e+00
-1.937412738319944927e-02 6.306677866976276192e+00
-1.922967265919166974e-02 6.316778671332390793e+00
-1.976290519737058937e-02 6.314505890106437036e+00
-1.793357260289311916e-02 6.311222814897718081e+00
-1.955823422901595970e-02 6.319690304953136994e+00
-1.724529191803153561e-02 6.317735972704682013e+00
-1.808987179832041714e-02 6.306257844384915323e+00
-1.889298448221125859e-02 6.295209949731678911e+00
-2.043523204617017641e-02 6.307019952586689016e+00
-1.910917593286058647e-02 6.298833235719893509e+00
-1.881917362156433626e-02 6.294601222431983167e+00
-2.002891309626908534e-02 6.306608194423549030e+00
-1.665346062281441997e-02 6.300459125440841746e+00
-1.568583528031770868e-02 6.287382102395907779e+00
-1.859981070843795548e-02 6.314563811598128851e+00
-1.822453941852383852e-02 6.301202520793159678e+00
-2.238964628657363898e-02 6.322257407692434050e+00
-1.821565258006517529e-02 6.304844897579792828e+00
-1.738570821121485088e-02 6.307264599098801661e+00
-2.102475853303707731e-02 6.313444834666493755e+00
-2.065007449728859662e-02 6.306793554104810795e+00
-1.464311106281959707e-02 6.300732420469867812e+00
-1.517695364397249336e-02 6.291378469906773852e+00
-1.780306843134928096e-02 6.304050920392154644e+00
-2.082180455564966448e-02 6.317844863230547503e+00
-2.066621157153648858e-02 6.322689254946814330e+00
-1.885225147509864835e-02 6.307957502029761798e+00
-1.955447350623693015e-02 6.305486567845678181e+00
-1.841625990586982786e-02 6.305996057755914208e+00
-1.726653927501951846e-02 6.315245117025629185e+00
-2.023506546193690192e-02 6.311778551327757114e+00
-2.008185368939629373e-02 6.320038030040583621e+00
-1.912151060954295212e-02 6.319432275606070348e+00
-1.900038058486789444e-02 6.314373626295120445e+00
-1.757353919998833058e-02 6.299288327164012102e+00
-2.073739371958430167e-02 6.310893907512738821e+00
-1.839877042144613672e-02 6.303153614515849767e+00
-2.049039462137306616e-02 6.312983864409249080e+00
-2.045179880195417688e-02 6.305607119329461163e+00
-2.160870943470180605e-02 6.314570323604029589e+00
-1.798154180994983309e-02 6.303329137103175661e+00
-1.844510286161613055e-02 6.302261462849053864e+00
-1.736055337195872850e-02 6.303595168585640174e+00
-1.429222121654097344e-02 6.282562316733104169e+00
-1.721603314654375494e-02 6.301098877580662005e+00
-2.096064634391207882e-02 6.311628791254184634e+00
-1.913430016750095053e-02 6.315570774675535404e+00
-1.675103869765674769e-02 6.295702424889549675e+00
-1.662387466084669363e-02 6.315867444347293080e+00
-1.674218750334238726e-02 6.303113703653535183e+00
-1.831385627380663350e-02 6.302393128318833249e+00
-1.847924960996061294e-02 6.305222463474438932e+00
-1.791741057337289944e-02 6.301966390541493546e+00
-2.034972409188919029e-02 6.313035049391471532e+00
-2.210100274302785606e-02 6.311718050262023816e+00
-2.157744490931273046e-02 6.308683099349480017e+00
-2.051167606353741096e-02 6.318077031537129074e+00
-1.698501777456914996e-02 6.299930775292027718e+00
-1.723941024450734161e-02 6.286762667833744267e+00
-1.780858024622064550e-02 6.318375214893603875e+00
-1.779689361896380495e-02 6.302957530966417643e+00
-2.094277887068220212e-02 6.314161644026540898e+00
-2.032390268568737279e-02 6.305817441267955736e+00
-1.958074465878943682e-02 6.296516825803982087e+00
-1.917434513712465427e-02 6.307528496131729057e+00
-2.044279680344397027e-02 6.302779460966521086e+00
-1.993944462220953451e-02 6.311236581805037993e+00
-2.093739070576108863e-02 6.319909369198958515e+00
-1.793414161298047260e-02 6.302285531015241915e+00
-2.083671334593163726e-02 6.315856917120724390e+00
-1.917167328876936971e-02 6.308884139594978180e+00
-2.007958253247325159e-02 6.313960702116498069e+00
-1.929329069082899584e-02 6.299494684856298043e+00
-1.987322151885197175e-02 6.310572061631109619e+00
-2.429032350900504900e-02 6.317578571801013787e+00
-1.896221795284128153e-02 6.311024642290810505e+00
-1.941182522204810967e-02 6.312104618493988184e+00
-1.867664840937166559e-02 6.303692590271206875e+00
-1.958883509978246590e-02 6.298857105645427445e+00
-1.895154559984832399e-02 6.311224316357598951e+00
-1.584256977467228544e-02 6.296961423521040935e+00
-1.877343789023480647e-02 6.301490515064881670e+00
-1.689069712176168025e-02 6.309906056152815523e+00
-2.209343320883762340e-02 6.297819951960812013e+00
-2.081672662791952955e-02 6.308485392351815157e+00
-1.859015526351337488e-02 6.303658153054448654e+00
-1.965118062623917583e-02 6.302004129784141817e+00
-1.888299758617072860e-02 6.307273207071726340e+00
-2.099851926086229725e-02 6.307474351025859072e+00
-2.117742861138720983e-02 6.309858859171259660e+00
-2.006380000088272414e-02 6.308164731085634358e+00
-1.925679543222595658e-02 6.316802332999294833e+00
-2.066182214014072177e-02 6.307615178183492155e+00
-1.965099155090356542e-02 6.317820970285285220e+00
-1.394567327435795867e-02 6.290635556425263175e+00
-1.570058304526204818e-02 6.308232004257201986e+00
-1.840951670038863675e-02 6.298982897441086415e+00
-2.141853332763395124e-02 6.309143169851462396e+00
-1.898887398357945733e-02 6.310056331737946778e+00
-1.581153647100225212e-02 6.299596706591795936e+00
-1.881520003275695407e-02 6.307894001811288121e+00
-2.047260816285570439e-02 6.315570718030109276e+00
-1.820318454989665324e-02 6.298424905597362233e+00
-1.775124058754085077e-02 6.302033078630877583e+00
-1.938688958041469290e-02 6.311105719081770538e+00
-1.876125040115321496e-02 6.298630678984284081e+00
-1.857191727261921221e-02 6.302719350521311270e+00
-2.260652426687181221e-02 6.314228939929108719e+00
-1.961478323701387749e-02 6.306007428099183798e+00
-1.941726298755187818e-02 6.304429647643170043e+00
-2.142357666471550459e-02 6.320002162017329006e+00
-1.832987994221721428e-02 6.297525879785185410e+00
-1.566825752163922281e-02 6.301465521546544934e+00
-1.673510749724227420e-02 6.305938757091250402e+00
-2.157983811751913727e-02 6.313180414895029458e+00
-1.696371748774123944e-02 6.293063937795438711e+00
-1.818188627265306112e-02 6.310880215770922064e+00
-1.539737117656020393e-02 6.288183817795915509e+00
-1.894006106251463345e-02 6.299999851661633343e+00
-1.926613778944719080e-02 6.309763490943738340e+00
-2.156485167122491886e-02 6.306994387579208272e+00
-1.983405076928802802e-02 6.319662852963447541e+00
-1.932329811520354379e-02 6.307825440085752966e+00
-1.895575995375557710e-02 6.305193921543529534e+00
-1.850756600845311628e-02 6.315386864482678497e+00
-1.413965876634772079e-02 6.282644988014617127e+00
-1.892180331300660767e-02 6.316519623744267342e+00
-1.906734454935046785e-02 6.301526768797717892e+00
-1.835644963935907648e-02 6.297234597651867105e+00
-1.739274195934815970e-02 6.304594977435381331e+00
-2.016824403873157534e-02 6.305501534775434180e+00
-2.136914931791503158e-02 6.312715569420025652e+00
-2.115916999361281553e-02 6.316026591626285658e+00
-1.785893787744430306e-02 6.308251113757552986e+00
-1.912113749750359026e-02 6.311112127749543887e+00
-2.015426253635639597e-02 6.312963417768420626e+00
-2.213164994900759797e-02 6.310766206606085227e+00
-2.012742712596550521e-02 6.316972344116344118e+00
