1.295033313076071613e+00 1.014381141012527632e+00
1.206954117564400519e+00 1.589360315300372584e+00
1.256086584586954658e+00 8.897106332672074513e-01
1.362494706254625099e+00 4.060545957771026337e+00
1.416677122299909719e+00 1.325385597663658155e+00
1.341800330126376783e+00 4.490996310024539362e+00
1.064226665178364284e+00 1.242989486917949638e+00
1.002889748893914135e+00 8.275272580550891988e-01
1.034176573387655118e+00 5.398800838152070236e-01
1.256742494254539988e+00 3.180916896693085416e+00
1.437277016891051362e+00 6.017154366448784764e+00
1.079514914877768739e+00 8.786152481967051120e-01
1.136370069225857593e+00 1.559622420351894689e+00
1.212357473112030570e+00 1.314657942001566271e+00
1.321250416492374180e+00 2.572650351326424278e+00
1.462741111707569042e+00 3.475592603042350515e+00
1.420224598007333139e+00 2.790490372933852381e+00
1.224359564055958582e+00 1.548027888373753269e+00
1.069739550925338456e+00 4.685883518362795819e+00
1.307104976049441314e+00 2.266790842884415014e+00
1.286442804032363219e+00 1.652956690605368761e+00
1.405100847373279338e+00 4.646163200779798608e+00
1.305116312630519859e+00 4.491881534232932793e+00
1.148220800779360173e+00 9.040059752089957268e-01
1.488466110678842824e+00 4.162702790193516300e+00
1.525931280263023826e+00 4.697779616335414410e+00
1.215694325103451767e+00 9.892373066118819169e-01
1.076146597721694631e+00 6.170164138880833704e-01
1.086315159173852463e+00 9.553764030637190707e-01
1.112154471947489620e+00 9.407156975831996171e-01
1.134697370054649657e+00 7.726477092445039885e-01
1.450437062141412436e+00 1.885196754414985243e+00
1.014996374229557130e+00 5.327540918343361964e-01
9.787116963068125397e-01 9.682543338966902446e-01
1.332118731631920516e+00 4.202391260895708136e+00
1.256420934036404757e+00 3.875522714139805647e+00
1.318588820296441977e+00 3.512734253465926493e+00
1.476457294044627000e+00 4.089854927433290044e+00
1.484989553551217201e+00 2.766221111782519060e+00
1.170585933931121536e+00 9.634386411420241547e-01
1.365629904962538888e+00 1.193891214667558431e+00
1.060035045965032285e+00 1.340096752628503030e+00
1.453454956647379781e+00 2.563689092376883139e+00
1.011003042095496518e+00 7.743647561843979288e-01
9.791308194197797521e-01 6.766288124845805108e-01
1.409911780536337478e+00 4.710828148628844581e+00
1.334757073817051776e+00 4.784749596540176952e+00
1.267144051838182239e+00 4.606045901061913916e+00
1.391664594907413566e+00 4.128921646347667895e+00
1.110461708683922355e+00 7.133846188885346606e-01
1.131928945560508382e+00 8.152950295237776368e-01
9.447086522917735874e-01 3.261465276763668153e-01
1.183714933133892533e+00 8.196069804352424937e-01
1.040058802606864674e+00 7.911535803497274921e-01
1.147972073074742694e+00 1.934421642967396382e+00
1.112319775761307694e+00 6.640676215139877936e-01
1.259022966837782365e+00 1.289843026769907031e+00
1.469373704896617561e+00 4.389314544513152505e+00
1.357858444634782780e+00 1.929888946108481607e+00
1.203643843433047866e+00 1.017179877321208181e+00
1.199303393382000760e+00 1.069229948141284803e+00
9.902333268521533727e-01 7.101288172035523649e-01
1.201147070012779094e+00 1.847831653058421564e+00
1.293415797300054848e+00 3.340288302539640597e+00
9.746386976376315570e-01 6.346686582234175589e-01
1.333911486806205637e+00 1.595468673691136541e+00
1.415126523721695451e+00 3.148844220637933677e+00
1.243998139556036886e+00 4.856777159362796858e+00
1.072242932039695118e+00 7.389342797577471700e-01
1.513281361695782090e+00 4.385127315547776128e+00
1.150841352817908447e+00 1.540350500141077328e+00
1.289154971657486826e+00 2.925960825709743585e+00
1.290401951440847128e+00 1.363490851804270321e+00
1.201988988019327742e+00 4.406838279642381728e+00
1.003350736061618065e+00 5.638876470493221493e-01
1.359296810254129406e+00 2.837692041346713712e+00
8.842903722568928870e-01 5.587062338984235543e-01
1.236527929656618063e+00 4.819886029623324575e+00
1.471242789624925384e+00 4.663752621221351369e+00
1.343383444654181247e+00 2.760437517471458158e+00
1.119629481134648108e+00 9.636736252808206782e-01
1.205754530612745290e+00 1.433450741041695453e+00
9.586016016484820712e-01 5.257261966345140314e-01
1.424728387570941557e+00 3.039149159099310715e+00
1.252456859928591015e+00 4.871711032039694800e+00
1.259489679832926257e+00 1.259757596319220463e+00
1.076593232851569937e+00 1.200954923994590029e+00
1.149209094411712817e+00 5.508529500108139132e-01
1.121897316973209158e+00 6.943387680441884813e-01
1.385361813364518691e+00 2.012697819296128010e+00
1.283668442570760071e+00 1.034735274219388490e+00
8.833539643155805532e-01 7.125988000756064977e-01
1.028137000119682787e+00 7.198449660518275728e-01
1.372306038342631540e+00 4.351654756213727993e+00
1.191580666649614484e+00 8.862930044746207825e-01
1.356467854305272835e+00 4.409773757323740107e+00
1.121504180053633171e+00 1.406621688923038294e+00
1.195430178688275058e+00 2.529180928082395141e+00
1.309090722459771650e+00 3.655453523785531456e+00
1.224025522467247162e+00 2.148861856160273920e+00
9.671619125063477540e-01 1.372544080146703704e+00
1.469838222306470321e+00 4.567869015495721996e+00
1.301213607642004000e+00 2.267558660894980704e+00
1.204164980689003572e+00 4.691642283710540262e+00
1.236098540659764655e+00 1.523343638573768866e+00
1.294362918674027529e+00 1.616656711944244984e+00
1.105665520967820337e+00 8.641214300705709617e-01
1.403052254288067013e+00 1.266779882377078836e+00
1.228321638417509742e+00 3.368137977994261956e+00
1.295326554092645299e+00 1.709162582588692247e+00
1.230901414258273707e+00 1.072317747404796906e+00
1.210641457305377200e+00 2.676353119579680140e+00
1.110940174423956872e+00 6.939841957620362933e-01
1.250305353247224804e+00 1.403265330134977340e+00
1.655647188647879409e+00 2.577240190504962669e+00
1.468577524176376548e+00 1.410172083038256918e+00
1.338771647122733555e+00 3.149601813187392185e+00
1.251804803040463820e+00 1.244532947953554736e+00
1.197423773012058046e+00 1.885666168622871064e+00
9.923954640795599191e-01 7.018534685729699296e-01
1.281163571740761675e+00 4.951991408952387985e+00
1.298546637348460875e+00 4.089739567261927000e+00
1.476569583377366657e+00 6.540527067303528952e+00
1.440728729583333090e+00 2.962704377380101395e+00
1.370735399757766926e+00 2.667647407791244873e+00
1.054009397618506982e+00 6.905251361950759392e-01
1.220940502521467907e+00 2.047096674956112583e+00
1.171079272801119453e+00 1.389181054590022057e+00
1.299094193796524133e+00 1.433232573116360653e+00
1.503904145404833415e+00 3.407133070114437778e+00
1.111114055462725680e+00 7.824940840811753784e-01
1.130495517335265987e+00 1.016627281212268530e+00
1.321614979784608179e+00 5.114213130617853764e+00
1.339176727119451238e+00 2.200608661854119852e+00
1.116046811572463104e+00 8.240970636868711896e-01
9.504809547099544176e-01 4.710493832344657128e-01
1.197141954427398236e+00 9.214397770251276931e-01
1.287002661858708041e+00 4.295625386930928435e+00
1.111442711955964446e+00 9.151454495844691950e-01
1.317263624851614301e+00 1.867558849844905389e+00
1.297313357496777453e+00 3.126695928978051153e+00
1.211981571901689980e+00 7.971066780686539843e-01
1.380106014557839655e+00 4.257302700297819875e+00
1.179447374659525538e+00 6.370365882355272236e-01
1.122636925845825751e+00 1.258086225227082799e+00
1.071220702502869937e+00 1.303223745461772998e+00
1.267256686125828979e+00 4.661917261814997104e+00
1.399313252301815691e+00 4.894445122473275234e+00
1.064766799315354451e+00 7.428768354036565658e-01
1.472252128697791651e+00 4.579019729831921737e+00
1.054905369921093516e+00 6.808330693666044819e-01
1.200258030804800313e+00 9.051960883636808175e-01
1.476198962118296487e+00 4.210521778045064778e+00
1.339781501001038322e+00 1.690205322644651176e+00
1.457132520582263169e+00 4.613097614444382266e+00
1.094039409799822060e+00 7.779159922997883614e-01
9.801536317372926410e-01 8.878867466607341941e-01
1.396571666136317003e+00 3.583141049299541692e+00
1.459039621094155637e+00 2.236151219281755864e+00
1.205024548573429000e+00 1.603716909867257456e+00
1.228267293633620083e+00 1.702404621986900457e+00
1.309281490680221038e+00 4.751198251979841913e+00
1.195128397989790647e+00 2.548730476816256640e+00
1.182892315352407797e+00 7.501023404279216766e-01
1.303657447696715765e+00 4.474000255843447960e+00
1.381905596627913235e+00 2.209231648274206705e+00
1.218957730885771973e+00 1.118453704510149915e+00
1.343622651132207135e+00 4.357127463337453932e+00
1.008796698300988837e+00 8.413189604298493274e-01
1.121268764904302717e+00 9.265203602443952136e-01
1.259828303242349623e+00 1.074874634728312461e+00
1.185731082064586328e+00 9.227890722447782412e-01
1.179518018499787546e+00 1.781045837898155515e+00
1.454985036448227964e+00 4.352624568909315705e+00
1.337578388365620263e+00 1.299069582580332893e+00
1.139393002528766408e+00 1.230281565366788010e+00
1.358368000687355304e+00 4.152529053576926366e+00
1.288607046831866887e+00 1.160775813593098116e+00
9.420229018551826705e-01 8.099362567448450401e-01
1.178608513127427093e+00 1.489613353390899508e+00
1.389079777572195473e+00 2.469449529042671010e+00
9.897036490484464322e-01 7.980369394207519340e-01
1.181639635697047552e+00 8.016257368892845125e-01
1.260725917740288970e+00 1.526642642076615042e+00
1.266637951435014342e+00 2.301346556780063057e+00
1.290566796010257145e+00 3.685482817221795937e+00
1.397796270837474264e+00 4.685252289059104847e+00
1.372770719762221203e+00 4.437528023789486298e+00
9.189502577608963385e-01 9.377519189194777338e-01
1.193576092208367134e+00 1.783867401108758521e+00
1.051962148899235450e+00 6.557213701455721910e-01
1.039368003328356993e+00 7.580209577215332173e-01
1.298178359201737520e+00 1.602286560381394942e+00
1.241954855589652462e+00 1.143801828019941791e+00
1.382723243812404412e+00 4.681222405384425578e+00
1.040905726800674724e+00 8.764401800434173939e-01
1.153111213023758630e+00 1.387430134854307440e+00
1.235853843849283429e+00 1.266750233571492634e+00
1.057484363751988177e+00 1.276778621353334975e+00
1.452992102194264668e+00 4.563538103351660880e+00
1.181252016582692521e+00 1.900104986323454925e+00
1.258062213651782058e+00 1.291935495592450911e+00
1.062500835512051767e+00 7.030824931314698656e-01
1.408658518485550903e+00 2.179292895655860818e+00
1.096952503817164137e+00 9.866262070765635661e-01
1.519754275510583286e+00 4.365888968981201934e+00
1.483971846152335239e+00 4.603053151803041310e+00
1.319003168905694467e+00 2.502578726470442216e+00
1.201765842491571368e+00 9.985857237568078748e-01
1.035602075780498232e+00 6.566228517349153027e-01
1.463870026237577671e+00 4.729595658037350603e+00
1.088099174626745880e+00 4.574079703684853726e+00
1.265690574975540716e+00 4.575295312857198482e+00
1.348479936948740354e+00 4.031887567013488827e+00
1.420278442996088852e+00 4.918598969550797229e+00
1.020410371212132628e+00 6.008423034833659804e-01
1.308182601044307392e+00 1.795086196130127210e+00
1.182544834199805939e+00 1.277236339375511065e+00
1.324814399893903705e+00 2.348730802780482296e+00
1.214059400996825300e+00 1.685139142947821522e+00
1.082933580072831692e+00 9.422947811950294073e-01
1.024114636508429710e+00 4.171775712795602331e-01
1.493999415508301398e+00 2.332637568644733150e+00
1.429619776507064621e+00 2.148788368235806878e+00
1.282404514794121431e+00 4.648288384496919612e+00
1.359929115401855793e+00 4.996054687332032174e+00
1.418327639581440813e+00 3.850729274264884872e+00
1.256984357047595591e+00 3.094483421553491986e+00
1.261131243926977508e+00 1.068396717165019050e+00
1.205311693663121630e+00 1.907771039484370990e+00
1.240113435355640004e+00 1.377119524069849943e+00
1.198617783261243463e+00 1.573976977820121803e+00
1.081728221828141434e+00 7.609697928998143679e-01
1.155827272730107769e+00 1.358060013414355893e+00
1.303908841419224807e+00 2.435117989917989334e+00
1.014301139953630582e+00 8.066528821264933313e-01
1.327512638485866425e+00 5.888087657687705700e+00
1.360230207009094805e+00 3.275354632830683066e+00
1.304455098081029218e+00 1.414110891952122584e+00
1.375923671835223017e+00 3.266125496355421376e+00
1.212260640549188251e+00 1.396606388718905523e+00
1.330504389571198320e+00 4.931761385367159356e+00
1.493268707872552170e+00 5.352791830176323096e+00
1.395385108101042215e+00 4.693723184023516737e+00
1.269119538735314245e+00 1.198501407341441727e+00
1.263780279023837272e+00 4.150538857038470475e+00
1.247442655422129398e+00 9.122959916637084499e-01
1.329751965676827297e+00 4.175696788996553721e+00
1.150905052865085265e+00 1.339733341422449486e+00
1.177259538344754608e+00 8.129582412030165184e-01
1.249578624908086466e+00 4.624554589864537490e+00
1.359692235434617702e+00 5.180193215323035894e+00
1.231000429786525574e+00 4.779548240043795637e+00
1.213750992302765619e+00 7.552259528927566246e-01
1.362516140206873505e+00 1.578777239222727502e+00
1.130822451993142685e+00 8.630291442385664702e-01
1.414414563513380463e+00 4.277404032614009033e+00
1.099257481823781246e+00 1.097355414979964694e+00
1.158926903616236403e+00 6.162792514854383841e-01
1.186103847230117525e+00 2.132189238602542947e+00
1.198522852988354259e+00 1.444120280466338002e+00
1.516194197321576231e+00 4.355261668761026606e+00
1.134472886262605007e+00 8.879889368966762397e-01
1.060576086587672107e+00 7.254315426240847131e-01
1.225802022368164490e+00 3.512009013281094827e+00
1.088933201870351031e+00 5.875626420263961869e-01
1.114111952534546868e+00 8.116570769858187928e-01
1.245152084172626683e+00 1.792047593201067546e+00
1.446292918688309115e+00 4.753358200663236666e+00
9.106172111219480447e-01 6.793590292881446224e-01
1.422084979085729506e+00 1.256588897983216713e+00
1.007704213800852289e+00 9.128563888980940622e-01
1.483615757364345589e+00 3.760979190430512542e+00
1.164777434347378238e+00 9.755682537418836064e-01
1.038529977059135856e+00 1.114037848038367473e+00
1.055132039192550497e+00 8.297033657598253953e-01
1.196505590003591912e+00 1.719489874284718223e+00
1.333024695635476320e+00 4.883999988586085195e+00
1.407734918899119281e+00 1.364892398360713521e+00
1.370183053415666707e+00 5.076491938583536978e+00
1.249189378203953371e+00 8.783659354816925058e-01
1.434587287450352466e+00 4.558001891991813714e+00
1.462236849977015085e+00 6.660989307079323574e+00
1.239492796478639081e+00 1.755481477821849268e+00
1.152879963744892544e+00 1.716424541124107694e+00
1.192152325356639730e+00 1.844399082344081453e+00
1.139872473414633713e+00 8.755990553238522933e-01
1.203798729886520036e+00 3.960998246851476168e+00
1.077856715296516832e+00 9.007592092539268291e-01
1.401295982171019361e+00 4.305349570149677341e+00
1.338636475564828787e+00 4.817856663409049389e+00
1.217249802659452484e+00 1.354471615928628303e+00
9.868503255795282314e-01 6.054106078544438940e-01
1.172580201618329765e+00 8.088911040579895850e-01
1.124176240764676482e+00 2.346024052149304318e+00
1.359151786476798351e+00 4.406199572005657927e+00
1.622263590817897727e+00 4.558705026556048701e+00
1.444385875997895585e+00 4.178453933604909132e+00
1.304236947687027692e+00 6.599793690304562865e-01
1.314987987802571867e+00 4.664048548519061477e+00
1.315525558360572722e+00 1.652716463875720132e+00
1.359871065455072303e+00 3.052061491158349238e+00
1.444735172635175147e+00 1.950718684581976614e+00
1.268029910808008864e+00 2.030257152205087401e+00
1.286486876563137427e+00 4.925769141199293877e+00
1.315668634327012976e+00 9.947360718431245141e-01
1.025446020664260161e+00 7.075726299386336793e-01
1.188738813438195985e+00 7.205977963424164967e-01
1.116429121140073422e+00 9.087558631590952896e-01
1.358747688304832613e+00 1.706345937526743128e+00
1.012284803377183184e+00 7.346667028849347414e-01
1.250877341364595052e+00 1.228819754440564793e+00
1.106753182534569335e+00 9.613826999597805401e-01
1.213066458783249590e+00 2.504996162626208722e+00
1.242231245428457198e+00 1.231476294194396859e+00
1.377947972128911847e+00 2.670606186841362639e+00
1.008072977627161970e+00 6.089098834125246107e-01
1.166974769290341607e+00 8.020964257929038554e-01
1.400686797722824783e+00 1.277930162478050802e+00
1.246246335035899655e+00 1.133807257383518730e+00
1.239592202001962296e+00 1.286073928899116092e+00
1.185609559237860822e+00 6.277651208444798847e-01
1.228883530683865910e+00 4.681614356078365624e+00
1.341975079613354271e+00 4.799562122264140029e+00
1.245518750629514226e+00 9.791067117709943979e-01
1.031322344872759089e+00 8.772378565382965565e-01
1.210660679000706175e+00 8.776833570420716768e-01
1.266055476019945836e+00 1.932933719565883557e+00
1.466556234946916559e+00 3.589084264920031409e+00
1.373699775702575065e+00 3.780343245382516759e+00
1.508216124747267184e+00 3.560939613880011567e+00
1.479736673670592362e+00 1.934845511236186644e+00
1.046293048685305704e+00 7.215941109477697069e-01
1.167517315875959083e+00 2.047038549117603079e+00
1.269126427301923377e+00 2.168481071395966797e+00
1.298295340136880194e+00 1.268631748214510413e+00
1.126210265607777927e+00 1.197687493057790320e+00
1.441165676778938476e+00 4.369948067218333954e+00
1.454267357023095064e+00 4.191089487127132251e+00
1.247579427182495593e+00 1.296483118834986348e+00
1.210489228123868610e+00 2.005691063086703085e+00
1.328889920100835731e+00 1.743039654388841564e+00
1.001930691460599654e+00 8.184681636221701195e-01
1.240539426675412837e+00 2.430175192370982451e+00
1.373374163204809317e+00 5.476710975985684904e+00
1.243693659845064969e+00 8.542186126763360310e-01
1.366676687524707390e+00 5.056424283571363532e+00
1.288058659957266983e+00 5.302094923565856099e+00
1.243095904368880511e+00 3.976572198949966719e+00
1.342484909822448946e+00 3.164583563137539635e+00
1.251891694818005663e+00 7.498513549726741889e-01
1.243459608313381315e+00 1.004089510980216149e+00
1.171988102141095389e+00 1.890248202726947158e+00
1.180536094868721575e+00 1.279602918662897659e+00
1.271129598799611404e+00 2.573670296318701922e+00
1.116844555946862272e+00 1.124642189934749181e+00
1.243211800705330772e+00 1.138929185896584206e+00
1.090442743758019528e+00 1.191963157748845425e+00
1.256188537605131827e+00 3.008580905289619079e+00
1.290383392066501989e+00 1.851136909427990807e+00
1.348111004019044268e+00 4.621811962252849959e+00
1.228142777310805567e+00 1.980281956844967661e+00
1.315178378229932221e+00 1.736296904299596378e+00
1.373088078403983836e+00 2.614485988952637729e+00
1.223740791782673920e+00 2.717156882262323325e+00
1.214196185678728446e+00 9.432086537616024557e-01
1.362032836846819972e+00 3.483688205618038047e+00
1.497009082175595474e+00 3.908270551934817316e+00
1.319154679209250558e+00 5.436750790718365423e+00
1.226314043884042304e+00 1.733483212313382982e+00
1.300111493600058621e+00 2.528870881918135805e+00
1.279880327969491693e+00 9.262599169488698880e-01
1.316652896290912755e+00 1.815358904498183490e+00
1.120813239686836660e+00 1.990309439951693848e+00
1.314838691699059314e+00 2.471718450986239990e+00
1.433784141564765413e+00 5.012258855251659817e+00
1.414607409212522482e+00 5.452356089359877700e+00
1.249991183003884343e+00 4.188793096219758816e+00
1.072421970840508054e+00 1.053834917400298776e+00
1.540985276290796069e+00 4.741627336979155949e+00
9.737714259901226743e-01 6.161553624301797649e-01
1.234447947843508864e+00 1.798638078922207617e+00
1.057805570917376592e+00 1.282492859715097078e+00
1.310760600488695360e+00 1.240311524322275982e+00
1.454073474774470132e+00 4.472910702592795218e+00
1.280545761975218300e+00 2.142151163551428539e+00
1.229338264117843860e+00 1.800144598855140332e+00
1.326998844399394084e+00 4.880280775133217119e+00
1.018141614987281063e+00 5.896402840783432353e-01
9.962970722967888770e-01 4.347889149330957936e-01
1.324132526051075232e+00 3.185142333181435692e+00
1.239373196700109592e+00 4.082738397738340907e+00
1.454065663320311730e+00 2.676367764089345513e+00
1.337324957145862303e+00 3.962470951479591275e+00
1.304659966092632351e+00 1.081772953853574970e+00
1.335834974621871840e+00 1.584424894447785448e+00
1.193411421183459664e+00 1.636966714914476428e+00
1.241892896681501046e+00 1.633603749264694205e+00
1.120943716091298503e+00 6.262677347727366728e-01
1.192315159747588948e+00 5.807245380108740918e-01
1.324508002670741202e+00 1.945800440368445461e+00
1.081934542908583152e+00 5.471662973564972443e-01
1.290659941146689693e+00 2.777971375189440373e+00
1.291053261564454546e+00 2.048591372204120908e+00
1.386564530264206452e+00 5.042403826446926196e+00
1.273815318468213720e+00 2.349914767168261420e+00
1.189085554645370024e+00 1.552450800245841034e+00
1.328712685145226224e+00 4.940975628003601905e+00
1.329620042302358085e+00 4.719802050833627582e+00
1.410605063334843923e+00 4.566359303172668582e+00
1.070516080885501875e+00 1.228720542373070934e+00
1.071093613820804036e+00 7.500849045721370567e-01
1.416419971041492865e+00 1.482720874549106060e+00
1.076130269834157271e+00 7.369243725648448873e-01
1.071402431322039384e+00 6.322062610382989112e-01
1.290204206228770190e+00 1.802809006214703524e+00
1.494512349084203828e+00 4.573673048798241325e+00
1.218099174442821564e+00 4.894243918850730068e+00
1.164738885748366037e+00 8.436974740078436730e-01
1.372225231705767046e+00 2.256475981883678372e+00
1.475222242575412013e+00 4.485291726792934419e+00
1.290227379675464192e+00 4.242741481376527624e+00
1.221708668024056976e+00 4.346719842587403626e+00
9.476122538897830960e-01 5.254973793277579741e-01
1.346223916441886770e+00 1.709616305011779636e+00
1.090642332469674347e+00 1.246663193944407499e+00
9.812993800292488800e-01 7.640977815388706462e-01
1.211342908021729281e+00 1.397285640734212908e+00
1.508382255415756434e+00 4.055575712356534801e+00
1.443785395023784224e+00 1.837827241607165041e+00
1.252780030187286897e+00 1.034212538890575184e+00
8.753157630509480480e-01 5.281939315448399563e-01
1.452544265859134320e+00 4.175215256085394344e+00
1.079648697980044592e+00 1.471734217503134934e+00
1.073213342719352426e+00 8.671738420528427582e-01
1.268908823115323381e+00 4.933740172058739049e+00
1.139843643782313842e+00 1.151388718880304918e+00
1.157673519550553198e+00 6.797907560386928782e-01
1.180976651502482433e+00 8.538497407538566675e-01
1.080717174163083882e+00 6.952125181665157472e-01
1.371607018482744689e+00 3.973899723833930864e+00
1.106595098262755483e+00 7.832758910561450350e-01
1.379776363697099439e+00 4.996688227107683566e+00
1.406965297207137366e+00 4.624289557575919751e+00
1.262658206481975576e+00 4.491923682913991911e+00
1.125986015834032683e+00 8.989258643466465637e-01
1.090205845323259481e+00 1.158094251122963714e+00
1.361272092599745465e+00 4.260546562666814197e+00
1.237601478957097267e+00 3.759965905230182592e+00
1.399318278633846724e+00 3.921113679796137674e+00
1.181280359482405062e+00 1.023197825630196345e+00
1.412363655941966778e+00 4.824966556794383798e+00
1.345211175807457638e+00 4.005083160775555484e+00
1.547546628689407955e+00 4.400437647503959049e+00
1.217936557683832355e+00 3.269821923010013176e+00
1.263527286729663190e+00 1.888286156700908380e+00
1.172555040532479609e+00 2.450961874820386299e+00
1.116080801001423373e+00 8.540550457411284491e-01
1.181213008628743788e+00 1.314352909907159139e+00
1.196573539991787616e+00 1.707035202591282275e+00
1.353960016150238976e+00 3.285007754347645914e+00
1.120253537903363128e+00 8.944824177331048842e-01
1.288840056473013362e+00 4.099296012379205933e+00
1.163371101729842261e+00 4.750342964217673547e+00
1.356128080391975299e+00 1.537033109259670294e+00
1.226503043689959993e+00 1.090215618126349595e+00
1.348678282730694233e+00 1.471809707651063448e+00
1.240899173777045839e+00 9.996232108119637028e-01
1.353444416255892735e+00 2.525944291789309126e+00
1.032415086714333352e+00 1.212352982563000614e+00
1.501428089165425472e+00 4.736977845089442418e+00
1.137197126647693013e+00 1.019105674019157526e+00
1.471811789042536400e+00 5.038667608073073012e+00
1.269150291597752389e+00 2.030864869100068137e+00
1.043063185608183119e+00 7.761889627510659695e-01
1.212398657714257810e+00 5.059116395340649497e+00
1.341176720865253635e+00 3.925430118271635127e+00
1.146907413528378772e+00 1.350605253074016021e+00
1.191285016940318409e+00 9.684821993096834891e-01
1.352739719213898351e+00 2.205969029085583788e+00
1.601914596551696990e+00 4.565395805020173725e+00
1.044503735396528521e+00 9.418033424558208688e-01
1.255894277275977133e+00 2.042323426313129797e+00
1.462785346423815191e+00 1.885978629949319307e+00
1.096328836156917896e+00 9.180867623628976570e-01
1.258026053229729380e+00 1.764293885502950410e+00
1.140286824491256956e+00 1.904450403875721953e+00
1.091796209047182664e+00 5.760342768505907207e-01
1.174460848484130793e+00 1.484816295813788711e+00
1.347415544861356285e+00 4.766242703352579824e+00
1.491215688266378292e+00 4.738794711285688521e+00
1.388968573067654644e+00 4.279242711148884659e+00
1.263262213646965781e+00 1.310535167426004621e+00
1.349742239373447283e+00 3.202689865057111174e+00
1.144070592189704527e+00 1.012960646637239837e+00
1.134528819228985297e+00 3.766225965887479710e+00
1.286632838113879629e+00 3.663038255337633942e+00
1.360600780687785782e+00 1.640205893523935643e+00
1.623038889677954622e+00 3.385479679189068669e+00
1.373460059481478313e+00 6.032812378326137370e+00
1.240985489101814832e+00 1.517783153400748208e+00
1.402778761748875169e+00 4.634964648025451162e+00
1.272098966179403101e+00 8.000527851281314939e-01
1.006351054375366427e+00 5.917900373702696948e-01
1.229462594878643289e+00 1.354517191526254383e+00
1.300661188395010326e+00 2.996042897810699213e+00
1.470858972843189560e+00 4.554049534962182122e+00
1.394300102832518373e+00 3.594544097422583295e+00
1.330144050633853547e+00 2.240722773236174969e+00
1.483984408153876888e+00 2.528718415222607874e+00
1.182066551424731271e+00 1.786027949053418773e+00
1.379407841214087993e+00 4.620158511988998740e+00
1.037550338809877459e+00 1.230890061968701543e+00
1.498795305415351553e+00 4.849415326585711838e+00
1.515012688152260534e+00 4.521183141769987479e+00
1.297056781682976112e+00 1.363995286562814213e+00
1.280740588241946254e+00 1.945155127470560741e+00
1.428669744327223379e+00 4.346712579975072543e+00
1.284774428984677863e+00 2.065453536267399581e+00
1.320808865234572194e+00 1.635182915772329881e+00
1.339508671401246520e+00 2.007166254374653569e+00
1.338869169516477609e+00 1.579986037258751086e+00
1.201233022952128637e+00 9.893966704415512181e-01
1.278046939535747217e+00 3.952941901671366498e+00
1.359978573672490754e+00 4.128684076467536102e+00
1.122210041671787950e+00 7.871745924514251813e-01
1.085263576324489998e+00 2.421921892810064314e+00
1.227266379326851231e+00 1.541578571468543712e+00
1.227707500268095275e+00 4.827913121037975763e+00
1.254654369690142657e+00 2.926914014198532143e+00
1.288506989437741446e+00 4.144773208307551471e+00
1.217306539258297571e+00 2.129469957088583332e+00
1.244526869844666983e+00 8.269210370861401760e-01
1.310867575282042674e+00 4.622271976194361365e+00
1.236286404562055186e+00 1.957934264177495276e+00
1.244719077857182610e+00 5.018916384800576225e+00
1.389496371786257845e+00 3.116226809346255511e+00
1.255350463053783283e+00 1.010452099734903353e+00
1.190682586468809978e+00 1.242777691633053072e+00
1.323660440896593293e+00 4.889232587074649139e+00
1.210907792896864343e+00 6.850823114909324607e-01
1.006517651910382671e+00 8.160426212145417413e-01
1.286679756052385271e+00 8.606099405054413731e-01
1.532665687034670432e+00 3.364305780783857003e+00
1.328454288398422500e+00 1.827651251047557324e+00
1.260394765006805473e+00 5.001899204607642702e+00
1.092961918256768028e+00 6.684600328808806280e-01
1.302845348788297386e+00 1.807857943480784657e+00
1.289764834025289186e+00 3.461139177727520888e+00
1.362542598256073045e+00 2.621506797774526554e+00
1.204374451360286535e+00 1.764864476127076198e+00
1.050373343789208880e+00 7.829182703943330379e-01
1.379508144223017929e+00 3.434992451084269760e+00
1.204715319927673001e+00 1.221742936824333770e+00
1.308961977909606889e+00 3.525839897753824115e+00
1.303852436732899189e+00 2.168204858840197424e+00
1.286814334424881467e+00 1.867199590175317558e+00
1.089613562015389947e+00 8.001426089785883544e-01
1.412302886899400312e+00 1.532323219063479458e+00
1.223538628761091429e+00 3.916353094961464443e+00
1.165220149527710802e+00 1.769369082198807730e+00
1.344271157205434664e+00 1.686865845186584556e+00
1.151961641999480257e+00 7.248483711399974494e-01
1.489547638333527546e+00 4.643211816426019212e+00
1.282984640426779954e+00 2.450167921853160014e+00
1.422601322857420802e+00 2.336801475393594174e+00
1.110050298700344884e+00 1.007305000519526317e+00
1.074803155219897777e+00 6.900337638434395071e-01
1.355577880227539334e+00 4.472854988969642065e+00
1.166511633548886318e+00 8.634871786946323180e-01
1.249790163192660897e+00 1.241978374783800465e+00
1.191006406888214686e+00 9.007137764350479081e-01
1.378267146830931100e+00 1.727153743946742370e+00
1.184043590361970821e+00 1.731455229945801921e+00
1.233525473959857122e+00 4.684609583081558171e+00
1.478140451163178160e+00 4.819420305475799360e+00
1.625865416472533020e+00 4.020503564295834664e+00
1.283300165008384397e+00 4.168625004224272068e+00
1.275280145739033255e+00 2.280721687561187760e+00
1.181354995663161045e+00 1.291624063836317005e+00
9.344226981843501978e-01 6.799261916065956202e-01
1.197771178601221509e+00 1.504583717720622493e+00
1.335315283933697028e+00 1.312260188579531084e+00
1.259537102598812908e+00 2.832679527034209777e+00
1.220041711939173767e+00 4.471717371262579732e+00
1.410003510848667263e+00 4.955579259029501138e+00
1.297723969693018065e+00 4.336816832557857992e+00
1.325765367106714665e+00 1.564735842617129391e+00
1.262906876074499918e+00 1.500012892890280058e+00
1.331761769380868321e+00 4.148431617369248592e+00
1.137322289801093733e+00 9.278498388390733487e-01
9.484008771825531703e-01 4.664940522105071041e-01
1.416354158537963537e+00 4.001410288550771632e+00
1.255166224776489647e+00 2.518576896018628553e+00
1.344130872715795899e+00 1.495092533560311354e+00
1.351108445653626866e+00 2.903615241088425947e+00
1.379050553656126610e+00 1.373936912412741851e+00
1.343115894172260072e+00 2.273027440879259231e+00
1.001718972312060529e+00 7.486549373178068567e-01
1.484960856310092447e+00 4.799675982821422160e+00
1.430871508920685820e+00 4.065879218454402810e+00
1.158791915741591572e+00 1.122191007183192202e+00
1.304904920616327013e+00 5.245004505766179825e+00
1.296014807693079085e+00 1.331904142740383268e+00
1.150911592161980801e+00 9.467804730677863434e-01
1.477298822128641165e+00 5.817546116493654829e+00
1.251791798475399897e+00 3.835680483079609182e+00
1.463383334930427049e+00 1.512467622134542999e+00
1.353936404353279999e+00 2.677062577031022350e+00
9.508221592629020336e-01 5.597848829009789418e-01
1.520435788309865588e+00 4.084732061575285123e+00
1.349037893427366352e+00 4.188079232962456544e+00
1.415880229858176964e+00 4.767600568019622287e+00
1.081978075677109574e+00 9.910399139570352789e-01
1.159768252606330652e+00 1.181391349732002105e+00
1.297274233737111260e+00 2.470635620098553975e+00
1.450677744841179839e+00 2.384469925864491024e+00
1.090922279940073736e+00 1.368664299928625816e+00
1.296527444627778136e+00 4.249253619049614628e+00
1.297555310928583117e+00 8.646372711216668838e-01
1.369322776853577173e+00 2.419524557451242508e+00
1.158534414918306776e+00 1.171110347913185690e+00
1.337590595895287393e+00 2.248571865360101008e+00
1.317707087105948860e+00 2.738918973776998111e+00
1.329231525678171044e+00 3.003756591315653424e+00
1.200990861008262689e+00 1.692566632449127528e+00
1.194940259864208931e+00 1.133523736625636991e+00
1.272297013337875038e+00 8.466980752913509933e-01
1.208139023205628604e+00 8.168764922111014792e-01
1.322062117497243117e+00 1.467779912302655365e+00
1.244478674039060762e+00 1.599399355533805966e+00
1.327033296716630506e+00 2.014454414168528995e+00
1.400221706825216517e+00 4.459961730715297001e+00
1.266946245246225011e+00 4.172061118181338735e+00
1.297159253798914502e+00 2.016796576435970323e+00
1.033585909029350880e+00 4.325871104564035230e-01
1.118079945420624499e+00 8.969841285078256066e-01
1.246554496520086763e+00 1.636973139080559747e+00
1.245448682861949097e+00 9.380088207104101405e-01
1.232846887929576196e+00 1.653986612515784937e+00
1.248745666181741987e+00 4.278433895406691612e+00
1.292590789189099532e+00 8.788186228222931717e-01
1.126306792156394287e+00 1.339327512938370379e+00
1.018311413363341744e+00 7.616275578612298203e-01
1.334603298375269587e+00 5.004042801349442016e+00
1.284638573740204626e+00 4.029898624334881774e+00
1.497153330789027681e+00 4.597298246496124285e+00
1.336240954176514117e+00 1.841165065091358466e+00
1.428167431899604489e+00 4.559736305828840486e+00
1.331288781679777156e+00 1.549082007026898467e+00
1.182910471672269592e+00 8.831524597906474927e-01
1.218719180493871734e+00 1.187740587176641993e+00
1.410919351358912444e+00 4.753292134850593875e+00
1.032975843847328878e+00 6.907143433532290100e-01
1.100041367301859863e+00 1.553170347535637763e+00
1.548208343568587164e+00 4.671529468885363023e+00
1.168128847970303807e+00 4.635966574191345835e+00
1.111699388842630754e+00 1.728623532244075722e+00
1.374504876705123335e+00 3.989220391455150061e+00
1.200214929433479405e+00 4.910265906631013699e+00
1.074401669706547047e+00 7.204364452842589861e-01
1.195992780996647298e+00 2.367019399404910462e+00
1.333244477046527487e+00 4.108104817635798156e+00
1.217350704750721269e+00 1.376718281539435873e+00
1.064842993040536090e+00 6.516722132955735658e-01
1.296863934842864552e+00 1.717608876470641865e+00
1.161906198490688880e+00 7.422640086561147488e-01
1.281448241109593988e+00 1.834319513510438648e+00
1.229729314177101518e+00 9.999656132766928662e-01
1.428838403250737965e+00 4.516828055688997701e+00
1.376681374536899538e+00 4.873070397693301636e+00
1.274920445900902477e+00 3.166656991189511494e+00
1.447740981057375365e+00 1.371331056240678636e+00
1.163665455990050113e+00 1.310050077538936764e+00
1.590685377426995561e+00 4.695813114671071098e+00
1.145787868125991205e+00 8.804846161882868838e-01
1.344343158003845629e+00 1.278372267088175196e+00
1.395704200283558238e+00 4.725668779862186142e+00
1.163459239447848237e+00 4.685711802110691160e+00
1.138824279206955392e+00 7.967472372948086745e-01
1.346551676297085498e+00 1.774486439090939616e+00
1.247529024237972406e+00 2.041554825863693967e+00
1.292426683623119521e+00 2.607568775792902471e+00
1.097018662410362166e+00 9.278001780238711582e-01
1.331814346301462226e+00 1.851451682454347436e+00
1.088257906638303130e+00 8.976764229548945817e-01
1.448761096994097386e+00 4.810116161376109645e+00
1.485792473517709267e+00 4.037535240946867887e+00
1.303813083852193966e+00 2.205152389446342287e+00
1.069810026405419778e+00 8.602784398324847537e-01
1.147799611288945920e+00 1.692224818793902852e+00
1.104660075815406817e+00 9.276179715548140692e-01
1.218196747751031150e+00 1.013841171877430725e+00
1.272286058216155258e+00 1.606715557352133228e+00
1.440600882086395806e+00 4.714620493482027719e+00
1.317898084197366426e+00 3.302441769316970088e+00
1.232284034546390350e+00 1.394886928729804687e+00
1.087903120091087361e+00 1.375097587788450593e+00
1.311949157883526285e+00 2.039401489472171480e+00
1.187083295076622580e+00 1.054971589967903745e+00
1.267475643012535347e+00 2.037101082009674435e+00
1.482823956017838896e+00 4.619410608158199594e+00
1.398080044625273244e+00 2.652116115465716017e+00
1.360366957027245860e+00 1.594929495199515435e+00
1.294169772048857414e+00 8.533691118038156942e-01
1.292191983429068713e+00 1.738754285124745058e+00
1.231372998711396383e+00 1.832127216945639958e+00
1.259980165742988323e+00 5.015654493988734863e+00
1.466298933182915931e+00 4.849877946868718759e+00
1.068844702545729719e+00 1.285853848415163592e+00
1.285519692786370127e+00 3.475161576527398655e+00
1.142943937611486271e+00 1.009702836039399143e+00
1.270714979013924051e+00 1.307557399717020008e+00
1.127161827341831346e+00 8.525657445000671686e-01
1.497159465862440531e+00 4.566787860363787921e+00
1.295994080091389389e+00 4.470869226587467438e+00
1.012098018695568147e+00 7.655042123757771488e-01
1.250007411962367199e+00 1.171455813635139398e+00
1.196099139304148462e+00 1.530201295201328415e+00
1.670924703744639306e+00 3.919060160826323358e+00
1.178224750940120469e+00 3.430150119261839770e+00
1.375782887349372041e+00 1.758958836403139658e+00
1.304368062150056629e+00 4.508278943954716844e+00
1.154332776630330404e+00 1.250562114638445577e+00
1.253899286895031384e+00 3.348068725802239243e+00
1.452660994610008638e+00 3.368259630758076550e+00
1.406186060228284518e+00 1.896923209985362346e+00
1.207293573133616960e+00 2.963354617413152869e+00
1.289974619643832865e+00 1.227938958188605767e+00
1.256278918134487332e+00 1.212874687630126846e+00
1.243074073967907811e+00 1.049150817449257866e+00
1.111287628712249287e+00 9.131423952335255834e-01
1.294508342939174383e+00 4.453507179569673013e+00
1.057825862627969959e+00 9.891718292601205942e-01
1.199442286261202417e+00 3.334312339471329434e+00
1.199218467077427519e+00 7.022937802429557452e-01
1.289804634198262301e+00 2.644422778810153307e+00
1.152772524692028844e+00 9.714173642618567639e-01
1.381138723595631168e+00 8.679156292464779154e-01
1.280459378458644215e+00 3.108627719189179572e+00
1.094455556030388355e+00 9.260730262801940560e-01
1.488270171745314174e+00 4.560828592801485115e+00
1.318549736016405571e+00 6.305127751273670533e+00
1.161894099353990351e+00 1.225097305405641990e+00
1.124803111359461427e+00 7.298806130362462952e-01
1.097877585901757991e+00 9.022044563117744831e-01
1.361644641971123226e+00 3.984680360465979732e+00
1.203459206435828266e+00 5.051930584244236577e+00
1.387754306085745348e+00 1.581780104205980031e+00
1.120362513891126399e+00 1.342946779754715880e+00
1.172833826512356792e+00 1.476610934032305256e+00
1.448518195173809309e+00 4.565843436633441499e+00
1.399409234116618217e+00 4.211274173182511404e+00
1.212605122778160016e+00 2.566477899717428901e+00
1.337417738021761782e+00 3.509794091657912229e+00
1.188068219230256073e+00 1.281487443500289647e+00
1.087646870078196271e+00 7.965072752813755486e-01
1.361212377185647693e+00 3.692774146890949183e+00
1.285214120142176064e+00 3.660665936342849758e+00
1.261976324633905966e+00 2.832262273897615756e+00
1.137508865166805716e+00 9.883490486704390454e-01
1.279418831789947308e+00 3.785982377854235192e+00
1.117027969651642971e+00 7.787044291092795056e-01
1.302555952947248796e+00 1.154881329363741438e+00
9.042507928487578672e-01 8.695313856428015242e-01
1.209898318290328678e+00 1.188575421237963559e+00
1.240357896296541806e+00 8.382630417439970172e-01
1.036961738369768238e+00 6.303458209106609367e-01
1.065279524154118640e+00 8.724234697114824355e-01
1.376322154550109422e+00 5.043924257276949596e+00
1.323970956112128450e+00 4.788303549412435522e+00
1.346879038608465029e+00 4.189701904927694009e+00
1.390520718240264353e+00 4.759135901972888050e+00
1.386513420871159585e+00 4.418824959404915376e+00
1.313413673148652094e+00 1.511269611140807489e+00
1.447029542079124376e+00 4.776278530342749740e+00
1.095209149987321329e+00 6.854929858055256453e-01
1.011719674519760970e+00 4.766940916391323446e-01
1.275205059484408876e+00 1.600596570766809723e+00
1.409113469949385022e+00 1.201823164067991723e+00
1.331158460322664938e+00 4.730820947362644802e+00
1.242810912924736444e+00 1.185832776497765861e+00
1.168143537452968284e+00 8.439188664120235162e-01
1.384469371509682523e+00 3.653836354793333463e+00
1.463189558607546958e+00 2.567938001530894798e+00
1.355960063052075615e+00 2.877994523398906157e+00
1.253451429003479500e+00 3.884451996384514327e+00
1.414779776502827824e+00 4.277840991959870109e+00
1.197192512156145972e+00 1.073839447244778977e+00
1.121543203231288199e+00 2.758072699502052583e+00
1.078724942871816195e+00 9.902004310154516320e-01
1.411999332047824574e+00 2.203983581745370124e+00
1.225868510169173309e+00 1.093839227747494647e+00
1.389778470199399818e+00 3.547035456107739293e+00
1.249019214062284444e+00 1.000564965791447714e+00
1.355713476681518648e+00 4.170044177460757062e+00
1.256056150480916234e+00 1.269197744129971550e+00
1.221284316733838082e+00 8.692924916531169499e-01
1.311297607444828150e+00 2.199975768332027126e+00
1.258048037614179604e+00 4.994798668643038120e+00
1.326302417930641964e+00 2.202511116257898749e+00
1.272259924943503595e+00 1.616234931259689089e+00
1.257796267989290007e+00 1.619075593897580712e+00
1.296156908784500628e+00 2.358046250957659851e+00
1.193766967153773839e+00 1.514867958078882637e+00
1.301336102462201216e+00 2.164157914614710077e+00
1.230445496973131991e+00 1.174690334344846265e+00
9.436196835939637539e-01 6.446213765363117965e-01
1.442992394280100621e+00 5.133403188160365893e+00
9.826658055526559243e-01 7.638470776495274173e-01
1.306680835339081970e+00 3.633837275427733715e+00
1.462319049102048796e+00 3.907203588747146128e+00
1.319301456484216262e+00 3.925438391602331656e+00
1.295321470998654467e+00 1.911520872530451332e+00
1.182878001450893946e+00 7.132664117586402508e-01
1.249822953765933997e+00 3.617108518212845514e+00
1.424431100972507247e+00 3.281321829130064316e+00
1.465971697037297572e+00 4.138247488926729112e+00
1.089429816627874414e+00 4.729290536993629779e+00
1.087968901174483971e+00 1.387751693297566646e+00
1.429738919619196524e+00 4.022283394021983760e+00
1.427552207814019924e+00 4.563868088130519141e+00
1.433813572253981095e+00 4.204894017729190026e+00
1.273463208049079975e+00 4.357803038417610964e+00
1.242468111262134300e+00 4.611433598648392973e+00
1.225740894654072211e+00 1.865290848653330169e+00
1.242667217729756191e+00 3.954965174103233672e+00
1.097648555536473225e+00 5.426468561785200428e-01
1.152076551945794725e+00 9.759982644783935513e-01
1.113371994158521838e+00 1.033490506024640876e+00
1.402474463196810461e+00 2.611205274952704158e+00
1.128429855040810059e+00 1.404114019720237971e+00
1.025813821474686138e+00 7.963353306363950557e-01
1.022106254224188548e+00 5.848117476328003050e-01
1.255247068722631365e+00 1.301504611286425694e+00
1.379820726271707043e+00 4.823521857689267556e+00
1.298387781866752189e+00 1.028965522356718232e+00
1.174137565413094109e+00 1.346341162250599410e+00
1.125936603794126967e+00 1.490370163474766141e+00
1.489998260916133521e+00 4.789196122757600094e+00
1.348599327418687599e+00 2.159179228345098345e+00
1.545082829272069747e+00 4.512678706449070098e+00
1.249091073163466792e+00 9.739337152285629795e-01
1.358902386448537225e+00 4.843244568768500180e+00
1.271196543325480377e+00 3.976350825394995958e+00
9.529991367702482785e-01 3.627151909643863137e-01
1.455696635153619356e+00 5.026895614895297904e+00
1.242827389714390884e+00 1.171743757354977156e+00
1.312487812748095894e+00 3.955431695426124605e+00
1.311561260694033892e+00 3.318543403113391577e+00
1.350482252963224328e+00 1.349551507586054466e+00
1.085374484612642965e+00 7.819431718213565308e-01
1.197456869151240166e+00 3.532238251867823475e+00
1.365631324262823743e+00 4.008688794860029603e+00
1.201131826555346782e+00 1.016552557248989297e+00
1.323920720817414631e+00 5.584787117584667726e+00
1.178468633543652722e+00 1.193165194185407563e+00
1.263427759758487534e+00 1.504266365287836305e+00
1.205332202125144470e+00 1.127724638834328719e+00
1.145139164591705283e+00 1.309634733798189288e+00
1.349128843047262105e+00 2.180423753062461056e+00
1.209022446862454858e+00 1.339426024119052983e+00
1.302161534462125569e+00 1.736124486957936641e+00
1.219045470532040376e+00 5.468283753586939078e+00
1.227005024891066665e+00 1.296618658321650575e+00
1.362850024814300953e+00 3.778657230684697943e+00
1.008372954429496593e+00 5.176845409035298884e-01
1.304213782340957861e+00 4.729173789488964275e+00
1.157055616737940662e+00 9.528197282325944206e-01
1.013433077732630583e+00 6.747368987309020349e-01
1.230648622517669821e+00 8.716566795061934103e-01
1.408518120235967785e+00 4.227773543136770229e+00
8.868479661398624980e-01 3.759577347919645374e-01
1.363827561377164210e+00 1.500711489407724031e+00
1.311087509228177073e+00 4.658411244379423444e+00
1.540933493373480845e+00 4.706711371932295052e+00
1.370704000854211069e+00 1.574789816709903256e+00
1.351897260579168591e+00 2.099989294507748738e+00
1.377331008918749822e+00 4.308290701138895784e+00
1.201179289983405063e+00 1.391510963589411620e+00
1.071464109813182519e+00 1.003359875310281479e+00
1.242218058980941509e+00 3.824672449855276657e+00
1.186287552755565411e+00 1.350725824242508422e+00
1.233165721545625981e+00 6.759296193175750034e-01
1.455256989175528703e+00 1.749372617982184464e+00
1.355460000505623430e+00 4.580917110673387249e+00
1.365661792931182950e+00 4.445014723069586005e+00
1.198318550058460996e+00 2.095038687435068603e+00
1.149426167724749259e+00 1.851212289299362990e+00
1.299483247610426773e+00 2.927107527743918247e+00
1.291515018852992025e+00 3.119872222894191971e+00
1.479614843539135416e+00 2.635657492593866724e+00
1.118685107103218224e+00 8.206343889922684820e-01
1.264544769354431386e+00 3.481424330572271408e+00
1.136944202050456765e+00 8.042222532107684563e-01
1.312613396273307753e+00 2.217844828951438974e+00
1.225688362626714767e+00 8.956996540707216070e-01
1.206040488150334378e+00 1.426963964466271051e+00
1.374588452811677186e+00 4.086615001014672011e+00
1.077447071332259032e+00 1.404293298116645827e+00
1.296696589939142497e+00 1.179107098123225228e+00
1.192341273879075070e+00 1.055601697357991142e+00
1.442928699009881521e+00 2.414868308560293553e+00
1.159790470053795763e+00 2.225752128711805167e+00
1.347859135563194144e+00 1.263015419003439943e+00
1.430280809800899888e+00 4.623878355597011769e+00
1.454712263805101546e+00 3.616290546592473287e+00
1.411524236779645891e+00 4.438319407800590533e+00
1.234410245453517740e+00 1.122800129180920647e+00
1.208242239208471736e+00 4.282017936930385460e+00
1.465332814916109339e+00 7.890267757274750160e+00
1.196365729109449161e+00 1.735386152445805630e+00
1.196575405645291967e+00 1.042109835449974486e+00
1.066695085134605092e+00 1.134132043259639788e+00
1.319258970452902080e+00 1.645661593491615449e+00
1.422731092795418650e+00 4.388085168331207875e+00
1.421565333741482418e+00 2.347021805989986110e+00
1.609986335722617845e+00 4.851267423870234019e+00
1.293360663708507330e+00 1.166116495373758388e+00
1.550431544765920933e+00 4.751465806732046993e+00
1.340872480065763428e+00 1.949934888201983352e+00
1.477522972551463365e+00 3.807771514383968103e+00
9.401705877122402688e-01 5.843856976618756471e-01
1.307746536166833451e+00 4.825280519659298939e+00
1.433148731609645177e+00 5.820753545196018841e+00
1.121046079806161888e+00 6.009304241705163419e-01
1.159208122531539820e+00 8.613010673432575093e-01
1.117326060089446793e+00 1.212494161257665626e+00
1.195232509927571796e+00 1.173964419508658263e+00
1.358918137835007478e+00 2.185322491245841103e+00
1.087885847668863981e+00 1.952217385346151968e+00
1.182908222838395140e+00 1.111776644985169371e+00
1.312456016911159429e+00 1.438900456716184051e+00
9.784464591711741210e-01 6.307462067769850078e-01
1.350404113761848102e+00 3.535623583881402965e+00
1.469696684384691698e+00 4.591731413915406179e+00
1.262954934261307782e+00 3.729894553812222568e+00
1.165111128636983073e+00 8.055363778681874365e-01
1.499398722883326984e+00 3.226052720906718463e+00
1.364356674215867704e+00 2.022334243744036808e+00
1.109759403450558235e+00 1.307387430428939457e+00
9.854427438599965283e-01 7.603988429158966555e-01
1.267256896447903181e+00 1.142237891833999042e+00
1.484085039649472915e+00 2.380752470462518477e+00
1.126485723714489851e+00 1.541055065147147740e+00
1.436729133103767264e+00 6.261673393966045609e+00
1.463330713712194253e+00 1.946901238315099425e+00
1.138102328895062687e+00 7.446882625964228453e-01
1.360056381305540185e+00 4.732968444325032387e+00
1.478478549252798979e+00 4.136478785863984875e+00
1.311663364680739408e+00 2.123085052974503117e+00
1.151666439156357802e+00 9.707069845404365793e-01
1.190040556333494370e+00 7.345276389335895217e-01
1.002346181540900938e+00 5.118345687281545819e-01
1.352989981571105060e+00 3.871025042764690394e+00
8.161968336322216189e-01 4.258301517049442597e-01
1.280015015304784454e+00 1.514938623372031890e+00
1.125890227351831197e+00 1.203741434080879191e+00
1.558815946261675522e+00 4.844464561588624818e+00
1.259357460254990180e+00 1.368380176094260658e+00
1.201705243248286648e+00 2.331514454517854329e+00
1.253097893687611375e+00 2.637711161174935093e+00
1.080521683682796441e+00 9.610419111962795746e-01
1.522664764698320239e+00 2.070086753700258075e+00
1.250146928124143297e+00 9.489548724285103987e-01
1.381440152895511808e+00 4.520544458938317689e+00
1.232446629084627654e+00 5.045860694870114571e+00
1.222279646524815799e+00 9.629446064882846157e-01
1.185436489091389989e+00 1.470529190520003970e+00
1.223496203217405265e+00 1.043855272856238026e+00
1.193484663889214481e+00 1.799761853067182837e+00
1.181131100044666704e+00 6.877193703455812823e-01
1.427703173488582777e+00 1.252521071443239542e+00
1.100791112187646359e+00 6.122140251843307679e-01
1.394493021691970869e+00 2.981641080508429020e+00
1.286847135763647954e+00 4.664105224180289611e+00
1.185004278954141510e+00 1.702983300407937772e+00
1.166046076037353219e+00 7.737824400555434190e-01
1.161816310374928385e+00 4.388405039853415346e+00
1.158575535005659018e+00 1.192081737149422782e+00
1.096562673712159208e+00 8.256218138263620165e-01
1.480678937627473823e+00 2.603313107086927758e+00
1.252164705225018881e+00 9.820532390732770178e-01
1.205744737810070077e+00 1.152276167551264718e+00
1.177895705227037348e+00 8.543419531168905401e-01
1.270123536997558089e+00 8.400141485311126699e-01
1.218480613437937787e+00 3.601595556123930564e+00
1.452588502579592600e+00 3.756377985258270602e+00
1.340164572113627495e+00 1.174537898293380289e+00
1.345316300846732149e+00 1.249520058762759511e+00
1.353100724982422509e+00 4.333016246753837564e+00
1.546681447095284323e+00 3.129023210017575884e+00
1.058618099767050902e+00 1.180728773481615201e+00
1.293159276801387758e+00 4.228485596584837580e+00
1.137650833928582461e+00 6.552158355188990591e-01
1.376488467324685550e+00 2.276910337365430248e+00
1.229849127617534732e+00 4.760232504469477099e+00
1.358609759831732156e+00 4.045684898023374387e+00
1.434543174727514137e+00 5.994077473740767381e+00
1.494952090693987490e+00 4.799379492058770680e+00
