4.963839814965160357e+00
5.695889963084735719e+00
3.358370590202572892e+00
3.522839861363010527e+00
5.816703697137953100e+00
1.705210112292737890e+00
3.266789589658119830e+00
2.329186201686348046e+00
2.834840147032406055e+00
3.209110673293253058e+00
1.271806254990909046e+00
3.041148584702050073e+00
5.342652263595717876e+00
8.282374287928234935e+00
2.083052200477941263e+00
6.391256086798382086e+00
5.461837101893754820e+00
2.283388321395596332e+00
7.772517394587436179e+00
4.253067030372781332e+00
3.447969530422402951e+00
5.207877328772326564e+00
3.544039091580204026e+00
6.849910115367087826e+00
8.161198329955761110e+00
3.791545450055407773e+00
4.789411460928040043e+00
4.321279367126550142e+00
3.136347546785103191e+00
5.029263836675622379e+00
2.113484886721928468e+00
4.103328597571658243e+00
7.328784174690267328e+00
2.225360422427113960e+00
3.595953269225670823e+00
4.992851143403508551e+00
4.913279165104223800e+00
2.593719400522636942e+00
5.200784762796672567e+00
3.653136144698934995e+00
3.878395956024101476e+00
3.411958530875122797e+00
9.356242690217241309e-01
3.161520230312502733e+00
3.617352081821454846e+00
2.848383238787720817e+00
6.379453984384857890e+00
4.095971365621130289e+00
1.748882027561545316e+00
2.437088540704552386e+00
1.736173228345130992e+00
2.202252707241906915e+00
6.754216272444748981e+00
5.168762536594106116e+00
5.375665585131229385e+00
1.899240779889531439e+00
3.504477421735921805e+00
2.899821294371815128e+00
4.818207643596690737e+00
3.451110602780942394e+00
5.893055402978525592e+00
5.066154502060932430e+00
1.483522626785577891e+00
2.706250109342342114e+00
8.769863168880268622e-01
4.812814596317537053e+00
4.377567107218413689e+00
2.269776270901449511e+00
5.356887039442568721e+00
2.287175491576197484e+00
2.660045628441058962e+00
3.036789276156830475e+00
7.007962411409566883e+00
2.228103355932769425e+00
1.323621242917721652e+00
4.021691320972830219e+00
8.108463488000058561e+00
4.265814914485020815e+00
1.609549498596716477e+00
2.639275644716504221e+00
5.866435495869163574e+00
4.388223730771754205e+00
5.054732368549936794e+00
6.424471545425285868e+00
6.821265985294874490e+00
4.321513337911381925e+00
1.278626834326311634e+00
3.900903323926211641e+00
1.765814252159340514e+00
7.789095148394528323e+00
2.114692365887225201e+00
8.623573326967768793e+00
8.704674609004742436e+00
5.508367499615729024e+00
2.053945269294563225e+00
6.057833443089352343e+00
5.195081636056412044e+00
2.295830046687405090e+00
5.105793927210187100e+00
5.435275203594959414e+00
2.365992488322299803e+00
5.272016046074497808e+00
2.610727769315452917e+00
4.794637998301503501e+00
4.918444296955715167e+00
4.857405062348260749e+00
1.888012373401488420e+00
8.566112644701970424e+00
3.027321191765633746e+00
1.444296545569766499e+00
3.856986711440468785e+00
2.141359421742552893e+00
4.003668495641464098e+00
6.842670898068247354e+00
3.188011252974501275e+00
3.895084187597925851e+00
1.905492556684732275e+00
7.251559508342419136e+00
7.035797575379525881e+00
6.493284969817930019e+00
3.077404897310664467e+00
4.285886333288948968e+00
4.828772326301042028e+00
6.732768877450982181e+00
5.733639613376412925e+00
6.783683930445102206e+00
4.453654846905156894e+00
4.836262264037254788e+00
6.579938293234954827e+00
3.807315078649207152e+00
3.356248113262922494e+00
2.682831103325105992e+00
3.344930428054360139e+00
1.933425642798582755e+00
7.237797090000836597e+00
2.462694027225632354e+00
1.918133672862574857e+00
4.009613020601876521e+00
5.609778529107004807e+00
1.805225039687689215e+00
3.744164385336548495e+00
3.494409404445743661e+00
4.371330371527500702e+00
4.699045554327277330e+00
2.711113951528758115e+00
4.979119028904124278e+00
2.935026011907449384e+00
1.817868002256500137e+00
4.641610299563017961e+00
2.279403007860895780e+00
4.948560801268412135e+00
2.511401098122517883e+00
1.758479327187985053e+00
3.183920212820861018e+00
4.796873889842414584e+00
4.323804934994695870e+00
6.029006611828327422e+00
5.887653009977983132e+00
3.686069423958536984e+00
4.379439780683449079e+00
2.679235694174143312e+00
2.089038750485294749e+00
2.076471232931216271e+00
2.810782419279617805e+00
6.367667381175868613e+00
4.848930692811783238e+00
4.748223528209706501e+00
6.854269448655246677e+00
3.125514884362148749e+00
3.294455999626486609e+00
3.008562945088266272e+00
2.880002249837205763e+00
7.333734014550171487e+00
2.998534690398570124e+00
5.346831183120666964e+00
1.890167054355247345e+00
1.630383181338690424e+00
5.336075695953400810e+00
3.231136033312481004e+00
2.556132832171360558e+00
1.654724467429854018e+00
3.095133664967648635e+00
6.264370004747077836e+00
2.495070691081488157e+00
6.013119476733644220e+00
2.781753111207926565e+00
9.382291579272418858e+00
2.142429293802607049e+00
3.930092794332522121e+00
2.767882526109010755e+00
5.944527433852238474e+00
6.270853924081793096e+00
3.550706209008348768e+00
4.485132137684264997e+00
1.820813618096037034e+00
2.450507951630156889e+00
2.637650693642995314e+00
2.535128482040717834e+00
2.404368955733787949e+00
2.615601845649952573e+00
1.812056758011280522e+00
5.729107996774397193e+00
2.256773904235696016e+00
6.134108686325925319e+00
5.910056668925139256e+00
3.849696789667822028e+00
4.626056272156469085e+00
4.186005675928297975e+00
4.332732976306699513e+00
7.636968535573854133e+00
2.983194574249445452e+00
4.392860455408666098e+00
1.010201969836640901e+00
1.376661376005800363e+01
2.857261170045999776e+00
2.255788415032665917e+00
5.900705390003416539e+00
4.424656341675420101e+00
4.165732999060574926e+00
8.213439785265824966e+00
6.156912821842150052e+00
7.340150284644467504e+00
5.364524705466335419e+00
4.934894149700133070e+00
5.068481174800358424e+00
7.372894213953266274e+00
5.399811454696872737e+00
7.762500691106896333e+00
4.346949496342704222e+00
2.709213000216092126e+00
1.594407246492808294e+00
4.072145639173252896e+00
5.569664040424619600e+00
3.286353482241890056e+00
2.737034552682915400e+00
3.271585841142582218e+00
4.969571185873472352e+00
3.804599057645197124e+00
8.051485215880710200e+00
6.574678843400330486e+00
5.582640220106080520e+00
1.173535122986991031e+00
6.696503499569753437e+00
2.424948520416369657e+00
3.519423123500966533e+00
7.492853160067102003e+00
2.593980407635553487e+00
2.155325809167945472e+00
2.881324204287166957e+00
3.985239302917500392e+00
2.468020423588741519e+00
3.668681756756864587e+00
8.174636431691409300e+00
4.435203553039366753e+00
3.622633907822010890e+00
5.336051238095853577e+00
6.193555677256697756e+00
5.385698286139849245e+00
4.400283051137209966e+00
4.863831252194691146e+00
2.329122618080282425e+00
2.820618761308931965e+00
5.619509134719675281e+00
6.417436143396545667e+00
3.725308265045207179e+00
3.891943304735286713e+00
3.432495379925570411e+00
4.827764160022884887e+00
5.076379926776262153e+00
4.175492137809062143e+00
2.956916147529499828e+00
9.906646906950978826e-01
2.199842755063397881e+00
3.338746089367609304e+00
5.473273744983205624e+00
4.521727103910784251e+00
5.362906502819825505e+00
2.233517075549200204e+00
1.596042669787266721e+00
4.281101790753387704e+00
3.375072152414438253e+00
4.730964432133044184e+00
8.165062350749167308e+00
3.132279723072271871e+00
6.471375955477649988e+00
6.933192803358267042e+00
3.216857881451135714e+00
4.344715774484140702e+00
5.382623054293821596e+00
7.091504728159111259e+00
3.307436951469244768e+00
3.221466505102355882e+00
3.525956896710867206e+00
3.551953384002389136e+00
4.419562647128669752e+00
6.614358200107491648e+00
5.850021994993737096e+00
1.883185108539660035e+00
2.487370649627218988e+00
6.293227407505881388e+00
4.319159137842275342e+00
4.390062634581729739e+00
2.750815076706559115e+00
5.882309220649334591e+00
3.844648195221471720e+00
7.364020384662630647e+00
3.560577518181416767e+00
8.261098987701368301e+00
3.118177717833911178e+00
6.291732355214885608e+00
7.284055570255129730e+00
1.875068345570936046e+00
1.285518163996138163e+00
2.621840912428742509e+00
4.738279261117149588e+00
3.227570787909204597e+00
3.061392238768066765e+00
1.144021327399614929e+00
4.738542325655694221e+00
4.766388204601772038e+00
3.503978271548440659e+00
5.880234535149559960e+00
4.288008238551554996e+00
4.868890757704116723e+00
1.238793269948824882e+00
3.388682335760678122e+00
2.956043948471690719e+00
8.718424370849316318e+00
3.847975318727621552e+00
2.253521084437217770e+00
5.948878899276410337e+00
6.493790399980840178e+00
3.903104726088151288e+00
2.917231648802981248e+00
2.044519981705368306e+00
4.657183241279423846e+00
3.768507260656181579e+00
7.370373699361907782e+00
3.234314125275801644e+00
4.578414037812861714e+00
5.321946103053742050e+00
5.160288616268395856e+00
5.481224496112368172e+00
5.996630710630689975e+00
4.251250971580281757e+00
3.697910045527524225e+00
2.334656431288214318e+00
5.661063492315763668e+00
1.126383178209452662e+00
4.627590735102931063e+00
3.555091323204274456e+00
6.037663608902013479e+00
3.652412038321645404e+00
4.320951350529287360e+00
4.801387197849071420e+00
6.002033274491010317e+00
4.189272507740499307e+00
3.991781548700926496e+00
1.127825349028374902e+01
3.932159431184350407e+00
2.688337760548062061e+00
2.237583600896488001e+00
2.643403639667236238e+00
1.202276328071908118e+01
8.060629977960530823e+00
2.816736026051583686e+00
6.924532423691353245e+00
5.741836977229917593e+00
6.079532667368029664e+00
3.527602499745344566e+00
3.473098936773427514e+00
2.910953919723829220e+00
3.586246404913977504e+00
4.513502752825619524e+00
4.332344025673945609e+00
4.269369247601710882e+00
2.023963564227089229e+00
5.389334618581984593e+00
3.903531076355754026e-01
2.718653106588978741e+00
8.868960225874818804e+00
3.556238690312027106e+00
3.803919393702873464e+00
5.181663160649035760e+00
4.113423093449709356e+00
5.152359177775930554e+00
6.080345270204204233e+00
5.921031631945863793e+00
6.569285445682749192e+00
2.889728306037764760e+00
2.005407961834419162e+00
2.752570602037257785e+00
3.645918339165136413e+00
1.428038436985253012e+00
4.435754120134790313e+00
7.471779938972028745e+00
2.848584260414426694e+00
6.165849841543971088e+00
4.346064800384579208e+00
4.288178145778805295e+00
3.078383397914698172e+00
7.428135927870878952e+00
6.324598408313858222e+00
2.800662109327261895e+00
1.255542755874354599e+00
3.476268687072842312e+00
4.738465166749313617e+00
2.399503579874346926e+00
6.515132844701358117e+00
7.812833284114516275e+00
4.087148335306883595e+00
2.977447408764789305e+00
3.931220564276372897e+00
3.976936936139827683e+00
5.102714345813974539e+00
1.562335296229856674e+00
4.843390091615300541e+00
3.275762303284069255e+00
4.716802517681087714e+00
3.343196978962581944e+00
3.230325882722390740e-01
5.398797142089933665e+00
4.672373139837167066e+00
5.424476874033317131e+00
3.024902551315063359e+00
4.698371282791231174e+00
6.300276477156578459e+00
2.990215056697926865e+00
3.184843318390618183e+00
8.979716539011461052e+00
4.616900737563048196e+00
3.456828587185522217e+00
4.255258797826289907e+00
4.337763960953610720e+00
5.834489985049506444e+00
3.143496805708354991e+00
4.602407413442267448e+00
3.218227858356939031e+00
1.482611670012702110e+00
1.344871137815904394e+00
2.951016020653469241e+00
5.334557510977267825e+00
4.719856629440991824e+00
5.811625818141311406e+00
3.649292001183352063e+00
4.216191483769600623e+00
5.729177947717035480e+00
5.049635726146961545e+00
6.104043041002976899e+00
2.700616744504727329e+00
3.275159810271333960e+00
3.736534206163952376e+00
7.657545562442675369e+00
1.912359182880821518e+00
4.222813166284518083e+00
3.700420955111090482e+00
4.758877001250251482e+00
1.521795538975186268e+00
4.414718713185719068e+00
8.708160070689038079e+00
3.597040712751609082e+00
7.589260653040217797e+00
8.880764756198299636e+00
3.591691806953078103e+00
5.972874510661386083e+00
4.133150259835007390e+00
3.703150137208050641e+00
5.592247528141237822e+00
4.426225727969251622e+00
3.968541142928430965e+00
6.623605197839462555e+00
4.097379771348766297e+00
4.124770066019019410e+00
4.547359718063407108e+00
4.071822417240393399e+00
3.678744679410502094e+00
7.467564109883366719e+00
6.831356887483811313e+00
3.018526305284891187e+00
9.129605366413887424e+00
4.095712120046394844e+00
1.898584869280777410e+00
2.710539589637993796e+00
3.027538133280831545e+00
8.430803896138199249e+00
3.953932512009965983e+00
1.782279336726591223e+00
3.893057927650429573e+00
2.247589659563906217e+00
4.790180579343764400e+00
4.919190302558473782e+00
9.931713371826697667e+00
3.994872849421277294e+00
4.819947274972573581e+00
2.551949466933289834e+00
1.934123744625010799e+00
4.674331279913912063e+00
1.261938599822433726e+00
1.973782131956107744e+00
7.521816874027701161e+00
5.533122784139921535e+00
3.605333152181414480e+00
6.581522371423353945e+00
5.721957899325166075e+00
1.795003757353820673e+00
6.946604885359020543e+00
3.789323797018307793e+00
8.034916734251376980e+00
4.938332073567614167e+00
3.548700897116527475e+00
2.485750343014975883e+00
3.677373080528799854e+00
1.992694103774124370e+00
7.234129121523318773e+00
3.994940025569495567e+00
2.878250293100472312e+00
3.694007036660158949e+00
1.930133957617765406e+00
2.423192876444029586e+00
2.749874769769961702e+00
4.131995163895062717e+00
8.158842196670454072e+00
3.316331462296389532e+00
4.936131915737045794e+00
7.396458505384858384e+00
1.685353035107423070e+00
2.183760082401797309e+00
2.557177840966264881e+00
4.676461968099850708e+00
4.783885274991165559e+00
2.068517025401953813e+00
2.853934671479527285e+00
7.578449977283405303e+00
4.261974182733029082e+00
7.420022100006422150e+00
6.538634481094938167e+00
7.808437569684232749e+00
3.186642430157429651e+00
4.432273328023287107e+00
4.208893302068224429e+00
2.854866641039762953e+00
3.852114290769210747e+00
4.798097518117621085e-01
6.173702702652803964e+00
2.173939403666790504e+00
8.252932310723476661e+00
7.339559242230485836e+00
1.849374662720434603e+00
4.801290248694064289e+00
1.064825316441683656e+00
3.306259870907310106e+00
3.562494373107151002e+00
4.635933240465484495e+00
1.726284822574420064e+00
4.935548683269226800e+00
4.061577130134694791e+00
3.225689137264809325e+00
7.489945702262121863e+00
9.135342193317222970e-01
4.994969858149776343e+00
1.989067650772614826e+00
3.488978052804205809e+00
8.935919287508893305e+00
1.702229735302230207e+00
1.659203568430463349e+00
3.828596989327341937e+00
4.624554856209320164e+00
3.896136045481649823e+00
3.782893630848210620e+00
4.526839152720496529e+00
2.223052387123407136e+00
6.327942824850402381e+00
1.780759177132279714e+00
6.407780186939748823e+00
3.494657572006771407e+00
7.004732590496931088e+00
5.558343935102248778e+00
5.899616779636396302e+00
1.710603694722237167e+00
2.035391811751138924e+00
1.621710283597730839e+00
5.692968524200482605e+00
4.798008733311750262e+00
4.561527676827576983e+00
6.025416258890180288e+00
4.027612812175362045e+00
3.091037587211746818e+00
1.250999272872693746e+00
2.266261750509497297e+00
5.026313168937012854e+00
9.283013271061175686e+00
3.310087050997113867e+00
2.363026125966277924e+00
7.391639641009442485e+00
5.651141797544832812e+00
5.474897319815601016e+00
3.974224486907089293e+00
2.938422316337585993e+00
4.798174125429367720e+00
7.156490431095861027e+00
3.549196491300757650e+00
3.195316861744112114e+00
3.961989915324058309e+00
3.596387320072640392e+00
1.757983767018738153e+00
5.151497024134971348e+00
1.614612497226512788e+00
2.504905216482028685e+00
3.193069727181740980e+00
5.109564084959861141e+00
8.755799922940902036e+00
2.469215031969802965e+00
3.460578669208921987e+00
3.587957969970547278e+00
9.739392376382502547e+00
7.286065831066293796e+00
2.300350203271238847e+00
3.519301210824173243e+00
5.163459747537133993e+00
3.506786520600687851e+00
4.808049336888923442e+00
3.589142239430688441e+00
8.031934285687741815e-01
4.833933369098845745e+00
5.920835310836866761e+00
2.613244672675167912e+00
7.033216270500602718e+00
6.242286170031410286e+00
5.445626542354323973e+00
5.887517305367659048e+00
3.880407534574757733e+00
2.507105714803802510e+00
1.006919854635904521e+01
3.826499240114839218e+00
4.948977827522989870e+00
4.809014686462960597e+00
1.017398228816064965e+01
1.628818592252543551e+00
3.183886152212028975e+00
4.780853035723664490e+00
4.139651040255986736e+00
2.538093222212358668e+00
9.685553116566059106e-01
1.980257465849132315e+00
1.031839511139530430e+01
3.952614075255002746e+00
4.941125041334471391e+00
6.851056308738016298e+00
6.338195960062977363e+00
2.920123931235592440e+00
5.060046612307308678e+00
1.555725824230229648e+00
2.737902428247942055e+00
1.835380891911705392e+00
2.692700046295100957e+00
5.133352920413567055e+00
4.733347563557948945e+00
2.616665501828627782e+00
1.651012845782411365e+00
3.609349675526618118e+00
5.818773146887364689e+00
4.272370771299347503e+00
4.120818245456592699e+00
1.342756707293463192e+00
6.890252931530073788e+00
3.090357986057453044e+00
2.612674604060237993e+00
4.114407014360502046e+00
6.625347187835380680e+00
6.580988104874021971e+00
1.560033569649926566e+00
2.563056839974282131e+00
3.085937110267830796e+00
5.557060234890135675e+00
3.574101169129227706e+00
3.543368985518810632e+00
2.412842793199830194e+00
1.845543937175263993e+00
3.542532621987068975e+00
4.500417616932273823e+00
3.969885076608884678e+00
6.709364477944051330e+00
5.135450055988146190e+00
5.098500086377115714e+00
1.524249277443253892e+00
3.509253667000076238e+00
2.720187637046290519e+00
5.337044925613715129e+00
6.353582545780625424e+00
4.288912674676254255e+00
5.172106049392012572e+00
5.357599924281146286e+00
4.061139257834613048e+00
2.958895329073772285e+00
4.086732454559178329e+00
6.086142176842997742e+00
1.340479602232343970e+00
5.386705047561989090e+00
3.727100809046731911e+00
3.559008017859412121e+00
4.594625276815985870e+00
6.500021265295235828e+00
5.907137155574034182e+00
4.157873223945092178e+00
4.231966250403964125e+00
5.611065133349096179e+00
3.027521080245922924e+00
2.679619219056342594e+00
4.259351637983472827e+00
6.665025298511311647e+00
3.467808185600570248e+00
2.805818367762368926e+00
2.298753188369828671e+00
6.184240481044715132e+00
4.675455014524219521e+00
5.949794605236272460e+00
2.909614700225260364e+00
4.650411201392209648e+00
3.979596461265231255e+00
3.998707029960846260e+00
1.693936931615288799e+00
3.096569248703901600e+00
5.026766263005427504e+00
2.598947932883466816e+00
1.740301982551879290e+00
3.933036949023175133e+00
7.745715694572512966e+00
3.782284397754279048e+00
3.327768893479931656e+00
3.821896723311033472e+00
2.452864122513049860e+00
4.868667719785724657e+00
4.405503484525121749e+00
6.286818905402344448e+00
5.479931535753845395e+00
5.512675401338512415e+00
2.619742359247331454e+00
4.432262100788809001e+00
5.927306265511702144e+00
4.612034924435017835e+00
4.321182393498117946e+00
5.711714854296228161e+00
3.839872467323911742e+00
2.163929196664040600e+00
3.979772810764443225e+00
2.824793219386994458e+00
2.614044390113698046e+00
1.106458794315900818e+01
3.314032620947506391e+00
2.193972995294455330e+00
4.680839502272530872e+00
2.825240772700112757e+00
3.783218007818147210e+00
1.764619406407673008e+00
2.065403623377908726e+00
5.447192393559296519e+00
3.402817989606385485e+00
5.015099471677766374e+00
4.669291053607627973e+00
2.492912183492187683e+00
5.459583015297782893e+00
2.917551289427908756e+00
1.175926057031833594e+01
3.645979253165477552e+00
7.669182004032414568e+00
5.666483122967832742e+00
3.855757516739336754e+00
4.525010237636069022e+00
3.890774330480826215e+00
2.014403059910358174e+00
4.872633127509965689e+00
8.586819882063759124e+00
3.365032069404913617e+00
1.154933903917899229e+01
4.248888257902486032e+00
3.245952106759013134e+00
5.395436080862165973e+00
6.433029841393597792e+00
2.076791024875978220e+00
6.830089660787241890e+00
2.170962553049926136e+00
1.660134937963170687e+00
8.263399239406842511e+00
1.293868337747747344e+00
3.081018755372116669e+00
2.419637290385590500e+00
3.367146823771441255e+00
1.593050876687784889e+00
7.110686548674101104e+00
5.456474870326667670e+00
2.896312313292548346e+00
9.252068911626393444e+00
4.968081855691970361e+00
2.599662014395577092e+00
2.185213503542346114e+00
2.559656421896119749e+00
3.249964085174822603e+00
3.536263379039942922e+00
4.143000540772440843e+00
5.130508415164412916e+00
3.604432439015561762e+00
1.548333545732590855e+00
7.062738993233378615e+00
9.694548159158934197e+00
5.000585458675296913e+00
2.957034130460851173e+00
9.570908836364443451e-01
5.796013076446749679e+00
4.433350981081865427e+00
6.897013505565695368e+00
3.234001542412828112e+00
6.416932718365208288e+00
4.577529683306101660e+00
8.158309736737161089e+00
7.643446500811693411e+00
1.064674189795407422e+01
2.710404134818509725e+00
4.015821679058481308e+00
4.105024958877402597e+00
6.068405765128830787e+00
5.446618215089847226e+00
3.460467951875295878e+00
3.300968004272236467e+00
2.835055177704972174e+00
4.762417700341109672e+00
4.959371597930926079e+00
3.595998135439265386e+00
3.833215042641607617e+00
6.099325739564432247e+00
5.610465082890868871e+00
1.826373456675716600e+00
3.107565665827908941e+00
6.720059264851149905e+00
1.478103245545732580e+00
4.270161831478426429e+00
3.850780249712908443e+00
1.222685422973736280e+00
3.882669817354219788e+00
1.553894659971514880e+00
5.845359941293430950e+00
3.619941006413417650e+00
4.147807783102370749e+00
3.425875225644186450e+00
2.638136248459464817e+00
1.213389687735971556e+00
1.222890120574560147e+00
3.858133079462176429e+00
5.232668420094400474e+00
4.155935942230933655e+00
8.540315987707312928e+00
4.449645960216431995e+00
3.873577917847879970e+00
6.124802608161941109e+00
2.926696418802187782e+00
3.436861349691214151e+00
5.893447913140723138e+00
2.381962459740935678e+00
2.328683549533640207e+00
4.998743050467034266e+00
4.672843486973238036e+00
4.201432489177961971e-01
3.315147463985387510e+00
1.022544510994667366e+00
4.282014192224393057e+00
3.402894739871709540e+00
1.641477191851421269e+00
1.460530056619959050e+00
3.082716375623666405e+00
7.696917726907739343e+00
2.167643832351804800e+00
3.389884419679804584e+00
3.937052531899384089e+00
7.875750982225365071e+00
3.676013992508375683e+00
4.357080550727388868e+00
4.627674434058245190e+00
6.390917754605544232e+00
8.679390140543261634e-01
3.722592234581387771e+00
2.005593301278767893e+00
5.717945198368644455e+00
7.426316998870151842e+00
5.190457930349134941e+00
6.479167392906589384e+00
4.002076177829641424e+00
4.271317252547276233e+00
5.232044040305352084e+00
3.453104401689066627e+00
5.520230550441759476e+00
3.947621031500216926e+00
2.698699697930009300e+00
5.521260429934491398e+00
6.387470524605541655e+00
3.372299080708204055e+00
4.756134913638750739e+00
4.069537223860416830e+00
4.829629507175601688e+00
5.181278138028433844e+00
4.156213622246065498e+00
3.663908897447193169e+00
3.805868274478830138e+00
7.817410994021679826e+00
1.604633252747872163e+00
2.085892093372097467e+00
4.481282446798269703e+00
7.810382215267540396e+00
1.279478135364446434e+00
2.486912406886739202e+00
7.704154335563377920e+00
7.033795494262976788e+00
2.341029248526186102e+00
1.666296014117801150e+00
4.430718423515763504e+00
2.139900217746097066e+00
3.949360055739853603e+00
7.255751860705993650e+00
6.869769610332865373e-01
3.922561371144662523e+00
7.467617715635837428e+00
4.218103718899206100e+00
2.254281295328895318e+00
5.051507114783047037e+00
2.522104876790424832e+00
1.192413203061342575e+00
5.056618346650987306e+00
7.017845522350775411e+00
2.951003343464631890e+00
2.361081142341068251e+00
3.703989090064063738e+00
2.471699059806471421e+00
3.303595679386300610e+00
2.286502485958140429e+00
5.578199358074180658e+00
4.058375515113711529e+00
4.995822454723525929e+00
7.129908675604172075e+00
2.567326965350431145e+00
3.414748812736613015e+00
3.430759772934438789e+00
6.792054321721886723e+00
6.896587898904085634e+00
4.552343797668966907e+00
2.397561423920431700e+00
4.913949644961890684e+00
4.665270843830401581e+00
2.809229093038331015e+00
4.760197361678882189e+00
3.739493675253214633e+00
1.814456037327972115e+00
4.539871485571980614e+00
1.179903124740693698e+00
6.310683250553107193e+00
3.725736560280819454e+00
2.201617489601541244e+00
5.561368005531911685e+00
1.418918375467209669e+00
2.154727643970942630e+00
3.720886194147522641e+00
2.278738904038830171e+00
1.403345877085783400e+00
6.451425574057314982e+00
6.402296042774016094e+00
3.065403535717880601e+00
7.344038082532435396e+00
1.586787527313929358e+00
3.976675423846543822e+00
2.717600911335056768e+00
1.130121338287930222e+01
3.757251112322779196e+00
1.587232106508669194e+00
2.206907485219781417e+00
4.459297961308019254e+00
1.554941797245601220e+00
5.404417810187179150e+00
6.432964827168087041e+00
2.377106504441385937e+00
6.228364798770726907e+00
4.951086401187795083e+00
1.005561767715680510e+00
8.517973647501296597e+00
2.725067981736745359e+00
6.270482040599805629e+00
2.770346656923626583e+00
3.598383861528293259e+00
6.072969171413133971e+00
1.632050363595996645e+00
3.476813200863053233e+00
4.980519062110579043e+00
4.879027921769849563e+00
7.085124853551068025e-01
3.603474351230889106e+00
3.915511037576278053e+00
7.903973526918815828e+00
4.169096262525389562e+00
5.413226803002436860e+00
4.812443222877812232e+00
2.949086695284266924e+00
4.314615529145569006e+00
4.885798039189868547e+00
3.555768804137424688e+00
