3.612065396749369661e+00
1.517418768264546802e+00
4.223586921950702511e+00
4.706014205381033655e+00
3.614361311307490610e+00
3.436001899489293354e+00
5.692977191271069159e+00
2.849527335328308375e+00
1.022746038229686150e+01
2.806743474013787321e+00
2.800359289510831129e+00
2.179212504212755697e+00
1.461076405860685767e+00
1.944316100759505783e+00
4.153243469547895472e+00
1.658608871240294436e+00
6.721167823235973060e+00
3.260874368578652760e+00
4.818044064907672563e+00
1.521260122671920012e+00
2.982885198759123391e+00
4.983691837627462817e+00
5.153196667950870946e+00
6.240336692913894368e+00
2.282512024536634154e+00
3.456921946349227337e+00
3.097162204745280256e+00
6.069745724269099085e+00
6.639421750887339435e+00
2.550455961178407005e+00
3.852693271049330459e+00
2.672519906562191849e+00
2.385343834977960320e+00
5.554634758371188141e+00
5.612433176008948088e+00
6.610856651842911269e+00
6.070253333467013235e+00
5.915248644516459819e+00
6.132543965654020823e+00
4.886181527435169869e+00
4.053625190762374153e+00
1.601504088983446206e+00
8.554465973466919948e+00
1.846791124056732070e+00
5.198765365578601916e+00
6.215061795191350491e+00
9.310208342182233476e-01
7.296741250054293637e+00
6.915689774582911120e+00
1.323254193693013780e+00
2.470170764617475534e+00
2.906030344168808455e+00
3.381403803008066866e+00
3.327139764530044452e+00
7.885566213745986097e+00
2.277371885750496538e+00
1.926688059720461865e+00
8.812748493235778469e+00
3.082365284770649083e+00
3.974506232052176902e+00
5.228533560626766885e+00
2.704089251656346171e+00
1.255687912925990357e+00
6.346227156372274969e+00
4.294744117010902862e+00
5.562655925661424305e+00
4.333618713695114977e+00
6.344408923744515150e+00
5.161149656529536500e+00
5.479238990291750433e+00
2.975379744923130065e+00
2.942098511028195862e+00
2.501129476602993673e+00
9.458428024766302178e-01
4.316632431138987869e+00
2.914819990353920254e+00
2.895909514186983280e+00
4.158652888098982814e+00
2.411776464328157399e+00
4.931530455548980285e+00
2.324437496812791437e+00
3.047728273350112094e+00
3.412123297178081938e+00
2.287586315291643579e+00
3.894602476944716951e+00
3.141542300007544419e+00
2.218925360486509568e+00
1.289986132006213371e+00
2.642114682285710447e+00
8.899234531390479930e+00
3.888744061734381141e+00
4.963184485058045325e+00
5.051657404311461264e+00
6.988644708087493385e+00
5.660068651834747833e+00
5.291175271063176311e+00
6.067969764387394882e+00
2.504517121817931180e+00
5.410957503830918114e+00
5.467657885399985318e+00
8.596791186977489119e+00
3.937754239714807536e+00
4.228184526006337762e+00
4.159983309156137565e+00
5.432111760858377991e+00
1.375452736525246689e+00
1.994207673282443194e+00
5.417439973633745964e+00
2.425518723168958779e+00
2.089661530923199173e+00
8.581350061612388336e-01
4.970851971193775753e+00
5.148621467891386416e+00
4.884158309592634417e+00
3.744466629021796056e+00
4.364251177078718236e+00
9.924630864361189353e+00
2.575533573478065108e+00
4.415782248307182911e+00
5.221921352038616071e+00
9.083025089306739019e+00
7.093513348553889486e+00
1.637343136446752778e+00
2.886997331496014230e+00
4.341052876408672212e+00
5.508896238964819947e-01
5.547097077630992246e+00
2.477968525149798040e+00
4.671973025066998630e+00
3.111047426484652156e+00
5.507859504346600765e+00
5.643924644860711659e+00
4.409955210629659561e+00
5.096503606891117144e+00
3.721626601212627783e+00
3.864776652432889925e+00
4.573112840565958237e+00
3.514543593942776489e+00
3.034615573842371017e+00
1.119747954980831750e+01
3.892262413357003403e+00
2.634741282664408324e+00
3.923393227021729324e+00
6.911124090903518535e+00
1.981183529860850667e+00
6.881798485625630235e+00
6.685310227226023194e+00
4.227443871998116443e+00
6.113337515020290880e+00
5.040170341935944265e+00
9.167312468777687684e+00
4.062906151593070447e+00
4.270075390282729977e+00
2.979201311751241921e+00
1.583057055856799789e+00
3.677433331911911019e+00
4.393320801981434265e+00
1.519511465913871318e+00
3.191579866285988221e+00
1.979354126399326619e+00
3.384764383106046548e+00
2.055338886863671277e+00
2.533234174538974703e-01
3.688217827945173610e+00
2.324534476299394470e+00
5.063417714387191459e+00
7.134731085505469750e+00
3.150867938698046711e+00
1.636899952391407620e+00
6.757589337285603293e+00
4.537730748613304499e+00
3.944246104078438009e+00
8.061521200334336612e+00
1.731211842527066835e+00
5.072160891368271862e+00
2.113473937966045657e+00
1.030871979869690769e+01
7.201683888888775087e+00
4.364013268531586220e+00
4.480473615180232017e+00
2.860889330595481006e+00
3.845179163960439350e+00
4.825429918291313847e+00
2.729939506021860307e+00
3.764119054534939668e+00
8.531843767735079354e+00
3.097429592128390308e+00
4.603649778590644281e+00
2.636738335901144925e+00
5.098476062790154195e+00
2.892414683708968592e+00
2.708449559525016870e+00
2.259863620741038304e+00
4.197157505529450106e+00
3.417386140945599671e+00
3.005669140530058847e+00
4.565845667142238717e+00
4.575779416089194029e+00
1.010245398189152510e+01
4.810488177262674192e+00
4.325317482274344094e+00
5.094227057408207138e+00
5.517067803702705220e+00
1.020552414157332555e+00
4.518979740002789569e+00
5.962644158376060766e+00
4.341583563666562284e+00
3.281920511259072359e+00
2.340605168162974259e+00
4.003940677654385993e+00
4.934165911929603077e+00
3.547916226026967657e+00
2.261704488624660225e+00
5.438411938601700690e+00
3.972486004751142552e+00
3.105707328872338469e+00
2.740843800223838667e+00
3.773824958938796215e+00
3.410706717543955158e+00
3.647564254214238133e+00
2.700811573189980663e+00
6.754617827968061761e+00
2.635534382517229268e+00
4.383883836646385923e+00
3.578106393602499047e+00
4.322737096924625710e+00
7.239528491418487199e+00
2.371233989685728183e+00
1.099510524026704772e+01
2.570666968286448473e+00
6.160261675324169239e+00
2.204331127408850399e+00
3.112712180628654401e+00
7.077934655991077406e+00
2.799317804400229814e+00
4.753032136499935056e+00
1.745544836886708140e+00
8.319853602916953861e+00
4.279352625970278545e+00
3.497363900299431894e+00
2.905811831400137990e+00
7.455292124954226551e+00
6.378125985309647028e+00
5.752933636516436522e+00
5.761481921063203337e+00
4.425533110753796961e+00
1.980102274714312216e+00
7.545747428230191289e+00
3.264715909797764049e+00
3.143341816231226549e+00
7.678735210990263127e+00
3.462996816391291866e+00
2.891937120821806761e+00
4.937204170817097726e+00
3.515078584656423200e+00
2.562508712963102120e+00
5.087172494833128944e+00
2.090141356900519387e+00
3.499762745935966812e+00
4.434471619025748268e+00
8.809785234144282384e+00
2.223061118379661583e+00
3.907443357648239690e+00
3.997065987837953749e+00
4.619344025977826007e+00
5.997798665746516988e+00
4.699665052014212918e+00
1.039482105409963353e+01
4.682573263794604479e+00
2.985652027316364254e+00
4.166317810347223372e+00
5.719021536200783018e+00
3.649998625886573311e+00
4.566567627149325403e+00
2.838922277090808688e+00
4.902546881173188709e+00
4.649307508504938014e+00
5.223579907540927714e+00
2.424159211924860724e+00
9.905385130755286482e-01
5.195230739840890344e+00
4.674952421834683847e+00
3.829551576771029087e+00
6.842997040920328011e+00
4.701420645653835884e+00
8.962496679214922324e+00
3.115663513182938882e+00
2.820115894336579387e+00
9.433669591117434194e+00
2.541373846089307609e+00
4.828142869979370033e+00
4.931550444859077231e+00
6.887020709565273568e-01
1.368005870346886255e+00
7.573019690538981941e+00
8.362371272385505927e-01
9.304730185352199090e-01
3.198898162902841680e+00
1.375974819248601433e+00
4.046398659169561540e+00
8.864156147213027026e+00
4.496272799972738099e+00
1.639451577085378586e+00
5.683288560142797152e+00
1.897487296706993787e+00
4.573220167665586366e+00
3.889013184723164152e+00
2.278040331827669185e+00
4.165528395054725053e+00
4.901804159630056112e+00
1.960800315991853893e+00
2.567952347753420739e+00
2.573560690319347088e+00
2.573576186924261044e+00
4.145986099590277085e+00
2.418531231892948163e+00
2.366883281147058149e+00
3.685812036228861110e+00
2.423121025787009053e+00
1.522750734489709767e+00
2.718292219796033748e+00
4.362815664826129591e+00
4.106818517819612602e+00
2.656175698140160968e+00
4.539077953494677686e+00
5.145585410226919620e+00
5.713985893359676993e+00
3.802132962370667890e+00
7.161563842588188677e+00
1.506578231533610257e+00
4.959598872171655515e+00
2.346683740308772581e+00
4.032376089957200094e+00
2.018225369265487679e+00
4.227582341273359745e+00
5.259106092865616588e+00
3.110121994378717059e+00
2.293226669144157626e+00
2.646496885575566616e+00
4.073035503197311336e+00
3.261406805909740747e+00
5.740736845978357650e+00
8.391015749783237609e+00
5.336027904781572850e+00
4.436985214121422771e+00
1.986560537035589658e+00
3.713817270490358702e+00
2.435491145930513746e+00
6.919943748385035676e+00
4.335555771662116697e+00
2.370961621042813938e+00
7.284785391824844858e+00
3.363365670850514189e+00
2.002981092312005718e+00
8.062805207890194836e+00
7.889553263349147194e+00
7.784069024241003554e+00
4.886566915546657341e+00
2.370731120673855941e+00
2.948337847190799277e+00
4.082781523639045673e+00
5.319624621806077869e+00
2.554278990459477150e+00
2.539740180077882936e+00
6.211714305513797107e+00
4.185067649109084797e+00
5.803825177696092297e+00
9.766370343603666626e+00
2.931772222264704020e+00
3.639701440587197023e+00
3.590566968881186316e+00
1.885771431009096943e+00
5.866253170215607327e+00
5.817681829563802864e+00
3.660868176564713306e+00
4.694623723527429959e+00
5.236754724744396405e+00
2.929354571436057597e+00
3.553607687784327229e+00
5.050779817554464923e-01
2.956549780166157326e+00
2.015797608448880673e+00
3.747600233954011095e+00
5.193680366062498166e+00
9.318496626615196732e+00
2.391738428613367606e+00
3.308958310052279472e+00
3.925066571759133094e+00
7.648720157517432838e+00
5.903496307518238062e+00
3.726893813460032678e+00
2.539737467190480658e+00
5.120146876871068287e+00
7.578349158949533315e-01
2.359722689024675191e+00
2.333475154703379850e+00
4.705119520612153217e+00
6.962324262329902425e+00
2.383921330571582953e+00
2.284578869021823166e+00
1.989242095847834069e+00
2.965571217323745845e+00
3.734497908392131027e+00
8.156938219842112758e+00
4.500681970195428150e+00
6.675425362090770420e+00
3.903684148325186953e+00
4.622329526352474183e+00
3.717108958379372829e+00
1.968064339254050221e+00
6.096116371286551150e+00
3.751053446534379443e+00
2.566525803719046817e+00
7.476059148496910112e+00
3.740369001825000872e+00
5.171374847152387488e+00
3.502965049421455923e+00
1.045255203535958355e+00
4.194569564799447647e+00
3.951851736774051549e+00
5.001112340851049609e+00
1.427872633611453557e+00
4.656922314640157268e+00
6.183633090479963457e+00
6.316050161897655002e+00
5.342679598942872587e+00
5.454836867462711680e+00
5.582312533407096211e+00
3.785839443672206706e+00
2.348888160410897097e+00
3.260576303043099422e+00
4.812900143031200173e+00
7.303802997188341806e+00
6.469189114544429131e+00
3.228279711836164800e+00
3.456256071393700946e+00
1.179630286846726106e+00
3.259028604771094795e+00
9.179608952141176115e-01
6.757176123943577473e+00
4.647008114774298093e+00
2.200121105141893629e+00
6.214802027869952283e+00
4.834498586222006011e+00
5.838500738749826446e+00
2.606351781649067334e+00
2.150251160919530946e+00
1.547108071850594069e+00
3.848365440523250580e+00
4.256732828097265831e+00
3.825447667695949239e+00
3.204825689704664970e+00
6.275730489995726025e+00
3.802147162088769683e+00
4.451519350490891647e+00
4.613406847189796878e+00
2.026242140079443033e+00
4.156718409922814494e+00
3.937819527011873877e+00
4.267256286856978775e+00
3.453536877271738970e+00
4.008726060011111869e+00
6.175560200505993969e+00
3.501907731645728550e+00
5.725604037664725254e+00
3.833857241311465991e+00
3.185255430554062350e+00
4.792184269973044586e+00
2.916859691756533923e+00
6.154278524708606923e+00
4.288684032847191574e+00
4.069574613118850159e+00
2.200032618174650789e+00
3.385962967008365077e+00
4.879519395449957386e+00
4.433556335956884809e+00
9.297510532979597286e+00
3.793503993416911246e+00
3.464813071185561366e+00
4.698337102563564294e+00
3.084081953966275158e+00
6.862687262335870564e+00
1.880088596335299567e+00
3.131800859060353215e+00
5.191577271631079959e+00
4.501940480305353987e+00
4.292348626342987750e+00
4.926762053425132848e+00
4.392250653479440992e+00
4.853248715831538718e+00
5.107013321511621129e+00
2.113542701507893806e+00
3.137761243506446363e+00
5.351185115113159974e+00
2.965207729066723363e+00
4.843585274202422575e+00
2.893869817074830930e+00
4.621353573605760268e+00
3.752066445798938332e+00
2.300064432907967138e+00
4.679700153535797824e+00
2.973299381949202846e+00
2.255675595885034745e+00
2.934318480493014469e+00
1.590886428607449998e+00
4.800544147110811011e+00
2.596100394986442961e+00
5.120809514252419703e+00
3.677198797823550080e+00
4.447409976162872702e+00
1.056294159449646441e+00
2.150484763105599217e+00
7.466888837439597637e+00
3.117116850129685535e+00
2.744393664529181542e+00
2.817522238013633551e+00
2.948547397522102376e+00
2.492889277813110649e+00
2.622849911546289103e+00
3.892019828427274231e+00
4.558583865730628126e+00
3.635318206531125806e+00
5.044659202679136811e+00
3.834655324771181206e+00
4.340676007356681687e+00
9.968459347428069606e+00
4.546735171260489317e+00
1.774657962016078283e+00
3.297359887409928803e+00
1.301528703515627772e+00
3.305448881985323162e+00
3.873318831237933413e+00
3.360354264778679489e+00
4.173555924779986270e+00
2.950546633457070023e+00
7.478151180172517343e+00
2.967318723131059155e+00
1.468667990730895934e+00
1.225525896420731442e+01
2.391416672116423392e+00
5.758339009621407101e+00
3.307433459561283318e+00
6.490579484897885720e+00
2.345960872059699387e+00
6.764299417563099048e+00
4.599841596678383659e+00
9.569966524096600313e-01
3.993711141299753020e+00
9.877386966922347966e-01
3.339584868598757250e+00
3.953516372010713376e+00
5.111643953097708248e+00
1.462682414081280413e+00
7.950903425803227398e-01
4.070151492700269991e+00
3.452252193846073514e+00
5.750018288426063329e+00
1.872289942079448100e+00
1.986793353030054110e+00
3.295297047186735995e+00
1.498776228296318624e+00
3.900276622134105420e+00
4.985427721444330551e+00
4.096502162255892365e+00
4.141102167535533063e+00
4.102408323035644955e+00
2.113892364412417457e+00
5.670319089398712542e+00
3.054113683709000604e+00
6.466195235421283272e+00
2.833667177259854952e+00
2.692130237841985796e+00
5.809649906363195448e+00
2.566112283636835301e+00
5.626555135787217665e+00
3.731486629833043800e+00
2.464639965113511355e+00
2.848624110111057650e+00
3.724855581876069799e+00
4.011462730403138721e+00
3.729788127218228055e+00
3.709648533715118823e+00
1.744663775236943604e+00
5.321991708403138510e+00
1.706401617420822747e+00
6.616702487861013893e+00
3.470758628924030198e+00
3.445537195664890362e+00
4.426294409460380663e+00
4.808762395691152491e+00
2.594301872768755679e+00
1.902149505638119908e+00
1.227530422698309254e+00
6.052419974408566716e+00
3.787577312799747631e+00
9.521701439526282229e-01
5.421233171799595851e+00
3.377786514748473135e+00
1.315839852895428930e+00
4.326149155932999868e+00
2.872151802603393200e+00
4.004033875888927341e+00
2.394449489783314178e+00
1.910504933878760081e+00
3.462264549625840182e+00
2.837167881988448048e+00
5.220536225341734671e+00
1.128067651885406031e+00
5.478424722671627833e+00
3.243800885268760315e+00
2.445046693782626956e+00
6.602402517442915730e+00
1.868297348409987846e+00
5.376999137474660628e+00
3.628752668769014811e+00
4.571434842318508274e+00
6.413101995583838644e+00
4.569458327760933081e+00
4.826651485866415570e+00
3.253200467682324071e+00
5.031335276295346048e+00
2.813523597964729284e+00
4.627519637200657954e+00
5.564803944155088722e+00
6.121966934656800419e+00
7.293586607392292365e+00
5.384153084188462834e+00
3.004333887700686212e+00
4.019274326737821923e+00
5.277148277571907187e+00
2.321597988836069604e+00
7.613011178663278145e-01
3.403058036872059322e+00
6.526431265259882153e+00
4.653704685181844880e+00
2.940954110771162089e+00
4.056675695737845366e+00
4.201014356900276248e+00
1.891377184549003942e+00
3.501177391285081875e+00
4.433652720719418738e+00
2.771511909105866867e+00
7.349967382693259665e+00
1.473163367486803654e+00
3.237697314595806120e+00
5.184388187374522339e+00
1.278721438399158972e+00
3.097504285521668788e+00
3.761160052835980760e+00
2.350406274547132135e+00
2.650426622199023363e+00
4.489447123952850838e+00
1.607177150856219372e+00
2.094453291270181872e+00
2.207413757461166526e+00
5.476324429237285685e+00
4.195627717513372268e+00
3.218027562622618465e+00
2.760359036936751220e+00
4.152848648906370066e+00
5.308253653585306431e+00
6.931644958719360261e+00
3.792592170059845280e+00
1.788646873332619736e+00
1.243759178911531649e+00
3.751413480242466569e+00
2.430730278417533974e+00
3.908650137933888935e+00
4.909973593197490160e+00
3.015792656116528470e+00
2.800340625908549264e+00
8.661234110191619706e+00
4.098644459308440346e+00
7.666633871684280344e+00
4.812668076163722830e+00
2.180005989406914146e+00
5.884528000972244044e+00
8.644189384780094798e+00
2.412556561540848854e+00
2.239786785606769026e+00
4.739027918840911013e+00
5.491740096885066258e+00
2.895840637767372439e+00
2.335382035163728887e+00
7.345081172838081152e+00
2.262259928172277501e+00
3.686199507651320317e+00
2.212470837612953378e+00
3.550514047131160478e+00
8.195918507828636734e+00
3.340452334197574036e+00
2.727777204769810115e+00
8.435854332507682685e+00
2.101814188488681623e+00
4.511859552289695152e+00
3.495237401661202004e+00
1.825360587087272224e+00
2.129930566868762476e+00
3.417982311749534041e+00
4.522754260322821018e+00
5.657624608187572512e+00
2.677962679370659238e+00
2.501357998282961237e+00
1.698431626938281536e+00
1.581979028364410400e+00
4.038179301292226242e+00
1.890156272611379196e+00
4.021652506656506532e+00
7.035132730489701558e+00
2.340030194854288315e+00
3.349204304288875278e+00
3.415055212772293292e+00
4.777976859108795438e+00
2.686222058015885317e+00
9.732854562549684729e+00
7.443856996982201046e+00
7.683374955749715518e+00
1.122001469647973648e+00
3.449989274058658850e+00
6.092175593349184126e+00
2.886862849945864617e+00
3.488869421956767525e+00
4.536040471175246225e+00
1.010244709621526837e+01
3.614220381746398036e+00
4.242246626518985764e+00
6.261268395768692763e+00
3.277642422399811295e+00
6.841962713723549250e+00
3.390864817724563274e+00
8.659382256468258987e+00
2.109893341033402869e+00
4.324353418947781691e+00
2.838405216040610579e+00
3.417924011164165332e+00
4.699557632668756924e+00
6.435470779443528855e+00
4.898490201318253412e+00
3.863386942150258019e+00
4.256066875088462709e+00
4.644200661253030660e+00
2.081531915428272761e+00
7.886902235707775155e+00
2.335341029800106050e+00
3.891489220781378044e+00
7.262868327831552229e+00
3.073282845868277491e+00
3.896009168056036920e+00
5.533975976085483417e+00
1.224746249384041974e+01
3.390839187715096070e+00
3.723241192737373417e+00
2.677681677237871760e+00
1.196271058349677752e+01
4.360657631602438578e+00
2.545918720940997471e+00
3.428259543868823922e+00
5.480905835199000542e+00
6.488987544081756376e+00
3.830825139772795929e+00
8.297581330844627345e+00
3.878235957931509770e+00
1.067770172241320870e+00
1.788850788797930802e+00
6.070026396709862659e+00
2.471795041676155158e+00
5.736675804995133632e+00
5.515864079961071198e+00
3.515220120482392296e+00
1.093581988339979549e+00
6.068716219660048594e+00
1.534339922150331992e+00
8.809980074294799124e+00
3.337455489548651233e+00
2.703768054955531408e+00
7.811440502838469691e+00
2.273068660857708423e+00
9.822426081753580229e-01
4.026176930137888021e+00
4.310916500533386930e+00
3.790875303348043790e+00
4.196589360513621969e+00
4.238253568709829722e+00
4.488558729882514697e+00
6.807276648409728459e+00
3.431967926950604486e+00
6.027757460441175219e+00
8.869123881644382923e-01
8.597304841555196475e+00
1.605379329863098503e+00
4.270175250715075421e+00
9.054044668803495455e+00
4.396397866807090438e+00
5.077858259163170018e+00
4.540725977363311294e+00
5.034736973466476861e+00
7.373059795572061148e+00
5.667195895556146112e+00
2.013652919071505565e+00
3.781404432742701438e+00
3.127805114468602987e+00
2.518393926494093993e+00
8.828205875885990039e+00
5.939217451247708723e+00
6.673822675764995438e+00
6.437825764232883330e+00
5.377931858086819616e+00
4.284628784894107589e+00
2.457411043687059315e+00
1.952950491827432078e+00
7.384257582644965012e+00
7.702806710472854590e+00
4.039656233373149163e+00
4.255651682403055247e+00
6.812248468123779155e+00
2.710545978966851344e+00
3.755644017946243363e+00
7.937029859054438141e+00
2.515533938603522479e+00
2.478406780292222500e+00
5.033074275996743729e+00
3.640555184266852429e+00
5.513960885089890240e+00
4.619436657533953827e+00
1.754729343192426017e+00
2.767480858480384054e+00
1.134980555646742051e+00
4.600341017916497854e+00
4.210907288972147278e+00
5.021524337335835142e+00
4.728201208919321274e+00
6.143337489570305898e+00
9.370640839509375430e-01
5.728261813889590215e+00
2.959750584071310975e+00
3.721207367029029989e+00
4.769428194790924280e+00
7.617204718087857707e+00
3.931695181050747667e+00
4.463293696683111378e+00
5.110988740236534156e+00
5.665603685458876271e+00
1.863119357621580097e+00
3.742050196973148335e+00
4.813631237397602902e+00
1.973808600198599494e+00
3.308419174192501089e+00
3.214293689913088947e+00
5.331061605690904592e+00
1.428257293052601851e+00
3.216592325819399800e+00
3.560027066126886464e+00
2.506866085915171460e+00
2.946604572741017503e+00
2.111477946980150566e+00
4.214026729500983670e+00
6.582555196660242025e+00
6.688953677479605453e-01
3.071053830099870652e+00
3.609078188772074647e+00
5.497965117849209271e+00
6.013066736976670157e+00
5.639135804525818862e+00
3.037395281501619859e+00
4.302911484536465991e+00
1.648524708246001946e+00
3.072887775817032541e+00
7.289672960158964266e+00
6.482602371388144213e+00
1.044952249008683554e+00
4.379300987261867562e+00
6.069939409495043847e+00
3.638895154886372829e+00
4.273271775539438266e+00
3.028931497180062049e+00
2.936755753602548591e+00
4.880749566619911661e+00
6.444868347734233005e+00
5.027524862156040442e+00
4.975901533922661102e+00
4.584031215640546719e+00
3.447566280906870784e+00
4.961199240057713844e+00
3.646405102905644124e+00
6.081241713264905258e+00
5.822022046700263687e+00
1.829153373623623180e+00
5.073862488903714052e+00
3.028529512605838026e+00
3.917675163968910024e+00
3.958261116111011724e+00
3.066369498021781048e+00
2.297937858421562396e+00
4.559308916636712006e+00
4.834296768574319891e+00
8.268115797428018610e+00
9.339337796981464379e+00
3.474601338893624103e+00
6.331026291929772398e+00
9.071291775784505518e+00
4.327333140161483627e+00
2.605494371232699002e+00
4.894138595597373964e+00
5.396984580274867049e+00
1.015324044208337328e+00
1.547452597223472726e+00
4.262319167338654680e+00
6.673491797831341721e+00
2.368003798795097925e+00
4.068564841222067408e+00
4.197051167672688265e+00
3.253132630903537326e+00
1.765091665056133463e+00
2.741318414730183672e+00
2.136854196285081553e+00
3.854748710242707155e+00
4.979037939681488112e+00
5.749629115955194436e+00
5.418784555869658348e+00
4.193409657351589992e+00
5.130368574185682817e+00
1.093720757741777128e+01
3.785643609215993965e+00
2.506823560626354030e+00
3.479930351164397084e+00
4.335780090722052726e+00
8.625339204598818199e+00
5.656325803185799472e+00
6.941875145696630334e+00
4.946516954725609594e+00
3.023325707457146905e+00
4.441392835247430781e+00
3.997318400295992724e+00
4.038562303980826940e+00
3.580425274064933383e+00
5.263814132673545032e+00
3.344136286714422202e+00
1.480593860240548620e+00
5.879442182193419519e+00
2.911928795403023962e+00
7.256733148256752308e+00
3.771500820283070432e+00
5.817056085450427183e+00
4.474267598948136637e+00
4.096454052829622050e+00
3.788435455382085593e+00
3.783917021880435438e+00
6.059090066127522434e+00
2.315101892490309954e+00
4.642017336489405288e+00
4.645881016752737125e+00
6.284956412765437150e+00
7.064969011611362149e+00
3.594870145368595615e+00
2.267338342480577751e+00
3.387506100794375641e+00
3.823990696433099856e+00
2.828596388115100169e+00
2.758398516832889058e+00
5.318873008402489333e+00
3.120096848748333596e+00
2.887404189552550626e+00
3.825487065618266236e+00
2.390435138696323403e+00
5.824979831329661906e+00
1.845358964819554970e+00
3.739879786522498417e+00
5.088032727198860350e+00
4.820842753036084005e+00
2.958021615288587647e+00
1.290031227738444919e+01
6.493162018569906380e+00
2.671495723580086246e+00
1.953120180698799446e+00
5.129539410987894676e+00
6.788221971859591530e-01
2.662657359936906332e+00
5.617410878892575177e+00
5.026130632127006947e+00
3.082550747214951148e+00
4.629555380741821047e+00
4.383767363181855004e+00
3.715283474655137752e+00
3.844207527795893586e+00
4.096601801709033985e+00
1.737426319803268893e+00
2.729190115360987878e+00
4.981133710959269933e+00
2.164834643773474898e+00
5.788118047610040229e+00
4.660515918045986972e+00
4.111782734354675561e+00
4.180555043878199761e+00
6.840298330691621409e+00
1.028473842160894591e+01
2.195290390573505057e+00
4.670190828617675649e+00
4.905393973859892398e+00
6.557086906547382910e+00
2.923391520337912386e+00
