4.586186338806135687e+00
3.423125886414749353e+00
7.674990727813576497e-01
3.451502281788933146e+00
7.725537755691561870e+00
3.493994426434889444e+00
5.429528054274031845e+00
7.985721884718107511e+00
3.365895281296141128e+00
3.990771216658159481e+00
8.436213553393182352e+00
1.758649937017034315e+00
3.165239798562464291e+00
6.076540763990886163e+00
3.330865105417879501e+00
4.335229365935512114e+00
8.431507023033088188e+00
7.250680654081159915e+00
4.370565449452813667e+00
5.617413010572630760e+00
1.552331223326334442e+00
1.711437722010106244e+00
5.763830847101020005e+00
2.848817104847879644e+00
5.321407565502831005e+00
3.041337326496345916e+00
3.784640779705200853e+00
2.717046787096772054e+00
6.507562111056026666e-01
5.669447938254805308e+00
3.787932429737897344e+00
2.550141026470293060e+00
2.008503935121112693e+00
4.359356324519319870e+00
3.730471841521934007e+00
5.603927025712905241e+00
3.429418812780406167e+00
4.220278667194859779e+00
3.321747981636119285e+00
5.902622090091581342e+00
4.769122466417776707e+00
3.618782571345560140e+00
7.658854015482499555e+00
5.606313880974401975e+00
4.456241590568552624e+00
7.302501408046376596e+00
9.076107196991070936e+00
4.254953063801997004e+00
2.687469331921749749e+00
7.450325577793603493e+00
4.344049237431990562e+00
3.541921866645584061e+00
4.824112419376793248e+00
4.806826678135549535e+00
2.103901792904139256e+00
5.447053927875965762e+00
5.009812093116485343e+00
6.332057717890180015e+00
3.417130977807886438e+00
2.902389784368911929e+00
5.544408153336908285e+00
2.759320013016632434e+00
4.084765755493492634e+00
2.250914124169772101e+00
4.224159104194046499e+00
4.691629222952566458e+00
1.974940877037750342e+00
5.417443500017150804e+00
4.547033967556497025e+00
4.060331701688278727e+00
4.382098762677674175e-01
5.269988780641388537e+00
1.786860391281552607e+00
3.969129776845212287e+00
5.380491855117233158e+00
3.447017197471877292e+00
3.196139865333400998e+00
2.482324011865984836e+00
5.910318188068047540e+00
2.745797277112766999e+00
2.101763372262265506e+00
1.721169265312406438e+00
4.112311300286654259e+00
4.924045458081417692e+00
7.093812062304655441e+00
3.350034613331826616e+00
5.245311968715379969e+00
7.943958801942210712e+00
7.511367792466479898e+00
1.571782668366394020e+00
6.063951442541698711e+00
4.292930150818453860e+00
7.493655271270628582e+00
6.420587574375566930e+00
5.036453841814826582e+00
4.323301055786478386e+00
2.276472780613009395e+00
4.058667827625713542e+00
5.962730317944584968e+00
1.406427382421019612e+00
6.303709837371691549e+00
2.682948991837899477e+00
2.601874431854496628e+00
2.708602651883948109e+00
1.719860458779650880e+00
2.043357192591114924e+00
2.925772389010255825e+00
3.356041657887243623e+00
3.537276548949006560e+00
2.367394424145646159e+00
1.761926292684867779e+00
3.108032102963783405e+00
5.655360314469972671e+00
3.443147302272978827e+00
1.447772713695350433e+00
5.146203399633829001e+00
6.998189091724351663e+00
3.017048499015400065e+00
5.196701853809174487e+00
5.766596639151865489e+00
2.578832263101470623e+00
1.205938526759489537e+00
3.326571336733499695e+00
9.487313617373626329e+00
2.477300525107148044e+00
7.444419251973831031e+00
1.709400588306339674e+00
2.371514443122273441e+00
4.608749085521345101e+00
5.989077362352899669e+00
3.608750357529422192e+00
5.705659347119396152e+00
7.729670264939083602e+00
5.109371082957967936e+00
3.777028978776578949e+00
5.188214750849550860e+00
3.406990865536882129e+00
4.873017980926171333e+00
4.036060407881087997e+00
1.655594816580357120e+00
3.737153924673301653e+00
5.601017636309124192e+00
4.413296629254622516e+00
7.013604470934128976e+00
1.897874268784299989e+00
1.899255056790412066e+00
1.923764924985275737e+00
2.655168556674416092e+00
2.966867072391075943e+00
4.393903009535814697e+00
8.107881142421039300e+00
8.080385260134685055e+00
2.717165704746117516e+00
2.409952142638171591e+00
6.317468008302205895e+00
3.834550230900760859e+00
8.554505809704417985e+00
2.369795228358822392e+00
2.153513650318147565e+00
1.029800711781021150e+01
5.063055450978382943e+00
4.486786936583708751e+00
1.174078741243823165e+00
4.240170549131240918e+00
1.550867385909904472e+00
4.294546514866376619e+00
2.209918043220277628e+00
6.109595449403923517e+00
3.363104828193380857e+00
3.558475508769781470e+00
1.022522148536123998e+00
7.554041390845928738e+00
2.238272921175475272e+00
4.937952518210937392e+00
3.982526997939361824e+00
6.248123984958079191e+00
3.422121314636852762e+00
4.499637268414629077e+00
4.858563714189862992e+00
6.955436041485802079e+00
5.309462451959319651e+00
5.114461951387370142e+00
4.991082724474239285e+00
5.362529555501448719e+00
2.200728519296694774e+00
2.332046730243707788e+00
1.505314127079739439e+00
6.033028334637630330e+00
4.782661896723952921e+00
4.051200079807735221e+00
4.632979301375785397e+00
6.447195498810114778e+00
2.619346175030445423e+00
5.358705567972249284e+00
6.953209822084568614e+00
6.375696146152383115e+00
6.388528337331121243e+00
2.875582751335280740e+00
1.676902336226343548e+00
3.738157565127409043e+00
4.407874932861383321e+00
1.110432351859469691e+01
3.186781279236712727e+00
4.589956304408275400e+00
7.461603221040225442e+00
3.888785194496571229e+00
2.044821169588796117e+00
2.868667374763480993e+00
9.230519878124970878e-01
3.799000402654954200e+00
4.996598258426141470e+00
3.249559127328780939e+00
4.194822606083755900e+00
4.629856072541845613e+00
1.896302986523966227e+00
3.199965209651646436e+00
3.560707496598536359e+00
2.257003167235164032e+00
1.822513731674585413e+00
7.569790450359202616e+00
6.347867474461003745e+00
2.747961554277540408e+00
3.838791375532778716e+00
3.915188338369810506e+00
1.657486835968774885e+00
4.686755603849057650e+00
7.242315754585194831e+00
3.981285422996412304e+00
5.546753917176602044e+00
1.858833920642252835e+00
6.583995506238134787e+00
3.914994026880864286e+00
4.260801184001365094e+00
2.935271449901986962e+00
3.307489997087496469e+00
3.625287409960471052e+00
4.837678663526807199e+00
3.032609063509982938e+00
4.623231167391746332e+00
4.306533947430799536e+00
2.263887365430111487e+00
6.131384240931541996e+00
3.676482318824560114e+00
4.971650698058740936e+00
2.697850640087573471e+00
2.909671261646241902e+00
2.692382877237476269e+00
3.199398398242502051e+00
3.477790598266351285e+00
2.402546988896334224e+00
3.797772491504196601e+00
1.853282064796372808e+00
4.075286592761540483e+00
3.214313778572563507e+00
5.725414541351029563e+00
7.146927709975765985e+00
4.835095530875898717e+00
5.055532071524863724e+00
2.769083128722385823e+00
7.383962304577198488e+00
4.483587960929710903e+00
2.079335834717298326e+00
4.856401215324201992e+00
2.889627897665095091e+00
1.860409754371808777e+00
1.270016812467344103e+00
1.415624322823666903e+00
5.240451839310396487e+00
1.648969427531163046e+00
1.902550342189911037e+00
7.714616742782659742e+00
5.364845583619541891e+00
7.498497599332208274e+00
7.048847706208827724e+00
5.115324021928429055e+00
2.619537161020534022e+00
4.868122671835526383e+00
3.158223771972219485e+00
5.764027055418855738e+00
5.246518407379066495e+00
7.255001042731517025e+00
6.135118625458919617e+00
3.539805338964787218e+00
4.727823881355709190e+00
4.709202512978984956e+00
2.386641749825595404e+00
5.347939013002097397e+00
4.655147534035237733e+00
4.846197360405810173e+00
2.698115879534817907e+00
6.340540180666545567e+00
3.417490777648551692e+00
3.932940582883059477e+00
5.686120716843277023e+00
7.995446673940350024e+00
4.302459379721163657e+00
1.974957626384746590e+00
5.722935319437274515e+00
3.230281633398605745e+00
2.498651053782814380e+00
2.001970162019887312e+00
1.170766926767973004e+00
4.649372375016649350e+00
3.893966720361087930e+00
7.107988900466475357e+00
4.884091394672902098e+00
4.321243932493991302e+00
4.593191773639610176e+00
1.811750825211530636e+00
5.182258624922672752e+00
2.471201595656310701e+00
3.251263025401489593e+00
3.359887862064800945e+00
5.841215049563951212e+00
7.795275825935869207e+00
3.242344308168026323e+00
5.973038980628180283e+00
2.593241756723489111e+00
4.923105970698928857e+00
4.181803148894331912e+00
3.530290914379759837e+00
4.829058105599467687e+00
6.679419047017728595e+00
2.302363848397194435e+00
5.134592863447309696e+00
5.754818792741748901e+00
5.796002062304911995e+00
9.705879958888298020e+00
6.297752601679287743e+00
2.990958267153863925e+00
4.275799438423810273e+00
2.816556894230671126e+00
3.844977533622790933e+00
5.277434671719571035e+00
3.139145759986572415e+00
3.669600267124446979e+00
8.094331671582462917e+00
3.480261211268326438e+00
1.542590630548742014e+00
4.620740611066690207e+00
5.831755878938672311e+00
3.481634115173378063e+00
2.325151655696183983e+00
4.171928580541382381e+00
4.037980207412302569e+00
6.061829325596375106e+00
2.147998437894615975e+00
1.489595657088559566e+00
3.534575586831203875e+00
3.812775204745027402e+00
3.881820890823098669e+00
4.846640691108816235e+00
2.707573248280275457e+00
3.051476019927780392e+00
5.069201935020606342e+00
2.431670994390429552e+00
3.917866413755201727e+00
4.873244733046490751e+00
8.533570502640650535e-01
2.045939186469954763e+00
3.573032351533032447e+00
5.523597677661673089e+00
4.036055143018961289e+00
3.980405051301432628e+00
3.422394442203694265e+00
3.119504896234047475e+00
5.499089337470516092e+00
4.848283636926873363e+00
6.554544828963555503e+00
7.521171820227171345e+00
5.919448818728787032e+00
1.917275636326273069e+00
3.730657037014490918e+00
4.847665487245142124e+00
2.753925856173419451e+00
1.342176531019705354e+00
5.153416932934425709e+00
3.562437750320249563e+00
3.031126907818116223e+00
8.397067718778796319e+00
2.366928829248531319e+00
6.115538057059005439e+00
4.519478231520290379e+00
3.753734872981123516e+00
3.472803402676785112e+00
4.279371199533366976e+00
7.586174984944570099e+00
3.501547315296252627e+00
2.151605775839832368e+00
8.016145609987855636e+00
2.595036764434795806e+00
4.571806626752976221e+00
6.640037437070456683e+00
3.077972142176346626e+00
4.835720756813288723e+00
9.067536344716791152e-01
5.826057327377363038e+00
2.528908662596729862e+00
3.563995629711181667e+00
6.081236780177895263e+00
7.436727396740081986e+00
4.842987666698054916e+00
6.263488974757372318e+00
4.316951190004310490e+00
2.629418636795117781e+00
1.471107515279018063e+00
2.105999342723226864e+00
3.435429567460159372e+00
3.945390758071882775e+00
4.022591739822017232e+00
1.099990781450401300e+00
3.722509286556092256e+00
3.392302899772788205e+00
3.747779886464012833e+00
3.731981000428061801e+00
5.099092798396799076e+00
8.304748699929239919e+00
4.741605277481829361e+00
4.569097547241433688e+00
4.077013489216717801e+00
1.418258594655814164e+00
9.943074669575746594e-01
3.796871266601053119e+00
2.626186099158372311e+00
3.697471282016005834e+00
4.212986055306314981e+00
4.429335102140187885e+00
3.187195550786519505e+00
5.333328268255189464e+00
7.315930436920780267e+00
3.394889231346756908e+00
1.344541761694589610e+00
3.485862758868262912e+00
4.885780395736983195e+00
2.950636597940885064e+00
3.495493053573743403e+00
3.845178311875852017e+00
3.728483147224879612e+00
1.212559541671272445e+00
1.672470263294043580e+00
9.496200477621801639e+00
1.642521731124538586e+00
3.728329418847303511e+00
6.351032229455178424e+00
2.200599737736227191e+00
4.257676187187347416e+00
4.278711022795553376e+00
1.722433829479288692e+00
4.792959915888769906e+00
4.436630454358211573e+00
3.576402330466767587e+00
7.798487886095512245e+00
6.277151083188349467e+00
2.696147519123084813e+00
1.725970985443184613e+00
4.726518904572190927e+00
2.384940715229378672e+00
2.692359303795742953e+00
8.153976526382701095e+00
4.843460723353766539e+00
1.826270174003082669e+00
6.053736504098427673e+00
2.742981414507680960e+00
5.846200441405294157e+00
2.978270699557633794e+00
2.566210574538344336e+00
3.821899633866166823e+00
5.132237665113732028e+00
6.667739972153138517e+00
4.799270543380464993e+00
3.577946928936671434e+00
4.438909887164488310e+00
6.855748265392324292e+00
4.520716833966604398e+00
5.494014072380955405e+00
5.147784908954601946e+00
1.012739207130031183e+00
5.866340234220837502e+00
2.440356382652480782e+00
2.686176910699352938e+00
4.396626788871788705e+00
7.099515921109157190e+00
4.410828294767843438e+00
3.169670719406073367e+00
2.484828637028801968e+00
4.472243910972593994e+00
4.323137188100456108e+00
3.449781917236627748e+00
1.899199753902668375e+00
3.054706713004910590e+00
7.144476337996114701e+00
2.571407684925975268e+00
7.489221107039969461e+00
2.510391515984973232e+00
2.789313276342003434e+00
4.991953377301398653e+00
2.562962101657286329e+00
2.204757325049177208e+00
3.581613763358704183e+00
4.014996296954480570e+00
6.903379215251581158e+00
4.573613653471253926e+00
4.699623041070027263e+00
3.588758623033195594e+00
3.636320614999321688e+00
3.735238021452212731e+00
2.243457632008509783e+00
1.518453476056843554e+00
6.276323327237230743e+00
4.457892887369639290e+00
1.591269207610611414e+00
4.097656501736600454e+00
3.302571625342584749e+00
6.743602245701410425e+00
1.564668235240324723e+00
4.513899641556969655e+00
5.322900266028918637e+00
2.372631605905493490e+00
1.700197987301936831e+00
3.417921633707595053e+00
6.642610391793351887e+00
2.269450757677483832e+00
3.463671804829735912e+00
8.677548969061287920e+00
2.295555918217576874e+00
3.521298875223005886e+00
5.160592605932948551e+00
2.357849285031057729e+00
3.300351447101013580e+00
2.517965026176312016e+00
5.900830861176493691e+00
3.972898054496177167e+00
5.303400071575087971e+00
4.358467409820086402e+00
1.525687646269183517e+00
2.506171103263945543e+00
5.971402118292004957e+00
8.314860692009149901e+00
7.674865076781993700e+00
5.931377346934384676e+00
6.097151999043573412e+00
2.438989578858723029e+00
2.504681431660588764e+00
3.113804103694485903e+00
5.360913107842014469e+00
1.500857166497114648e+00
4.719877807654474289e+00
4.905282884911061458e+00
5.202163498094053651e+00
4.604253674300046839e+00
4.195811904079768340e+00
4.030507477310054654e+00
1.242281762386661326e+00
3.801117528709792914e+00
6.015005614256057065e+00
1.208585805838351401e+00
4.149823977192165003e+00
6.305510132917410360e+00
3.666924867646518926e+00
1.978536683614678493e+00
4.295841549905950352e+00
1.453512599761623836e+00
2.628056879992942907e+00
5.940316082018607169e+00
2.940980448225568811e+00
5.977340650298147651e+00
4.430639587814471092e+00
5.535667145433620817e+00
7.000985334431598872e+00
1.419286742582560601e+00
6.356233814440751750e+00
4.933654703725869339e+00
9.751935354125610189e+00
5.777623187662333848e+00
5.692770147616139198e+00
2.639802108020865123e+00
4.799209238145119016e+00
4.446486234115271330e+00
8.685006470206554363e-01
4.387939429018825166e+00
2.629153776922263042e+00
3.323849492297528574e+00
9.286119356879405373e-01
2.177800246860876587e+00
1.997819167775207516e+00
3.566487819382799351e+00
3.282167330352593559e+00
2.482794587618308846e+00
2.287570186323093946e+00
5.040776461727120683e+00
3.119221609262060380e+00
7.286076685989826274e+00
3.255043604664543011e+00
7.370498393383082103e+00
4.809802555224207410e+00
3.548761313044094035e+00
3.353680727102406056e+00
3.682041146387790231e+00
4.194431029359366292e+00
3.937839857508731001e+00
4.704155382406053576e+00
6.151153540120659180e+00
5.102652698130081266e-01
5.819810363161208144e+00
7.465583152012037260e+00
4.530722654490936918e+00
1.711937310841582072e+00
4.300577673505054932e+00
5.040047595446299766e+00
3.050147317840054217e+00
9.229349542007515339e+00
2.672079096427693035e+00
3.169260747412036228e+00
2.629040001045533259e+00
6.115949025450980514e+00
5.697313793347278832e+00
2.531295338956712548e+00
3.216475755684520266e+00
5.788904841577888760e+00
6.455191782921107624e+00
5.043378049147307252e+00
5.948463428209037396e+00
4.957289832295858290e+00
2.558044774068997107e+00
8.820885595467420348e-01
6.426649772303835384e+00
3.185281310435034818e+00
4.535358602696025976e+00
7.329332261212149646e+00
7.741544361529181906e+00
7.194167183972031587e+00
2.732838926854846751e+00
5.224288518220179256e+00
3.012125437715743370e+00
6.577680836982809254e+00
4.823072522785547100e+00
5.467285125038233495e+00
7.249941677190106404e+00
2.160743356676929405e+00
1.911237949544257742e+00
2.815826084946642993e+00
7.530049436032662413e+00
7.553396861285605723e+00
3.923539871529999168e+00
2.567013506883438101e+00
1.377641833617737843e+00
5.837141319861231636e+00
3.670671523379520629e+00
8.554546098584134839e+00
6.739119792217481475e+00
1.867842336676847070e+00
4.185195361073029474e+00
8.440555009771106842e-01
2.413205456105597335e+00
2.542910187509479503e+00
2.889500366054328584e+00
2.144439822415818764e+00
7.746897120177884233e+00
8.927851331824371295e-01
3.062390021916554073e+00
5.762083520325272268e+00
5.452555845556750214e+00
4.953070067185656455e+00
1.185114124257577339e+00
6.013445177011393028e+00
5.874312230738093277e+00
1.955606769336063255e+00
2.282382067958915517e+00
8.813036407280588236e+00
5.742038084150859589e+00
3.960364240077784981e+00
3.211069669546816385e+00
5.237513146178453205e+00
3.964169299291568027e+00
3.214969222678190075e+00
3.599443254869819864e+00
2.367316064576675760e+00
4.061290229556909992e+00
1.026884615432084313e+00
6.151000354148480120e+00
5.843852736399260728e+00
7.895857324239567099e+00
8.956113613448730248e+00
7.205466526412666717e+00
2.667686522646635972e+00
6.182133877180925552e+00
4.928348395110805136e+00
2.146746328846520502e+00
2.165029536881115213e+00
3.927218980959321648e+00
4.755024099032407747e+00
6.739117400433103811e+00
8.807926103245005578e+00
5.553716507669006042e+00
7.453050922478619000e+00
6.127200226936089678e+00
3.283070947010737317e+00
3.817296028930608376e+00
1.169094578655457362e+01
4.601091644210049125e+00
4.403977385732408045e+00
3.434284130298752125e+00
3.312587118175025047e+00
4.275568492024823364e+00
6.274501010303700888e+00
1.887087863084183414e+00
5.558193053409400619e+00
5.956995137580191724e+00
5.747257343986118094e+00
5.549757880185970826e+00
3.845555100320424025e+00
5.223681941529449979e+00
3.656004974272732078e+00
2.056672319484871281e+00
1.931146015643741887e+00
8.638522986666453463e+00
3.099018441115314548e+00
2.733883912329234001e+00
1.568134649602560104e+00
4.083251749144364950e+00
4.845107190781924089e+00
3.683404065956669804e+00
4.283134423238372790e+00
2.089914600179642257e+00
5.814195281615630151e+00
6.879309431854400358e+00
2.236626853042606555e+00
2.469303285722487917e+00
5.188656632494850207e+00
4.613045886985398525e+00
6.319074676480743058e+00
8.367835333894920069e+00
3.554663544509023332e+00
2.100908512990836918e+00
4.816880190899063052e+00
4.816853954577302588e+00
4.354839258160790649e+00
3.018733907221535340e+00
5.151486944413138369e-01
3.622249191067576923e+00
2.574608136021715676e+00
4.499778164477307385e+00
1.940391154884373082e+00
1.836929512651356067e+00
3.300963761388054252e+00
3.525160374256832707e+00
2.888309573810286857e+00
4.365725561904418406e+00
7.909035035477717024e+00
2.888685109346541768e+00
3.914264856859831720e+00
7.912995378921786838e+00
1.752466091306066120e+00
6.190930956054094381e+00
1.374827962198450493e+00
4.475446604042669030e+00
5.358625041454992299e+00
5.925314335219645123e+00
5.252417346031164058e+00
6.029421008365579482e+00
1.269531906804700183e+00
3.319510889404776233e+00
2.101879592364430227e+00
6.014995501989828242e+00
3.435654499061373990e+00
5.732037976564086534e+00
2.794641359590692264e+00
6.276813630970365487e+00
1.649186106679376262e+00
2.895790859592678679e+00
1.125413817249274029e+00
2.994892467277979087e+00
5.054231592968049469e+00
2.102768907447583047e+00
2.681574456010531016e+00
2.662096090958615768e+00
1.659195992170358291e+00
7.838880807075350177e-01
3.482182904009715196e-01
1.406558613239349942e+00
3.599551766442884659e+00
2.155300832207173833e+00
3.695064774077822189e+00
4.356279272572655792e+00
6.405408608323492459e+00
1.341027974202199768e+00
6.663087123815891744e-01
3.466980060867787650e+00
3.974033867017706001e+00
4.032509875177987979e+00
2.597334272356861984e+00
2.470174402786605050e+00
4.579103391025404868e+00
6.042084110633548555e+00
2.884277932353364271e+00
5.679646209936295875e+00
2.686197185040587687e+00
1.282998529911249630e+00
2.293372904905944143e+00
3.994118200135365448e+00
4.180859963178460426e+00
9.260378918244455804e+00
2.328151041311699920e+00
2.306837371452665320e+00
1.348283551164213634e+01
7.291516122833772151e+00
4.093043269080387958e+00
3.127523429508553221e+00
7.653821442565421407e+00
1.669553997325167405e+00
3.655051070118247480e+00
1.709355677152818220e+00
4.399805937520701704e+00
3.301247406865532419e+00
2.566753216035799312e+00
8.291074103697813058e-01
6.771382054261553485e+00
3.564794030362452126e+00
4.742295230968214703e+00
4.698889734303112853e+00
3.937726632745043531e+00
4.536095920015522864e+00
3.731770332108970134e+00
4.039717094618996640e+00
2.522949490243076021e+00
5.168599942041383954e+00
4.588534620465177127e+00
1.594316915124118328e+00
8.119800239204415959e+00
2.751076577925270161e+00
4.614922185294771495e+00
6.487189962165031076e+00
4.041368927468026229e+00
3.656841353149403950e+00
4.987235641329041513e+00
6.607110265477308175e+00
1.321929258597479118e+00
6.017785330275058797e+00
6.112662958386688494e+00
1.524078019713217103e+00
5.048179386776412869e+00
1.346885529071931042e+00
4.586843043718973334e+00
3.726599570092839819e+00
3.241205168042273321e+00
3.415802051829841979e+00
3.219378665392746974e+00
1.069063951853552297e+01
2.528376952035919167e+00
2.595880481314676302e+00
3.950460135513890414e+00
1.693818001189532296e+00
4.108591518749812543e+00
3.758119858802258850e+00
3.253787429247513963e+00
1.888143202301896029e+00
8.462324373285781576e+00
4.861581911003898249e+00
7.502873907666577580e+00
3.457760400007629187e+00
2.550129961295561909e+00
4.875339934562505917e+00
2.077877395153104878e+00
2.335689869963086807e+00
3.310636390894395653e+00
6.356215846162941219e+00
9.196736919068424498e+00
2.729402924107550810e+00
7.032138887124949278e+00
4.030387761738198904e+00
3.323016521267557977e+00
4.838167348979304450e+00
2.633400769408171804e+00
7.425424104501064271e+00
2.042996536096336690e+00
2.790549089919204029e+00
2.242068801345433293e+00
4.132981763929132413e+00
5.531954860940301089e+00
2.601300506692894920e+00
3.808515866436688491e+00
8.152538110332784527e+00
5.190974035321511693e+00
6.605437541338845975e+00
6.599452087468867134e+00
1.099950260453313122e+00
4.857821009789550004e+00
5.298963232355959008e+00
2.176252652735295889e+00
5.956584525950617603e+00
5.680801818160547967e+00
2.280103993499273951e+00
2.755750059467629853e+00
4.020268834410183345e+00
4.101069675354278132e+00
2.181414133734191463e+00
2.597009041457804646e+00
6.096489014657434424e+00
3.941009927282702385e+00
2.270777356785431245e+00
5.849025825785055588e+00
3.597001106745189247e+00
6.243747597109598146e+00
6.235122525113387049e+00
4.611565543726205085e+00
6.454693112752378781e+00
5.715315946237293332e+00
3.211561198937050499e+00
2.502865753894618628e+00
4.849330595063515159e-01
2.968918361423882768e+00
3.525702737521391406e+00
1.034070913890192323e+01
4.546582062404974423e+00
4.169754004366961198e+00
4.835713997243871631e+00
5.478451193550992748e+00
5.122314665842790049e+00
4.882291827541171081e+00
3.338369146481917404e+00
3.359931736499413457e+00
3.635441212105471553e+00
7.071548259067159670e+00
4.635336735899839411e+00
4.336336061787941176e+00
2.272620630558949806e+00
2.914049431331034778e+00
1.609620144657176066e+00
5.066347136907401350e+00
5.934680298738438609e+00
4.990263736376242321e+00
4.256730388224548634e+00
3.797706694113654802e+00
5.611781745970370494e+00
4.517236219702801314e+00
1.973974161356838009e+00
1.613028834775420917e+00
4.475803558403955940e+00
9.762791564201226402e-01
6.677089506928263418e+00
3.508912886787196150e+00
3.947355108855017392e+00
2.368952652551818971e+00
7.543640500872593968e+00
2.988875085582730851e+00
4.481547827162118303e+00
6.464807849891345271e+00
3.372034590446602031e+00
3.862112035130729648e+00
1.865245871275179823e+00
3.592927632818689432e+00
7.304377209669544513e+00
2.164042830803137640e+00
3.150712597342081978e+00
1.167038848619007307e+00
4.325189504617770631e+00
3.178576441962907673e+00
5.799069650005574950e+00
5.895154678883590904e+00
5.440381895147980984e+00
2.622102335201995427e+00
3.347598200460782714e+00
4.094659017728101702e+00
8.034903492234104050e+00
2.924584371543613059e+00
3.666314112927739011e+00
3.178796939635130769e+00
4.409086383449427160e+00
4.870969175884686031e+00
6.330181002091259224e+00
5.376243630617067559e+00
2.929375919987931898e+00
4.553797333399105085e+00
5.853956377875555894e+00
4.309821408250019026e+00
8.247697544311582973e+00
8.359016001106120086e+00
3.896085836831987503e+00
6.122862384497120836e+00
6.265009961523189119e+00
2.307944648736095949e+00
6.816343182791134936e+00
2.154748670616896344e+00
8.398634521874372538e+00
6.487949892018463061e+00
3.500881290584637817e+00
4.852627467107852866e+00
5.169793013876738286e+00
3.561484486824743723e+00
5.530824908018050046e+00
4.333093076433935487e+00
1.475054323241556720e+00
2.580027077321275009e+00
4.285196127932744403e+00
3.914273376472169552e+00
3.348558594592663695e+00
6.008915101624147326e+00
5.010658117789615673e+00
1.637663164158345008e+00
2.545325247823026604e+00
