3.756641766740787425e+00
4.562871284168385166e+00
3.473240736146003371e+00
2.418267896855334609e+00
3.396428650430100227e+00
3.150219639918768966e+00
6.150193509328966135e-01
2.329631828042175279e+00
4.192589633394957715e+00
1.988155685154262553e+00
5.887046948074062591e+00
2.267319583993061549e+00
5.841569101558287791e+00
3.804302372089652273e+00
1.336592361512297655e+00
7.172538161170860072e+00
5.243428028325480383e+00
4.934145973521245843e+00
2.838796456641098143e+00
3.333686533886653702e+00
5.435001253554933243e+00
1.785832808544040917e+00
4.013911118112891252e+00
3.991258023059676141e+00
2.606067995243463997e+00
6.825141083997047886e+00
4.376575672931302563e+00
5.882469759693862876e+00
2.345851840895488039e+00
5.219390554715896968e+00
6.081706083836993848e+00
3.211025538209239638e+00
1.919912105517744383e+00
4.545705575797977183e+00
2.945596784000606760e+00
2.113889333524345382e+00
4.078988190766669852e+00
6.109389113029386031e+00
2.847863088042164925e+00
1.431711766738792857e+00
3.751251845709931310e+00
5.653583418340955014e+00
3.722425725732660506e+00
3.298291099585186181e+00
1.207750151405768690e+00
4.271732530698601593e+00
4.308420761847340685e+00
3.775304724088643038e+00
9.593861584266672793e+00
6.491360467012577962e-01
4.654801031412262979e+00
2.087817639313398921e+00
6.826973149535795926e+00
1.711854267714520761e+00
2.439068221037701711e+00
2.123284822712696585e+00
3.516736393283886208e+00
3.568167625245659558e+00
5.495830354955161035e+00
4.009615806174410935e+00
8.664861320673236111e-01
5.057992083043672871e+00
2.990736949697954117e+00
3.297893930038115595e+00
8.592770221304498079e+00
5.961187017356829543e+00
8.316697319627319729e-01
3.897973583274902953e+00
4.789534870103969055e+00
2.550066504201811135e+00
8.519824012473815600e+00
2.889668631188333503e+00
3.568569187734532910e+00
5.975022143542476627e+00
1.294887123400412676e+00
5.109046849751216257e+00
2.434144333321556442e+00
2.533696746206621775e+00
4.878214993973816860e+00
4.065019890214569109e+00
5.136733144587800837e+00
5.967388663147219496e+00
4.265693999035094386e+00
5.427144801294053522e+00
5.559794279857888988e+00
4.263103566670908506e+00
3.090142444519412557e+00
3.699650236175661799e+00
3.372448082919087931e+00
7.289886327969208324e+00
3.774996618764942635e+00
2.827248922966793199e+00
2.461242598119662173e+00
9.332182341452911700e+00
4.729600229901191000e+00
4.989822485449892042e+00
5.967203419903792216e+00
2.418175973176387217e+00
4.829992364177970288e+00
2.440364962956755868e+00
1.759680261487173825e+00
3.821789645530790036e+00
3.413911701793980402e+00
3.524092488668696177e+00
1.253539021264254538e+00
3.279598103492493699e+00
2.198531310085148682e+00
3.743705476023013290e+00
4.475202431343412002e+00
6.062009259691478746e+00
3.889065231336430006e+00
1.994274692974696617e+00
6.522724954627845406e+00
4.433171965394356207e+00
7.457490804708017507e+00
1.920079743901006664e+00
2.318186192744737806e+00
1.737551052099700399e+00
1.133401013519793610e+00
1.173818667816965089e+00
5.915518945813185603e+00
4.864985234526555402e+00
2.635805995004770530e+00
1.970131954000788665e+00
6.661618344212348219e+00
4.942229753853389917e-01
3.351833095447591226e+00
4.865338791149655506e+00
8.227344202662996153e+00
3.905145659985963302e+00
3.638237194540456354e+00
2.700478125319949019e+00
2.954336396688694411e+00
4.125695188332985097e+00
4.126100699011916895e+00
4.399653441668250231e+00
2.885877511561861120e+00
7.068791268391090732e+00
4.076316571484191797e+00
5.028425352193321984e+00
2.730127990454620956e+00
2.008846797309963073e+00
6.844799074938125116e+00
1.321363714169027759e+00
8.974907482580464446e+00
3.877908410574460341e+00
1.604155439219665968e+00
5.995329674464283443e+00
5.917231202698959081e+00
6.368052794318877829e+00
4.993969991966060284e+00
1.008515740828379492e+01
3.487937847352138299e+00
4.067189947317915610e+00
4.083667446204667151e+00
5.767452142546377836e+00
1.697410107835833681e+00
2.821875858141837501e+00
3.611515296508548634e+00
2.105755865705801533e+00
1.965869956184999268e+00
2.286719910648367549e+00
3.058146232904077166e+00
3.884668038601647222e+00
1.864059684422872731e+00
3.443118217585640739e+00
1.596400100696928392e+00
4.425772312805738906e+00
8.718819364615022494e-01
3.556197261071839311e+00
6.045293469597735836e+00
3.122976112436820717e+00
3.588895937593265195e+00
7.365801461779144077e+00
4.440351727169451479e+00
2.976184889514173371e+00
2.742384826527945130e+00
2.392853031124411611e+00
2.700366562285196448e+00
4.560054545579152574e+00
2.074503935921907960e+00
4.577103672207220697e+00
5.078869829886815346e+00
4.147027971404542157e+00
9.746384740993866425e-01
3.929660113556382672e+00
3.770598725830141884e+00
2.288188098931954517e+00
5.384188390693870119e+00
6.115265747669129226e+00
5.263239371963310376e+00
4.326294748108227672e+00
3.286229749961985469e+00
4.021277120133467164e+00
4.008572282791909025e+00
5.550090407097963308e+00
4.551196507320971030e+00
3.142422942073462178e+00
2.801508921045699818e+00
3.010004720790314003e+00
2.569074614345093543e+00
6.470333167117564344e+00
3.594017761119005172e+00
3.310563455318468407e+00
2.305357164392257019e+00
3.850299729768118517e+00
4.356135481249927111e+00
3.757408508856276086e+00
5.582280130284639874e+00
4.826174655454400053e+00
9.660749693048085618e+00
4.478987969868212460e+00
3.213983705063950147e+00
3.514327909204934652e+00
3.106110110782397182e+00
4.571938078373515069e+00
2.538435890777540838e+00
6.282069337543481069e+00
3.773908802399377205e+00
4.770777227095484463e+00
5.361123559828490315e+00
6.558586062738143596e+00
3.691160463194236740e+00
3.976964761854387298e+00
3.177624067326727531e+00
2.602472803750374375e+00
4.364809280686443138e+00
5.031721718444099878e+00
2.947827295775669931e+00
5.022376072914250145e+00
3.425463175814063899e+00
4.727131896681681766e+00
3.423613666925518828e+00
3.146876460537904929e+00
3.435660784320507588e+00
7.022363346108223325e+00
5.294932141408183135e+00
3.425596163726943644e+00
5.259557319205373283e+00
3.168410225886146403e+00
2.456828875436700255e+00
6.511910498358512100e+00
5.240385278806059866e+00
3.352278195516233072e+00
2.360859723254777887e+00
2.130151262870605855e+00
4.704967441075571521e+00
5.595647752686813803e+00
6.616503796820333960e+00
3.533848794644079305e+00
6.066099314071218274e+00
3.990838502314010050e+00
1.816599305842494072e+00
5.847947401796601774e+00
9.995524853842027824e+00
3.808160393693846402e+00
5.055625781525626472e+00
4.205755078092987986e+00
3.305754731648040234e+00
8.700533076090449569e+00
4.644406566282271775e+00
4.928338301060055215e+00
6.844496436809083484e+00
2.707864935823497188e+00
1.286343926324723386e+00
5.873188189671961545e+00
1.250709049300891440e+00
3.287916235005752696e+00
2.411318739810520917e+00
1.600035249765768608e+00
5.514970061470178209e+00
7.111427001517881763e+00
2.982812853263745456e+00
5.233769861253968259e+00
4.573821830872965677e+00
4.059781581410081053e+00
4.076112112520053010e+00
2.991088222703096378e+00
5.475328363930237252e+00
3.892250749091850537e+00
3.271429296861383396e+00
3.062561144886357667e+00
7.316960481383745218e+00
2.801394749655073291e+00
2.091972442436289548e+00
1.609416473531921188e+00
2.013769300590643407e+00
6.845912454920399348e+00
5.800888686740518274e+00
2.590723245990729673e+00
4.419766111677877696e+00
5.577424422639694512e+00
4.503184695456348585e+00
2.885488532719108434e+00
3.533406403335122459e+00
7.319739973096753616e+00
5.463057082839560152e+00
4.020315806812472026e+00
2.961890116991884092e+00
1.538669858917286692e+00
3.883206873166179296e+00
4.816339894173274239e+00
6.212579222750503227e+00
6.268797619464196558e+00
2.562289814980036606e+00
3.675561768849731070e+00
5.650734977882481580e+00
3.540450476445182293e+00
1.883508773078447884e+00
5.276189115982477418e+00
6.208516892621143590e+00
1.119252093702521433e+00
5.916571872068603355e+00
4.105920228426460206e+00
2.898022765729341810e+00
3.136526524921763759e+00
3.195637567209947072e+00
4.460331221052607376e+00
7.794932032804821276e+00
2.589987468922986924e+00
1.149730862715532931e+00
4.304978589435711100e+00
1.793502902517456032e+00
4.105601231984405075e+00
3.171259990730362688e+00
1.796012682844390085e+00
4.689791300490014692e+00
3.832239044870306088e+00
1.889729256127293811e+00
3.815031375880674425e+00
2.895169810000850052e+00
2.907852012835657085e+00
3.832366096078620110e+00
6.506302998785282732e+00
5.402185786641171106e+00
5.626505539879561368e+00
2.483112969187070362e+00
3.480692145706739016e+00
2.628162525915352266e+00
2.991381766817611698e+00
3.850259331077875657e+00
5.814868234132631208e+00
4.574828969983872007e+00
1.481714126086146610e+00
2.595117912694950846e+00
2.620476478455421976e+00
1.456938518615924716e+00
3.255485736960235243e+00
1.984652987845538563e+00
6.174059086059267898e+00
4.475324209682758791e+00
5.714940135695636414e+00
8.984943475822902315e+00
2.105906897927464438e+00
3.420760650133399139e+00
2.236751817076895854e+00
3.171348884869472418e+00
3.648465907159639698e+00
2.160201657522677454e+00
3.442596900583350106e+00
2.044638344463594049e+00
2.316200856506946071e+00
2.906632060809076989e+00
3.659568705808319944e+00
2.662790712692716610e+00
1.539866420361005073e+00
4.427932915206950426e+00
8.750850393431994334e+00
1.047872461602007910e+01
1.426680621364066592e+00
2.404061460550316998e+00
5.862421657424474741e-01
3.933528951535966378e+00
6.046604864163272808e+00
5.969996509316983335e+00
4.306058769949318688e+00
3.036837897402441921e+00
3.340857264668005477e+00
4.888293247542506492e+00
2.615113676944740284e+00
3.457612659094441820e+00
3.759044712470588134e+00
2.959816577172049712e+00
3.555303320552845925e+00
1.230784409133360624e+00
2.186219842128714230e+00
5.425759406041054334e+00
3.429091740004813538e+00
1.665758647951251614e+00
6.984845611371968133e+00
5.824458105822137632e+00
4.358701355230192753e+00
5.682101612638657429e+00
6.387521543157911097e+00
5.729727011324008856e+00
5.768036684500390976e+00
4.044735499825142355e+00
6.592150294792650911e+00
7.488314882777975967e+00
4.811459764977357167e+00
3.337051496865027111e+00
3.405941580352508602e+00
5.178190831979070374e+00
7.402358988381003257e+00
4.828401173479043074e+00
3.891527979883711019e+00
4.576200711458943360e+00
2.884596483223707430e+00
1.060971132304811437e+00
3.873998562717127836e+00
3.563472576451803597e+00
5.819049203948648774e+00
8.712357161679758377e+00
3.586435845663318300e+00
5.399648223117401002e+00
2.608948114731745260e+00
1.904153287493901558e+00
3.147554140468828532e+00
3.977976649981183499e+00
6.304122198862489590e+00
4.137903284731205389e+00
2.807735397532627353e+00
3.825179929102327403e+00
4.998521010697449363e+00
6.811316484648915370e+00
4.630314003285219471e+00
2.599123473921087335e+00
2.835546393994281544e+00
2.908697713790948214e+00
4.088596193796642631e+00
5.136164809503770634e+00
2.916598688181834209e+00
3.310497555057120955e+00
2.176720468073911618e+00
2.576443599599069767e+00
6.260049919494315773e+00
2.308247323276136687e+00
2.485821914574951386e+00
4.607945175718053399e+00
4.216369510948480226e+00
4.833546114438288299e+00
4.625224187723370406e+00
3.160685495964142167e+00
6.120116421023031883e+00
2.864745808757200418e+00
3.194249303615189994e+00
9.954379190082104145e+00
4.752925947196088075e+00
3.412539540527377291e+00
8.574156551426813877e+00
2.700304577191295241e+00
6.039472573468295913e+00
4.517733238204814761e+00
3.904644909317900758e+00
4.409116922676038719e+00
3.608318773927734036e+00
5.006810258047611484e+00
4.325926512322643802e+00
1.089041286736631475e+00
2.281914523647191828e+00
3.622882024780315735e+00
3.999882644142137345e+00
7.272110428990936626e-01
1.595878873562428524e+00
5.778490395254116230e+00
3.917955149217795086e+00
3.988997502409057372e+00
5.155578567195890471e+00
7.080207358784202931e+00
7.054834588572170162e+00
2.349855777647969823e+00
6.327946518733293502e+00
4.080296114806573726e+00
2.980443328066025632e+00
5.189470671483578101e+00
5.134552065005733468e+00
3.047311082976760233e-01
6.906036702413532069e+00
1.741805003416987407e+00
3.005006374916311396e-01
2.002816222128439350e+00
2.191350471435335567e+00
5.352154251005598162e+00
2.493337830279584111e+00
2.524292140749449409e+00
7.843512778760119097e+00
5.718354553318841127e+00
6.219008688319424216e+00
3.819458566638698649e+00
5.717848232298150535e+00
7.695132859752010113e+00
8.157833761205530720e+00
3.537626739693461531e+00
6.656689063122803063e+00
3.252579868281267217e+00
3.321347921318540841e+00
3.167521125748876010e+00
5.345246436145974833e+00
3.747768270335433360e+00
2.602917458905290804e+00
4.058525695117539911e+00
6.618942210175210228e+00
3.717306405055799789e+00
4.276969532935969376e+00
5.132818165291451962e+00
7.782937052795309896e+00
1.385001234575683027e+00
6.566133097787249184e+00
2.729893382951016356e+00
5.164071204446708308e+00
7.485440991810255795e+00
3.896659789005297192e+00
6.261005361249729617e+00
3.360823136329687433e+00
4.501900947003147024e+00
4.814849261168685501e+00
2.385092864083282471e+00
4.643567651101786709e+00
5.021201914304585401e+00
6.544659807919080308e+00
1.870354318286380435e+00
4.190980881889528220e+00
1.902234740246315781e+00
3.739318726628648726e+00
3.561396614764299695e+00
4.640475047056790814e+00
7.489024680015294866e-01
1.875881666550792248e+00
7.404190505428841718e+00
3.515879550640916840e+00
2.492486957263766900e+00
5.454058045293346701e+00
7.408547691380055866e+00
3.730006645183797875e+00
6.944850793919312260e+00
9.887436936733806192e+00
9.121813392624172900e-01
5.826139187213911441e+00
3.334535919271217175e+00
1.528167391910092876e+00
4.177153558671800049e+00
4.247229065624765099e+00
3.350301658589027731e+00
6.726452778193008797e+00
6.490635749855646175e+00
1.198042403304443893e+00
8.592365230973282308e+00
6.182949166972870891e+00
1.894409296395501929e+00
4.421443756220567955e+00
3.959879842109619741e+00
4.584531724950951848e+00
8.945342955106815097e+00
3.627385813243250823e+00
4.957867309732266747e+00
8.078098905325475698e+00
5.447228155037779906e+00
4.291967077910659789e+00
1.420691772525679353e+00
2.775268844792128764e+00
3.379280669156083938e+00
4.305485977856915447e+00
7.342701572668157262e+00
2.165549674413585812e+00
5.677272038255127384e+00
1.298846055285045820e+00
7.298911762064951958e+00
6.595463324180177445e+00
4.036227049194530458e+00
1.329724238920830359e+01
2.427343088650947944e+00
3.621426632912566390e+00
9.646956024516200046e+00
3.079415257080815760e+00
3.648271368160231898e+00
7.393396547894954374e+00
8.114545453795283692e+00
3.256476706839308122e+00
5.812525627476754053e+00
1.680185520555107503e+00
1.752653957326861356e+00
5.112148215225481351e+00
3.450618689933107053e+00
1.604303024330978600e+00
1.619342656979351203e+00
4.289546472531481136e+00
1.338352803081677589e+00
4.490131402532989924e+00
1.745853470165380283e+00
2.894361449483177751e+00
1.276346347692254746e+00
2.147746515081422114e+00
3.645016018138824254e+00
3.328458310339003301e+00
2.346760590101358623e+00
3.518390426215252553e+00
6.996591351792806890e+00
4.041681202863342648e+00
5.741373971082203376e+00
3.952927603357614394e+00
2.710976628831200941e+00
5.440738503487848376e+00
3.068014082379998619e+00
8.026978824885681041e-01
4.924313703109904239e+00
4.669771007130656848e+00
2.217452407572595430e+00
7.487941661370098423e+00
3.082723309527328315e+00
4.843652668458803490e+00
2.856634817855018049e+00
2.253054408972341882e+00
8.237314453647282875e+00
5.387864840707019987e+00
7.873400226486296560e+00
3.170934228884080941e+00
4.373539013871424075e+00
3.897898720067229483e+00
2.739412935347920186e+00
3.988785036037916232e+00
2.218171504788061021e+00
2.660400202641610257e+00
5.292359273357162053e+00
4.013605382476283623e+00
2.559177595163281804e+00
2.955216770795408454e+00
4.015741503132973733e+00
2.964958294313997378e+00
4.748065036931793159e+00
4.385787675294419152e+00
6.915374978328932443e+00
4.394006711944802746e+00
4.916992429081969540e+00
2.044803823122588238e+00
4.869358766282793738e+00
4.844729291770577539e+00
3.055014314064825154e+00
5.672178617621786323e+00
3.655517511031888489e+00
1.853233734065490523e+00
2.358345142288784224e+00
5.858921739111933036e+00
3.253360908861380185e+00
3.591714671240890944e+00
5.576481090870137436e+00
4.984280847718901342e+00
7.103199790467352948e+00
7.127763482122458250e+00
3.060750923957567871e+00
4.240334585352215413e+00
5.550251862136116543e+00
3.312522928252557453e+00
3.386267804169438733e+00
3.130429508711554121e+00
3.844094039180536271e+00
3.277524876703389989e+00
4.028002643446557229e+00
4.172479754671162944e+00
4.945692432015425410e+00
4.919213480805106897e+00
5.268680776694265155e+00
5.906655660299485078e+00
1.131053811474188597e+00
4.696116688208016754e+00
3.767299259240137310e+00
4.000084131922630348e+00
2.534780880995524122e+00
5.380907683820046472e+00
7.923207031074115392e+00
3.449194430968166358e+00
1.847968487014200134e+00
3.638880699948620734e+00
4.677002969265537047e+00
2.234934510638521221e+00
1.524245826891989619e+00
1.592447623959100333e+00
4.703712435604813891e+00
4.754813882289620430e+00
5.019824467224464293e+00
5.464183693737370007e+00
5.269757749404966773e+00
4.061740704698270754e+00
3.753356289827431080e+00
5.361642662083188071e+00
6.658645273528696507e+00
4.332258091346185225e+00
4.119492305515943364e+00
4.039522356131003633e+00
3.177375764578925121e+00
4.106962091962998329e+00
6.996123245599956242e+00
4.642689667666295428e+00
3.053231611746961782e+00
3.173477407027831099e+00
5.911085910455554426e+00
5.221793913898000739e-01
3.641092421924617462e+00
2.349393710568672411e+00
6.458949509319230842e+00
4.388341704216262684e+00
2.949016517300427687e+00
4.595256191803651191e+00
3.823845624781357255e+00
2.280778070123075540e+00
6.000125738273419884e+00
1.766266634757501119e+00
3.735985874427932174e+00
4.673012009498707542e+00
4.231230021565544064e+00
6.756315986462325895e+00
5.568903452784783603e+00
9.237357394876340777e+00
1.373074498603664262e+00
3.091806409041019332e+00
6.932784749526509138e+00
2.115097411151638518e+00
4.550419799975730761e+00
5.163060392735154380e+00
2.762682587478152207e+00
4.353515146755249532e+00
3.240971468087744167e+00
2.774724210325703044e+00
6.201619187206657280e+00
5.858416129593193133e+00
2.257644741414783773e+00
2.561873309537843202e+00
4.539227616697297130e+00
4.013634016707554153e+00
3.554291100899091393e+00
5.451316947121733314e+00
4.423161351319358836e+00
8.533583954870964661e+00
6.739951881544307355e+00
2.479218265281148081e+00
4.226876320793930830e+00
4.489015280398885643e+00
3.154636404028736685e+00
3.642722506686766337e+00
5.346046277999201735e+00
8.250858354869146538e+00
2.373832260046941478e+00
2.279948167883557364e+00
5.305260988558057278e+00
3.983614230216547814e+00
6.082274361810030783e+00
5.661043854115729523e+00
3.048337134733265064e+00
2.269816441537308105e+00
1.743510613181778579e+00
2.549098705684965882e+00
4.741200645094939325e+00
6.760843618662581100e+00
2.897659786966258366e+00
3.258224177049824366e+00
2.440691181146615651e+00
3.030066013169334660e+00
4.477084040466634107e+00
4.541135597071226826e+00
6.852276790233578829e+00
3.069170058045164406e+00
2.509097189367452518e+00
3.563372111123106922e+00
4.932054353634848454e+00
4.967769435616466112e+00
7.191984968055800564e+00
5.091833381921053281e+00
2.124683720770897288e+00
4.576143434520608011e+00
5.249827866841584978e+00
2.688227149990304099e+00
2.526829761277973319e+00
3.029860042753485416e+00
3.220054097795281844e+00
3.483557507792283126e+00
4.972203809747556491e+00
1.438211802381677007e+00
6.119276076377545337e+00
3.748157915852806887e+00
4.905344534363344167e+00
8.232475925160963826e+00
7.791475148827332831e+00
4.224583758060317606e+00
1.792514968354042892e+00
3.642019367519869544e+00
7.198748964863172617e+00
4.191640617580904227e+00
1.783140380056401852e+00
2.222923645678140492e+00
3.225022328382407100e+00
3.389423611468154185e+00
6.111212936304974974e+00
5.796112592158248589e+00
2.376288152557415323e+00
3.661483910775586992e+00
3.953699148405207975e+00
4.071335222470183979e+00
4.989708807377725819e+00
4.681890594678224105e+00
4.398762526528247285e+00
1.274948329990376994e+00
5.367512506918094672e+00
1.186863938685910558e+00
5.015950872912618763e+00
2.847196186728779388e+00
2.144618983990166150e+00
2.309474059697693260e+00
1.651479322974859443e+00
6.078145484244577013e+00
2.815635680100826654e+00
2.953382338659945816e+00
6.442215794483669988e+00
1.221635412524700470e+01
7.427797322568066019e-01
6.662453650656102511e+00
2.227591134143176888e+00
3.196901492429280456e+00
3.093528489352567412e+00
1.814546982296675992e+00
5.236372898233870643e+00
2.017360948106323271e+00
2.596607132974534160e+00
1.998784690864645386e+00
3.368995602747045126e+00
3.712374266598173822e+00
2.421605383087411134e+00
4.784763516623208979e+00
2.111886728730745233e+00
3.865575324530952539e+00
6.538899830042136152e+00
2.688990835647134148e+00
2.067365457950798735e+00
2.592501039570669796e+00
3.075919212386682311e+00
1.853015471534713132e+00
1.759020097696597063e+00
4.348340163267266689e+00
2.787955779869623729e+00
3.722796241654648952e+00
5.728657406291294052e+00
6.638432188732264372e+00
1.974999305672987315e+00
5.630013749115729382e+00
3.011467005064020874e+00
5.811380481212440330e+00
6.095182320493952588e+00
5.067640912496186090e+00
2.315446846595318409e+00
5.770891241856226372e+00
4.101721430509458699e+00
1.763079273875813202e+00
4.902107572440664640e+00
2.458979569123140863e+00
5.311627537064405935e+00
3.296239217744465488e+00
2.111738359834449685e+00
4.546370933095992939e+00
4.324448318553179682e+00
1.726926435454271713e+00
7.568374636336601569e+00
5.172481780912962179e+00
4.411923605071055299e+00
1.783819313276121310e+00
4.874592252212378796e+00
4.865184452652347780e+00
4.371363626620030196e+00
2.508448067350543376e+00
4.500786508314232215e+00
1.250787846234431511e+00
3.202418737151504047e+00
9.915939359103054684e+00
2.043791549677961061e+00
6.238963035081484421e+00
7.549617920583374442e+00
8.463668261696383865e+00
7.671897381504909852e+00
2.528556416276187768e+00
9.385559290104964703e+00
5.651199349766768520e+00
3.945521806224208117e+00
4.358422836524874278e+00
8.834340122721613398e+00
1.248070140679005346e+00
7.399984449004745279e+00
4.336048641259509395e+00
2.454959338295188864e+00
3.634301310436244936e+00
8.050661750289563656e+00
4.109385222670744575e+00
6.126165839938450652e+00
2.342710959919401148e+00
5.380579394476748156e+00
6.163117493747331643e+00
5.390225154695655441e+00
3.348818868962637474e+00
2.944005463265029654e+00
3.567467238659429718e+00
7.972284192760836774e+00
4.292337933658309623e+00
5.297036683728394202e+00
3.678255726446214346e+00
5.620373439177464014e+00
2.081292560490862975e+00
4.153517732953437402e+00
3.717844268045467970e+00
5.591479013710190848e+00
2.650087417467116069e+00
4.170760475447598203e+00
6.336020047238654307e+00
2.170365317695452489e+00
4.484217568600111115e+00
4.904038008715207120e+00
5.689054427145296522e+00
3.698554495945658882e+00
4.200259286956559812e+00
1.358442501739760333e+00
3.486206090724350393e+00
5.761026239001085791e+00
4.290694690819267798e+00
3.983876445095975161e+00
8.921610611458412166e+00
5.569503189571028301e+00
3.471802321901298338e+00
4.097997865991424682e+00
7.236401877635979751e+00
5.842300814034190992e+00
3.219654317170254298e+00
3.588302830301510760e+00
3.757486065735152092e+00
8.655332437064144457e+00
3.133417951634602794e+00
3.507335715872521575e+00
5.743967855282430257e+00
3.116633971950159232e+00
8.078269868922546948e+00
7.290230227604018509e+00
3.278238078307350811e+00
1.422421552510549470e+00
2.301342220698080254e+00
5.552861392896635273e+00
2.325439174069912962e+00
7.081862998221917671e+00
7.313315117820013533e+00
8.356217208203208457e+00
2.823212363303497785e+00
6.912087398459695109e+00
2.330423770331031097e+00
3.975700199970106041e+00
4.278049725615962195e+00
4.381031551112344324e+00
1.767249753914120092e+00
5.527826155653845497e+00
2.445468046163004949e+00
6.549450348125941623e+00
1.815890878914741879e+00
2.782565401752146172e+00
2.792903444842937066e+00
5.897952100769383144e+00
2.144122370707589376e+00
2.597278645915356954e+00
1.234598095386365113e+00
4.204611961065012338e+00
2.628730613451270237e+00
2.391329879142916504e+00
2.952271842694968118e+00
4.268518948972262805e+00
2.890492301398098540e+00
5.326597433172127083e+00
7.177736310709034839e+00
6.440814834715635762e+00
6.340545511613123075e+00
3.420031486792909359e+00
4.510679656082650091e+00
1.708175613172639329e+00
3.439254922938766335e+00
4.642674748570863485e+00
7.531257165679091869e+00
8.586298214408511598e+00
4.205679258991937175e+00
4.973698107137474622e+00
5.608000261121729224e+00
5.981523075183988070e+00
2.454062192688442501e+00
1.674367903345248765e+00
4.233063260022942309e+00
5.846175123986780520e+00
3.823747750304590909e+00
2.213969559770897710e+00
4.539508351117144791e+00
1.818370179094684902e+00
1.543899455494355699e+00
5.202323048964893282e+00
3.617214439782860502e+00
1.859871025969282554e+00
4.339767703795736509e+00
1.025555039471409913e+00
8.002734090085070306e+00
2.570780299383668588e+00
3.759551089102729726e+00
4.108996757794916910e+00
2.245615534559360249e+00
