2.879735059470248881e+00
1.708202934360095515e+00
1.100279895206440317e+00
1.613262742607355138e+00
6.062050947038594373e+00
3.615695195073238999e+00
6.292584014229217537e+00
5.959867480758428648e+00
5.072259676583585453e+00
4.170738968974189831e+00
1.437058471508033675e+00
2.825699304055427241e+00
2.977845766198283339e+00
3.947207514805203488e+00
2.538459942598652042e+00
3.464736729674662286e+00
2.653578159297292238e+00
3.918076242584578317e+00
1.376884217185418979e+00
3.872000192421404474e+00
2.918570116463458763e+00
2.237304369371317048e+00
2.428750895647652897e+00
7.308562034706197252e+00
1.747780727693307057e+00
6.325423305796979534e+00
3.603075602931387955e+00
5.969729895094045169e+00
1.544226457463195867e+00
2.214939224304424581e+00
4.170937981844829778e+00
1.689090024951935165e+00
3.763517632129505408e+00
1.681360443469739563e+00
3.519804724425538378e+00
1.551846820635329971e+00
1.635077558117937091e+00
4.992297325257281315e+00
6.280967639227844623e-01
3.504974831008457414e+00
3.207144569758022978e+00
2.397828927905835350e+00
4.179215803673885787e+00
1.511752763101556374e+00
3.975083192676712063e+00
1.127274075074613302e+00
2.327595494824414857e+00
2.569589198686594855e+00
2.596167541182141214e+00
2.643831759452559105e+00
8.260083648225757802e-01
4.513024894131708820e+00
5.750140131770008267e+00
3.679293898574633292e+00
3.202416658712359698e+00
1.400523141121838622e+00
3.246413813959719619e+00
3.550929740567581039e+00
4.069613119395507184e+00
2.863423395956798956e+00
2.805211153310273264e+00
4.816217040175557962e+00
2.529860976253531568e+00
2.728246466714799201e+00
1.608859248334896908e+00
2.623838874935769727e+00
2.530769919078012631e+00
2.189520018168525706e+00
3.170975281011615188e+00
7.417927412478904969e+00
3.272142310826783529e+00
1.242352181560915536e+00
5.455205836809520648e+00
4.059442789462589296e+00
3.758997476165983898e+00
1.656248879103862537e+00
3.511248027969472219e+00
3.605840881069097836e+00
3.776446041367054640e+00
1.460782615932263884e+00
4.295726508429648760e+00
1.800066103187194289e+00
3.310594540502600491e+00
4.623220983371460591e+00
4.178235446481989968e+00
3.193711991080239621e+00
2.653454162926535354e+00
5.228087839830427797e+00
1.516442875585782835e+00
1.165091817926439122e+00
3.818319899363997738e+00
9.467994713082988900e-01
1.532923897425132687e+00
1.615229187165663660e+00
4.750768478143061913e+00
3.151111478991217130e+00
1.089510420449900652e+00
4.953115985877601268e+00
3.898655421849491098e+00
2.664534342654389043e+00
9.975782984196273073e-01
2.857771982691109436e+00
4.927491152166583177e+00
1.097051420200149785e+00
1.245380875660367925e+00
1.908493913534835773e+00
4.095096096220141035e+00
3.620836893324333339e+00
4.811009534774505880e+00
4.428791220288837316e+00
3.919424130924395122e+00
4.618111960681234862e+00
5.605165703018802681e+00
2.642884315263591688e+00
2.301743825971887869e+00
2.027140313163305674e+00
2.741129587205598739e+00
1.950336052100670070e+00
2.728616546220787864e+00
2.368389270876076758e+00
5.241013096406970107e+00
6.022408350341422079e+00
1.871061267496915592e+00
3.546202917770080454e+00
4.523233394214591030e+00
2.725974876127301272e+00
3.791285397427257120e+00
2.566779195161449589e+00
6.158398012039880687e-01
4.204345823963727469e+00
2.882811254837259085e+00
5.272922216566355402e+00
2.344598266456173086e+00
5.903988926929981673e+00
3.596117917194042946e+00
4.680938589374170178e+00
5.672660195373180336e+00
3.360376004935952121e+00
3.259832098846862980e+00
2.418404802430424994e+00
8.631985308016286718e-01
4.433842009578739862e+00
5.909571306040747096e+00
3.078554074318045064e+00
3.744718540176253274e+00
2.162950242882850649e+00
1.318794349008900912e+00
2.135370151949126161e+00
5.832173461376201296e+00
5.394512343767134510e+00
5.761218563828524708e+00
4.169154485454058090e+00
2.795747162307054001e+00
3.467310516701776812e+00
2.378209880014246824e+00
4.758974685639604907e+00
2.957867598055055947e+00
2.507527033178457376e+00
2.395022722800271175e+00
4.506934989079465659e+00
2.790073268963875641e+00
3.353852265253063791e+00
3.377652575905573773e+00
1.247646971050425213e+00
2.381269120713642273e+00
6.475819892444024006e+00
3.777296068390563644e+00
2.079865238309358766e+00
1.688265308340807902e+00
7.560645899154667671e-01
4.000799887078708927e+00
2.934426900497399515e+00
5.143788859759959919e+00
4.393076892690229052e+00
3.618257355341925940e+00
2.141675247905046042e+00
2.349379658672903215e+00
4.102361332173328989e+00
4.887003279616505935e+00
2.503005813457304107e+00
2.179375218833175865e+00
3.448416008696502555e+00
5.257240035099233211e+00
4.291774136627505065e+00
1.543111390887123680e+00
1.129494195006973678e+00
3.841836314840821665e+00
3.289516333698476735e+00
1.068231927333945119e+00
3.130014879784812631e+00
3.109043129780903136e+00
4.174904070988492144e+00
2.191582850585899855e+00
4.246342130298454087e+00
1.388356029851069540e+00
3.792119676803228145e+00
4.154312370457637904e+00
3.048644015568832799e+00
1.987183317447644315e+00
1.368892557395813725e+00
3.349053721055182287e+00
8.231113943694863266e+00
2.937081798569252111e+00
4.340175588934962470e+00
2.584228086287587711e+00
3.008565195286212024e+00
4.178864158885071234e+00
6.136482131719089850e-01
2.304077857851805522e+00
2.453113066779911033e+00
4.303979892810241736e+00
3.959200689318335353e+00
1.354205602797923236e+00
4.415903321067633058e+00
1.987084821650749733e+00
4.698006676283024596e+00
3.675136226886986268e+00
6.260298559165610399e+00
1.800676555321880867e+00
1.047317029172503799e+00
4.464728303267074594e+00
4.148830119116434290e+00
2.832146523924226944e+00
2.395268112691115725e+00
3.793402940493377340e+00
3.268540735561981769e+00
1.686344190300573587e+00
3.386255527059529591e+00
2.758413568418135675e+00
3.325413579892095406e+00
8.242150731885342640e-01
6.925077971976310032e+00
4.055298746701921253e+00
1.599824756436436513e+00
1.741740493780020937e+00
1.761828655683037370e+00
8.802670822295622921e-01
3.880218677091660684e+00
1.271470893841775585e+00
3.300781601505961671e+00
1.961885952388031651e+00
1.927634036410556417e+00
5.613753471229165903e+00
4.231382641382074539e+00
6.324245078982007051e+00
1.916010096027790821e+00
3.782484519720136440e+00
2.106680139732854062e+00
3.711290175904466082e+00
2.214398377930757000e+00
5.214320266975836837e+00
3.113075842070965216e+00
2.090268659519380456e+00
4.319861077978112363e+00
3.962892572206262010e+00
4.583471538441340698e+00
3.132887156053049349e+00
1.245340147605884962e+00
2.189808282000533346e+00
3.717374882302649119e+00
9.055837173743086499e-01
4.522257644628313145e+00
2.997468008730568734e+00
2.756702026010226625e+00
6.775166527411111694e+00
2.855786469545114059e+00
1.606946467944105450e+00
4.916691201013117407e+00
1.861909371115866518e+00
4.101608922654618183e+00
5.330985728762543729e+00
2.271520679686103161e+00
1.462486934571376906e+00
1.221152015238031741e+00
2.272505213061988716e+00
3.639328613341691554e+00
4.577485890697784221e+00
3.130926653847295515e+00
7.267079967115022132e-01
4.849041808032533041e+00
2.344347035453327344e+00
1.810199424132973522e+00
1.073380731700960933e+00
3.153871076961302755e+00
4.129795666497406259e+00
1.145402357521615011e+00
7.888928575928180198e-01
4.566957472857128941e+00
1.468701665392674771e+00
4.503238202010198421e+00
3.286973029937476642e+00
2.594623758369100308e+00
1.533689526145706417e+00
6.694336596795518624e+00
3.025890055369449883e+00
3.408061456996010374e+00
3.036903366217102551e+00
5.366904966917466879e+00
6.201771717984208898e+00
4.472318524987221267e+00
5.769650682801293229e+00
2.598143025481298718e+00
1.205455173624004228e+00
5.608541419523753291e+00
2.257764835570936768e+00
3.732200137737324841e+00
3.753037629656108098e+00
4.464988441573633615e+00
3.335486366549797133e+00
9.902153358793597704e+00
2.099279472442318273e+00
3.201495780285985582e+00
2.597240958719605253e+00
5.625186986581161008e+00
4.893014696356468463e+00
6.752565125699341309e+00
4.929312974294163041e+00
4.987612880314044261e+00
1.784151726152160666e+00
2.136003041999793961e+00
2.461710669372808802e+00
5.229249734489344048e-01
3.543137711668637557e+00
2.280537283203959209e+00
2.258190676341387704e+00
1.705617267568168671e+00
3.552523919654110962e+00
4.890843610268097663e+00
3.496043437948370247e+00
2.925438358816356388e+00
9.831626130567210353e-01
3.071475508500287610e+00
2.809383731826298192e+00
2.601479420735361536e+00
3.690576634601627770e+00
2.932112867966628844e+00
2.869693618040602967e+00
4.643739582948086309e+00
4.325774105793068536e+00
3.209449768323577867e+00
1.328350241178164470e+00
4.026135747200561887e+00
3.238183458207848364e+00
2.781600972813707440e+00
2.013092648721548361e+00
4.537504895054477849e+00
2.676231325497380187e+00
3.042937720799783641e+00
5.043820399457254133e+00
2.442252055902178309e+00
3.368511789353792807e+00
1.965734434888905202e+00
3.179772395049006217e+00
3.635507600068178302e+00
3.475599763988332480e+00
4.415063529641019890e+00
3.170765868600495363e+00
5.487120363441609250e+00
3.373102362683295663e+00
1.876175780774681057e+00
5.182088001742728878e+00
2.778618491190564921e+00
8.926725147398160143e-01
4.021587249757113014e+00
3.735641993923055626e+00
2.669693496036424030e+00
1.235545478820366139e+00
1.606230292265999449e+00
5.090238658613932543e+00
1.624433230800892192e+00
4.794195530667686000e+00
3.074011265635073986e+00
5.069276942359342897e+00
3.699234819006669284e+00
2.993828098498410917e+00
2.457913640904651142e+00
3.487661364750855419e+00
3.198052353205069753e+00
4.776642864623655171e+00
2.985842906084868797e+00
2.547393869364423580e+00
3.081397657429890025e+00
7.301668156651996977e-01
5.642150841731135458e+00
2.624637439745658440e+00
6.158320130536124815e+00
3.353394371821772690e+00
5.294010389004734307e+00
4.854331326010125736e+00
1.338701321065220773e+00
7.828472850825154428e-01
2.269081273517477904e+00
2.894069884644359547e+00
5.042523408824562736e+00
1.664415906475754436e+00
2.983432379424080239e+00
1.741163412659024967e+00
1.044284991318672917e+00
1.395861872816313465e+00
2.255455384244799077e+00
3.071737597316491097e+00
6.488004764755986642e+00
4.079050563984745637e+00
1.592567284992976173e+00
4.717488976722723493e+00
3.469316996234452777e+00
6.037692374402171325e+00
2.418605786553934767e+00
5.754323180733278420e+00
1.220704680347151738e+00
3.734748673211012004e+00
2.786479831539843577e+00
1.432796573773477800e+00
2.177014180399745591e+00
1.367960638081138658e+00
5.566719646070788841e+00
3.967269229326180202e+00
7.080835121293647116e-01
3.357535845544987296e+00
2.995026546242245402e+00
2.500034104920229261e+00
1.040503728259077665e+00
4.912671723235115806e+00
4.394975317523465819e+00
2.230622700800979796e+00
2.297405061733825526e+00
9.093698430379983932e+00
2.281358965617874990e+00
3.161222733474184032e+00
4.231006974380090213e+00
1.294131202422590388e+00
8.792477990384623965e+00
2.028442979067038632e+00
7.232485440570867397e+00
1.629757109937572279e+00
4.156077018134736178e+00
4.179223982597813247e+00
1.901699892339911546e+00
1.593047417334101157e+00
1.955888329433771888e+00
1.598862989036553106e+00
2.309824200384589687e+00
2.986535011093183645e+00
3.718136951992125461e+00
1.123362014925985086e+00
4.877229800910194979e-01
3.359181080818520737e-01
1.073650064894533296e+00
6.605027907889476246e+00
6.321663913235838983e+00
6.552196067146778269e+00
2.832503574475013775e+00
6.400980198450076486e+00
5.012226306986905300e+00
2.228251380426214290e+00
1.543603596702772807e+00
2.345915035296449069e+00
3.794801772830800890e-01
2.920023230444601658e+00
6.798360446900329812e+00
4.038388563655916030e+00
1.290611630019996570e+00
4.649434478018314998e+00
3.708953498458082088e+00
1.273963529771877656e+00
6.189289778996525548e+00
3.808641810214331791e+00
2.574909581994005769e+00
4.778955309150495490e-01
3.264934573334071111e+00
3.326525472794391369e+00
2.048166125686833539e+00
3.976401123382710345e+00
2.257799768355980063e+00
2.842035095488742780e+00
4.299284329860236120e+00
2.002467648632271668e+00
3.454295300739782082e+00
4.239839013501383036e+00
4.953451776334492962e+00
1.387316648272388431e+00
3.481594797245949113e+00
2.702149352830557572e+00
3.313451798439251750e+00
2.047523734088508185e+00
3.778791224754752598e+00
5.843769853945443238e+00
1.479551166637936177e+00
1.889147848079471004e+00
5.940050735386485314e+00
6.136891180959345604e+00
2.448890194774225204e+00
4.643553482156356438e+00
1.813465572777153700e-01
4.814362764741865419e+00
5.457393759709987968e+00
3.009258782667659560e+00
1.186816113395139594e+00
5.217025950738054085e+00
3.753160546106111717e+00
2.746084664155489907e+00
4.369014816475746521e+00
2.206309072132447202e+00
4.126288405610817556e+00
2.837101260385540336e+00
4.286328887096304996e+00
3.816213696928087096e+00
3.792862438129270153e+00
1.064066480300376538e+00
4.507994363331301990e+00
6.632480358773141127e+00
2.416528550787826468e+00
4.038497147969869694e+00
2.610675070125047625e+00
1.635656532454673684e+00
3.412399026137999947e+00
3.992964828157381962e+00
3.210993763649951482e+00
2.604405684202347082e+00
3.953056581509660106e+00
3.130643277401850888e+00
6.082254415124155322e-01
6.617779919274321188e+00
2.323298998533119608e+00
1.317131873962942956e+00
3.214319706845091495e+00
4.338937767949264668e+00
1.133239557879313741e+00
3.743218211371759363e+00
3.098210713514415016e+00
9.224190508868529426e-01
4.718701575169722773e+00
3.491277601171233869e+00
4.157053461844037123e+00
2.843370196973124653e+00
2.485408215256291964e+00
2.278951499513052870e+00
2.193353945221542034e+00
1.938440865318317829e+00
8.574705353523606632e+00
4.133273538226484689e+00
3.772908309893732159e+00
3.285587623405800795e+00
6.563410716035951609e+00
1.943254516356260897e+00
4.758321097600766159e+00
8.789768978717479309e-01
2.599446492381814355e+00
2.719317085362999098e+00
2.357430198062385962e+00
1.455240313714950995e+00
3.337955528311872033e+00
3.307729152774715686e+00
7.372955489366553650e+00
4.369827019807928536e+00
4.066350114093538082e+00
2.484204229245756235e+00
1.244791113156259676e+00
5.816852371321131976e+00
2.255100151348722548e+00
2.822550955083939606e+00
3.159752129420307476e+00
5.644294717949350115e+00
4.148839377794121930e+00
3.520596731618192088e+00
4.683687366064373414e+00
3.547897457342233274e+00
1.510265140317438748e+00
2.537937235442897066e+00
3.270076785056768021e+00
1.117796378005185831e+00
3.713511510772754320e+00
2.483662540137573149e+00
2.614427401455292621e+00
1.781114919011463460e+00
2.308642187682757196e+00
4.690832910745248441e+00
3.181221496299030616e+00
4.742199361436996163e+00
3.042832306993133784e+00
3.538878906449376416e+00
6.317861034182291391e+00
1.444092955808569112e+00
2.048380389571533122e+00
2.833265036129978931e+00
4.669235419124514230e+00
2.808002190791708763e+00
3.679703033516990907e+00
4.593050677628189860e-01
2.321331790842808829e+00
2.062337975491277398e+00
3.703366837565397418e+00
2.231265299208368358e+00
5.049767721568913181e+00
1.463978640233179362e+00
3.405367555042261962e+00
2.322135444670863968e+00
3.248178224251273782e+00
2.664193669861260716e+00
3.366815102037864271e+00
4.570935923707990511e+00
2.792155938315497465e+00
2.770700125317552498e+00
2.168587236634013315e+00
5.900795910934720112e+00
3.248326067292434338e+00
1.043874488006252266e+00
2.932425987668051182e+00
1.567863565437767503e+00
3.170478310751982942e+00
4.560721856019974929e+00
2.058066498911800490e+00
4.176910390608514767e+00
4.389915489984771213e+00
2.208071547196323259e+00
4.924034745373869093e+00
3.428526357110938338e+00
1.997623335939020750e+00
2.144290250063855208e+00
4.469227677791801412e+00
9.523771389721142899e-01
6.877622426165183711e+00
6.705506610189514438e-01
2.637614170880621778e+00
3.150171269008430475e+00
2.646796016690664111e+00
4.284781202375991249e+00
2.556164011358331045e+00
1.946428061123104625e+00
6.549693050084895773e+00
3.771305217306346158e+00
2.882925564228066673e+00
3.864474972184507529e+00
2.390045896183101259e+00
7.751127350528936866e+00
3.714301077654269534e+00
3.907399955125396396e+00
4.203052844782635411e+00
1.345008973299720134e+00
2.982503755677465396e+00
1.005904530122118956e+01
4.830451274830606323e+00
4.604248724504216739e+00
1.325523903368569067e+00
3.397984277564658928e+00
1.825115675085898115e+00
3.708251728364971633e+00
2.526568371598881591e+00
1.787298040784565334e+00
3.613156391286259428e+00
1.601857696129932673e+00
2.653615788871061199e+00
2.241014750655916377e+00
3.463084897114847571e+00
4.276336440360742230e+00
2.015315920309566966e+00
4.926906493761690875e+00
2.408502924006452606e+00
2.140867668050790762e+00
2.839730626330275065e+00
3.865770895015457675e+00
5.602081232887733186e+00
3.700253688263811291e+00
6.009530529773492447e-01
2.049795063385591920e+00
1.976132909811844751e+00
2.607111378384097122e+00
3.411331528927162626e+00
1.801989064647489425e+00
2.288638822387468963e+00
3.091314444154287688e+00
2.159955571136621622e+00
1.475904946943649154e+00
2.860890503988405165e+00
9.968542189043010371e-01
5.624936339730762569e+00
4.118162484702268422e+00
2.906132344846116489e+00
2.635463743265311631e+00
2.182237010295714263e+00
4.450246478874609224e+00
4.513524461924053988e+00
4.990197816752797166e+00
5.237808204551974711e+00
2.296601341229081328e+00
2.202505676646015154e+00
3.346567493004273697e+00
2.066709450006896542e+00
6.819065077216968973e+00
2.457297761816435333e+00
9.291429796989254530e-01
3.654786988769331835e+00
3.922896031304310416e+00
3.960438455870880059e+00
7.501680376110889670e-01
2.250257593820100155e+00
1.589953711928104862e+00
4.424144891442526095e+00
3.008871445767172803e-01
3.260548773634308617e+00
3.362894524781899541e+00
6.401120093676118117e+00
6.171266121262414472e+00
1.283284570253796275e+00
3.647429622360967016e+00
1.431909772048957530e+00
3.328179562054339957e+00
1.098967590058472554e+00
3.833700996099137281e+00
1.820890535909468921e+00
3.308313669924269451e+00
3.803549274446160755e+00
2.051410308077993516e+00
3.332273712117867603e+00
1.652123284071735032e+00
6.427700422639484934e+00
4.848963295888375491e+00
3.625630386326972321e+00
2.586417453279853618e+00
4.651452847469159657e+00
2.147724410481923307e+00
2.175739551636346025e+00
2.954027947465204473e+00
3.588270550969620665e+00
3.229362947423666697e+00
3.120447377912237474e+00
2.421295521054199540e+00
5.417166485995362768e-01
1.708690200584052077e+00
2.667251098945740750e+00
9.436793540463110919e-01
3.512703890175523647e+00
5.911622467243241807e+00
2.710077757429465439e+00
2.853099525280110349e+00
3.823967281663121387e+00
4.310084122164692388e+00
2.458178483430795591e+00
5.510127110076529888e+00
2.933303863775051035e+00
1.635769733236111634e+00
3.200687603675830495e+00
5.463542457200604829e+00
4.309175758915722909e+00
3.959427278390012184e+00
2.342615441604948501e+00
5.314011124605412917e+00
1.519083361860420478e+00
4.085583132462142331e+00
3.886327591686149496e+00
3.300292903389857369e+00
3.634923678845937367e+00
1.173029233584389930e+00
6.833404105219753610e+00
3.038322435887391926e+00
1.905271597000174566e+00
2.920550853858112195e+00
1.949804402324390562e+00
3.513444859412503174e+00
3.178765322674306670e+00
2.326304680786286383e+00
4.868650286483467760e+00
2.031274582517640148e+00
4.035252942623838379e+00
5.026680930836747940e+00
4.523825165201830423e+00
1.823318119114966107e+00
3.260021637783144577e+00
5.010461730970752647e+00
2.535021612652470502e+00
2.604770533508795172e+00
7.053729149781116980e+00
7.097006846334133812e+00
4.869402148698883437e+00
2.650230213136161694e+00
2.984705654742635161e+00
2.517442676498308440e+00
1.111189190046862896e+00
5.286417640528632056e+00
5.285915226546149981e+00
1.872495054051467989e+00
1.861867162110407703e+00
5.558749133703164702e+00
3.833794902613848254e+00
1.863832354422098492e+00
9.344243991265746008e-01
3.937562686191223182e+00
6.653708771296844127e+00
4.457055242397975903e+00
2.793930684879804893e+00
3.260530977244278095e+00
4.439194447383330910e+00
5.781005160779297825e+00
6.796599848930549470e+00
2.399304726621785733e+00
2.597633755253291987e+00
5.565228692276428468e+00
7.664607274797539116e-01
2.557088675465529981e+00
2.065601777200422262e+00
2.518568896244148814e+00
3.471120643707091169e+00
4.400772766271864533e+00
1.545637853071992751e+00
2.946838455020487135e+00
2.405228710326164254e+00
1.765093730385099535e+00
1.181309000759083627e+00
2.377899551997474603e+00
5.562049478669928604e+00
1.962466583131671882e+00
2.963406436520835463e+00
5.966622703183565690e+00
5.937198380246847762e+00
2.051059285244632324e+00
3.235323236955079729e+00
5.605954708268376940e+00
1.907748937381427368e+00
5.682056614226252300e+00
1.803802974756963051e+00
2.344007296500397075e+00
1.832361141471397614e+00
3.725286765119594889e+00
2.901307741801423479e+00
4.136378187454336164e+00
6.044915986376887318e+00
5.004886243124460954e+00
1.681959647248542522e+00
2.350174155260171815e+00
1.792184278094475003e+00
2.436829665030722403e+00
2.432904894334425805e+00
2.198984505542579626e+00
3.944253516864969722e+00
5.423387698915488997e+00
9.070184865470769964e+00
3.060480543622705607e+00
1.680442446874347073e+00
2.021076509793477527e+00
1.436636195462220877e+00
1.236856717112946535e+00
3.941411285846741830e+00
5.736675377697862288e+00
4.167154092802410226e+00
4.922682139449757743e-01
3.664971935669368186e+00
2.558091168935213489e+00
2.218204416280562086e+00
3.926809124461029477e+00
1.404396852265438866e+00
3.852989653584886209e+00
2.272988582272454927e+00
3.174130434003306078e+00
2.863949921838331747e+00
4.752944365304317742e+00
7.011923044965771901e+00
3.649176858147782809e+00
1.702743553184244307e+00
3.662372528135948269e+00
3.449021110599878703e+00
1.941139898875350100e+00
3.462035457469278210e+00
2.373928882759230863e+00
4.461421554449944260e+00
2.465927833040006512e+00
2.876767562569779280e+00
1.083396596540629364e+00
3.035327155527075327e+00
2.210580447261674131e+00
5.470207631329517817e+00
1.617972516285141271e+00
3.954732720086510334e+00
4.321125999954206875e+00
3.217758453883368119e-01
2.967280790296589199e+00
6.135117743593390571e+00
6.911723490603867148e+00
7.218951799971661032e+00
1.558553318456029624e+00
2.837655298659908176e+00
5.766662061620760227e+00
4.089509951295133838e+00
2.919838379316366694e+00
2.859471585311542441e+00
4.125805589417174346e+00
2.316459764116726383e+00
2.206456105529080336e+00
5.207217387700087130e-01
1.191915820372609236e+00
3.866937515181426477e+00
4.024047636775261338e+00
1.176343658610875975e+00
9.594806559576026794e-01
4.028619231680190538e+00
3.072580645190085225e+00
2.520865639480256881e+00
2.799392580135168451e+00
1.835973451330834560e+00
2.404929745521728890e+00
3.955094172019166798e+00
3.600889427722780312e+00
2.567094795602186341e+00
4.336452535447735457e+00
3.448130613058899119e+00
3.524214429170572593e+00
1.633346551053195927e+00
1.677353300010623105e+00
3.082841086555382581e+00
3.098266172144108488e+00
1.353102756091171255e+00
1.877290629924990295e+00
4.226293437528812369e+00
7.911180289539588628e+00
4.088970111504481864e+00
4.592272596393445205e+00
1.656149955614408809e+00
3.861882497482174159e+00
4.315040897690578525e+00
6.148853964288980123e+00
3.161516867435104849e+00
1.981242488033346349e+00
2.388896757877530863e+00
4.575637173359998755e+00
2.390606503688176065e+00
4.315929159525196290e+00
4.029145085951395977e+00
4.513374270523923038e+00
6.938009220520140907e+00
4.740297174764758203e+00
6.562677226485564397e+00
2.045772395322656756e+00
2.574563414693396002e+00
1.551988783608280187e+00
3.674294028661564848e+00
5.502490370565351618e+00
3.243616920972157036e+00
6.797465588328767794e+00
1.051847969090922152e+00
1.652407118888891135e+00
5.268156216327264829e+00
3.413375401044901114e+00
3.312803720021189058e+00
2.708030530236784195e+00
6.157415185886267572e+00
1.863020203766083682e+00
3.993534643563636077e+00
2.849921754446774536e+00
1.915022037149841427e+00
2.611348128362535270e+00
4.061832239305703141e+00
4.817385669344875332e+00
2.250529451252079038e+00
5.887846627993640780e+00
3.380120279966468022e+00
3.603690679809736785e+00
3.903090959901859947e+00
5.228312924363375025e+00
2.485888623902441807e+00
4.715607888465203068e+00
3.872137456706513436e+00
3.618189643896052132e+00
3.285984851306256616e+00
5.357010327910608716e+00
1.583559154301014349e+00
2.582005447518814112e+00
3.576020907141770344e+00
3.782082592082212535e+00
3.994307701511870867e+00
2.033555818741851429e+00
2.791395691955971703e+00
6.399910729120170672e-01
3.199798843791183511e+00
2.686842828235818548e+00
3.825642401519163904e+00
3.069026377908296688e+00
7.372115089149166245e+00
5.930480287329329414e+00
4.476281298346405535e+00
3.868630126385450119e+00
2.896911696283850812e+00
7.958833487841833865e+00
2.668149245787757362e+00
2.610861667073996806e+00
2.204123266141475579e+00
1.599418061215267084e+00
3.737376191626863520e+00
3.501005811749573926e+00
2.822508404756714384e+00
3.112397197548845806e+00
4.137124306304875709e+00
4.636328812010783729e+00
4.712171688013301996e+00
4.631876674439974195e+00
3.688224026433721381e+00
4.978315033758323516e+00
3.079515161569438497e+00
1.569178974172015684e+00
3.692819875647257444e+00
1.923887185551663492e+00
3.169006499065246452e+00
