7.164284245302764198e+00
1.587612422563533077e+00
2.172663207952679087e+00
3.788695914829249833e+00
3.979017613280976029e+00
4.869135994404103052e+00
3.572857681615400960e+00
3.117602590800568674e+00
5.716208391320111382e+00
1.820730078186458156e+00
4.500457729756920600e+00
3.628995095808091431e+00
3.029431481321192443e+00
6.098341828030725331e+00
4.481713656170736582e-01
1.998049161477088775e+00
4.394836204246245437e+00
2.605129910765232371e+00
6.828255497582404132e+00
3.057923727949250825e+00
4.248612170347732864e+00
3.049703871674258160e+00
3.386492571720785438e+00
3.565217273951868826e+00
4.998642844743587332e+00
4.715332993775402493e+00
3.870784441338518178e+00
2.895915885678969737e+00
3.082483753778975100e+00
5.226234163310502723e+00
5.090118606438613469e+00
3.153501419259042482e+00
2.919302810434736717e+00
2.783561257359312702e+00
1.738514708662639574e+00
4.222402501383232476e+00
2.488807809161704743e+00
3.386159635742846064e+00
2.265257515885918504e+00
6.638990881663197285e+00
3.798848542476018331e+00
2.451965385919503859e+00
1.755448259644599274e+00
2.381024680638375912e+00
2.506811659831837069e+00
8.972327536186089247e+00
5.515344903597446446e+00
1.660654655520167555e+00
3.659507283983567394e+00
3.136032030990948183e+00
5.518656380011353946e+00
3.794238754957658610e+00
3.038796713292596596e+00
1.537403150364488047e+00
4.447179262713073733e+00
2.905115044739530639e+00
3.210621897697326865e+00
1.097065745403813075e+00
4.561920837230229786e+00
3.367598750162080101e+00
1.807220863942229583e+00
2.403394992773392858e+00
3.036047318999512079e+00
5.439661045102710979e+00
1.497871640732784559e+00
2.381086579170724526e+00
4.981692079024179876e+00
5.503831916214300790e+00
3.131792371430365041e+00
3.124605263969745916e+00
2.646757291783441879e+00
2.237184378034311472e+00
9.272761963212857950e+00
2.537908439312265951e+00
3.623775379280187003e+00
5.502615743643190171e+00
3.915306148701072519e+00
1.783021554945619425e+00
3.986040089772397099e+00
6.212005987918246319e+00
5.673913852486831999e+00
7.680898130624615128e+00
3.636335038806930875e+00
3.254578070814061697e+00
2.263318331613929590e+00
3.914280602588497082e+00
1.837819228001253746e+00
2.391270964180299163e+00
2.656921399141655371e+00
7.544771548720999199e+00
2.829461997027887588e+00
1.301816128745352241e+00
2.036803953342148699e+00
4.534959769496757609e+00
3.211484706583625837e+00
7.505549270139923124e+00
6.972724692147892256e+00
4.583486844400534999e+00
6.007238755569821897e+00
2.187783497055406201e+00
2.322590308334569809e+00
3.944174588860664521e+00
3.104199827058049976e+00
2.755210684146050415e+00
8.561776186794350929e-01
2.840608671589349932e+00
9.099042206068483907e-01
3.393369037717976600e+00
4.288664079638746962e+00
5.011090768434835141e+00
5.676384892988524555e+00
1.122023186534605532e+00
2.900520754288722802e+00
4.483010081539966052e+00
1.243990501056827735e+00
3.137261069840862948e+00
2.325815843281019202e+00
9.178489261664282139e-01
4.413894691300535911e+00
1.793305488044607099e+00
8.296863498762274247e+00
1.886551028704576582e+00
2.973712703347962005e+00
2.367691555709547035e+00
2.105112493365499660e+00
2.961642170185789347e+00
2.687411960269636246e+00
8.417707454841412140e-01
4.560772211516953334e+00
4.615698158585642474e+00
1.483177919141996703e+00
3.176871426317367408e+00
3.255118660826326504e+00
9.782648844350362305e-01
2.848102303294323345e+00
7.908133039275236698e+00
3.143323780135786727e+00
4.254755553967530801e+00
3.367746948482793101e+00
9.684099950203357565e+00
2.242432032967604627e+00
1.264956513331935595e+00
4.760732908681736930e+00
1.154250788780272208e+00
3.886907847622466328e+00
7.750919299254398487e-01
1.420953227567900656e+00
5.338276117805899723e+00
2.913430566252149134e+00
3.244921592887930473e+00
3.888162948997712753e+00
2.590046139964477412e+00
2.742267248067952856e+00
2.042803885300937150e+00
4.514416484853386535e+00
2.723352793163010155e+00
2.425888563202405201e+00
2.104919624896049779e+00
2.665112966073976075e+00
2.215489169207031317e+00
1.684392158778634796e+00
4.646241831671365397e+00
6.837488001344373068e+00
8.517386599836619610e+00
1.557841736322184811e+00
2.024141416527181825e+00
3.028101293306990627e+00
3.124958422189522800e+00
2.102682093656165652e+00
1.459959416473899152e+00
5.750355196990311946e+00
5.013992159624313771e+00
5.040385282161318869e+00
3.671962909187771906e+00
2.674221842422440876e+00
1.508340102492195411e+00
3.505493479389578226e+00
3.033155919474235240e+00
3.281662876465965439e+00
3.550513833589077795e+00
2.340812717562021028e+00
1.429567402389655850e+00
6.662633675713304449e+00
4.027788042335410879e+00
6.373069125865400864e+00
6.433787490521828190e+00
5.701051500345976075e-01
3.401052804180821454e+00
2.752145089753917695e+00
1.543379003274383265e+00
1.556635630880234933e+00
7.788088205608109327e+00
2.851489836978032155e+00
3.018507290330658233e+00
2.316313995603690667e+00
2.256806562071877575e+00
2.129747208488010024e+00
2.304515742927446986e+00
3.049836789717714769e+00
1.670846202916227430e+00
7.185941803029600727e-01
2.299604832799315712e+00
1.661387086936662261e+00
2.104321183707257070e+00
3.819113351149815205e+00
3.580287816458417982e+00
2.678258685138447337e+00
1.210912083085856850e+00
1.560964157217612724e+00
6.014708254125528342e+00
1.809925566664018159e+00
4.700489573212320416e+00
2.742240132541629460e+00
3.140592780402966078e+00
5.168029614713886666e+00
2.572681813206168400e+00
4.685372242793254927e+00
3.347535813281749650e+00
1.905419456358090069e-01
2.275655696576897924e+00
4.796458721524482272e+00
5.877496210152263423e+00
2.691784117818224686e+00
4.160043293348008042e+00
5.157062626074851330e+00
3.725255509417897848e+00
2.334047010328041516e+00
4.193956292551858311e+00
5.340137622188004585e+00
2.879869316321717498e+00
4.495841751653887108e+00
3.555098008713761804e+00
1.238358389514548019e+00
1.640016248746103411e+00
4.222484856509852946e+00
2.117376069259523597e+00
3.467424348510718346e+00
2.463565453191623789e+00
4.813200568063335183e+00
4.888352779343039245e+00
2.924563698054929883e+00
3.916723312171665583e+00
4.935477583931698220e+00
1.788427946188116069e+00
5.604384700579869261e+00
4.693787800676480160e+00
3.576777627657377501e+00
4.571026069906704237e+00
3.082466055033260766e+00
2.566000786845911819e+00
1.629448549683930381e+00
3.472642220786591682e+00
3.053521847830741542e+00
3.971269593024275846e+00
3.566147304115188543e+00
1.267736315617296494e+00
2.926758369478584809e-01
4.223000269952098762e+00
1.936557350725889304e+00
3.129075314152518050e+00
7.160043346316669499e+00
1.806478597322735968e+00
4.447402362762881367e+00
5.640474898510897006e+00
7.552458707188964837e-01
3.564387790427764546e+00
2.593890286453157223e+00
2.617438236521866024e+00
3.535662633865754856e+00
6.685900734691410108e-01
6.801280475676423798e+00
4.470808382894623456e+00
5.047699317120938112e+00
4.865323274562873834e+00
4.287697935643121738e+00
3.606349988448526833e+00
2.872253284731963952e+00
2.231528668051519837e+00
8.427607577277166362e-01
3.214315618359790960e+00
1.998029462376674559e+00
5.294059386252582655e+00
3.377900857443393079e+00
5.954935718025373248e+00
3.329877247150194730e+00
2.013037146252631970e+00
3.321894001416474396e+00
3.846558999574617221e+00
8.075939288567013818e+00
2.830378866577710539e+00
4.095893739518857934e+00
4.177581293489581959e+00
1.669169769899790712e+00
2.655868257546578626e+00
1.969795245468977996e+00
4.492974826025422530e+00
3.692273263852054122e+00
3.473515978116315406e+00
3.550659803731579078e+00
5.757076816574244305e+00
3.905661107910048280e+00
4.508504604334463650e+00
2.819994598287448362e+00
5.535508112347325316e+00
2.134574139959663164e+00
1.866852126623988584e+00
3.629362332468133445e+00
2.376812774167524012e+00
5.157664803898695638e+00
2.860347837041312236e+00
4.560522928064905557e+00
5.898962660759303755e-01
2.614221399866493378e+00
3.318373770354531960e+00
3.077222851207978671e+00
2.221245235386009931e+00
3.651660250759033666e+00
2.401638981929604455e+00
5.113350925520498080e+00
5.270011186146345672e+00
3.267633381773403123e+00
2.078330245445889179e+00
4.030940669291053879e+00
5.665865699778583675e+00
2.524858557676504134e+00
2.386854099348419744e+00
3.684513454706972002e+00
4.174554888827787913e+00
3.625945277684943679e+00
1.072868610973136239e+00
2.333763164465250117e+00
1.221760235163668273e+00
5.798416959879029164e+00
3.213165567183190685e+00
5.124364103214145594e+00
2.067497267634871072e+00
2.475966905951108465e+00
1.494269204597967748e+00
2.470096602121685692e+00
1.597553056239644276e+00
2.450194078347597060e+00
2.220813248615576274e+00
5.959277041559446708e+00
3.086000084235306584e+00
4.312510770446167818e+00
1.052547567122390060e+00
2.517299153195170280e+00
4.055746078995154491e+00
5.465040146914684094e+00
2.406228454347440149e+00
1.179803611350209946e+00
2.686520672321104364e+00
2.142632540481805847e+00
1.555365490219128954e+00
4.871031063416096707e+00
4.258307975324288286e+00
1.309955623500502764e+00
1.433050006706799495e+00
9.601907305892734001e-01
2.790484027262452038e+00
4.969979627920960041e+00
3.640973931197012181e+00
5.350249792819002259e+00
5.213790947822849908e+00
2.093063822952857311e+00
2.913013952120742989e+00
1.421503209421955294e+00
4.974496059234622791e+00
2.107182539655044984e+00
3.376439562402070660e+00
2.953565711137100980e+00
5.968459113598271415e+00
3.468643203745221282e+00
5.590386609264350604e+00
3.343530035487227714e+00
1.391439331085884357e+00
1.802948418633774086e+00
1.696459879079917910e+00
4.189450245848902910e+00
1.158664859807764902e+00
4.444432527561248847e+00
3.112506360424088792e-01
4.936370047583942267e+00
3.872725340415694717e+00
2.844940066724140237e+00
3.037298532567349163e+00
1.812851054984709664e+00
1.727244363481473810e+00
2.207757088468763396e+00
5.930739269739036423e+00
4.515153674857547372e+00
2.334511461279558553e+00
8.736981881894838153e+00
2.817326533221311102e+00
6.971764766596171281e-01
5.226377310895587769e+00
1.737819834434958466e+00
2.323062666824169398e+00
1.154986603869621486e+00
2.595752097109185197e+00
2.281809917199909776e+00
3.712986142372293408e+00
2.362829034549927432e+00
2.648060040810041649e+00
3.659258581260534271e+00
6.174201861543797687e-01
3.557391983724398354e+00
3.623061964625295950e+00
2.120327594107863867e+00
1.130956740045535813e+00
2.611483901759620974e+00
3.736854754224757436e+00
4.853140187201377742e+00
2.955442175644193092e+00
3.918849177393427308e+00
5.251686929253478020e+00
5.074231382482900621e+00
2.379884766207438496e+00
6.504789279198196716e+00
6.754704074426200577e+00
2.550009021084691962e+00
2.894599598070220825e+00
3.731261964707596412e+00
3.030889196270786456e+00
1.089841516953165224e+00
3.951810800396520218e+00
3.990656757677639721e+00
4.039657691575113674e+00
3.425194725843601962e+00
3.249003589439941386e+00
2.348971439834297570e+00
2.280925484082270582e+00
3.548906371157887207e+00
2.608631636320660974e+00
3.106118333928658437e+00
5.109632566359243455e+00
5.848284218645841470e+00
5.550835704123711078e-01
5.146565020690634817e+00
1.067487994075356550e+00
4.171468510704154475e+00
6.426520232007092659e+00
8.163003754357763597e+00
3.486282051037281171e+00
2.714231293428336578e+00
5.515960117487621162e+00
1.518740856435223829e+00
3.759387377831367782e+00
3.304885073529829409e+00
2.665586241607031504e+00
2.535660975814794327e+00
1.289964201292260748e+00
4.150021309309060769e+00
2.380320665481111764e+00
5.500391560168642613e+00
1.093090408977205108e+01
3.559271488891641688e+00
5.521163078497886012e+00
4.447376501688654393e+00
3.375670309570393268e+00
2.270103827185518952e+00
2.279267421243810876e+00
5.910084650139252993e+00
3.166476325504772760e+00
4.099314147255610052e+00
6.724362094900089737e+00
2.699691673621714028e+00
1.759165034826736473e+00
1.166764568081562814e+00
1.962465143146006508e+00
2.693657841255922669e+00
1.360284300430350424e+00
3.255300410188198157e+00
4.890956437261517742e+00
4.160682754723523225e+00
3.255197026236711366e+00
9.891813507636848524e-01
1.799227608563214176e+00
9.934940130881146914e-01
3.497184798361394176e+00
4.741273282649522081e+00
1.727482508738654943e+00
3.522328594785216094e+00
2.339871282410016740e+00
2.370097086975668343e+00
9.572917852163131958e-01
4.579266450358460361e+00
3.313900473228827082e+00
3.633714928419844448e+00
1.903505134407024624e+00
3.410689387491648628e+00
3.677584226858665595e+00
2.470564188685522300e+00
2.371076202031556779e+00
1.660417274006391608e+00
4.571172102446553254e+00
2.606222190290192309e+00
5.244124601564906563e+00
3.779053667264201444e+00
2.797658956385065121e+00
3.479993630053670017e+00
1.036625214674607331e+00
2.085430295758486263e+00
3.610325787394575769e+00
6.152279931476270391e+00
4.966549077384394550e+00
1.136978312603165620e+00
6.660828198211248719e+00
3.138208276723000179e+00
4.390534509496973214e+00
1.903670402259685757e+00
1.551409973359440642e+00
2.958735261790462534e+00
2.509921177339366150e+00
3.589647099648876516e+00
8.610757505811739154e-01
2.439587847739856041e+00
7.651595419824431588e+00
3.605834699249742759e+00
4.343417532882771326e+00
1.188653084478798805e+00
9.643181650620615830e-01
6.757038916949561269e+00
2.409502024495703942e+00
3.775194078168244260e+00
8.327589101384351711e-01
2.235366290175275772e+00
2.533769987302382454e+00
2.238721735210957853e+00
1.912825628235375275e+00
5.283901881468064943e+00
1.999378162133580661e+00
4.358302220689856732e+00
3.381173366339928599e+00
3.246049453447471755e+00
2.257187853916502451e+00
2.510674501869198938e+00
2.960774070580147743e+00
2.112847600100606016e+00
2.044325916723168657e+00
3.417311450514088023e+00
2.714118984549589442e+00
3.008820424204223798e+00
2.002645324735218058e+00
4.246370398867434837e+00
2.685880565327860570e+00
2.100173519704281233e+00
1.408828149962343845e+00
1.006497254342924474e+00
6.363213762595679945e+00
3.169657357239556106e+00
2.497713509503939555e+00
3.377194378988809920e+00
1.289586469945683156e+00
2.330461855624748058e+00
1.138064435540439678e+00
6.105911017382366524e+00
4.479721043636852862e+00
3.429597244448732596e+00
4.655700815815203342e+00
2.245174036143285257e+00
5.773175656635078035e+00
2.270161812903499055e+00
4.810785718135049294e+00
5.045032357480863094e-01
2.241094249291053053e+00
4.576989136899099364e+00
4.898994735331073436e+00
3.800230187921976643e+00
4.086046643784697174e+00
3.486956749251655996e+00
6.002568407365711511e-01
4.178468767535418849e+00
3.631839239227939942e+00
1.978060672299520872e+00
2.647987601783646117e+00
3.220886452135400813e+00
4.318188500535891095e+00
4.030050344030060572e+00
3.557349342785911972e+00
1.947969939212574442e+00
5.533172829087630085e+00
4.082110053934540517e+00
2.289339878905994219e+00
4.172409585872419946e+00
4.070459140711637502e+00
2.958400325998382208e+00
2.044541858461031758e+00
5.535283223991838142e+00
4.132861970315717670e+00
3.702984208911374253e+00
3.130801505378589145e+00
2.654647139690013979e+00
2.829710689515142708e+00
2.812847908041553602e+00
3.048391813508334991e+00
6.833756300477406675e+00
2.181101333779609242e+00
7.452864877136667232e+00
4.584091277503938855e+00
2.766397800448839206e+00
2.806145356932714385e+00
2.067431916235377365e+00
3.871898371765355229e+00
2.135476968756017335e+00
3.090866488364086173e+00
2.276664999365146880e+00
4.003638047175832604e+00
4.731283792957161616e+00
3.867202291064745001e+00
4.321318914709739722e+00
3.035385773757727002e+00
6.749821950581937458e+00
3.012352899558872643e+00
3.550994250113036710e+00
2.377371393578819436e+00
1.292291199372981314e+00
2.896885512142718166e+00
1.186149861586220933e+00
7.074110018326724703e-01
4.257935944684136942e+00
4.912488090058870327e+00
3.043675983250835770e+00
3.120638805797633974e+00
1.391824158928185451e+00
3.736954795990880207e+00
2.578492358745763990e+00
2.995945832432258094e+00
7.438005975139263981e+00
3.769810148977962960e+00
7.656758991497932598e+00
2.745252729003579084e+00
4.477318212470317249e+00
3.106023655137916784e+00
2.066130767877306873e+00
5.286684009392727646e+00
1.269783066178967745e+00
6.353141514839434123e+00
1.974031110558242430e+00
4.450037329655218699e+00
2.899075480154706508e+00
1.418232385619085933e+00
1.535123235849544798e+00
2.709431774516823044e+00
2.539631917485575485e+00
4.638301060703215128e+00
1.942158913676107490e+00
3.952071737060445678e+00
1.814662695958394023e+00
2.162371255715533014e+00
3.566791397456134938e+00
1.336807923109814666e+00
4.307537811921389626e+00
5.520286463822738909e+00
8.071349489283189627e+00
3.320599410983338995e+00
4.035292541233441277e+00
1.246736975742448683e+00
3.836883108899326711e+00
5.012159328625706678e+00
2.438400798708237005e+00
5.811498636282092178e+00
2.605411565031857446e+00
1.493850192253461717e+00
4.298648310047474830e+00
1.081396225390935717e+00
3.191546516006903200e+00
3.292013623378255094e+00
4.714432315489939462e+00
5.468686329882783248e+00
1.919063849483585882e+00
4.707716804606050687e+00
4.878322993198186630e+00
4.216222530166493065e+00
4.542509984966629943e+00
1.543679670080496447e+00
3.820629404632741366e+00
2.337305818452906969e+00
7.415961752215865843e+00
1.368799208634472908e+00
2.022240126864695231e+00
5.786508969292919247e+00
7.753942802476151641e+00
3.770374836988556577e+00
4.968908393192235096e+00
1.767837283298873796e+00
4.252037456575763485e+00
4.236602372579882925e+00
7.136237450567486817e+00
2.126274006958203344e+00
3.629135686635526437e+00
2.871906003357032056e+00
9.703964049357708399e-01
1.553435395441232103e+00
3.712838158924289367e+00
3.859130430255712785e+00
2.956199774293806648e+00
4.742528524744848539e+00
5.238808069706299975e+00
2.195866195989618852e+00
2.541688771618158427e+00
2.498879242898662145e+00
4.389435333259481986e+00
1.995687427298836969e+00
7.315054277258835391e+00
4.083623239355505419e+00
4.927264960594099463e+00
4.880600843943466494e+00
3.744924245578029609e-01
3.444302319935574896e+00
8.773083174154475472e+00
2.004729525333522666e+00
5.424274748177858818e+00
3.781920969523708376e+00
2.178891977983270500e+00
1.358641131631068477e+00
2.077941978969749748e+00
3.282864105733692917e+00
1.062140791022670339e+00
8.055512375198787822e+00
4.467178136231764185e+00
2.142575785331169325e+00
1.707551326913731460e+00
1.903320705955535486e+00
3.007835991136182496e+00
4.395878154041769292e+00
5.543387058167711601e+00
1.245884414493450887e+00
4.829687912738030775e+00
6.267067951184043473e+00
2.810548616257743326e+00
2.535028054145382903e+00
2.678966294551045291e+00
2.798432435278573216e+00
2.709095224969881421e+00
5.977319780785983916e+00
3.451577033956767959e+00
2.618590929503482378e+00
3.071604799895049975e+00
2.212034995264872350e+00
1.185453413250088461e+00
4.168175341827278224e+00
5.652492770688658297e+00
1.827103096902959134e+00
1.585873234801017162e+00
3.735150151237588201e+00
5.036419630856085128e+00
3.070100467184123882e+00
5.758944881964191964e+00
4.640843135675207343e+00
2.017189108799551711e+00
3.860879967474885266e+00
3.824054206923693133e+00
3.059106839884842888e+00
6.350261477218403172e+00
1.259677257078891888e+00
3.351957878007833180e+00
2.669680250861145687e+00
2.152809734597498359e+00
1.686513494768524968e+00
2.591151209578698822e+00
4.937784081230198296e+00
3.874358184134855776e+00
3.731431815570579236e+00
3.167155649279387308e-01
4.985207019168821141e+00
4.715794487412090064e+00
1.118458809958423616e+00
3.024549320287289733e-01
3.194158227101485448e+00
5.900591569023971417e+00
2.220334671951332162e+00
1.548492808238240315e+00
2.153135552270623698e+00
4.043554973239987582e+00
1.644549929067857352e+00
3.963028081457854235e+00
3.301901190888989479e+00
2.237427036670775582e+00
2.732657368592584124e+00
2.923058226026756579e+00
4.241540314448317694e+00
5.695578650320875624e+00
2.904295163354417841e+00
1.730406444580890435e+00
1.935092986341017340e+00
2.674522779111389692e+00
1.829832634688562720e+00
6.773469025197658588e+00
3.786034998133239071e+00
3.776093927691879237e+00
4.497725003119803944e+00
7.581634816298969959e+00
3.789239746461284142e+00
4.731880697280639758e+00
4.308480598995235056e+00
4.807687241799066591e+00
1.433993316226863879e+00
2.359125253580180548e+00
2.798215076398840484e+00
3.692639369936402183e+00
1.785161324297253937e+00
1.253014834218272755e+00
6.234668858810599623e+00
4.497603455446737009e-01
1.130670956046887499e+00
3.891941527605584206e+00
4.224907767018815541e+00
4.212389288223371331e+00
3.064494941389865001e+00
1.530596991382601857e+00
3.098492159981593108e+00
3.736615753824307440e+00
3.051580201251931079e+00
1.986392319046949240e+00
4.389894283483618764e+00
4.681530687776055188e+00
4.641339066972764549e+00
5.469504506478122252e-01
5.868589637324240549e+00
4.042333471209272666e+00
4.972273548148214317e+00
5.236533826950392267e+00
4.444204421473516575e+00
1.588751864921619017e+00
3.179467805570044714e+00
2.670911893178334218e+00
1.362011341223463790e+00
5.200564918161974859e+00
3.487630102268252763e+00
1.466807413504348734e+00
6.894833814045296272e+00
6.662011582413480681e-01
5.275215208039076842e+00
3.688631580743034988e+00
2.043024492890665123e+00
3.696604443484974745e+00
3.476243359660005972e+00
4.835163644210330958e+00
1.696560498198158851e-01
5.187244302191659884e+00
1.065316102986150959e+01
1.674016532614977848e+00
1.561418400280301322e+00
3.250480834322442725e+00
3.750680935716424358e+00
5.227321152694146544e-01
5.852744069674640670e+00
2.309079239657386928e+00
4.371654525520805912e+00
3.585610427975491454e+00
1.321139827322424187e+00
2.613076443540072624e+00
3.771442753371662349e+00
2.992624643162374198e+00
3.294759088683040460e+00
3.167746489029703572e+00
3.557118760876304631e+00
3.986285855916861465e+00
4.258894916204672754e+00
2.550058985614158225e+00
2.537920364230317194e+00
1.935275608027454242e+00
4.349197027511950253e+00
2.787885580220237358e+00
3.886052764879285970e+00
3.683411547371600925e+00
3.084788434688737979e+00
3.279612186865039636e+00
9.905354286217388227e-01
4.334734207452503263e+00
1.440248814917812759e+00
2.448547799980224315e+00
5.635454480622152929e+00
8.098074618621649012e-01
3.363105813468783900e+00
3.813808640605781619e+00
1.531464476493987314e+00
2.432555429066575847e+00
4.150271074189822329e+00
3.676521192480157740e+00
2.176832351401718046e+00
6.140593153538916660e+00
3.224222224188154406e+00
8.470945122569529806e-01
3.889105825711622888e+00
2.383004828601511971e+00
3.592783363465553492e+00
4.504214311935816895e+00
5.647566109446262139e+00
2.617955762479148518e+00
7.804833783376551315e-01
1.720258319630794563e+00
4.666307263523247428e+00
4.536516052124293097e+00
4.294782462065866113e+00
4.346853814029981500e+00
6.002661837790319588e-01
4.740426811894792536e+00
3.838070625715988005e+00
3.150726074415406863e+00
1.169776413563974771e+00
6.898685335745602387e+00
2.375101579595527479e+00
4.729458316340133806e+00
3.207560188968396453e+00
5.045470776687992043e+00
4.012153739213021097e+00
6.207986627419628256e-01
5.080296735012947096e+00
8.334796971849103286e+00
6.668667516382798865e+00
1.954649323521125082e+00
2.023478984494782917e+00
1.254026059494890877e+00
1.839859014625627509e+00
1.816289633960260108e+00
2.322255095973189576e+00
4.658095641464509384e+00
5.593340251783490480e+00
8.687758001267386732e+00
4.215136978461757167e+00
1.420292225807102238e+00
7.863495143114062280e+00
3.535313650364633187e+00
4.934264836662315190e+00
4.429709000773433658e+00
4.541762105978348174e+00
6.153497874946195267e+00
2.882459226053306178e+00
1.743149362133803448e+00
4.666085776363614990e+00
2.494522724805730007e+00
1.800455733843289607e+00
4.017427462865981624e+00
9.719398210821085238e-01
1.803161066398772050e+00
4.091735807590563212e+00
1.247645830078981666e+00
1.193357775902232465e+00
2.189685097392012114e+00
5.231468118192455385e+00
2.217919977808553433e+00
4.865107159695456929e+00
7.016036354695953214e+00
4.704960477370979000e+00
2.047328475775850976e+00
6.453440524354682850e+00
4.586937244398550995e+00
1.439309456014904010e+00
2.195160518329113408e+00
3.554935520729433307e+00
2.358089006321086867e+00
2.524528020929566186e+00
1.344862308150654995e+00
9.704276790716053203e-01
2.370946224989908813e-01
1.874440373953254024e+00
7.971455847176914800e-01
1.614869156932991157e+00
5.588601532614019263e+00
2.130816760127132170e+00
3.552800413654762846e+00
2.931168773073067335e+00
2.829795921529615121e+00
2.052986843556463548e+00
5.749356051533526468e+00
1.554135770857566934e+00
3.997463211338569522e+00
4.312891147875265396e+00
2.065287286630697050e+00
4.698872756939310946e+00
3.994588355292265192e+00
2.698829055729764503e-01
8.459097424136922783e+00
3.175690414196652878e+00
1.055632472647231257e+00
6.630451130689390959e-01
2.461119779558159859e+00
9.850928784655186288e-01
3.102324976855859617e+00
2.986420286467724505e+00
2.814307300471425410e+00
1.190664110944721132e+00
2.610504133365326496e+00
5.682851055682020203e+00
3.975486745807013111e+00
2.474673657246544423e+00
2.190973930184987317e+00
2.075793169721737996e+00
4.465514839403339487e+00
3.507396934755642626e+00
4.131208356049438812e+00
3.344790781099784560e+00
1.503356560564417688e+00
3.869611784337443794e+00
1.701656693357870509e+00
3.278840966826444436e+00
1.318548636956333953e+00
3.916141519682895478e+00
