2.789237793242169139e-01
1.002658065323214442e+00
3.186004272318064601e+00
3.411578019349963853e+00
8.728671105643073247e-01
5.870997779050618703e+00
3.802139098154858399e+00
3.419732280108279010e+00
2.072714599795165036e+00
4.135937507004427971e+00
1.879501323922439182e+00
2.313386526812092114e+00
7.498430247961120010e+00
4.273977489750071967e+00
2.059585658310025380e+00
4.228675756575752231e+00
6.529636474150839476e-01
2.955271438332150780e+00
7.738197326750338334e+00
4.214055478623500939e+00
4.895025853328358600e+00
2.562377157234846159e+00
2.317955224636648826e+00
2.432749660893357646e+00
1.926130439884289558e+00
3.038354776418940695e+00
3.577329407132817440e+00
2.393439981164856345e+00
2.949559074765581990e+00
1.655667588931450940e+00
3.643437979859086795e+00
1.623818697004095979e+00
4.851293885420578711e+00
4.810026179241644328e+00
2.174088076673280412e+00
4.651589755821215810e+00
2.994015506646104718e+00
2.211493467037784377e+00
8.683499913317998420e+00
4.107201776077429756e+00
1.764200956436261958e+00
4.156123287901514196e+00
4.087418942287365908e+00
2.528687630450447088e+00
5.794569548942820614e-01
3.376351595902664204e+00
3.418468077687134787e+00
1.059023004320994943e+00
1.452471163908835905e+00
1.231852708796890683e+00
2.771773703804337075e+00
3.548959113820849609e+00
3.803246528513688052e+00
6.278453256188732290e+00
4.474377200275664990e+00
3.901041864947891291e+00
4.087180040166908057e+00
5.271411512274694289e+00
2.890711811298183331e+00
2.667241941079107281e+00
4.145261276525980421e+00
2.739187741057350411e+00
1.981772319833719820e+00
3.228388935374401747e+00
5.017248320468441491e+00
3.907989087821774010e+00
1.585939364930482709e+00
1.732931426188060398e+00
8.895066046276693950e-01
3.531219014846185278e+00
5.161855659465818924e+00
5.320727835738574107e+00
2.308438011570688175e+00
1.703072284637389133e+00
3.725175528501598166e+00
1.728661209006596478e+00
2.685139392495333510e+00
2.025857430859038910e+00
3.981239457504249568e+00
1.697501232739869748e+00
2.348709631247108742e+00
3.481972533570914408e+00
2.689132741442449293e-01
4.754896029895459897e+00
3.340804160192444527e+00
1.855948922813197566e+00
2.832191953155162256e+00
5.360802720507729546e+00
4.497201122468451828e+00
1.001959330866616149e+00
1.843889083534861584e+00
2.610082296163009463e+00
2.579032592979333849e+00
3.321200746519652025e+00
3.990646529595968328e+00
4.201980036623843340e+00
2.078021242933964619e+00
6.552219880772602867e-01
1.973094460681753315e+00
3.557487132289230747e+00
2.203629067218806803e+00
1.898846976280618604e+00
1.688923334638349871e+00
2.031195108150916973e+00
4.669853946984638959e+00
7.089599902720171265e+00
3.811265242257191765e+00
1.551584515237290018e+00
5.233119227533721940e+00
2.742031530530446126e+00
3.838216250696381504e+00
4.675538647107051915e+00
3.394496090913538211e+00
2.295495361160518666e+00
3.989283913781949131e+00
4.754042483188715806e+00
3.315314434714073943e+00
1.826038112556158666e+00
4.061516448740972507e+00
2.303989509416973558e+00
5.250374006585013298e+00
6.648288398046281245e+00
3.357465208271607882e+00
4.371158724790688233e+00
4.214314473611215917e+00
3.440818805166897310e+00
1.115794855810185560e+00
2.437250829071331282e+00
4.128910591621036907e+00
4.154169284553701047e+00
3.677923977454365279e+00
3.691409532072694955e+00
1.816955343142600210e+00
5.290345628891006236e+00
2.963395197494380628e+00
6.353820525246621775e-01
2.770819768241613357e+00
3.813229330119612737e+00
1.974561740376819641e+00
4.108367109809048401e+00
2.967231972340160784e+00
2.868266728324038617e+00
4.586947538536887414e+00
4.477561837946188561e+00
1.689305290060109099e+00
3.147889760827158767e+00
4.143159086284917692e+00
1.847173176306544651e+00
2.012852746588335684e+00
1.754552877002671263e+00
2.429632505157370836e+00
5.571894909690113806e+00
3.797259359798695666e+00
2.365847898130202243e+00
2.911154485494432009e+00
3.029325554984706237e+00
2.935733459973029813e+00
3.606464534042649550e+00
1.047615753670376737e+00
1.781288262645472242e+00
2.112613107387577127e+00
5.875310687472490301e+00
2.537146074729113909e+00
1.112591587970106488e+00
2.390587510348765932e+00
4.289578947015715293e+00
5.336189653047162196e+00
3.287576687670717313e+00
4.958136936542651085e+00
1.370138008459822476e+00
2.745704291453041179e+00
1.013279810546149573e+00
3.616027948247743318e+00
3.835782383010685859e+00
5.636641948158348292e+00
3.157364139456668717e+00
2.499060993453923185e+00
4.229860263178705893e+00
2.806922683504263993e+00
7.790193962114492221e-01
2.514217817287256018e+00
2.556475751637198091e+00
5.911508687425153674e+00
3.193784899115828857e+00
6.228736139908775726e+00
4.888431997439032450e+00
3.698528118047947011e+00
2.520123953063657218e+00
3.537139082124917788e+00
2.183970225126418363e+00
1.484641639907454014e+00
6.908980116856243692e-01
4.648881716407499809e+00
2.564194509764252672e+00
3.648992954435290592e+00
1.558640155612332601e+00
2.556343869218302700e+00
5.523863409056721352e+00
9.221040313775219488e-01
2.381126010140688809e+00
3.934530219541366058e+00
4.714486946122297795e+00
1.634553673719645772e+00
2.284229246206952002e+00
3.353224487109808472e+00
6.583088690004825771e+00
2.855920250228708213e+00
8.384264767466376167e-01
8.272403503433576333e-01
9.457214283931218990e-01
4.684685131083061727e-01
4.633114492578327415e+00
4.368798092232005104e+00
5.561632782965307165e+00
3.348931813757137554e+00
3.646044740824785357e+00
4.223621548971546069e+00
4.695883174345583555e+00
2.391066007927181047e+00
1.812457554191504006e+00
4.926052958353201561e+00
1.049691478266363998e+00
5.230020299760401947e+00
2.822587861753304561e-01
4.693243974276159136e+00
6.288907604637975268e+00
1.420684596032724567e+00
3.474515236107025284e+00
4.459332315551046477e+00
1.368997742544809659e+00
2.671126496969526087e+00
7.109434445563028726e-01
1.927154215352381073e+00
2.546144556810332915e+00
3.325983817860406422e+00
3.882582355025108622e+00
4.428620425797692661e+00
4.258342725432688880e+00
3.578495720180410622e+00
3.921380526280355383e+00
4.532444988101511640e+00
2.650412941384149512e+00
5.226003540046393780e+00
5.215197624693233891e+00
2.230752727581875483e+00
1.340263975918349448e+00
1.973561177459951965e+00
1.500805311738806491e+00
2.817634169462551519e+00
1.425707069339094302e+00
4.815455034839926540e+00
3.714119421592443793e+00
9.838870158453714154e+00
4.193015999561135132e+00
4.519735597077667144e+00
2.794132019830620095e+00
5.724917621933856893e+00
3.528923388578514952e+00
2.296415806718579145e+00
4.505768898994106486e+00
3.206876545934784328e+00
1.455835628820149719e+00
2.720776983734981336e+00
4.168165897381038931e+00
1.189048486880617927e+00
3.477387466281066430e+00
4.538856082895970090e+00
4.385905271505767367e+00
6.712411038013604170e+00
4.946643737559638154e+00
2.276972799539303871e+00
3.390403237013866367e+00
5.768327145941419154e+00
1.333473182645933841e+00
3.463096004468364075e+00
3.404659695772661365e+00
2.691561179964413242e+00
2.580827256656997637e+00
5.242544393908575628e+00
1.968908791544583092e+00
5.217022846778482048e+00
2.107424897082347481e+00
4.893075321723975968e+00
2.684298832253346756e+00
3.177317661271756855e+00
5.742834043970912461e+00
3.218597276259694606e+00
2.581413450672842114e+00
5.598769816297088475e+00
2.714677707483983848e+00
6.938154090847699074e+00
3.119287197243918897e+00
2.268040959536584467e+00
5.285695256196463632e+00
2.179606648482800946e+00
5.010069001899163155e+00
5.113557148265255314e+00
3.668718974711512537e+00
5.228452566083888087e+00
2.477457118509508227e+00
2.681970007731804717e+00
9.688489850285891825e-01
5.501703758404286937e+00
1.235983576698363340e+00
1.456608050268551224e+00
4.893723355417719745e+00
3.650994258119709457e+00
2.908221681136125447e+00
1.760134143526561612e+00
1.086975063356685478e+00
1.933791365204787116e+00
4.486632305757642492e+00
1.797764901869494114e+00
6.502232722547942600e+00
4.361727682790939475e+00
2.397234104689228040e+00
1.902802471935352457e+00
3.566158755568802796e+00
1.471723038170113851e+00
2.170478329517917526e+00
2.021069844802773297e+00
3.504913361951992101e+00
4.441494984820508307e+00
4.429204853014013787e-01
2.208646763468569585e+00
5.359847163108097057e+00
1.774441779747951475e+00
2.336892050703894164e+00
5.001219093408641569e+00
1.958997438195575480e+00
5.585787446907624521e+00
4.072966114886908073e+00
7.016281418117463531e+00
2.560603446471888311e+00
4.845939930088496439e+00
2.234954454544821889e+00
7.485532291413634631e-01
1.008215077929016434e+00
3.469760322087877658e+00
6.247819709371515096e+00
4.347141600961164087e+00
5.352675254717334852e+00
4.387440145318029394e+00
4.428645179999564974e+00
4.499145879369971901e+00
2.722704711191107130e+00
1.108244765179387414e+00
3.415532793160394931e+00
4.288871389380235044e+00
3.388095168489478226e+00
3.858114781569042862e+00
3.821863714755090680e+00
3.487987358343983324e+00
4.773198476368385457e+00
2.003756586207399604e+00
2.700695443163524168e+00
4.507052422966349781e+00
1.749274381026414860e+00
4.270569317733453829e+00
7.048061768489368717e-01
5.409208710613619076e+00
2.047703438829559186e+00
1.815701380136337972e+00
3.958682266739163680e+00
3.534185816833467442e+00
3.754293065960378151e+00
7.164517893661871639e+00
3.941305842610057564e+00
5.662775299465133472e+00
2.463231440786395332e+00
2.357693225178493002e+00
4.706370513476493045e+00
3.432538025951312299e+00
4.751218889450675498e+00
8.248033026556278458e-01
1.189547547064005339e+00
4.062613467724320415e+00
5.029632249463473759e-01
2.869903246483617387e+00
2.636704216198921813e+00
4.914107271152770018e+00
3.549234564124112978e+00
3.552615500449880948e+00
1.242861435445733020e+00
1.687848065660068730e+00
3.598164501410596294e+00
1.733165790813965490e+00
7.919368251246217127e-01
1.950571875453302129e+00
2.759986781152250934e+00
2.835510215189076089e+00
4.249103480149429402e+00
2.220039549604425400e+00
2.490102311715254757e+00
4.776568732502440184e+00
3.826665303446405098e+00
4.492041343709745504e+00
2.191660540931632539e+00
1.638720491367586574e+00
3.819034293583661199e+00
2.202834466814784786e+00
5.932994159773610221e+00
4.170544277226478691e+00
2.808629690803687851e+00
1.832205809487371440e+00
6.866427613005183339e+00
3.484968588082769436e+00
2.205570593018118863e+00
2.446497532985009826e+00
3.812775357133490139e+00
2.888644412773251346e+00
1.520678890316130794e+00
2.964027739394676342e+00
9.984208640010843183e-01
2.787548575187287270e+00
1.996897047516817070e+00
3.450200082280616698e+00
2.667640836136278004e+00
4.626301476130454837e+00
4.507259004218994392e+00
4.438864760284644717e+00
6.277909666484997153e+00
2.396514747978673032e+00
4.720099103669288532e+00
3.336145111937341312e+00
1.345721821598427237e+00
2.639953157173533516e+00
2.934036340914751406e+00
3.117152601027442849e+00
2.996643151656769533e+00
3.827505851823436167e+00
4.183046271890286105e-01
3.893384924369237776e+00
2.192799792844693396e+00
2.015402594024416238e+00
3.504072527004588267e+00
1.470099890780372842e+00
2.332669789105011660e+00
1.899197535779104218e+00
1.233626238496393857e+00
2.329174032010375761e+00
1.044830890517370214e+00
2.316185033678565652e+00
2.218213512697789547e+00
3.376514136028804902e+00
1.983594224062860345e+00
4.871269236252100399e+00
3.861301159523320425e+00
5.947646834991178189e+00
6.467034676588549580e+00
4.309162453125187753e+00
1.449064108764445802e+00
4.002471280982085489e+00
2.770176177801640716e+00
3.155764698090378406e+00
5.839473107209450120e+00
3.048448337427520638e+00
1.038152152984907595e+00
2.830508825822207086e+00
5.375770016786797001e+00
6.251971093480989339e+00
2.276698357204475887e+00
4.419819102949542611e+00
3.192528940982971797e+00
3.846057057505762433e+00
6.969304636851829660e-01
2.467286903972479184e+00
3.391707654080672540e+00
6.641720774713810727e+00
3.084213542249357509e+00
9.264651369471004205e-01
3.492205287534086100e+00
2.721773632245962471e+00
3.758918278796191004e+00
5.029185087273217114e+00
2.998642124036082102e+00
5.635645069931970674e+00
3.440710055881431195e+00
2.120500192083192736e+00
3.555989344411924158e+00
4.330697111973906388e+00
1.563792337213522066e+00
2.552441523151381286e+00
6.082295160989341198e+00
8.496810821348162790e+00
4.648002164981379636e+00
3.674402031510391797e+00
2.277727479044457937e+00
4.793302364723576403e+00
3.248162310472605618e+00
1.781953550596240721e+00
2.815370194789357683e+00
1.731274726152725041e+00
4.100487656274724557e+00
3.087042042239986017e+00
3.264660285660572647e+00
1.316566876178697498e+00
3.342953511551185475e+00
2.861084505022640556e+00
4.493410192338613385e+00
5.131438701904901478e+00
2.040064291871014568e+00
1.760434016535968649e+00
3.592962183368862750e+00
2.797275528453604831e+00
4.398183463135849181e+00
7.301798035461676939e+00
1.145245959127739743e+00
4.872458636364799034e+00
3.013620683715651616e+00
3.103552895757852870e+00
4.945895274934719588e+00
3.628186659271185555e+00
3.367628586813408820e+00
2.886055706239474272e+00
2.084282378891785914e+00
4.606246187995984620e+00
3.485135537624091562e+00
6.985591218385986068e+00
3.804295120036312206e+00
1.045366749896170955e+00
7.804807353401860048e+00
2.335525033018961416e+00
8.018504914614321688e-01
1.151536100580498045e+00
4.626103292163366909e+00
2.135835400545354812e+00
1.184894255658922813e+00
1.941433893913902198e+00
1.501068097606285345e+00
4.608562379918271112e+00
3.083749955840319412e+00
4.749230176242743573e-01
2.169251251731490804e+00
4.054250426487193693e+00
3.157071227417964199e+00
7.207537259581260791e+00
3.789554740730246785e+00
5.138247257539481083e+00
2.584602145503169357e+00
3.260073027641277044e+00
1.834937836736172390e+00
1.692205325842867314e+00
3.300973645369507103e+00
1.364186304044404663e+00
8.562097759869777391e+00
4.763442917977703139e+00
5.626900935010445082e+00
9.459968047406974723e-01
5.839057680577563580e+00
4.601647844190578596e+00
2.733596052393475695e+00
5.542014811166891874e+00
2.811545936970047510e+00
3.510929842107350929e+00
4.170331250924005140e+00
3.437505263109653875e+00
3.821632940101402198e+00
2.563901284367406497e+00
3.171145065342189540e+00
4.113418459544635475e+00
2.189528882411352129e+00
3.461469120090754359e+00
5.015100406016666845e+00
5.139757614859826518e+00
4.128093903048243973e+00
2.705124140456896864e+00
6.305349054931431496e+00
2.806340491705189066e+00
5.091046345621453639e+00
4.005673710704902746e+00
2.538384241772523531e+00
1.915213183932639840e+00
2.469501029932373193e+00
4.790508242603833011e+00
2.589781945173175615e+00
3.951549884210744601e+00
1.222680386720928825e+00
2.566961758327148679e+00
1.225389478994160841e+00
4.789345099722633670e+00
3.124890672420954196e+00
6.245123737341598869e+00
2.183072509824755869e+00
7.407748767471142415e+00
2.410579461868856299e+00
2.824795476241042103e+00
3.859458730136887450e+00
3.296302190773462204e+00
2.745894499129937216e+00
2.130820663146120175e+00
2.399635501282152195e+00
5.477606019420895755e+00
3.489976734416887716e+00
7.295860022190621130e+00
4.155381213557017617e+00
3.965219723846261868e+00
2.972463488695483047e+00
1.865939550407286207e+00
4.926242415993786317e+00
2.230174318175945469e+00
3.465093160781296255e+00
4.823812873472862250e+00
4.607288570343757605e+00
2.814527824322824667e+00
1.311586745209988081e+00
3.339943861909508094e+00
4.902762553688040370e+00
3.705000642885131867e+00
4.871634506212989990e+00
2.286979305787118832e+00
1.175975324692573487e+00
7.070182820172083993e+00
5.258926585275709442e+00
4.454797978512401002e+00
2.227782563517147096e+00
2.193158832143549564e+00
2.956825221655193126e+00
2.587591870696602125e+00
2.029873521113090273e+00
4.274355307077505550e+00
4.407351414848356796e+00
2.862277653550417078e+00
2.632321263708518710e+00
2.912299477926544089e+00
2.158346936219005308e+00
5.024947930180682754e+00
4.147344645583613598e+00
4.511688809184581039e+00
1.399349038135503154e+00
1.727638111050299630e+00
8.197297841499720406e+00
2.515306313366633795e+00
6.599713255556226343e+00
3.726750353092060042e+00
2.395297936840967701e+00
6.140853454957677648e+00
5.578218674376002717e+00
4.005346557992243817e+00
3.178668595489984039e+00
4.585757835099599222e-01
2.743746347419792730e+00
2.169295924096829253e+00
3.661855714400273687e+00
6.528894046580091981e+00
4.694055430899407355e+00
3.154061081377172115e+00
3.786239896049226505e+00
8.109449765133958099e-01
1.549665703252255167e+00
5.115434364423306235e+00
2.387057168899704429e+00
4.322784645414889937e+00
2.166347116616153645e+00
1.978654711109613995e+00
2.227053367244022475e+00
3.612840947436538386e+00
4.418027235132629293e+00
1.040303910255815811e+00
2.083192912177239897e+00
3.647975974960181222e+00
3.404990424870906196e+00
4.314183187449566859e+00
1.286330844982570554e+00
2.059918725522529748e+00
8.258944564597339166e+00
4.291225829212470089e+00
4.344042006298508340e+00
2.155613515380073064e+00
1.632904774303123308e+00
3.863970077066416486e+00
2.249353233217120440e+00
1.277281119216880700e+00
3.461713705708987732e+00
2.052865678548591255e+00
2.341943146429742661e+00
1.678101638227928571e+00
2.012188669759564341e+00
3.589612764883435947e+00
8.830910594210539255e-01
6.147974106794127813e+00
5.729200117276670667e+00
4.042120944248542180e+00
3.991559461075342430e+00
2.035752277777340247e+00
3.271032766458309649e+00
3.536807879506483232e+00
1.682477749449297066e+00
3.245695914173505336e+00
2.823560959124031378e+00
5.113158013454087047e+00
1.101856242119751084e+00
2.773443638570640246e+00
1.000229758087564313e+00
3.567250793309304502e+00
3.011408870791183023e+00
3.772288075613404512e+00
5.602276649215251147e+00
3.585579453064580147e+00
4.159643899193830485e+00
1.019875879715373079e+00
2.963235901184716248e+00
1.632952266535529162e+00
1.014815823579541210e+01
5.415010247803705212e+00
3.931110785823071385e+00
1.758624444643577700e+00
1.669869553280069807e+00
2.988736675993148850e+00
7.806364919353804055e+00
1.124966252603727845e+00
3.427183425467865252e+00
5.725760992131698757e+00
4.846493984528119192e+00
1.730577451685646695e+00
1.185446074358368573e+00
4.881359375924091637e+00
4.501504471371113425e+00
2.387554991158312934e+00
1.115849540649867411e+00
4.395875481601563273e+00
3.579408445203321687e+00
4.726352430942257321e+00
4.336766468912900407e+00
5.404525828848973923e+00
3.788026057405380786e+00
3.702263919129820557e+00
2.903504529613289087e+00
3.765716178331918407e+00
5.623228806962162984e+00
3.260238639696608320e+00
3.718649481129891576e+00
2.432625355013238622e+00
1.529401895231081498e+00
1.581949315473405004e+00
3.177855655519016942e+00
3.427298628535685676e+00
5.840068453754416744e+00
5.355171228970680986e+00
1.431922926939978025e+00
1.418049851487529933e+00
2.027761172585157645e+00
4.698619945294161937e+00
5.773798864732097691e+00
3.489751185155552271e+00
6.990631495111527371e+00
4.595506830682802857e+00
1.322105537246161422e+00
3.180407857599321542e+00
5.034588855542797781e+00
3.193173028579585626e+00
2.545543470482402704e+00
4.300914934063570172e+00
5.886123920266847165e+00
2.724896834810047963e+00
2.276384137829412957e+00
1.839968436560216913e+00
3.234126439443720358e+00
1.943539875432860997e+00
2.652904131601920845e+00
2.722321845071693058e+00
5.083550418342034583e+00
6.309229271546915818e+00
2.392596787050490725e+00
1.220448930056103221e+00
4.225846519520123579e+00
2.470848322161394162e+00
3.351267799111256274e+00
3.788977932561595985e+00
5.975031336497009349e+00
3.065811988601713001e+00
6.671637747576515842e+00
3.124324771629548358e+00
3.265927547668725062e+00
7.421888629331391485e+00
2.947579334425925346e+00
2.379562126231813401e+00
7.658007573844065163e+00
2.893053306689596371e-01
2.122709688775701764e+00
1.245052579001516557e+00
5.440806743669243772e+00
2.239437751331239124e+00
3.795953422849488224e+00
5.725687209140891909e+00
2.191940592158732493e+00
5.111628747256963479e+00
2.236501078411617716e+00
1.566594576329624511e+00
9.287041394364695668e-01
2.852763989389095478e+00
3.318961600963352687e+00
4.697763864903723885e+00
4.988452870352322321e+00
6.597121996484561990e+00
7.628686263679460566e+00
4.315221495970604337e+00
6.939568736074417821e+00
2.237127391952252076e+00
2.355979299321114162e+00
3.711807325829205695e+00
6.642139588541368767e+00
3.665236328385456321e+00
3.413864058588135464e+00
5.214787717770471787e+00
3.730971431940231842e+00
6.584085241491604457e+00
4.797388161359327441e+00
4.110180472487618530e+00
3.310548355292179057e+00
6.220750488789301258e+00
2.977994237120314303e+00
5.255682045376291356e+00
2.508312309806443263e+00
2.248062920105179607e+00
3.483900894500710166e+00
3.390030796839979210e+00
5.524496671792028302e+00
3.319774339803748031e+00
4.650916207821572002e+00
2.758021568823317615e+00
7.283843579450357986e+00
2.800742565264501494e+00
2.858061619575134493e+00
2.608312853418833566e+00
4.001290022124163848e+00
1.106722161698043383e+00
2.774712217956999627e+00
3.762538356818825314e+00
5.694836511871129936e+00
1.247501090719046468e+00
2.240802811391828353e+00
2.943286001655413209e+00
4.721963386360405579e+00
2.974421679357096338e+00
5.441912780221048962e+00
2.260598996503971669e+00
2.453609746217399135e+00
5.298021360088978060e-01
2.902082510860288345e+00
3.209073226613020413e+00
4.693177673462686883e+00
4.363840534840704777e+00
2.975422620230359083e+00
2.510066533348452200e+00
1.701333821854658979e+00
3.843267979651445732e+00
4.366797820409362707e+00
2.219343607014220510e+00
1.738290420339306142e+00
1.022548830494881766e+00
2.237818435993761845e+00
2.406999663518691879e+00
3.298425045786517185e+00
5.041487070016472671e+00
2.848951221777989762e+00
4.268031198481884836e+00
2.642407750398393596e+00
3.860392752120382021e+00
5.456548409682691947e+00
1.389215878448844643e+00
2.564114541171613748e+00
2.595550137649380584e+00
1.063257462214484805e+00
2.881080575170279268e+00
6.298380102493544852e-01
2.100598514173394271e+00
1.855283781753397587e+00
2.168051888891983303e+00
1.708293224991820791e+00
3.541522068858556249e+00
1.459193345547435516e+00
2.831298507815646293e+00
1.993923199198069707e+00
4.792719453944046748e+00
3.389255942976491021e+00
1.881125055908543064e+00
3.880147344000420162e+00
4.638357367867572023e+00
3.270966961821642371e+00
1.702999120226921903e+00
7.732232596865881824e+00
5.879713239954106996e+00
8.256646998439951091e+00
1.158552484179239617e+00
3.340647493771027321e+00
5.392004593748952246e+00
4.865630777950626928e+00
7.080006775940685948e+00
3.428565868611739287e+00
1.232565324895654069e+00
5.370347004584694162e+00
4.473863302480921789e+00
1.989049415694246203e-01
1.615444780962715043e+00
4.277242569898502822e+00
3.482987270068451657e+00
4.848343471756100698e+00
3.758130814257342855e+00
4.430530074350687464e+00
2.342080227874459464e+00
1.759350898152484133e+00
2.989569697267126624e+00
2.682309634244525398e+00
2.252297811203172184e+00
1.624809421934227505e+00
4.709442767127995921e+00
6.326577271484799425e+00
1.056056969709990856e+00
1.438270779039199754e+00
3.717586657728221944e+00
4.225050258680225213e+00
2.482553063104594671e+00
3.206948670781465616e+00
3.922713187161176229e+00
1.552293587854702839e+00
5.031294031002134126e+00
2.163265466193625919e+00
2.219782883124449935e+00
1.351134109939353900e+00
4.063102328572064437e+00
6.359681269253326441e+00
2.794032421876906369e+00
3.075795908776731036e+00
7.223592724436105339e-01
4.691457245835112921e+00
3.209768221735940674e+00
9.032323943530577992e-01
3.092215304559462474e+00
1.378117948885363431e+00
4.285924363344087773e+00
4.175172281910414895e+00
4.892360956129560567e-01
4.400378957396335444e+00
3.865261742114459942e+00
4.343313253948776875e+00
4.608298547706963788e+00
2.221012569982650398e+00
1.930482913092192110e+00
3.194362654440257465e+00
4.954848409416132249e+00
1.895591028402914491e+00
2.736093860317617033e+00
2.995860271376217021e+00
1.438083278834941137e+00
3.739128637620196205e+00
2.693862296353520147e+00
4.502954089419729300e+00
4.785876997838410141e+00
5.524155836770411554e+00
2.410531600443629241e+00
3.078875126420796082e+00
1.709185234014480859e+00
1.700865655843578406e+00
1.455579643466849982e+00
1.667877800357861151e+00
3.885764908076923430e+00
3.793097775413890815e+00
4.278473313705602799e+00
2.172744957741890914e+00
2.927942718944905209e+00
4.902233946562010836e+00
4.590444562186208444e+00
1.127734803163517041e+00
4.624648895665612436e+00
3.920394787050715202e+00
2.369038138880886102e+00
3.470258505269811167e+00
3.938277328247299813e+00
1.664930708832616846e+00
2.969486576944005307e+00
2.351541878646467687e+00
2.018990690878316396e+00
2.571001440532874494e+00
4.344160108886167215e+00
3.338498586663243284e+00
2.661628948687025265e+00
5.406577106492289175e+00
3.478523279341426022e+00
2.542473075573153274e+00
5.503538849669540767e+00
2.256822130467385001e+00
2.322990795690763388e+00
5.057953962406731563e+00
1.648882572196792129e+00
1.025283416923156388e+00
4.765400038188017717e+00
3.741629739090581719e+00
2.610914558157875653e+00
3.537635906803115571e+00
1.056864673822555778e+00
2.815989136690360883e+00
4.814971779181343337e+00
3.134599066823989144e+00
1.896860409256063251e+00
1.714678968274479853e+00
6.399620873619096706e+00
2.934995048528906914e+00
3.795316571801004013e+00
4.767101130392831898e+00
