2.804142097661971977e+00
1.584439689431067499e+00
3.962662975391470610e+00
5.093721802944040533e+00
9.972530394805106946e-01
6.608258265829300981e+00
2.683257208465421151e+00
4.132533449046613683e+00
2.256344832636012931e+00
6.946606576829684521e+00
1.141552705262019130e+00
1.791206263283330768e+00
4.404122063121436170e+00
1.846185521928588313e+00
6.436304090529285205e+00
2.744180359830443727e+00
3.030033593064269226e+00
6.376652035725116185e+00
1.912814368702856926e+00
1.787501279588539216e+00
4.638645200061683127e+00
3.164610525168368049e+00
1.945569126644745239e+00
1.761826537023582828e+00
1.362161809851007099e+00
3.401071977682596614e+00
4.204417019726865767e+00
1.902409836846782554e+00
8.480132679142531327e-01
2.986766551945638781e+00
6.631389417379173423e+00
2.973842985844543652e+00
3.751075662068332317e+00
1.614323887364793375e+00
5.195234961908061777e+00
3.562302028338397264e+00
3.425652846718466371e+00
3.664047693226319957e+00
2.665797543457162355e+00
2.876520349195661019e+00
5.526674595296659831e+00
1.473490864517529753e+00
4.192680577334936487e+00
6.192843871118146604e-01
3.746855792448263944e+00
1.699042237461675597e+00
1.069615790093416896e+00
2.197119891778084533e+00
4.014957406408127483e+00
3.238868467685091623e+00
3.244639105438766880e+00
4.262698625109388573e+00
2.510739140763102117e+00
3.824462367391559869e+00
3.848409912593861115e+00
2.828697550454817744e+00
1.979051356871317946e+00
2.068348473260421372e+00
4.982997089933026480e+00
4.017878310082555471e-01
4.422765355819319844e+00
5.300298774901660792e+00
2.250730852836019036e+00
4.915913196113674388e+00
1.001249127813359507e+00
5.596495118765044019e+00
1.573254824608268709e+00
3.326163387961565743e+00
3.239866969981480160e+00
3.031024180150146297e+00
4.093527962028526979e+00
2.256478473134824192e+00
5.922147855296000518e-01
2.114891348084005251e+00
5.035906706607003791e+00
3.212982808065479645e+00
3.055525536128926412e+00
3.215113355822023067e+00
2.342227221677209315e+00
2.508282634811785705e+00
4.043747308291050224e+00
3.946202998631372250e+00
2.005805483513911192e+00
6.430310633922590391e+00
1.483150668272058992e+00
5.270148579882905970e+00
4.067142121796035958e+00
1.456882415473069070e+00
4.896522031889865900e+00
3.105190095727399680e+00
1.256052755587466319e+00
1.469585992387371975e+00
1.636014596607600513e+00
2.004732842241453650e+00
5.657747304378883513e+00
3.589360038378648365e+00
3.885101013692334959e+00
3.307435916329887426e+00
2.742055703804570310e+00
9.884843918446062361e-01
1.892004031538853326e+00
4.525567983238921066e+00
3.566253603297393937e+00
3.270802637036843485e+00
1.142407686544247181e+00
3.321969374837732580e+00
2.403344689627952668e+00
1.714987085695424351e+00
3.136697865159041587e+00
4.449188802118423602e+00
2.135673388026771757e+00
1.870063429840494340e+00
3.173024746268990448e+00
4.091215018187719821e+00
5.633097361954209070e+00
1.641056865840292200e+00
1.716582094812323378e+00
1.648727139865085123e+00
5.223745822586948861e+00
2.347246088377918039e+00
1.766981213357054603e+00
4.079124049080731673e+00
4.013637362872915837e+00
3.363985577183008502e+00
1.949601753655063607e+00
5.732720766259924439e+00
5.136150491515721228e+00
5.786292949211495618e+00
5.026383327735387319e+00
2.781492794481388309e+00
2.774913860333366511e+00
3.752194983919525662e+00
4.147927880850477145e+00
1.970192689072229886e+00
4.689483218234620665e+00
3.795190401275396308e+00
6.008190217431083058e-01
8.834060468815222444e-01
5.865318064008944177e+00
1.448782245379249378e+00
5.971335781387254293e+00
5.068120034774301175e+00
3.319638954501633155e+00
1.857069405889510749e+00
8.326014904386556115e-01
9.307075740621814086e-01
2.756149816100188055e+00
3.864221931389189457e+00
3.160738898935199437e+00
2.021988541981449838e+00
1.422279006498143428e+00
2.683318142001721807e+00
3.435516610302600249e+00
1.608896052452229997e+00
2.628183766035741442e+00
4.251653805509555184e+00
1.988732209477132029e+00
1.147926721940573769e+00
5.655131410605484632e+00
2.862225143436722519e+00
2.191407790324274352e+00
1.191649737899456163e+00
1.047307427558902493e+00
2.329137459890640471e+00
2.604735934027481825e+00
1.293097410616766307e+00
2.237786142879135021e+00
3.588087363014381026e+00
4.074763758169902772e+00
2.912507310960829265e+00
4.769818818988488474e+00
3.300620152478356939e+00
1.649910977439577930e+00
3.318715340341287678e+00
4.222198612954901620e+00
1.753776210396707169e+00
2.686031582929776729e+00
1.611854231189638442e+00
2.150048840982450749e+00
4.859714022751441043e+00
3.563880069989407762e+00
4.054086838371606660e+00
2.538644200843104493e+00
2.731916567702256327e+00
2.143991988401976023e+00
6.491409912606649346e-01
3.532638198172191490e+00
1.461432285639255424e+00
5.129712471349330727e+00
5.448633139233565181e+00
4.687680644683231534e+00
3.161944311900349636e+00
2.665008804360410544e+00
9.678200807119303750e-01
3.876504201370879255e+00
3.851661794061723931e+00
4.802390215071840274e+00
4.138817052893381643e+00
3.848082714253191483e+00
8.750853444886192989e+00
1.072464905721627781e+00
1.533630253528644793e+00
8.295699434674091322e+00
5.027341423874045034e+00
3.112603843424017303e+00
3.412945154229977796e+00
2.411750902553388531e+00
5.224260932218212083e+00
2.737861254962239421e+00
3.871511251226139816e+00
3.719020541275326330e+00
1.219417941337561873e+00
7.383624491700466752e-01
1.658979407803239825e+00
1.670473988022094902e+00
2.209839354649968612e+00
3.791323099598862711e+00
4.680367504852798177e+00
4.393517279425441124e+00
3.943726881145974694e+00
6.152066145964949939e+00
3.469663730662202905e+00
6.231864832165195267e+00
4.319461872879100994e+00
1.018008923620814521e+00
2.235297219593468832e+00
2.434481730259594023e+00
3.804808105623648462e+00
2.464877444001996931e+00
1.769374465338909630e+00
1.641557181743440452e+00
4.841454322413598632e+00
2.929220175505184098e+00
2.918746557608422165e+00
6.709085400651237929e-01
3.957009027692861114e+00
1.070952187428110269e+00
4.359192047459300667e+00
2.665690777753078500e+00
2.736744734792723399e+00
4.276177520048198843e+00
4.439092437548153747e+00
3.264444557693161553e+00
3.650975699920717688e+00
2.235303450441049389e+00
2.574758362930949396e+00
5.343936668216732855e+00
2.072359861020773020e-01
3.230718967592151269e+00
3.081131916779303204e+00
4.275394067550026378e+00
5.039821729045642407e+00
5.403337838253605696e+00
1.624321873257476456e+00
3.238453816213223035e+00
2.228962655067540766e+00
3.919106466304962400e+00
1.365757845646089930e+00
2.989315416752918786e+00
3.440903806263840181e+00
2.338660196499391386e+00
6.035695904847839799e+00
3.135835280443172390e+00
4.943639572138937233e+00
2.135002352483718724e+00
1.390115695018039998e+00
7.043672222145365147e+00
1.615613324651200333e+00
2.529228362162923016e+00
2.611694953334310121e+00
2.409768246888187360e+00
2.596141711952542064e+00
3.651734177994485631e+00
3.042108339306417886e+00
3.317079764077733195e+00
3.523364976605573240e+00
3.493055345667321010e+00
3.759681036338891058e+00
1.854343003096889264e+00
1.981910653278114554e+00
1.783755967599792935e+00
4.601240085989542372e+00
2.935750859990637451e+00
3.597884457583143014e+00
2.129381599696661631e+00
3.085448232258801049e+00
2.888617227073662086e+00
4.383155961075354767e+00
4.644952369369515388e+00
3.412622797194624913e-01
3.113479638234175617e+00
4.514129384839972836e+00
2.348193125437821216e+00
3.235763744867904190e+00
1.778168541236986755e+00
2.873420569440101158e+00
1.573430956883211218e+00
2.493813171437678111e+00
2.965467451890182016e+00
5.703028053571008726e+00
1.657173335817462512e+00
6.627851857108654210e-01
4.003677754427219959e+00
1.171449942206138850e+00
1.627293173296402440e+00
3.434347347581776511e+00
5.160539573649780998e+00
2.375630851985392589e+00
1.440491793664887554e+00
3.495261826193563959e+00
3.993953285092157302e+00
8.750202981432533278e-01
3.748846788484487380e+00
4.576240545539651983e+00
2.336643646508661742e+00
3.493356668628365469e+00
2.814182002236209623e+00
1.274048134025242307e+00
3.702986225702117995e+00
3.486431747806900461e+00
5.988449860626042565e+00
4.871786220061053108e+00
2.118766647849135598e+00
4.861687275879285508e+00
2.443652196120254416e+00
4.710812180309174479e+00
1.091781000654111988e+00
6.648514052598317736e-01
3.651452116175423868e+00
5.233923527991505509e+00
3.583590681073796080e+00
2.362920592877765902e+00
3.340088333762371242e+00
7.472473990770139851e-01
4.856231625951849651e+00
2.656095714980911460e+00
2.747590960378009761e+00
5.290421874476846753e+00
5.597721188588726804e+00
2.973349084616997207e+00
2.014058532714239291e+00
3.938747353543273988e+00
4.904309189964846993e+00
6.762565902815076413e+00
3.163029177237912659e+00
3.383822580736269181e+00
3.139953521669066827e+00
2.853229094885258554e+00
3.122415860383350950e+00
3.935056219269305267e+00
4.727642216787534046e+00
3.270417701561578294e+00
5.316667256648917927e+00
3.481747997470796552e+00
3.440881465064359102e+00
4.457831295067755661e+00
1.909105655269399238e+00
5.834057127560267730e+00
2.936621512480413476e-01
3.661709965578216153e+00
3.383249321808406762e+00
5.693053816146941060e+00
4.364552048816564778e+00
6.894894509079873224e+00
3.615218000204559523e+00
4.287086089869504235e+00
3.264256057045852089e+00
3.173948258069880346e+00
7.767552202153322760e+00
4.913390656444677873e+00
5.873188567461617993e+00
3.485716519981284733e+00
9.330498369446115214e-01
4.311633118286598787e+00
3.716558726524381573e+00
3.727718686856927199e+00
9.224625198033402640e-01
2.009644684263897751e+00
2.966498426712305125e+00
5.273710491016911028e+00
5.558327981345895452e+00
4.499463813619273722e+00
4.763018659463994275e+00
1.638220661934172373e+00
2.898687711846563708e+00
1.146432691766244627e+00
3.020539171351169561e+00
9.553318141450339862e-01
4.243543498204543241e+00
1.608384304624286942e+00
2.442918589567863563e+00
9.638254233687977290e-01
5.964663793137708225e+00
2.236865043581217627e+00
3.860370976136299426e+00
1.224990308437124975e+00
6.294165464164518387e-01
9.293265389182392422e-01
4.241359437661696319e+00
2.765565680847712926e+00
8.107417427931451925e+00
2.581964899220486664e+00
4.820317726798537095e+00
4.475003467898893028e+00
3.201677814698373314e+00
3.833034428276492100e+00
3.346899358785216716e+00
1.088573406980491320e+00
5.656439866705938790e+00
4.392821977463684746e+00
2.933194277263150518e+00
3.307847623913649393e+00
1.126969034968700711e+00
3.379556897933267301e+00
1.863071198935966732e+00
1.214045919757455394e+01
2.322424347920295506e+00
9.755737893332513400e-01
2.422271464376215100e+00
2.763427778824283809e+00
2.719181527823113065e+00
2.188109147155417933e+00
4.699453897894877663e+00
3.094065520612486964e+00
1.219427874249955135e+00
2.750941552932209877e+00
4.012173854715617161e+00
2.506242611653342500e+00
2.598565440628161305e+00
9.094680410985857222e+00
4.915665612103337523e+00
2.200026436178604605e+00
2.566640816450914464e+00
6.682299733452365054e+00
5.724901166994981416e+00
3.387318875841600629e+00
3.468950790702928000e+00
1.054229760555958517e+00
3.322615599545250653e+00
3.173259392660943590e+00
3.762171357426448814e+00
3.417489181339546711e+00
2.639105807508933310e+00
4.823472910420095516e+00
2.120226050085382674e+00
2.781205506088675783e+00
3.133167557137917392e+00
5.474994786632284338e+00
4.786567865626554230e-01
5.914261091423714589e+00
1.602948456238515451e+00
4.395267927334941760e+00
3.857862493634225842e+00
3.594314172570311605e+00
1.342115318237835364e+00
3.396893409308868739e-01
2.493068839920765445e+00
2.430182505503069468e+00
1.972545848603647345e+00
6.699733367338457590e+00
4.604756317264198984e+00
4.950919896425621580e+00
1.809753650067727815e+00
9.411385838797178494e+00
4.276609157618311841e+00
6.779679538636902869e+00
4.229367488021558152e+00
2.634005707852788980e+00
4.550725346483732281e+00
5.469638228724496898e+00
5.959020556312088601e+00
8.817498673244525964e-01
5.233260078063914023e+00
3.273968603637605668e+00
5.463645546424920951e+00
6.308361638036034336e+00
3.012820277753104570e+00
2.094223826586858017e+00
3.149668151015246664e+00
3.686610813429931799e+00
2.971920695248417843e+00
4.288740478093114206e+00
4.456854865727884807e+00
3.277129098679702590e+00
5.098908120725456072e+00
2.151709902952975373e+00
1.646116722625547535e+00
1.026506578145564896e+00
1.655347968924414603e+00
1.972320672916596962e+00
6.037580866846547600e+00
3.813291797526125571e+00
2.311754586324635596e+00
6.009386192198840959e+00
1.934536462850446670e+00
1.435701758132814865e+00
3.953619839781395306e+00
2.296564314008919361e+00
2.101541763781476391e+00
4.055200707195959708e+00
2.716866547474571458e+00
5.017524548856278521e+00
2.893106774049666097e+00
3.262578197963262649e+00
4.712161344394202089e+00
1.082150323379483137e+00
3.473191674890995895e+00
4.808373536644168666e+00
1.505578767843648524e+00
1.169899632575097215e+00
1.129249921577842652e+00
3.257898718828712958e+00
2.648427987069899014e+00
4.523833100494067061e+00
1.999581401756926224e+00
1.974289436162587563e+00
4.570349612699101449e+00
1.877512947015206990e+00
8.100829223196114981e+00
3.600909720117909107e-01
2.586795731191539716e+00
5.693310609213816598e+00
3.246815611011340419e+00
3.455023560723996301e+00
3.636485569131753692e+00
1.577433960182688111e+00
5.306822499121642833e-01
4.064361367997231689e+00
2.269590430132414127e+00
3.398307645691458045e+00
1.766557986125285584e+00
2.158911581865747387e+00
1.953692745059125269e+00
9.252895267369771748e-01
7.730485673670983715e+00
1.861746298880630146e+00
3.858163817744547863e+00
4.437346067453592724e+00
3.813746066730024697e+00
3.465256438783151705e+00
3.904954282202831362e+00
5.026185128877555641e+00
1.609731279580251639e+00
1.407541107771079325e+00
3.334145359606302428e+00
4.551979556824737649e+00
1.971078251746451127e+00
2.640219909196656722e+00
5.585379928788542614e+00
4.877690799329022830e+00
4.229442029243623224e+00
3.869909367201292749e+00
5.349146008954640763e+00
2.294220990480217548e+00
2.326336039200253669e+00
2.339493170664285859e+00
3.757776522022116872e+00
3.661207760236853126e+00
7.809137674202938362e-01
6.083110837495061318e+00
4.825795769308882655e+00
3.898942399714853124e-01
2.853805888131684121e+00
6.402127454092266134e+00
2.305695200203735862e+00
2.729804919425064647e+00
2.489690059356160834e+00
4.165654054123205441e+00
1.416125701492602307e+00
2.843111373640555328e+00
4.933073091928939391e+00
3.091785394206185700e+00
3.836953942714182997e+00
2.266298652387745527e+00
2.651988270250049684e+00
1.626616404597291510e+00
3.076410031468054918e+00
2.838868209891648675e+00
2.767921577724237636e+00
4.696059008066966634e+00
2.310029340643780849e+00
4.867196023923166415e+00
2.447805786055924582e+00
4.161747830805241577e+00
6.097956600416493345e+00
2.494996141903216280e+00
1.722551824812986965e+00
9.038597438388180638e-01
1.755669949543466002e+00
2.052291682518101901e+00
1.075503472167823604e+00
5.472371419073161825e+00
4.625122061648401228e+00
4.683841074982019848e+00
1.223040722437598982e+00
4.251458609040037473e+00
3.618804996443476973e+00
3.361723858698057121e+00
4.519240702004153398e+00
2.821009126422154178e+00
4.840127235478353995e+00
3.956699973323947184e+00
4.316548750188901273e+00
1.978216601947305309e+00
2.749493267132471441e+00
4.160844459680334673e+00
2.747679074100284780e+00
1.911169839964056649e+00
3.677795441615052230e+00
3.058639947052919528e+00
1.474830922597919702e+00
2.372084143153829761e+00
4.093453831539356713e+00
3.561810369785766373e+00
3.685230387878162706e+00
6.989935125554533890e+00
1.214703598328605860e+00
1.856811495100665343e+00
2.038158895224789102e+00
2.875988752744915278e+00
3.475098779527244997e+00
5.445622967764040645e+00
6.846173889271949697e+00
3.525049507187097309e+00
3.201672644443075200e+00
3.151043136924581489e+00
5.895195960875675212e+00
3.540560433837521170e+00
3.239233305673113072e+00
2.638397383159601706e+00
2.321173984993819328e+00
3.025179831041314493e+00
2.495655575352166533e+00
2.365055935112983398e+00
1.983403307792978243e+00
6.826189576997630404e+00
4.375481350387888213e+00
4.603776333302557866e+00
1.554901014400642101e+00
2.443635168010906522e+00
1.846166593937082157e+00
1.925910347336419859e+00
3.370357958621533978e+00
1.295353212488814965e+00
2.181914254330975744e+00
1.655972541914966900e+00
6.681416373841853051e+00
5.580360242234616130e+00
2.706963054918019029e+00
3.594051578494089849e+00
2.374778970208395457e+00
7.239505041003242880e+00
3.041899580414247684e+00
1.283249569967202630e+00
4.425222157940762457e+00
1.922008933027936184e+00
5.076311228212657234e+00
2.924604970156882811e+00
3.718099013593279434e+00
2.625068709313234105e+00
3.366903146219307530e+00
2.339001735382722380e+00
4.314571888559797230e+00
4.335342752629648189e+00
3.994552844651522605e+00
8.959223691062300210e-01
3.329588308096166571e+00
3.241871451518579139e+00
3.104192290296713175e+00
3.945936973864912378e+00
7.057935322493420927e+00
5.227035957609202477e+00
4.121113153753217517e+00
3.921950016927773675e+00
2.995170581366765727e+00
2.590128344390133286e+00
4.408133739388462757e+00
1.731176236650003641e+00
2.177446014973498212e+00
6.721052795830017246e+00
1.834023512506670839e+00
1.218393512169143822e+00
2.066049617712473641e+00
3.390768074924574105e+00
3.092487490646706583e+00
3.789980909967330724e+00
2.483272143582176295e+00
4.172045356475452493e+00
2.621051758730406966e+00
1.396128275959400922e+00
7.838208949348335342e-01
1.808037434133659804e+00
3.258320656094642054e+00
1.309969896948870671e+00
3.265128365958118284e+00
4.778751991190525850e+00
3.345615998572320393e+00
2.991918875395036537e+00
5.003280702471605501e+00
3.484792988156427018e+00
2.399245001871526117e+00
3.042844346931147026e+00
2.981425214787936095e+00
1.483204011523443944e+00
3.781575340293505061e+00
3.506248703347364604e+00
8.622024270318799921e-01
3.524063911988490894e+00
1.244214676334244096e+00
4.194098788569375458e+00
3.972492631004295394e+00
1.337468002040800075e+00
2.048950818154714248e+00
5.135107891917245482e+00
1.794109917503742491e+00
2.307433355600924330e+00
5.029488190234005174e+00
2.384133261598313069e+00
1.614647840622603692e+00
4.172859909018823643e+00
3.528052311470899927e+00
2.380400695802928901e+00
2.591791505597353940e+00
2.513859299206325115e+00
5.325234775893944672e+00
4.565747993749061706e+00
2.542979352267070947e+00
3.107079045622756830e+00
4.330445351463538373e+00
3.034789121743699525e+00
7.167144591553746835e-01
3.387163532131749921e+00
5.218154211507607165e+00
3.486017955702505056e+00
1.318411308463885323e+00
1.697383642375352109e+00
5.139237431462221117e+00
4.528887645189310973e+00
2.876236060016565954e+00
4.565242615578630314e+00
3.178235430335098588e+00
2.024620150061613000e+00
2.667011976058842215e+00
3.175913916426876149e+00
3.451323878094365138e+00
2.610705901636979132e+00
3.015296269116601202e+00
4.174377748097124474e+00
5.660846780628344455e+00
2.358300903525494263e+00
3.604134045593001101e+00
4.661613158174449545e+00
3.262202609070219417e+00
3.827397764725844809e+00
4.609584754017537200e+00
4.072175456385463299e+00
2.040064310233433709e+00
1.449623999039622246e+00
4.818713987623426398e+00
2.301939545796235720e+00
4.347056336705624524e+00
4.163504859375708911e+00
1.508986491436630217e+00
2.893857211851909028e+00
2.684061921635253700e+00
2.503274022972031609e+00
4.763695038372433466e+00
5.090633310871494288e+00
2.464118980107445012e+00
3.744305111629655958e+00
2.284090038568175718e+00
1.267634125895000352e+00
1.407148785987645256e+00
3.467815765673135875e+00
5.388440126215422232e+00
1.198781203365330894e+00
2.779843418163582491e+00
2.320293280407578429e+00
4.715251660431741598e+00
4.692181289146619250e+00
3.509125471785834005e+00
3.720208191581066526e+00
1.048885350815894402e+00
2.111292011402412960e+00
4.233029320166807885e+00
3.083281429788355510e+00
4.137511214392906922e+00
2.855164437356719098e+00
4.842985885731713402e+00
2.796864009016755581e+00
4.630149758834236629e+00
4.900662156875281283e+00
2.233048425738458409e+00
5.473704179735708664e+00
1.834810253996881357e+00
5.247018443078000693e+00
2.132111429366061017e+00
5.635741062133604595e-01
3.662281415219146741e+00
5.060028882375187109e+00
4.248233992327259401e+00
2.954495379374213027e+00
2.424758697730790669e+00
1.663942368728708487e+00
4.041123019750639145e+00
1.303751052719527070e+00
2.101485845203573177e+00
1.995803928494420232e+00
5.926022452427949228e-01
3.428464857989888426e+00
3.191757123454320944e+00
4.640683087617091473e+00
3.526111846393972904e+00
2.186981971923914525e+00
6.869488249426986215e+00
3.232747260046303861e+00
3.419646284499010758e+00
4.927351006717997528e+00
3.733047453734076093e+00
2.585203107045546123e+00
1.464565296113525816e+00
3.104086524328596219e+00
5.029837004276607182e+00
3.543974133267758564e+00
1.709189256218351272e+00
4.090002077556289528e+00
4.479279493963446157e+00
3.021053480687303505e+00
3.178069490454634494e+00
3.135962682449835892e+00
1.492832759731654191e+00
2.473564908394453976e+00
2.771994168144458648e+00
2.281520155850859322e+00
4.630268563095332190e+00
3.972058285403595512e+00
7.777084730458498907e-01
6.882467288720836684e+00
4.415463534011434987e+00
4.756080032525840551e+00
3.596631224985884501e+00
2.934110184718926373e+00
1.404162257838718286e+00
1.299895717234002213e+00
4.984907662715542642e+00
5.404181378979856731e+00
2.321376678365450363e+00
2.951611448959623907e+00
6.262643221912533420e+00
3.265372886981428913e+00
3.010099067355494817e+00
3.022084290449561284e+00
4.294422095171785969e+00
2.262998666617404897e+00
5.143099827120662937e+00
1.538074180434605864e+00
1.678415257622659640e+00
2.066496321276807269e+00
4.858504864153061931e+00
2.692423845640028457e+00
1.562958628261455596e+00
1.375082757286701929e+00
3.228399756171790536e+00
3.062402908305013494e+00
2.046817785889272212e+00
4.086472924801329398e+00
2.982885905550952899e+00
4.803772602081716414e+00
2.336493110480086344e+00
3.498490673873656753e+00
4.680175790453915852e+00
3.463395507607234691e+00
5.425021725979913612e+00
6.282750290764219869e+00
3.079651077455622943e+00
2.739917369649288226e+00
2.980897894832762240e+00
3.871707760563702916e+00
3.858838759253860218e+00
1.354037134436424594e+00
1.917044791296377726e+00
2.786452568560561893e+00
2.833899835065306405e+00
1.697780763920878400e+00
2.520576603308375407e+00
6.319145896936227302e+00
5.582572130684138045e+00
2.712113471160980893e+00
5.748836111151109485e+00
4.139794387282077714e+00
2.629520860738041144e+00
6.132418839846999425e+00
5.014602121406850799e+00
3.374158932447268278e+00
3.222425538981403825e+00
3.995201557194530295e+00
3.417894868189314650e+00
1.945075281787687071e+00
2.981997591904557598e+00
3.658283089825927537e+00
2.528107010693297241e+00
3.044458015771532189e+00
2.268112731723148645e+00
3.120736916022107454e+00
4.219164854496250783e+00
2.577230860184455352e+00
5.194751971999681750e+00
6.219966331175295515e+00
1.993961447071672222e+00
5.136883608902659049e+00
2.785012467052959018e+00
5.029432159616984421e+00
3.752009639004207031e+00
4.104892126022294363e+00
3.282741398593851390e+00
1.862766830971740450e+00
2.913197109990473876e+00
2.892851071150343678e+00
2.706074478891358659e+00
4.308201092580100422e+00
3.169695409461736890e+00
6.543708333873913929e+00
3.460290651961708708e+00
2.964557115248070751e+00
2.060695957870182227e+00
2.929758940189601812e+00
2.464288758551544500e+00
3.249708437468341149e+00
7.503009469498432615e+00
2.120434366266469972e+00
2.993412178496519971e+00
1.796152266503796113e+00
2.166093845189162259e+00
2.526711587964277417e+00
2.227877465301967952e+00
1.715689577028649548e+00
1.829649233149835963e+00
3.090644412525048068e+00
2.271786944650425077e+00
8.599551375373401640e+00
6.603784735663209560e+00
3.583396074957395427e+00
1.828807069612389924e+00
1.053171927367465788e+00
2.346689025441150100e+00
5.030160030856883679e+00
1.331466634255514592e+00
5.604110359066898361e+00
1.549228116983778936e+00
2.980559947071886651e+00
1.844833023645540804e+00
6.985673256334581360e-01
1.787869253107484457e+00
2.264167284637427002e+00
2.112281442547849775e+00
2.387061648291856741e+00
1.252702207668187517e+00
3.872992019577321976e+00
6.593257959129019241e+00
3.206912402805291329e+00
1.758894510419392487e+00
1.615307028772118958e+00
7.106176368964950640e+00
2.675636075904586075e+00
7.952474374532501500e+00
2.314634012379725991e+00
2.031257549751436464e+00
3.108695492784729453e+00
1.575813086013981401e+00
8.231275252718562641e+00
3.198800775905191518e+00
1.523657933890539606e+00
3.558722587276823113e+00
7.726184253456716888e+00
4.854676716328897301e-01
2.168567600327136358e+00
1.703836816181569791e+00
3.765223309100820703e+00
2.347775843592207146e+00
4.322950508355808630e+00
2.649274420641266392e+00
4.648101651913909116e+00
2.099234939619514240e+00
5.276326710296624256e+00
1.943737259666476147e+00
2.469941575967099734e+00
1.000712409914501944e+00
8.036314857551747792e+00
1.167992718604781599e+00
1.529506801797714033e+00
5.686891433000726082e+00
2.779127094151521149e+00
3.904666893850804232e+00
2.459291232255821136e+00
1.889904495858454769e+00
7.343461443564724966e-01
3.539209821049260629e+00
2.249154536355835177e+00
4.785161107597468266e+00
2.696671318881584511e+00
