1.608374203587743168e+01
5.837044157878972683e+00
3.010675327368970589e+00
2.741689392752823640e+00
4.237595591268098261e+00
5.842337056260392458e+00
5.960162608792513694e+00
2.858373536449483332e+00
5.690379854588387687e+00
3.549457028935913083e+00
1.172898006656527548e+00
1.326915363327626718e+00
2.388967255514192090e+00
2.420093137360426194e+00
1.391808875117750199e+00
6.677354113393187518e+00
5.830375333876055777e+00
4.112430747014429677e+00
3.371251728740081610e+00
5.423812402620447948e+00
3.286061800254203913e+00
4.641064964434905349e+00
6.805786861292292933e+00
2.043322607334567387e+00
2.578362233630340672e+00
5.517066504022677620e+00
3.659298695361956621e+00
3.056787046727446722e+00
1.798965632413000337e+00
1.810336270249888191e+00
1.451769743204277541e+00
1.546434963116400052e+00
2.822463395219838578e+00
2.092406992871013838e+00
1.879435514869429058e+00
3.268187651363424262e+00
3.233808265751458855e+00
2.999115399984070951e+00
3.279615354659226600e+00
6.958948109407640636e+00
7.488141533277593576e-01
4.405224996357388179e+00
4.524105239706292636e+00
2.023386432630045917e+00
2.060928798365718961e+00
8.353646578649940313e-01
3.440121233040301263e+00
1.128365616368621982e+00
4.188248226425221432e+00
5.304546875463548083e+00
3.388543767342369506e+00
2.118038703802178624e+00
4.522046957052080707e+00
1.123558748899117443e+00
4.101549747549558589e+00
5.023699626827673903e+00
8.643514508963944243e-01
3.793348582165926963e+00
6.141429118059344106e+00
2.563832340806223353e+00
4.191256437272956603e+00
3.305671901707226912e+00
3.091188619159242812e+00
4.511876029248752751e+00
2.232754834876998551e+00
3.522277067329718570e+00
3.549944628805310920e+00
5.220912854192476082e+00
1.621310346247538448e+00
5.475067990585850808e+00
2.990288338282222291e+00
1.875859250073627305e+00
3.381528394812654881e+00
5.863913169158410099e+00
1.914519391433538997e+00
3.160372961734759123e+00
3.060790241966446334e+00
1.954673454017315182e+00
3.642319454652803934e+00
4.523678648939504221e+00
5.099511287078553501e+00
2.405872594463510872e+00
1.410530000984612453e+00
3.040312082710900476e+00
2.298960532481467922e+00
2.979074046987398638e+00
2.391512464970741547e+00
2.277137991225664404e+00
5.531486448392540112e+00
3.111333769943592564e+00
3.524298098104200250e+00
1.019498475240115054e+00
7.622488010448136286e-01
2.969099457524415620e+00
2.959037291072271536e+00
7.021932531479177619e+00
8.834985885444655906e+00
1.328908174010457355e+00
3.395904518048206366e+00
1.987974383012496959e+00
1.614756154700370816e+00
3.879105918654470742e+00
3.572527617963380919e+00
6.689231723449691192e-01
3.145375356436576730e+00
2.611253533328703025e+00
4.280292344253875392e+00
2.885431283655240264e+00
1.758891599790654237e+00
2.866496319167221252e+00
3.602438264191940132e+00
8.857404187124281236e+00
2.541364734850251050e+00
2.463548002539069692e+00
3.662746516635805083e+00
2.337195973533440441e+00
3.839406690401589994e+00
1.965191987589718803e+00
6.351862873924154940e+00
1.776508666522057966e+00
4.944245054756287949e+00
3.387470528187434216e+00
5.970626878782010927e+00
1.961109811534498037e+00
1.954106598100865622e+00
4.706108974932224243e+00
4.912498081515444426e+00
5.237215398754034190e+00
3.950628938695066150e+00
3.496890945538127404e+00
7.401603632521447373e+00
7.412832193524157454e+00
1.608659523925683343e+00
4.325439919543778267e+00
1.371961927700312778e+00
3.458575370836345364e+00
4.498137781261355883e+00
3.282544528634419034e+00
5.446699434241667248e+00
4.980471984908939831e+00
8.656934415088713308e+00
5.320082191567367502e+00
6.642040707572640201e+00
4.312130482014127075e+00
3.193589325438173976e+00
2.155306336584089877e+00
2.270849704831924498e+00
2.426741952277113423e+00
2.061992618735202232e+00
3.621213863885120787e+00
2.006334026947569349e+00
1.942537117803238456e+00
1.226728856497827591e+00
3.152297963223038124e+00
2.317116054084563892e+00
3.420359734247452543e+00
1.919530015351664121e+00
3.019904898032469642e+00
2.646415340117004522e+00
5.210151521158896237e+00
2.072292227371262285e+00
2.651380327740819887e+00
2.193181057132087997e+00
2.190434082928529147e+00
2.821430186567678966e+00
1.311609906981351603e+00
5.428396799612601242e+00
4.263519992526863867e+00
1.800304799635794151e+00
5.579279030933639305e+00
3.750219940477474978e+00
1.966515916867394465e+00
2.808291090996720474e+00
2.986710551739899522e+00
3.544831232463009574e+00
3.533295761527184276e+00
1.985285504172156434e+00
5.582199000344199469e+00
2.149584930447120179e+00
4.179249601319472873e+00
2.046053758142865053e+00
4.848367294895595592e+00
6.108369747224415391e+00
1.472549751986712341e+00
5.852835331691126797e+00
2.243427470658697409e+00
1.018161526092515867e+00
1.870749210148317632e+00
1.857511252355340314e+00
3.730340836406110583e+00
1.486847657651087617e+00
2.179812832687026081e+00
5.433144701686829059e+00
3.439311134884192711e+00
3.869022280947151948e+00
7.042867354220513576e+00
3.947759710370836395e+00
4.536993462046341463e+00
2.839262988003352639e+00
1.813691618935069361e+00
2.881208220784309937e+00
2.025225980845801743e+00
4.442619031822966136e+00
1.254248292473733262e+00
2.461204725317133413e+00
2.160072245595036633e-01
3.065903370135458772e+00
6.418221197367913078e+00
3.513134983871409212e+00
1.723801937525389461e+00
2.313521360870005594e+00
2.541955862435579139e+00
2.659299347869574781e+00
3.661293225137205898e+00
3.425811424043380349e+00
2.288431150566800465e+00
6.188010329113437180e+00
3.800428291983928286e+00
1.404145679201645347e+00
2.269046459407516814e+00
5.115481542747763122e+00
3.864563805814852149e+00
4.672823934812817548e+00
7.384802349779417519e+00
5.578534315400149879e+00
2.588335887401670199e+00
1.951106078493247908e+00
1.296403849226247740e+00
3.042086726566664456e+00
2.284172800800485348e+00
2.025490602463264622e+00
5.295291959058834763e+00
4.012093732382714606e+00
4.404636483278866699e+00
2.231013873982526707e+00
2.860143906211424891e+00
2.437295030531977602e+00
1.289198797178690903e+00
1.803012180675003240e+00
1.537056196783662454e+00
3.365285535301786979e+00
3.764054480476898501e+00
3.838591787000634525e+00
1.864008876365043532e+00
8.881632576292395331e-01
2.016955580843147633e+00
2.755870796340954776e+00
1.748522865719985386e+00
1.808462403387546491e+00
6.999611092351774921e+00
3.123608414198382199e+00
3.889329930702074556e+00
4.766499440116869657e+00
3.049881433338639702e+00
1.881036566950910371e+00
3.826739121745573957e+00
1.811895299307071383e+00
2.672716327165511885e+00
3.354675641296778643e+00
5.630656536481835950e+00
1.854242849777554714e+00
4.614755258083054201e+00
4.094859946841832077e+00
4.263563219356978351e+00
6.159390797667934514e+00
1.859945959588236830e+00
3.805049021736849113e+00
4.128845182535583191e+00
3.637430221120082852e+00
1.299706455517330994e+00
1.645146715112866032e+00
4.215264260221395887e+00
1.723403322622196088e+00
3.103196789816643708e+00
3.598229950001203381e+00
3.696019741414473536e+00
2.682026710372073186e+00
2.749848715648860686e+00
3.176653622461456994e+00
2.697999362526688039e+00
2.152791387898178588e+00
1.483876426076539801e+00
1.604536396461034853e+00
3.383247574060086915e+00
2.195363193271735458e+00
5.683845696638174516e+00
1.197548184737488253e+00
6.616420680974224311e+00
3.785029552001427877e+00
2.119181427147844410e+00
3.043235633292034059e+00
4.296503327094886693e+00
1.476709845420667522e+00
5.446794746803197640e+00
5.680765639689876245e+00
2.418720607024509750e+00
4.051376679465339414e+00
4.190460619932352415e+00
7.557275017650232130e+00
3.044538361669891557e+00
3.222237328944378199e+00
3.330376599636897250e+00
2.918982306630095280e+00
3.443871241422614471e+00
4.276452504857880754e+00
3.226010654677831102e+00
2.989035830533443239e+00
3.865122104771909761e+00
2.214452960486779087e+00
2.601616986353222583e+00
5.480006926573819825e+00
4.626590841335596060e+00
2.276202714870493082e+00
2.625058746209282923e+00
2.615870602604222661e+00
3.178520328611849521e+00
2.534364210973009346e+00
6.706354300220775499e+00
3.896388248014225120e+00
1.967390148221735302e+00
4.577726658859235798e+00
2.658834840122062282e+00
3.118977531997281893e+00
2.342904926666002474e+00
3.199040674799513706e+00
5.075175543288831248e-01
5.131980309766775328e+00
2.377986407470134900e+00
2.774900252286441660e+00
2.719228039426111465e+00
4.034483441289352434e+00
3.221769717137403344e+00
4.637418066022876317e+00
2.130099589711281105e+00
4.469268620286616311e+00
4.788470560368771167e+00
4.413502858322253530e+00
2.495162666508599525e+00
5.553386699566251750e+00
2.503032643998336138e+00
3.932618682358531181e+00
2.773756289439113232e+00
1.672446031049896309e+00
4.088401585204024968e+00
4.611439396457534201e+00
2.064357252602362358e+00
2.769510052587575100e+00
4.933685496115224112e+00
4.820853976508686856e+00
1.653174587147671293e+00
5.467434204343650350e+00
5.200047483023420902e+00
2.747245660092787922e+00
2.253520067333565358e+00
8.884513465163749402e+00
4.809349478659648014e+00
2.560082352646904980e+00
2.072227905757385802e+00
6.112370465892270843e+00
2.871188797760565237e+00
4.121546522058470607e+00
1.157837628138797870e+00
5.805901183562611756e+00
2.233775885542687689e+00
4.570305226553466937e+00
3.458257269533466793e+00
2.317617925488703268e+00
1.803319498797644638e+00
2.386741857200458394e+00
3.567323994440007251e+00
7.575248436203301239e+00
2.430564319164595144e+00
5.823632014984914562e+00
1.683286797970772852e+00
5.882179499078823426e+00
4.252315788541943142e+00
2.375248598573489023e+00
3.197277325408328652e-01
3.380593385599146128e+00
4.302516606549654732e+00
3.819764517360634049e+00
5.057863651038924324e+00
2.723041400847994176e+00
3.531906357107246208e+00
2.876632493756867248e+00
9.274405381197083909e-01
1.243847661532083482e+00
4.200322698955790912e+00
5.227608581329644011e+00
5.498394664265114251e+00
7.014299225047198050e+00
1.877030703055680094e+00
1.955777616868334734e+00
5.041989836468543373e+00
2.912985814821372088e+00
3.956922579287064146e+00
4.178373828825862724e+00
2.551056391520329925e+00
2.704144760177283224e+00
3.746132208066499825e+00
2.428173113468910849e+00
6.814861188038341400e-01
1.155635123054130409e+00
1.146022557293553401e+00
2.835421994300192150e+00
1.486712511268371895e+00
4.156665721562539773e+00
2.699335947265506519e+00
4.591489941062397939e+00
3.268308025066009037e+00
1.928492996239786539e+00
1.718595790926878308e+00
3.271185652101494590e+00
4.813930642513774671e+00
4.354755390163117745e+00
2.409420796495510775e+00
1.567996924905468603e+00
3.347502977278671743e+00
6.630703012505873239e+00
3.150645005701635082e+00
4.545887992554090040e+00
1.337360307223569578e+00
4.482392441833240038e-01
2.396825223370266045e+00
4.773177726510797747e+00
5.602236493968207220e+00
1.999767502017463228e+00
1.570820432396764277e+00
2.661652209105699995e+00
3.785359118485247532e+00
5.213348101009795066e+00
2.719927558144621393e+00
3.084495664472366450e+00
2.045053072795631532e+00
2.055877130031407596e+00
4.751068865880759162e+00
1.347926348836003596e+00
1.811403215351609974e+00
2.536252898382963750e+00
2.423744357663293325e+00
5.873311320238220112e+00
2.132604290714102735e+00
1.214349455786272403e+00
5.007064504635084567e+00
5.880764111673856931e+00
4.072698862668667985e+00
1.091676184316053622e+00
3.047397850708841283e+00
3.652895688690321663e+00
1.355126802908285466e+00
3.197748960369917182e+00
1.913794875413186602e+00
2.563198129666644398e+00
3.000963760193022800e+00
4.415877730428703352e+00
2.838268052786793727e-01
1.687556769712604376e+00
3.445063169985830065e+00
4.990091813880267679e+00
8.733506710308788001e+00
3.704164292697048388e+00
1.768656971655717225e+00
2.039534649853718573e+00
4.348402534238575257e+00
4.540591570258941445e+00
8.721622229231023038e-01
4.507181374201553403e+00
1.208737449832978594e+00
2.510749714997792204e+00
3.426042654584341651e+00
2.285706194287663529e+00
4.209183028409641203e+00
1.427301117847620926e+00
4.180155750019062033e+00
3.603180654019154439e+00
4.829503582085496127e+00
5.066590763700725475e+00
1.869525860855123955e+00
4.791589766337816414e+00
4.870037195600362412e-01
3.386625363267293576e+00
3.894728199263900681e+00
1.473006268560369980e+00
4.686995604371679391e+00
1.157535172302032400e+00
3.086394614163317840e+00
4.538208576026952379e+00
1.457931469469092800e+00
1.177074897244472673e+00
1.313679178647344070e+00
2.747370465062304756e+00
2.749638794240895745e+00
3.534232577615779469e+00
3.125360378631100389e+00
1.347472931517641026e+00
4.203564896031770637e+00
5.645059601601334798e+00
1.427681577197295937e+00
6.616569222742254119e+00
3.251018817973738262e+00
5.334407857788120211e+00
1.704927148913063961e+00
2.179811891450571526e+00
4.209068201159662514e+00
3.118051860256876306e+00
2.467911798848402505e+00
3.164367993611650665e+00
1.597095201689572530e+00
3.420755199595809870e+00
1.599943356940636052e+00
3.100347507750328635e+00
5.935816816484823732e+00
2.305676414768452531e+00
3.912330497647090510e+00
8.596096155021324847e+00
3.155023166754614472e+00
2.917232467564110365e+00
3.099951667609228689e+00
4.498403862163355527e+00
6.055200879362518940e+00
2.767741451141096487e+00
2.840499545579032947e+00
2.497204043222075676e+00
1.905790258134963722e+00
3.341314632681692043e+00
1.276293093860227046e+00
7.659245758063966125e-01
3.282077693670768959e+00
1.351855407361804762e+00
3.564308392468389375e+00
1.522522118674734859e+00
2.448136133750568710e+00
3.338573462248323409e+00
2.021125351862154140e+00
4.901065001560081846e+00
5.543959560290102395e+00
5.411820983183856626e+00
1.324681453053944136e+00
2.045301549214711745e+00
1.529357471387772893e+00
5.429872625712534706e+00
5.042351388235512211e+00
3.683736949723404486e+00
2.506011235181834884e+00
3.465406349695344890e+00
7.748617460158786052e+00
3.440204352392153275e+00
5.557417751065425016e+00
7.859381744672013781e+00
1.832451098768267617e+00
3.859732498467345785e+00
4.574102962884270873e+00
5.428560780081206794e+00
1.617993482596452370e+00
3.183463122749496499e+00
3.255718657540340732e+00
3.042352134825977217e+00
1.821918380666189607e+00
2.930542276414365599e+00
3.960478526641452390e+00
1.786447288275414991e+00
3.670790153102409192e+00
4.056907886688699172e+00
3.054148484295310606e+00
5.539867988541185007e+00
8.829702499093816659e-01
4.247451493154086322e+00
8.666466682872477900e-01
3.344429503532706072e+00
5.193543027584193172e-01
6.145015149137536881e+00
3.120271901634578793e+00
3.822907184753605581e+00
4.989982643741603496e+00
1.427356862177613817e+00
2.103951801912877784e+00
2.407340806512882292e+00
4.404733108087747873e+00
5.020596727928237968e+00
4.923863063504659188e+00
3.069863500754945740e+00
4.174766730027515749e+00
2.791004695694971893e+00
1.266816028281463336e+00
2.303059048739304338e+00
1.761401218537473001e+00
1.588716192951542538e+00
1.371708996489623633e+00
3.201660634945142192e+00
4.220717779434191463e+00
9.060105956128314819e-01
3.650606661374879991e+00
4.658876921237648183e+00
3.056733653474611678e+00
2.642702592233025172e+00
2.300706905417375214e+00
4.380557070377808060e+00
1.851844091221239497e+00
2.988533438488755856e+00
2.266225835448109738e+00
3.299599286932616060e+00
4.605325938028209443e+00
1.916517695681763556e+00
2.339678420808771087e+00
5.658452950920550784e+00
3.631456517957397434e+00
2.032884854927325957e+00
1.009243163464073501e+00
1.601555884006819586e+00
1.824555801307510050e+00
5.637856142925801173e+00
6.415326181676936024e+00
2.468998539598528996e+00
3.012038585264829038e+00
2.959645109382370798e+00
5.848302644993371935e+00
4.032894543035999924e+00
4.766416635354479570e-01
4.435155272558342965e+00
3.738910057794988973e+00
7.120553002538284382e+00
4.979557671164480226e+00
4.792560887772530975e+00
7.363379285229243010e+00
1.093803908995167218e+00
5.847857981802516925e+00
5.043811902209341724e+00
2.753607073979046582e+00
1.962305487733940534e+00
3.923837136819098070e+00
5.323891304432090799e+00
2.904601316899170449e+00
3.412037271005524453e+00
3.395510506630357916e+00
3.895575749810910260e+00
4.910866129701252802e+00
3.657893076602353410e+00
2.355640983934642385e+00
2.987579808643832990e+00
4.914662126938992515e+00
2.343098535739952304e+00
3.040166318484609498e+00
2.113026034194180003e+00
3.459607469228210164e+00
3.177911175981988912e+00
4.841580969162660786e+00
3.177367995671475764e+00
5.672361952439664456e+00
2.647476748035001215e+00
4.389651113702099039e+00
6.041867523255147532e+00
4.858312395442790255e+00
3.793358841452151520e+00
2.289232401341633416e+00
3.016998214172788462e+00
2.783754903295219574e+00
2.646694525818513277e+00
4.833699201414232149e+00
1.839756811452775143e+00
3.919720493815776141e+00
3.550571276722697345e+00
2.693534831710718613e+00
2.379385309215710453e+00
3.717826719346226660e+00
3.778047178587355948e+00
2.418657378788950929e+00
2.038436459494467723e+00
9.975599740771446955e-01
5.067224641352103376e+00
4.740956069418667873e+00
7.212802676043558847e+00
3.001291058402055345e+00
2.365291204777067335e+00
3.220909154704098221e+00
3.399061131681536008e+00
4.996251069327994898e+00
7.206352385536840544e+00
2.433959375933798075e+00
2.876170917158764162e+00
1.227379216410092955e+00
4.793052942862322752e+00
2.410062287821747695e+00
5.620114370869513820e+00
2.334886686237698683e+00
4.319166689431134465e+00
3.638523770526653323e+00
1.847295531861069318e+00
2.524852919836862775e+00
3.883289115451741935e+00
3.323716651766525754e+00
1.535511717373667206e+00
4.811045525689598534e+00
6.375080408501797580e-01
1.278861692484424717e+00
1.329913813378697629e+00
2.996776421184689010e+00
8.594209424251335605e+00
1.665871163644946140e+00
5.005934015453914476e+00
6.404020902607849841e+00
2.379963436691344469e+00
1.268793255471852621e+00
4.554037232774884814e+00
2.037747142211245421e+00
4.120628641417508398e+00
2.473517720206597659e+00
2.005141034851146919e+00
5.017527852188900184e+00
1.215446822195093590e+00
3.350266973083864119e+00
4.476492969114271858e+00
2.781489828257059038e+00
1.702394425758177565e+00
4.336818098797460053e+00
4.111097747403566594e+00
5.412383483100775550e+00
2.714444878423315721e+00
1.322677747503615997e+00
2.330713573625849300e+00
2.937565089881045033e+00
3.175535989111943458e+00
1.660641946884524600e+00
2.087680729312565209e+00
1.667863012195554218e+00
3.703630963868433046e+00
1.644873678988656662e+00
3.946401410704649670e+00
4.236569394027727142e+00
1.194723334976627083e+00
3.015735440265257861e+00
4.740208112673909291e+00
3.572894062708841467e+00
3.998193478369297171e+00
4.708579753940813184e+00
3.336284422127445914e+00
2.178287749581147459e+00
1.722293676498457105e+00
3.996529494712400599e+00
4.399917438048007945e+00
1.173303026985995645e+00
6.074490743226286682e+00
4.979056978824258906e+00
5.249971018384049337e+00
5.889181429033349957e+00
3.967024069823655630e+00
1.436425187271313408e+00
4.009057474829424095e+00
2.097894412649212725e+00
3.774734289545590649e+00
1.127654296247770471e+00
1.965806321061301931e+00
2.755903765647505832e+00
5.292290715692377745e+00
1.394804333269239693e+00
6.427601591067822362e+00
1.745180784605225410e+00
3.895808923211153463e+00
7.325184493539411701e-01
4.965019616599013474e+00
5.306797627681920648e-01
5.211194653487162043e+00
3.190737054463462563e+00
1.410386284035358262e+00
4.745463943346221569e+00
3.871107924459062044e+00
3.013852143455745924e+00
4.412558830527443243e-01
2.153789129824212445e+00
1.533259313193082729e+00
3.691192523959307525e+00
3.645936966175384875e+00
1.988903361011304938e+00
5.153377383684166979e+00
2.808760944960648764e+00
4.647961614350710313e+00
3.302674465087171995e+00
1.548562420588980082e+00
1.207942394528560115e+00
2.570232919709018571e+00
4.584831650911181278e+00
1.220798211843686643e+00
2.071785420786050658e+00
3.122502171426003947e+00
3.121664874949068302e+00
3.447682537145563053e+00
3.256240501390386122e+00
5.285023850149327629e+00
3.064386322488581449e+00
5.410272095004658333e+00
3.190919278634789968e+00
2.145669185574496485e+00
4.463517143949905730e+00
2.243478526811911955e+00
2.859523946601856714e+00
3.189002787473121714e+00
4.140855751739541901e+00
1.290429614103064448e+00
2.626250501898697909e+00
5.742996844874908469e+00
3.215439835605415020e+00
2.585190418401457801e+00
5.042507476413028655e+00
1.100053349284957127e+00
5.653293712209304545e+00
1.071343247679874766e+00
4.136590593160398122e+00
5.284552774213868709e+00
2.011628716134207462e+00
2.416506731912220651e+00
4.829570554664440962e+00
4.612093680436174736e+00
1.398411980330156235e+00
1.351201189172238415e+00
3.837904176307630699e+00
2.579618869460444053e+00
2.286695526713034887e+00
2.009804172402733791e+00
2.199726853271573024e+00
1.700272382125466830e+00
5.369930818827950425e+00
3.637892499316120798e+00
2.415483147152303278e+00
4.453541743347395609e+00
2.012849667790602037e+00
1.438730596256552197e+00
3.257207911444257142e+00
2.825384451544956654e+00
3.791847791520969402e+00
3.502067641558582523e+00
3.543122495154606977e+00
1.307373767175968426e+00
2.418448485264361292e+00
5.711025490066436561e+00
4.194360101027885257e+00
3.422187464252252731e+00
1.979438407223052199e+00
2.397649304132929426e+00
6.820970369179296888e+00
2.841722400802481729e+00
4.035328974827237403e+00
5.083923221813535953e+00
4.373729940472410149e+00
4.584201660505863529e+00
2.982560278703002776e+00
3.237274168486961479e+00
4.243270824095171534e+00
2.890024128361614153e+00
6.755510259902848702e+00
2.913151198789031060e+00
5.385246693979478749e+00
3.153252789393737654e+00
3.150126905523231713e+00
3.760665913090774470e+00
2.705756776706396138e+00
2.717499655619437071e+00
3.181801112574372592e+00
1.108342373454239915e+00
3.745163066515651451e+00
2.298114738215157438e+00
3.927095304580487944e+00
2.782178933854729141e+00
1.048299597053818255e+00
5.145796336801785387e+00
2.548060690058103095e+00
5.020843663720817140e+00
1.742163694077429881e+00
3.599894089427532862e+00
2.744574118873736257e+00
9.101161797031480649e-01
3.675586210506420315e+00
4.969168784735520816e+00
6.158385796661892009e+00
2.916632121940172073e+00
1.003112245336501562e+00
1.332079086648195743e+00
5.936230087188270055e+00
2.149741553418542672e+00
4.564724320170626903e+00
3.210851468619216664e+00
2.561367485982462888e+00
4.186580848496737062e+00
2.299459664026747507e+00
4.039579286034362227e+00
2.580718706929309381e+00
6.667981023921091044e+00
5.647899016276275219e+00
3.946074068164738158e+00
6.908601320968758230e+00
1.754407054939498778e+00
3.253099399803824010e+00
3.499786254401124896e+00
6.144900163434323659e+00
2.620490893031631519e+00
5.121421402808445045e+00
2.304064338692035641e+00
3.474989975426809874e+00
5.352901903734914590e+00
1.443039204530989661e+00
4.091465366758705535e+00
2.915367982333826102e+00
2.231414015702863018e+00
3.228934743007545904e+00
2.941349319229892512e+00
4.912665536845490344e+00
1.623764832640254951e+00
2.849776694776680053e+00
3.124124573667045102e+00
3.222495300333486856e+00
2.267835345539919167e+00
3.816803850302405099e+00
4.615694766378906522e+00
3.798964878641294174e+00
6.184260589011628895e+00
4.292089481510522830e+00
2.800190720682989465e+00
3.685620561521176342e+00
1.730059863845433865e+00
2.236748289633326614e+00
1.420979335922454290e+00
2.782671160119947196e+00
1.483301858608396140e+00
3.474966434757725153e+00
2.813729817356529050e+00
6.149835449235483864e+00
2.999258687631796594e+00
1.687964412730236230e+00
1.765511031893096217e+00
2.234363781157125750e+00
2.504001835445448965e+00
3.501181665081230854e+00
4.997358213552100636e+00
1.159815848837342678e+00
3.864878148942644032e+00
1.478893415835692782e+00
5.008728766645327291e+00
2.536560600686517120e+00
3.048946246064710319e+00
3.911973872982263067e+00
1.356691375414553757e+00
3.649944243288333556e+00
1.384625669515481272e+00
4.884240283598478172e+00
3.714511223903580905e+00
1.597080527335945854e+00
1.535449828647184489e+00
3.478600250173644159e+00
2.325059842795792697e+00
3.116805870019787150e+00
5.505495391550381257e+00
2.894792266739788289e+00
2.216593627459130023e+00
2.085946536793964690e+00
3.866217566824369012e+00
3.756351443227727849e+00
3.586732746864045307e+00
6.124152928705546728e+00
3.388411718516437077e+00
7.956493265441179297e+00
3.551765411093187996e+00
4.428457751233135120e+00
1.684790568687122958e+00
3.519508984409594810e+00
4.212256895015942249e+00
2.360509621803605018e+00
1.622867869714211153e+00
1.523339789296592750e+00
1.882320087010077803e+00
4.106063535530373620e+00
2.446022535466353176e+00
3.720337369793390359e+00
4.723858911593515231e+00
3.754725176810153275e+00
2.533266895009046671e+00
4.349691535047331747e+00
4.843122603412186145e+00
5.327150961531721407e+00
1.494587284630445767e+00
1.573711929505389850e+00
1.073316306071332438e+00
3.164652621758124340e+00
2.298950492117019628e+00
3.631562200879989266e+00
2.557255481624593152e+00
4.094853213714960916e+00
3.418485105986287742e+00
2.538555370936150357e+00
1.830698336498293388e+00
3.227569244620927869e+00
1.456152359587421286e+00
2.283771349574981180e+00
2.791195106856433572e+00
6.552233155334661774e+00
3.230626282256231718e+00
3.474930663451841983e+00
1.903498976333620529e+00
4.498768725439059146e+00
3.916790397178547600e+00
2.884894683930238291e+00
2.948296913311092560e+00
3.068991364097616525e+00
