2.974108274749538428e+00 1.627541708123671160e+00
3.077975961476377087e+00 1.650377324210382968e+00
3.078779635678634996e+00 1.742244730444383549e+00
3.105261426283239423e+00 1.639230857123288310e+00
3.040294631088266808e+00 1.596250432406845166e+00
2.912915528534905985e+00 1.563900023537724060e+00
3.039377235782489528e+00 1.627814118923348818e+00
3.026585819105918507e+00 1.589336473690981411e+00
2.973122088644702288e+00 1.548890163988576152e+00
3.028685034131185727e+00 1.588828266116740551e+00
2.854627288855664080e+00 1.443453058428273650e+00
2.927564657508037627e+00 1.508682619352176735e+00
2.952511836426555014e+00 1.567676733976127279e+00
2.936182087721830314e+00 1.577501247417016694e+00
3.061969908923966699e+00 1.610073326301393992e+00
2.961643898166030908e+00 1.540627309282872837e+00
3.159247126578268894e+00 1.615679611198113985e+00
2.941519540782439268e+00 1.530455013131138964e+00
2.947142644011301993e+00 1.519312597116279084e+00
3.016920934355745043e+00 1.608440059314453663e+00
2.934254164631215467e+00 1.533332173656317909e+00
3.693620852214582140e+00 2.248629746053861123e+00
3.199277630813694095e+00 1.759264965565301875e+00
2.951477223652272830e+00 1.454664617512045899e+00
3.002559021593542710e+00 1.563639016804571735e+00
2.960050866564562178e+00 1.571721638200028304e+00
3.031137815050353179e+00 1.644727629567948490e+00
2.991075142217195282e+00 1.523746767650788314e+00
2.932663282898473334e+00 1.496886496249532961e+00
2.945006330357902158e+00 1.488382849707236222e+00
3.021491909605906745e+00 1.579180902636023509e+00
3.053704535193144221e+00 1.588287336175020492e+00
3.032266759724116412e+00 1.675505168067410455e+00
3.006441858101134290e+00 1.528762813316055125e+00
3.102202593251618623e+00 1.787515450300497299e+00
2.943404852946910122e+00 1.536158582612647372e+00
2.993287919278290854e+00 1.630846911323140969e+00
3.012768436832776509e+00 1.620127482991258638e+00
3.034563203000994580e+00 1.599691618361168022e+00
2.995690514273235294e+00 1.563584105446469641e+00
2.961902697921902305e+00 1.563447243494661576e+00
3.052376259885791310e+00 1.607426078293112903e+00
3.082755301116567370e+00 1.660141073454101335e+00
3.133221871086671051e+00 1.638919977071195078e+00
2.854419783608538985e+00 1.503939922592291811e+00
2.947125669463279696e+00 1.440516528819670183e+00
2.941537839942561572e+00 1.538205634315849668e+00
3.114790030331782145e+00 1.637294687902023815e+00
3.100058334025447060e+00 1.668576192796231927e+00
2.964119246909063143e+00 1.554386922291626005e+00
3.064099625914393776e+00 1.715230358736328009e+00
2.885308550544650963e+00 1.560272922034265486e+00
3.050735227279124384e+00 1.528807547529318578e+00
3.148991457126915083e+00 1.694624351009210494e+00
3.279950134102880721e+00 1.803074740622244043e+00
3.118454673099273045e+00 1.716331679429316637e+00
3.107513547951260779e+00 1.652919601237868852e+00
3.038110389816586654e+00 1.625572624299585600e+00
3.007221806401594311e+00 1.613542546853663051e+00
3.087394832924085009e+00 1.663745423033456072e+00
2.978478657146092612e+00 1.580972861003294039e+00
2.865280412741509686e+00 1.463457713922389436e+00
3.036813349278654872e+00 1.665565345663603480e+00
2.852531390378918452e+00 1.458352158731280879e+00
3.016777235634609866e+00 1.585069207327367780e+00
3.143537171713088885e+00 1.661124180463588118e+00
3.002951937576152197e+00 1.469813908560979598e+00
3.077571362867769889e+00 1.645579118951361108e+00
2.972579264014282519e+00 1.548343931016976427e+00
2.993446430567305416e+00 1.596372161716556271e+00
2.991243265918348992e+00 1.541136270450891965e+00
3.050291916562918981e+00 1.616316098338360208e+00
3.030653260091372925e+00 1.666194425065061102e+00
3.006487369567723000e+00 1.616710926991083319e+00
3.115983390455368429e+00 1.660159587639360446e+00
2.887775725664298854e+00 1.439425872392035011e+00
2.901025802042441981e+00 1.510698143296613116e+00
3.087919511302581466e+00 1.655610873832010332e+00
2.922329011121357123e+00 1.542191284698325004e+00
3.018990459460396458e+00 1.569978687187384869e+00
3.013617982745131929e+00 1.555329628033570000e+00
2.996470570896667240e+00 1.593851424657220406e+00
3.175415529807717352e+00 1.738491121728549915e+00
2.954689766674702955e+00 1.596397352360583888e+00
2.973074244566888513e+00 1.525664171433507743e+00
2.989775663301707631e+00 1.563907838555007812e+00
2.851054804160237488e+00 1.428380474662872990e+00
3.059453138174612175e+00 1.667911921499915850e+00
2.949795173374173185e+00 1.424586916286777027e+00
2.891076866931187261e+00 1.458909400734567763e+00
3.034242870138295523e+00 1.667997994138812334e+00
3.003256460807166572e+00 1.531077967245146443e+00
2.976563092144675515e+00 1.565443989286210869e+00
2.973520891483640405e+00 1.612584128218450541e+00
3.005618215659787928e+00 1.564037350077735367e+00
2.960259171306922621e+00 1.573031407035889062e+00
2.973090506247564324e+00 1.484183862009178956e+00
2.963123245221822355e+00 1.475684800184138057e+00
2.917606881728663115e+00 1.504269552786078323e+00
2.994502530715295929e+00 1.580542492587276415e+00
3.004813390837906883e+00 1.506344324997120010e+00
2.931219763131574840e+00 1.526205797962356225e+00
2.966799585727184052e+00 1.637164781821763837e+00
2.997471800991950097e+00 1.533725256530025893e+00
2.981415446918958878e+00 1.574527786885883129e+00
2.936706152050085450e+00 1.470964676552849237e+00
3.004129525288294911e+00 1.564932333707646839e+00
3.012659266268606917e+00 1.548889900570525668e+00
2.924468584091027612e+00 1.559234461730453214e+00
2.903977530666406626e+00 1.491840900342396026e+00
2.931386477370404364e+00 1.514590873265242665e+00
3.150524675331376034e+00 1.710993840911427588e+00
3.083295995812308732e+00 1.788871447469619902e+00
3.077423598487096346e+00 1.557290494800570579e+00
2.925588163104182904e+00 1.565699782635578075e+00
2.994075497394269814e+00 1.569564959641327917e+00
3.191540638254994011e+00 1.797046973911979428e+00
2.981274420555391824e+00 1.553204037917356617e+00
2.996505111747156391e+00 1.600086463471348752e+00
2.969297708854226947e+00 1.730828095859449300e+00
2.976963207803273725e+00 1.522525640400212321e+00
2.964442543842579436e+00 1.509027426748209555e+00
3.007045469305129171e+00 1.547088056803032519e+00
3.069968808449332620e+00 1.581080297123434786e+00
2.939729003647622907e+00 1.518990318710083498e+00
2.995042525396272914e+00 1.617453033096902804e+00
3.000187305381808667e+00 1.641773628765996529e+00
3.073837132445506715e+00 1.568507473523828022e+00
2.937948931459879010e+00 1.554607405621175609e+00
3.001770596239168754e+00 1.550717491365322109e+00
2.963703862562027336e+00 1.673984398954813102e+00
2.956341394159383906e+00 1.571925573031201617e+00
2.893012335186505357e+00 1.520234249515658664e+00
2.971071027833915412e+00 1.531647693816853284e+00
2.907870213913313240e+00 1.473089126322980391e+00
3.069889656349531482e+00 1.557103431976837316e+00
3.015513103288467001e+00 1.556774014549967333e+00
3.538526911330123426e+00 2.188953907313277991e+00
3.049172207956250436e+00 1.575352886510009487e+00
3.001966605579128977e+00 1.598730177814662312e+00
2.882881348342044348e+00 1.454819670070712556e+00
2.888925887536245352e+00 1.473134353734446567e+00
3.081224083939299252e+00 1.638323224551580859e+00
2.929950010298490337e+00 1.573656967800467488e+00
2.940571451661348590e+00 1.590988261964912276e+00
3.094427748203818496e+00 1.640888641616581767e+00
3.031685612362780002e+00 1.641557594918447105e+00
2.909730756955652975e+00 1.536861846558634559e+00
3.110548272805421899e+00 1.689605585155077083e+00
2.947701099053695373e+00 1.565865886805348994e+00
3.087632214586229384e+00 1.650382112399795043e+00
3.045139410225792709e+00 1.656894829799618662e+00
3.052910667797938959e+00 1.604433632243782659e+00
3.031857456443477261e+00 1.600823134002154591e+00
2.881993907444431180e+00 1.479424355814184411e+00
3.045808380688196149e+00 1.587699979943268724e+00
3.043718914726008418e+00 1.602398847701781204e+00
2.971341886620095352e+00 1.521422660465536758e+00
3.036427562591352824e+00 1.615336533851558620e+00
3.123813755245419266e+00 1.738726782699941742e+00
2.848990987138326325e+00 1.494536016053576333e+00
3.063878881123334619e+00 1.669082326660864091e+00
2.895945645212458786e+00 1.554073622098397056e+00
3.010092829030101669e+00 1.529199379149368099e+00
2.971006391980993921e+00 1.474800711749336024e+00
3.023605353720916877e+00 1.651691560986615404e+00
3.188561568935098567e+00 1.804609265720672706e+00
3.098418217145042064e+00 1.591183769229414846e+00
2.941622344415988799e+00 1.430431653498269950e+00
3.013424641253921621e+00 1.630347037231693941e+00
2.965547255954821715e+00 1.572360309089843033e+00
2.961443913115712867e+00 1.602614948700378683e+00
3.112703825039718986e+00 1.675272386608434028e+00
2.922642541710613440e+00 1.494638779380893290e+00
3.042764854922533679e+00 1.569761702951522286e+00
2.967045042458966719e+00 1.527483643313847672e+00
3.035634387484915653e+00 1.544303415618711872e+00
2.928548376006882226e+00 1.465446504705000486e+00
3.020218504062211817e+00 1.604580920998013527e+00
2.989110031679737656e+00 1.546455196755430750e+00
3.040026033004623152e+00 1.527291590615274641e+00
2.990442879483343752e+00 1.556883287299298813e+00
3.036383283988112858e+00 1.613874199712716839e+00
2.985768951007175875e+00 1.642000050650723075e+00
2.991885434158848778e+00 1.482879441993249836e+00
2.989933509013950275e+00 1.510609385590632181e+00
2.923018548143748507e+00 1.447082241981107131e+00
3.085648543020159895e+00 1.717165682177034469e+00
3.033418930027184324e+00 1.454732097708015592e+00
2.954896196829587485e+00 1.522688768863011077e+00
3.048352517301474052e+00 1.626252902858857263e+00
2.878209743776558582e+00 1.532800214698669894e+00
3.111689245165686568e+00 1.671010636831490981e+00
2.878201416977675287e+00 1.492241444324468702e+00
2.957354952829677863e+00 1.545468213425876813e+00
2.955161339860545855e+00 1.577639644123383755e+00
3.067581409336081588e+00 1.614284548096947436e+00
3.010120853821477649e+00 1.580338375917775151e+00
3.016613047026230454e+00 1.551744708348862467e+00
3.018939430272344460e+00 1.598688420301072943e+00
2.923240357995541050e+00 1.548625191295211589e+00
2.939685973043054457e+00 1.589682294095656090e+00
2.940492937265120954e+00 1.456762085654925931e+00
2.988142690245112032e+00 1.610537599037771050e+00
3.143968447752393924e+00 1.716750412977474216e+00
3.070067499822474844e+00 1.704242242739411939e+00
2.922652881174818251e+00 1.559907677214360300e+00
3.128604525847367146e+00 1.660998136995259777e+00
3.006740220762937899e+00 1.584120100018880928e+00
2.936341533126377357e+00 1.471842987919645740e+00
3.068269980640497163e+00 1.726334242004692099e+00
3.063372795416516858e+00 1.636611486320700415e+00
3.220684842879808496e+00 1.708864499911207924e+00
2.986439456633909195e+00 1.627991889779300205e+00
2.922808132344132837e+00 1.496863824065062687e+00
2.959980964274323778e+00 1.514273492575620050e+00
2.969854373184649621e+00 1.517634883498013343e+00
2.938583796183979135e+00 1.559173783548628345e+00
2.920144298408608119e+00 1.597815795527015359e+00
2.943765113507147646e+00 1.597870786006699184e+00
3.159310421914205413e+00 1.756352261895458788e+00
3.035542909060688466e+00 1.581386966820745199e+00
3.011669560761973230e+00 1.539144882538056480e+00
2.862639586145113935e+00 1.466885988970323185e+00
3.016370493803789632e+00 1.636835689942570227e+00
2.956631878143292980e+00 1.490346717063949500e+00
2.948383643760699613e+00 1.507327436818520994e+00
3.033962597966650687e+00 1.606405496737736360e+00
3.073275103727402424e+00 1.715588701800991211e+00
3.117139251398233668e+00 1.624036392600089140e+00
3.609787341057197008e+00 2.249297518895286174e+00
3.000948468869674368e+00 1.489043091881357972e+00
2.966618869693822269e+00 1.505165953308134963e+00
3.135727120097402398e+00 1.703678038693716701e+00
2.944284169666532502e+00 1.510794977204976464e+00
2.912996296649753347e+00 1.508812146590388314e+00
3.025898048184614719e+00 1.519655034304525199e+00
2.823074698332244559e+00 1.470337110456860996e+00
2.917961325727334909e+00 1.520684802122959756e+00
2.864069284764812817e+00 1.486261368334762523e+00
2.957321994404895182e+00 1.475743247784608414e+00
2.961411891490201231e+00 1.540911529600329732e+00
3.002501102726954585e+00 1.617123448748684300e+00
2.916873681554399855e+00 1.503767532761882686e+00
2.931441685754466508e+00 1.560384330679081222e+00
3.010330363554678978e+00 1.538503619381349274e+00
3.099814451727454845e+00 1.669166228564982424e+00
2.984559644691354485e+00 1.528632944578972808e+00
2.997966225887874092e+00 1.496387041287240871e+00
3.011974669367352586e+00 1.592234602874679217e+00
3.000151751568644443e+00 1.607315600616516127e+00
3.034413046814676385e+00 1.523632612196535785e+00
3.130305028400478307e+00 1.736225871317618408e+00
2.911032204211625452e+00 1.483555492606624338e+00
3.046785037948860797e+00 1.647049954864961085e+00
2.948993842781342245e+00 1.545141136183629582e+00
2.896978743500449038e+00 1.618981546456170983e+00
3.034205098387949384e+00 1.580317226403483932e+00
2.938326698023269845e+00 1.561143617071301337e+00
2.981692553643385590e+00 1.604836562819890622e+00
3.058297881155063624e+00 1.638373685992148499e+00
3.152165075336046396e+00 1.672050129777898020e+00
3.019572113832309945e+00 1.603877573143610347e+00
2.970088961946524719e+00 1.583930793080047250e+00
2.995914083347669177e+00 1.592441871192294078e+00
2.820027863499291687e+00 1.467525685475408626e+00
2.935657588005243124e+00 1.493985325185448909e+00
2.952490149234592742e+00 1.473014466727650573e+00
3.006196329651515065e+00 1.682307205108712234e+00
2.881352148122084511e+00 1.513225357318433772e+00
3.114888789493001742e+00 1.665456777101546049e+00
3.093114980648776324e+00 1.660962275464170412e+00
2.913075727523052993e+00 1.466247654175818260e+00
2.864961008759268069e+00 1.457435986334294942e+00
3.007983657561885682e+00 1.564171333798737296e+00
3.582873178112543577e+00 2.245979221459962094e+00
3.026492596481796138e+00 1.691039372790912099e+00
3.051480565682023194e+00 1.662934378595340323e+00
3.200334877436318504e+00 1.783193514644395350e+00
3.037144099437105726e+00 1.661858153243714886e+00
3.008584340965894999e+00 1.622357131839176958e+00
2.953812784309697737e+00 1.609107153784588240e+00
2.986725244528700696e+00 1.588067711770027479e+00
3.021241458369960942e+00 1.647863213379602954e+00
3.014091456029387661e+00 1.583957102543848361e+00
2.993369861434084900e+00 1.614875690300790589e+00
2.962701000571126286e+00 1.490149784246620923e+00
3.043627037185718809e+00 1.599151074657653160e+00
3.031050172389550657e+00 1.556976883859501948e+00
2.993000702978824812e+00 1.593741168562145205e+00
3.148633339475441772e+00 1.757425995550427444e+00
2.981541066001642371e+00 1.562796138500083254e+00
3.064158139879117115e+00 1.705581560616528325e+00
3.062350807260637797e+00 1.631356390580695370e+00
2.910745983645205648e+00 1.519904719535696946e+00
2.900573924483632382e+00 1.500542819290072050e+00
3.116942496310734612e+00 1.706442237962837227e+00
3.088575114215591277e+00 1.670626622961766561e+00
2.837732828661026829e+00 1.505951816279232247e+00
2.919148428274406459e+00 1.489838095664243856e+00
3.584076826054737541e+00 2.210270818595456710e+00
3.063241734851363418e+00 1.549769568181117663e+00
2.945388492031847605e+00 1.589715035308308710e+00
2.927949518312323640e+00 1.521186680647067746e+00
3.019795758656243834e+00 1.529255727860536096e+00
3.038844899917102715e+00 1.666595526854416143e+00
3.053990702240526822e+00 1.578631167860855777e+00
2.959080519440761670e+00 1.538144885330341660e+00
3.140519233259967624e+00 1.752366743517240977e+00
2.938097210454682973e+00 1.533933541698392133e+00
3.008982608846902718e+00 1.551239989405072128e+00
3.032748296503802621e+00 1.623905938827687079e+00
3.074987885712849867e+00 1.729100617823526420e+00
2.883905850046316832e+00 1.438192884344311917e+00
2.958265921036393298e+00 1.534051208457569260e+00
3.073926625377014332e+00 1.738070560846309842e+00
3.353865102564593137e+00 2.033030882178404219e+00
3.065320352074693666e+00 1.622299760903599175e+00
3.132877544773276846e+00 1.687372117996385201e+00
2.975217843210765878e+00 1.488935993667430679e+00
3.008921986672451254e+00 1.618595508080568512e+00
3.064353625769103306e+00 1.655960124147070278e+00
2.974499607003076029e+00 1.559119698497312800e+00
2.985100784403327268e+00 1.514601014235105847e+00
3.016491698617878914e+00 1.616438342305797526e+00
2.928434193765884430e+00 1.528397680779029155e+00
2.860469851642234662e+00 1.524545484047872712e+00
2.911593474993378283e+00 1.539134837797179411e+00
2.974054099045822852e+00 1.531357967293379696e+00
2.948792766882598393e+00 1.581856362452380038e+00
2.911009275188411127e+00 1.474660397151114744e+00
2.939037873303039561e+00 1.545934757334068710e+00
3.001261866982777526e+00 1.645213520335349511e+00
3.043124013091970337e+00 1.638505130341148197e+00
3.153684798865038719e+00 1.811448259931104365e+00
3.065605015201869232e+00 1.643450447318840046e+00
2.945276624593692993e+00 1.448265897419902526e+00
2.911074903064074793e+00 1.531823845886811863e+00
2.953298309454520432e+00 1.547750657775914584e+00
2.895643929126557214e+00 1.387558010211239035e+00
2.968515218613637430e+00 1.614690412601150760e+00
2.852053346192070737e+00 1.404129716904164216e+00
2.890810301587518616e+00 1.434787777801313613e+00
2.994888625897810464e+00 1.543002262402684233e+00
2.963457115439743550e+00 1.569424850938430760e+00
3.037849264251299086e+00 1.606793160800972897e+00
3.184703065219869345e+00 1.777387321089893168e+00
3.197370415176379765e+00 1.834897261918611466e+00
3.121089463205951819e+00 1.599894948538740369e+00
2.956279668461596177e+00 1.522449864953892229e+00
2.927368975287926833e+00 1.450111774314142288e+00
3.024920036567519510e+00 1.567454072613226890e+00
3.022739657271702463e+00 1.625129241172192263e+00
3.006225885087133953e+00 1.624239929434305729e+00
2.877370850225139165e+00 1.496119158393599546e+00
2.920624192377084594e+00 1.512454020651555764e+00
3.180863899507443637e+00 1.808660119956481793e+00
3.031847751482049880e+00 1.693628931529184589e+00
2.926225984686368964e+00 1.486057642283671543e+00
2.993858256502603510e+00 1.602384147642306633e+00
3.122603628496776640e+00 1.633371639331051783e+00
2.882971211794017830e+00 1.434331141556172584e+00
2.961471684690527351e+00 1.599763964414729234e+00
3.033297205012478681e+00 1.730605376447839738e+00
3.005420094023218525e+00 1.533819646437886819e+00
3.150900195608911769e+00 1.650415513529776002e+00
3.053224401685343370e+00 1.545721459904723982e+00
2.957209546886456764e+00 1.532428414015270191e+00
3.041729789464991729e+00 1.556102536038293405e+00
2.998372079757609665e+00 1.595479329297276871e+00
2.937373532308995561e+00 1.550538721399315589e+00
2.927701579577314028e+00 1.590342892712210077e+00
2.928471203277868806e+00 1.528616104163689204e+00
3.018799928630053753e+00 1.467699535819498191e+00
2.988941340559493121e+00 1.628032246824842488e+00
3.102620508221426210e+00 1.665885146135720474e+00
2.932131536868891608e+00 1.541168159906457724e+00
3.000570057974150551e+00 1.616197804673068728e+00
2.988540880770442332e+00 1.516576202327174494e+00
2.893040227511712636e+00 1.527436270801880713e+00
2.946508249468538843e+00 1.492717770609882644e+00
2.969292111395682277e+00 1.505166082382128012e+00
3.041096947288393526e+00 1.649622855258527476e+00
3.039407175806496220e+00 1.589350361650751386e+00
2.979788363413632180e+00 1.614928730793726563e+00
2.967995035543593119e+00 1.537498795044207167e+00
3.026790388190516268e+00 1.611212903405796482e+00
2.987788683515560706e+00 1.549863073572729011e+00
3.127986770526204996e+00 1.722166681652049558e+00
3.161115176027210705e+00 1.754139735023350077e+00
2.923604203606205321e+00 1.535848536889704130e+00
3.013206407323007596e+00 1.576787579418012841e+00
2.922820706960150616e+00 1.492783021271282706e+00
3.081203571799843388e+00 1.628622004140404478e+00
2.895032145242012245e+00 1.484404268970946683e+00
3.098858482368399780e+00 1.683857519742993247e+00
3.726388889234823143e+00 2.197142768600759410e+00
2.945862521204498208e+00 1.530020461303161605e+00
2.919420497122994007e+00 1.567606444246755215e+00
3.101802997190301170e+00 1.747426504375989786e+00
2.968536060812345223e+00 1.541732417067103622e+00
3.014685875728674969e+00 1.583722983053134081e+00
2.992328195480664199e+00 1.558466820209129189e+00
3.036700772075819454e+00 1.583452336772698477e+00
2.962632650057785089e+00 1.554748837310621745e+00
3.051596808740892897e+00 1.775530230492114558e+00
3.050403821434996665e+00 1.570763160639937484e+00
2.942048732185244209e+00 1.510317607198314649e+00
3.119442271697468794e+00 1.666654274545342540e+00
3.015338467725974692e+00 1.575970156848726766e+00
3.085154801659601098e+00 1.609429781302472051e+00
2.917301637506174661e+00 1.488572798993156754e+00
2.977543981768640435e+00 1.669210253803509403e+00
2.917227585974365045e+00 1.489155723148920529e+00
2.996002669829246567e+00 1.516546982964948720e+00
2.917512362952082494e+00 1.599473150844191061e+00
3.049326639429545072e+00 1.556088953590894830e+00
3.115362125043975805e+00 1.675258085607145508e+00
2.909229203420810705e+00 1.515995263471935361e+00
3.013719526909817592e+00 1.578428035487637215e+00
2.862615133428837222e+00 1.428235613632504952e+00
2.962855002585254915e+00 1.576312655349195735e+00
3.211808144769206397e+00 1.846381050191300055e+00
2.979034273851917103e+00 1.570520939517184189e+00
3.470154910617929911e+00 2.198602949236787563e+00
3.052955855305802935e+00 1.627250445195459916e+00
3.086687319564095144e+00 1.624558287460855288e+00
2.908132473098583581e+00 1.490563194676124636e+00
2.923682151026016918e+00 1.546952219859062838e+00
3.010922564400932977e+00 1.697164734265615538e+00
2.986343553022935637e+00 1.577223679823487323e+00
3.050994883888164200e+00 1.622303107198108219e+00
2.903069732175354911e+00 1.542988768837443292e+00
3.037014918132081576e+00 1.553202131008659448e+00
2.979498222993353540e+00 1.500374011382602069e+00
3.075967568664121909e+00 1.584350887806649677e+00
3.182454432068731798e+00 1.640457876895267342e+00
2.957594003858667442e+00 1.503235949800592941e+00
2.996596519089333999e+00 1.599620202924088241e+00
3.085487230231015676e+00 1.708895342681799434e+00
2.973339536401956362e+00 1.511021595083317015e+00
2.945348974981829571e+00 1.438594211249741850e+00
3.047106365982190646e+00 1.635837409324021108e+00
3.033875264649065429e+00 1.582469217966074648e+00
3.026373204766827030e+00 1.713579197807042487e+00
3.206004609487236312e+00 1.795068213040082794e+00
3.019412926938039643e+00 1.620276421818423795e+00
3.044832956667772095e+00 1.633171760865659961e+00
2.943568075798351558e+00 1.480680610003155984e+00
3.024799969937331134e+00 1.592760560956173688e+00
3.041153850004694625e+00 1.535371681875967731e+00
3.601230429278850842e+00 2.135408775979088070e+00
2.939251839860811621e+00 1.562655294494131208e+00
3.070152108962174609e+00 1.655997170738071844e+00
3.075449368168057696e+00 1.672563262026092623e+00
3.007679217362296598e+00 1.482336205409440888e+00
2.999537503978960462e+00 1.636950563485048527e+00
2.853819335660618073e+00 1.408153753263424957e+00
3.004777973158105464e+00 1.586545972199387755e+00
2.887036241500690714e+00 1.431146683095812611e+00
3.484414249572884259e+00 2.075583439084123683e+00
2.897328544840025000e+00 1.465546028895002850e+00
3.046067178754818805e+00 1.649186535800152953e+00
2.954898254659761747e+00 1.552100174738957117e+00
2.942467761209210497e+00 1.602200533145276662e+00
3.107845141885895668e+00 1.643000652714438736e+00
2.969159095209704891e+00 1.551325989121056015e+00
3.190239335393091125e+00 1.729957286200721533e+00
3.007726782747935257e+00 1.522775033594355731e+00
3.090166157480365161e+00 1.651986874466394140e+00
3.513255245831548912e+00 2.064088223510021525e+00
2.990482523860815256e+00 1.539012114328810243e+00
3.109636016512636214e+00 1.660432054012127567e+00
2.995033274881971685e+00 1.657337651538186796e+00
2.977888348543126451e+00 1.559335736600257150e+00
3.101553949503122798e+00 1.692664126029198135e+00
2.918996408877544635e+00 1.461808201246208583e+00
3.150872355569404704e+00 1.705459347861688180e+00
2.988945562818258406e+00 1.558548348398258954e+00
2.942420015488266927e+00 1.575337188112957643e+00
3.107683191509825527e+00 1.622126492426872568e+00
2.925395933415330330e+00 1.464652023733028274e+00
2.993322202533013510e+00 1.580828811570206938e+00
3.034490389099695928e+00 1.628585920670940324e+00
3.040550857973326693e+00 1.564732027497465650e+00
2.952504246361565610e+00 1.558367473279058890e+00
3.113381340068808623e+00 1.724989086524259196e+00
3.063289231059437956e+00 1.757187172736736080e+00
3.132729676740405367e+00 1.641380289189993347e+00
2.939959416083281152e+00 1.494070602193921404e+00
2.962260213988435087e+00 1.561032638212299206e+00
3.151077408658492285e+00 1.708938531467358635e+00
3.126228735301984862e+00 1.675562962593668104e+00
3.100001933175107638e+00 1.632439429232739547e+00
2.936983706922960291e+00 1.505272955734966445e+00
2.880193007511687942e+00 1.465623026408672258e+00
3.038533961563590235e+00 1.625839438109450530e+00
3.053252003167312267e+00 1.669151015511779690e+00
2.907156285106675675e+00 1.428131559837345854e+00
2.951244564980935792e+00 1.565185720838921046e+00
2.883261734194790371e+00 1.514980256447634899e+00
3.071146878149848991e+00 1.644704504190053207e+00
2.960111954585080696e+00 1.596183818712258118e+00
3.018248075834080169e+00 1.522248970790392564e+00
2.973913167358653187e+00 1.550332539070698123e+00
2.924520473698570822e+00 1.535265277088490032e+00
3.032381386373523835e+00 1.627451595154102648e+00
2.950385726141440568e+00 1.447369900657901276e+00
2.921918338780669533e+00 1.596808494989508942e+00
2.982131453762004281e+00 1.547982479620769514e+00
2.872769828676884352e+00 1.502707398490578106e+00
2.997482995339466605e+00 1.630543409214904260e+00
2.964577286085120278e+00 1.480270069287750623e+00
2.955266860119993400e+00 1.511407077595181114e+00
2.918394424875315529e+00 1.494806978076271609e+00
2.873051631453696686e+00 1.420424002229734528e+00
3.182437588857348398e+00 1.809933547946061871e+00
2.911604315656293629e+00 1.488040977107675022e+00
3.043840450194899461e+00 1.611861461913194127e+00
3.016153570669206641e+00 1.483549616461444343e+00
2.980638389445663616e+00 1.483939127572851513e+00
2.913496673302717888e+00 1.492215345784015712e+00
3.054948973372400456e+00 1.616930933446219409e+00
2.945800641781355811e+00 1.512596739697155801e+00
2.987783591732303901e+00 1.467276539657827783e+00
2.913695755426582767e+00 1.449112776856573470e+00
2.946206033484249698e+00 1.519135463315909762e+00
3.040582892027769990e+00 1.570070279608470898e+00
3.081383688531341924e+00 1.617536069985936020e+00
2.883654737019113234e+00 1.468804916844203001e+00
2.940442196088765225e+00 1.592224261192276114e+00
2.890873687488295207e+00 1.428037514492825233e+00
2.978330469188434915e+00 1.599274104586355216e+00
3.016313442832037062e+00 1.677890584140789842e+00
2.991830463756348646e+00 1.495177205106976714e+00
2.936821616087291531e+00 1.568838108984100366e+00
2.978178309837775206e+00 1.513860311380466284e+00
3.042009633828257620e+00 1.650166030304636378e+00
3.129289364771741688e+00 1.724348582137142039e+00
3.031228962157062945e+00 1.608311564876879540e+00
2.982386668846164213e+00 1.676502932458060036e+00
2.994228691403642451e+00 1.589954503878828307e+00
3.016495844414122107e+00 1.593487516314991082e+00
3.151558159963643302e+00 1.753283916779946550e+00
3.021450756825337702e+00 1.550263890544156586e+00
2.984719946811207336e+00 1.531833380613152107e+00
2.927586638821411125e+00 1.511272301162037479e+00
2.951979369098925776e+00 1.593956997740011872e+00
3.064014164742864477e+00 1.669650041963238740e+00
2.874390366059646151e+00 1.508117347096149308e+00
3.047750079856230698e+00 1.683534950482670434e+00
2.941720877406406309e+00 1.528918110069082736e+00
2.843913915639391998e+00 1.463261662307868471e+00
3.039024635532743712e+00 1.637793285243232644e+00
2.950782158641837238e+00 1.505082806764072911e+00
3.292127896170477186e+00 1.844078916533443913e+00
3.040167642831741901e+00 1.622194645816365854e+00
3.066582019504412671e+00 1.581104687821676347e+00
3.079394953532132995e+00 1.613319184806826234e+00
3.036040604310170643e+00 1.635176614250899663e+00
2.954846986410609500e+00 1.528283808390104692e+00
3.105630042783827705e+00 1.731708576569840563e+00
3.070912090360801816e+00 1.536673348646600434e+00
3.215173077226261888e+00 1.812549903041457577e+00
2.834879856082314742e+00 1.472416845061453428e+00
3.048148030035243483e+00 1.634844896193467623e+00
3.098752657899012330e+00 1.619151900289838908e+00
2.979187056032642555e+00 1.573547448838618745e+00
3.009687665100383658e+00 1.587425744278104789e+00
2.878414164793511976e+00 1.470262980668958219e+00
3.034574053822364004e+00 1.610578976872368839e+00
2.946506337717036406e+00 1.552665114438439353e+00
2.994688932983186724e+00 1.589116111341793980e+00
2.962090973963461327e+00 1.558128791701090421e+00
3.028291374259078239e+00 1.654493893052360942e+00
2.921616131259849425e+00 1.451452331246738892e+00
2.966162220359932711e+00 1.592372776227799713e+00
3.076075905052807702e+00 1.640239192263839074e+00
3.001702940448065959e+00 1.543334892664634861e+00
2.909327516140396419e+00 1.484636321242088108e+00
2.960679747077633817e+00 1.502238933817337641e+00
3.236944207283238395e+00 1.840472945489857182e+00
2.923110916912145196e+00 1.434822935979020997e+00
2.966897771219853652e+00 1.507749730425197887e+00
3.109905434969034488e+00 1.719011298794251630e+00
2.984242810405175472e+00 1.571249002539050643e+00
2.945447823499491413e+00 1.563104328859127090e+00
2.983604035694713996e+00 1.609724898353288136e+00
3.068430063766391491e+00 1.582264930801096536e+00
2.934390804708747691e+00 1.520476012302502067e+00
3.082892803349822852e+00 1.633600099160972929e+00
2.883874790760023732e+00 1.447245080542014062e+00
2.990797188683478325e+00 1.653234706131228693e+00
3.147241592115213926e+00 1.685109883962135902e+00
2.974423753139565196e+00 1.563880995130140450e+00
2.963992186573989773e+00 1.543257239057456154e+00
3.109507609987877785e+00 1.647983532236974913e+00
2.911292108979108839e+00 1.577828447482005236e+00
2.968246857790916238e+00 1.514661903504033624e+00
3.007791880891766301e+00 1.555213945266985753e+00
3.204120539876534668e+00 1.801272828772949142e+00
3.146216030050754675e+00 1.787534471669520508e+00
2.972832828114132742e+00 1.622137399614759445e+00
3.170771229473682506e+00 1.664650587830236228e+00
2.929530643231240017e+00 1.526420707473103544e+00
2.942129006984458783e+00 1.519579515658523006e+00
3.007502702425203012e+00 1.553549796522120552e+00
3.007114304194541621e+00 1.622842406965940842e+00
2.924720689248214267e+00 1.512340877291628916e+00
2.865181360245848907e+00 1.504634146321747856e+00
3.019320510564284188e+00 1.551961990307057171e+00
3.178207645457927555e+00 1.769281794728108981e+00
2.922548066098314745e+00 1.485675195482410560e+00
3.021338051883554421e+00 1.539473888155445946e+00
3.079937317986905843e+00 1.554765872377355640e+00
3.003147954184000490e+00 1.515041042210675926e+00
2.974369236715473708e+00 1.593526142364725118e+00
2.993980436099239029e+00 1.561121004348810848e+00
3.031528540492249846e+00 1.602746437368147925e+00
2.925826750576183244e+00 1.549507168218228426e+00
2.987243123086142926e+00 1.577650381349466668e+00
2.927705373140035761e+00 1.521981793122807680e+00
3.004088983499071830e+00 1.604753048974851826e+00
3.002169050238253423e+00 1.631699117391165244e+00
3.018060060361096753e+00 1.637275759284484433e+00
2.832503053144660665e+00 1.524006358155581387e+00
3.049112219493123721e+00 1.623028773243747835e+00
2.923594732511941352e+00 1.550540087524526989e+00
2.913221646138810073e+00 1.432498518678267496e+00
2.898146181985852277e+00 1.560704511450638599e+00
3.004022841005551392e+00 1.559664503882561615e+00
2.903038936508774981e+00 1.453780180725845472e+00
2.907728781679683294e+00 1.528409147907926702e+00
2.846251353110774485e+00 1.514555797414617988e+00
3.022836554013354160e+00 1.567787339249000045e+00
2.967368085101296238e+00 1.509756331226377313e+00
3.014262988253340048e+00 1.600647386263286620e+00
3.084473765094327913e+00 1.640941655325818926e+00
2.943428022843980862e+00 1.560151533105480048e+00
3.026821083804644541e+00 1.630683437240571854e+00
2.945405422035773491e+00 1.536327758486445649e+00
3.044355048746711923e+00 1.645213886574048212e+00
3.050377756944674168e+00 1.511283746650810444e+00
3.005926913107265896e+00 1.558766057690248008e+00
3.559105879216980739e+00 2.465751983344598663e+00
3.040962786252567884e+00 1.594626724264918582e+00
2.920166961460846089e+00 1.536298938062210739e+00
3.100043934385084299e+00 1.604842659254510195e+00
3.071171600722249373e+00 1.619038484271320355e+00
3.017475708328025696e+00 1.667238300449190191e+00
2.981043210097841456e+00 1.581251520783154119e+00
3.089124127131299247e+00 1.713642833368406615e+00
3.191540385753549369e+00 1.761442149343314778e+00
3.016165628362472706e+00 1.602239554817969536e+00
2.963014385798901529e+00 1.495369365532025041e+00
3.056772433452149773e+00 1.666946089665704012e+00
2.922472209045377856e+00 1.500353936052359893e+00
3.073644790375913871e+00 1.673916051520866644e+00
2.978531303412830233e+00 1.558605651899184874e+00
2.896683087862095274e+00 1.510618495460656074e+00
3.074051000228010366e+00 1.609492357824486186e+00
2.993451480108684670e+00 1.566913104312725125e+00
2.897858157395420964e+00 1.485653113610611253e+00
2.973823753784442303e+00 1.568126785799254685e+00
3.021722797372905944e+00 1.468805033496862089e+00
3.042390746855625494e+00 1.557672339810122208e+00
3.148653941301089887e+00 1.700720338478629134e+00
2.993841038898094720e+00 1.515274871142067825e+00
3.059629894988660226e+00 1.617351033509518254e+00
2.969239701011359145e+00 1.591904496121751222e+00
2.941360361198333884e+00 1.531449430251413002e+00
2.975339375053444257e+00 1.586312575043729911e+00
3.073317753400786501e+00 1.699216739986778135e+00
2.992592210030760480e+00 1.598798581674615971e+00
3.036919247661947097e+00 1.630565530069599811e+00
3.103386831119078870e+00 1.557225304663141241e+00
2.910819953595369380e+00 1.488143312759896419e+00
2.920153198513536275e+00 1.520127423849268800e+00
3.035107394707982298e+00 1.633849712623140826e+00
3.021477982940879770e+00 1.580097286191264772e+00
3.013554234731742998e+00 1.690184478103924803e+00
2.977621512467866438e+00 1.571768555110415022e+00
2.953412417271028545e+00 1.563324844663328994e+00
2.998208507117572807e+00 1.559833221045197060e+00
2.958558755748435409e+00 1.568745305546894286e+00
2.974546079919527131e+00 1.591527836529182949e+00
2.997501954645394928e+00 1.498836043866531131e+00
3.034246819338665802e+00 1.621104479468403747e+00
2.955113664331205481e+00 1.538055779399295719e+00
3.091873485894440776e+00 1.680955985325549573e+00
2.886182270991741294e+00 1.455265902889285146e+00
2.986005334772613207e+00 1.541111446545191166e+00
2.923570488060198702e+00 1.615098022797159416e+00
2.908661711344071588e+00 1.451154145831721198e+00
2.933713183695710658e+00 1.522855321896928515e+00
3.027115664893846425e+00 1.603997167948209235e+00
2.982757457223871533e+00 1.556970733967363296e+00
3.038553136551484624e+00 1.705616630135543321e+00
3.284929226268920477e+00 1.897673348509322233e+00
2.991969935932643487e+00 1.578757555087324294e+00
2.888019663797659842e+00 1.458766470742067778e+00
2.975915725603007989e+00 1.523502286379803561e+00
3.041741994808020433e+00 1.681672520234709145e+00
3.076115272725732819e+00 1.670619132101460735e+00
2.954765609828923001e+00 1.556298255794340557e+00
2.942972424537842357e+00 1.500537674468529259e+00
2.875176341931589885e+00 1.487752047818098999e+00
2.953262169618465993e+00 1.588446297513923078e+00
3.147080522049194862e+00 1.669429737860213425e+00
2.971662098757441139e+00 1.536392388260981567e+00
3.060924820479347108e+00 1.561728948949581586e+00
2.943598377543374944e+00 1.522556061352514867e+00
2.985402695410620755e+00 1.571787839583428381e+00
3.035525912453163055e+00 1.624410016642102050e+00
3.060098850372259260e+00 1.591402047290180199e+00
3.055547105261474439e+00 1.632885708571606642e+00
2.954274248068138320e+00 1.534083218199894683e+00
3.004708135054039442e+00 1.553186887342001388e+00
3.679357360928854348e+00 2.256032912143024483e+00
2.885942092011020588e+00 1.512948960188668091e+00
3.002335866808959697e+00 1.545317469736249061e+00
3.012086628616863493e+00 1.622535119083814426e+00
2.930813205180383463e+00 1.514402448988279026e+00
2.986671187255638404e+00 1.496209942676604676e+00
3.082852411810327098e+00 1.553143792077287699e+00
2.918970635037504646e+00 1.541354093620468824e+00
2.960658769069463681e+00 1.466451548341274558e+00
3.009085043785839186e+00 1.659056488769895976e+00
3.172269293216817498e+00 1.847370463558611897e+00
2.959734377023777174e+00 1.530093624032939914e+00
3.001360480599960745e+00 1.650905764633010531e+00
2.988542067283261439e+00 1.630636145445408136e+00
3.036294254813851179e+00 1.641379448797106733e+00
2.967649791702563711e+00 1.520639369577298172e+00
2.918730553601442956e+00 1.467025412600693191e+00
3.188184285206140167e+00 1.758982869316402242e+00
3.208639981696602028e+00 1.791180036539364195e+00
2.964477776535076714e+00 1.523188435370534277e+00
2.910391494071472351e+00 1.533794324563302558e+00
3.086079543402272751e+00 1.612976440082376284e+00
3.013748606079174941e+00 1.496586543279837311e+00
3.096270138786575643e+00 1.635455771753836052e+00
3.223051891554072235e+00 1.828171298529610800e+00
3.027266813772507614e+00 1.568180125742031139e+00
3.071256102583824976e+00 1.605844649013973946e+00
2.981107311462026566e+00 1.597896662407342738e+00
3.077575039478000818e+00 1.640518898487099753e+00
2.968977579608750972e+00 1.533536903223706505e+00
2.943567546114937539e+00 1.551341591065350078e+00
2.855731094585642893e+00 1.492085605275542459e+00
3.003497192521470183e+00 1.550456313294792610e+00
3.192147338376203347e+00 1.814614197392571127e+00
3.141346669944611314e+00 1.646646994280205112e+00
3.131119327615332626e+00 1.721048676056677884e+00
3.008369526046567266e+00 1.536668582537237704e+00
3.370720744474983821e+00 1.995163092772710201e+00
3.007035207253624165e+00 1.586995426219560246e+00
2.922893478611642504e+00 1.599830046819022522e+00
2.919479280222408768e+00 1.580780483222250288e+00
2.861676135050736924e+00 1.448499608375091841e+00
2.953359514411614040e+00 1.518559440827217832e+00
2.944584680143784272e+00 1.503724870693962323e+00
2.970061278020440287e+00 1.569911987850027169e+00
3.081149061381529997e+00 1.643190367381796690e+00
3.029143333450640352e+00 1.570793134101757582e+00
2.944432243904460567e+00 1.519670895235453179e+00
3.002281297195565468e+00 1.558015221420351315e+00
3.121622626463119055e+00 1.636043161861862494e+00
3.034360534786869845e+00 1.572520272892539595e+00
2.959962115916436431e+00 1.526523029349750260e+00
3.034247908956093642e+00 1.577601378701681822e+00
3.100550378363430948e+00 1.631109842954278522e+00
2.908254471277807340e+00 1.526965301900621741e+00
3.045940862895004209e+00 1.609419385305038919e+00
3.149565121792484490e+00 1.618555943086902760e+00
3.008459473011137142e+00 1.624229378431055970e+00
3.025644378644421817e+00 1.586118089846998203e+00
3.006852058231329838e+00 1.541497893325214363e+00
2.872244315055471731e+00 1.472843524420324846e+00
3.078686193300470109e+00 1.656969006631771268e+00
3.007888611269787571e+00 1.569735889566397535e+00
3.093918748945025943e+00 1.647664892750851484e+00
3.140894686086495025e+00 1.591803238095661932e+00
2.988337490605501134e+00 1.585739944208128582e+00
3.022768659967506544e+00 1.561829105283642383e+00
3.101794746759349852e+00 1.581331996537760132e+00
3.308963542501593746e+00 2.076370576308398164e+00
3.039600745963879191e+00 1.602296618363767911e+00
3.036625639182549907e+00 1.664721379900617526e+00
3.043520925071824923e+00 1.453949102661042492e+00
3.083683956722502728e+00 1.617072988329108396e+00
2.913173381055933486e+00 1.488838488558163808e+00
3.083105203207943124e+00 1.693419059863081833e+00
3.197122337600609487e+00 1.867517862768492076e+00
2.898145639326712875e+00 1.488724049552887729e+00
3.079764513301812556e+00 1.613959849298558069e+00
3.040942220888257719e+00 1.631858312658047261e+00
3.237958671999388471e+00 1.877303182446096397e+00
2.888542160466331943e+00 1.388250197955800402e+00
2.991120276354258145e+00 1.649160121986967154e+00
3.019530766352747975e+00 1.592593243107960355e+00
3.052998496746603063e+00 1.626500821071475089e+00
3.045310196330321073e+00 1.533600164370342522e+00
2.948689912458068996e+00 1.553917234521048352e+00
3.003128304224871759e+00 1.536610279433860526e+00
2.991071068625849705e+00 1.577458247548318093e+00
3.052796724209364765e+00 1.650989106974501741e+00
3.107800047414253086e+00 1.693130532181990944e+00
3.000939057231438944e+00 1.550257574776097158e+00
2.927556936651687813e+00 1.445898065611219252e+00
3.016410823238097727e+00 1.613355761526010568e+00
3.072252591886243778e+00 1.673602243964940284e+00
2.937650997762652594e+00 1.491754671861429182e+00
2.853980077542451976e+00 1.435726777614023231e+00
3.040839125542040833e+00 1.637741057161316904e+00
2.912580757282788646e+00 1.528865209755549515e+00
2.782238538437638464e+00 1.475448860869815748e+00
3.053008987756269832e+00 1.490565048746738563e+00
2.875485143888002249e+00 1.500420534680470430e+00
2.979845085423953766e+00 1.592958772133449941e+00
2.991833757360915946e+00 1.553326182880641948e+00
3.099756855855943627e+00 1.682814024796592811e+00
2.876534826923453192e+00 1.570954331522752989e+00
2.814834164609038680e+00 1.443361523288136272e+00
3.181727957172149956e+00 1.808746571382306545e+00
3.001148621358783242e+00 1.496508933693892596e+00
2.935250436218020731e+00 1.527573513816851136e+00
3.001168599362868949e+00 1.696604177964436078e+00
2.962189084831873931e+00 1.554881225283577972e+00
2.973841897111868082e+00 1.646826978703570976e+00
3.036820046168281273e+00 1.599438004727703477e+00
2.982992644283434025e+00 1.620457441090039197e+00
2.933116941374372288e+00 1.552720284358972025e+00
3.007435803453064160e+00 1.618113861432790346e+00
3.084197178060546385e+00 1.693749636255448499e+00
2.993084893604527341e+00 1.523432945731893806e+00
2.974178604088858702e+00 1.526972524627934424e+00
3.047066214168357323e+00 1.636789468683129911e+00
3.087916725266246054e+00 1.679945452433827091e+00
2.989684934251667148e+00 1.639678987927827958e+00
3.100768976375522179e+00 1.669880153544283541e+00
2.895575169913478852e+00 1.478487947027891325e+00
3.025231149040298551e+00 1.623667763006092057e+00
2.979004257533757194e+00 1.551734312100726321e+00
2.981850394033792817e+00 1.543116479275093100e+00
2.991617706148804512e+00 1.507085837613663104e+00
2.988661320279703215e+00 1.549747455255417572e+00
3.070192757401254635e+00 1.688604489588794610e+00
3.013166641199842122e+00 1.615337158322156741e+00
3.064496485928717817e+00 1.645334816966505409e+00
2.932221316519878052e+00 1.509474596858030981e+00
3.092722535509000892e+00 1.743053580187458262e+00
2.967343943648506954e+00 1.578588892358473661e+00
2.926451938759673244e+00 1.534678702547778828e+00
2.816010608678163329e+00 1.459857362326848262e+00
2.964658265267007931e+00 1.591172814671664604e+00
3.058116244006970685e+00 1.678062015712954214e+00
2.945398787101452864e+00 1.563230103834408080e+00
3.045094346463664614e+00 1.631799777000760621e+00
2.836261032499153067e+00 1.459034601840185630e+00
3.072383017669861882e+00 1.616266290153340224e+00
3.047693957832805278e+00 1.628724857965762052e+00
2.988637148245039121e+00 1.602543186586769419e+00
2.988679293291441663e+00 1.549784438380301665e+00
3.102239676536685309e+00 1.698950533543461372e+00
2.979014544122127628e+00 1.629788723913807580e+00
2.863334680086853545e+00 1.517414084735705382e+00
2.986901197019992793e+00 1.616023134604204659e+00
2.887726603556654670e+00 1.585270095440202809e+00
2.947173536306785024e+00 1.475924010353453664e+00
3.155961539032613228e+00 1.773157966231505567e+00
3.022954764632348024e+00 1.665217067703501197e+00
3.112793423737390430e+00 1.647994011232412293e+00
3.050188565201559676e+00 1.684265389062719498e+00
3.004158645955474327e+00 1.564028112908549595e+00
3.091164086170953507e+00 1.660503495080505543e+00
2.973139598102697345e+00 1.512362619860234680e+00
3.036986721894753050e+00 1.533142088337756448e+00
2.956061829513401129e+00 1.582404012563220164e+00
3.012404943585818895e+00 1.564878015983191428e+00
3.089881349174842473e+00 1.657543762770212314e+00
3.156150962050081166e+00 1.679795156366111097e+00
3.340689533613605544e+00 1.907182438077152931e+00
3.139852378482410611e+00 1.628616561133579665e+00
3.024036685762556242e+00 1.710584526426085272e+00
2.987749031711630643e+00 1.574734413459007554e+00
2.998106196647607913e+00 1.639840070507742720e+00
2.982418926373649803e+00 1.559124923286847375e+00
3.026865638760324551e+00 1.580048125340447696e+00
2.991606851362411668e+00 1.551302250147652773e+00
3.005535211303802079e+00 1.596091429543598395e+00
3.034618115559167606e+00 1.662983714906886901e+00
3.109375731309647950e+00 1.673404223534223245e+00
2.944682105998743804e+00 1.507764941621777322e+00
2.980288033250515500e+00 1.520441361248668466e+00
2.890724751860292763e+00 1.443271605526174506e+00
3.031869758733447107e+00 1.508791206947638575e+00
2.965445461628960722e+00 1.555408614744345552e+00
2.974557024290122698e+00 1.574415827972893478e+00
3.147237913669326925e+00 1.741787935727422409e+00
2.903559330624667201e+00 1.539933007417631172e+00
2.956480846063501033e+00 1.538187640841642612e+00
3.039024278836469417e+00 1.622739496681322668e+00
2.982466800558163822e+00 1.576228664444762284e+00
2.880725774873611478e+00 1.447065864928980927e+00
3.238434433011510016e+00 1.782017205434279772e+00
3.089856551323058031e+00 1.653384380916526064e+00
2.866298564182941266e+00 1.513467688355395024e+00
2.957261258414023430e+00 1.522933523248326537e+00
3.050670821233480989e+00 1.668824558358981358e+00
3.001434569540927466e+00 1.553111279185761973e+00
3.094173864909356197e+00 1.591928272839103320e+00
2.943610705775202785e+00 1.540327644157394982e+00
3.024903814986049877e+00 1.640481651884543535e+00
3.019935421046391788e+00 1.565714408933447821e+00
3.134234097955181930e+00 1.726959545974426247e+00
2.974339180529520288e+00 1.504957662733156898e+00
2.893024259202098047e+00 1.507955604304553887e+00
2.905105209314336800e+00 1.541370656141794804e+00
2.995170706933795834e+00 1.655222918000790244e+00
3.013908478997739948e+00 1.512175350345154934e+00
2.975920749567713131e+00 1.565645181862370450e+00
3.005660774050447070e+00 1.677227528827200054e+00
2.971839183275474916e+00 1.561374842010205821e+00
2.997466152064653500e+00 1.556327863307157111e+00
2.974312935233634381e+00 1.507679765543497252e+00
3.047490646837383466e+00 1.582841205324629685e+00
2.998778053990395431e+00 1.579677556879125033e+00
2.963151403040359622e+00 1.615021729174590970e+00
2.989044030722958212e+00 1.612633801523431387e+00
3.080282408516902937e+00 1.595558845839511575e+00
3.003054995466281518e+00 1.553836163884098731e+00
2.911469460920540708e+00 1.553255677693074821e+00
2.913398832911829217e+00 1.542826295501466438e+00
2.984657703421817576e+00 1.475299239139178598e+00
3.025700829779653045e+00 1.607104687968545775e+00
3.003222555441216635e+00 1.591404036151810253e+00
2.994400380344525381e+00 1.566584003106344269e+00
2.991117989264367782e+00 1.630019876774671195e+00
2.973889533702126720e+00 1.609125571396783583e+00
2.973398485141089065e+00 1.540381182952916816e+00
2.951461425894971402e+00 1.460828883155981472e+00
2.875548006364143649e+00 1.481720876427200739e+00
3.005136507184682948e+00 1.526722027193769149e+00
3.060096738949035444e+00 1.524679599657338791e+00
2.936199735889527318e+00 1.476663975608401902e+00
2.973102065818336914e+00 1.587878411121965039e+00
2.999625382833879250e+00 1.553686398648405964e+00
2.962206549428121338e+00 1.526817308167057297e+00
3.117677075962002942e+00 1.657045604256928373e+00
3.010806178344599626e+00 1.473459428924016823e+00
2.996513180144325883e+00 1.582288365934441554e+00
3.045099640540227082e+00 1.644752568020190653e+00
2.945935461633687691e+00 1.496193208394067442e+00
3.038674898115864664e+00 1.565690469886023894e+00
3.083761095086895665e+00 1.591878291546968915e+00
2.997201534016268543e+00 1.532470441144865525e+00
2.881127061320211791e+00 1.517931129704112037e+00
3.032587643967866509e+00 1.648200749347078053e+00
3.032335865006597242e+00 1.598904943254785493e+00
2.951656587734909909e+00 1.478670776009131105e+00
3.059387350483103063e+00 1.667934841509658872e+00
2.956371328893693029e+00 1.605719082100614425e+00
2.998001099831769434e+00 1.555156134187097416e+00
3.075807304363308070e+00 1.669734833074370206e+00
3.179358758520159256e+00 1.816577042091606975e+00
3.117606878050469543e+00 1.680285583062503862e+00
2.964474001123212243e+00 1.579513179634415732e+00
3.037690302282429311e+00 1.580354691135008816e+00
3.439489564218759288e+00 2.167294695094693857e+00
2.952468952397824253e+00 1.572389145576869263e+00
3.033852392281513044e+00 1.577066358873280727e+00
3.043452069269250604e+00 1.662820890752401803e+00
3.049338668271334818e+00 1.592384498334752374e+00
2.951247432768593804e+00 1.591422839730081140e+00
2.933822073168557587e+00 1.464319860929669703e+00
3.006539988114543593e+00 1.502774740746510407e+00
3.046708931165291290e+00 1.613850376438822343e+00
3.147954497286466147e+00 1.765516119439039189e+00
3.241124016466523372e+00 1.772152348238663633e+00
3.082488563232951950e+00 1.697569089285779764e+00
2.909198068288591177e+00 1.507621044651962672e+00
2.952588019149649856e+00 1.540982477969243369e+00
3.070411300725141235e+00 1.670185462497874251e+00
2.985150816421256792e+00 1.554357256506333718e+00
2.936627861352090196e+00 1.514965220025792592e+00
3.143227140118597163e+00 1.635444689604840685e+00
3.017324845304101277e+00 1.570536310735025864e+00
2.961909615973750576e+00 1.581063479748811007e+00
2.964308679371697508e+00 1.534595297681279114e+00
3.051338680987654151e+00 1.589338660500334344e+00
3.113456099187345671e+00 1.651908269520750316e+00
3.128071730659279570e+00 1.720117548408111485e+00
3.012996793570471787e+00 1.626022941494838836e+00
3.035137601961853004e+00 1.647537654481234126e+00
2.913081661563007074e+00 1.560202624594211995e+00
3.000322840546734593e+00 1.516850150573838762e+00
2.964155108755463619e+00 1.528803898451156051e+00
2.926242170413805077e+00 1.493378265027138108e+00
2.894441084258401631e+00 1.449303416620578933e+00
