1.986398736296969947e+00 6.021289307475927721e-01
1.537091025654334420e+00 3.889358992342963894e-01
2.040305420961593175e+00 5.848128685003024518e-01
1.996165215880767008e+00 5.795423431655034596e-01
2.031536727974090795e+00 5.878090705630001356e-01
2.092976071438512164e+00 6.176600929638639270e-01
2.023924172005095112e+00 5.798601587599079288e-01
2.029210437921314725e+00 6.303522041353123440e-01
1.979902048737887110e+00 5.680707081858265006e-01
1.883099713926410512e+00 5.291677902407529999e-01
2.714852474959625450e+00 9.879164163260909515e-01
2.171279095727259190e+00 6.727380472057188365e-01
1.502128591377325684e+00 3.649795286297112251e-01
2.032512931940088752e+00 5.792409824617760217e-01
1.503728622421417249e+00 3.748566738059363468e-01
1.949957902943236121e+00 5.486049748824526340e-01
1.480737443470834691e+00 3.576823307433362742e-01
2.703255756742668048e+00 9.832974892372027265e-01
2.150603955504363896e+00 6.269281323352560165e-01
1.982371868561599193e+00 5.645378690687694601e-01
1.918563597152629141e+00 5.678175670686393950e-01
1.539878386803321231e+00 3.794903912086514675e-01
1.870449118472035099e+00 5.389995640000388999e-01
1.995517762351112667e+00 5.643791552008653456e-01
1.987284594943595994e+00 5.651024362551699820e-01
1.991666039529375709e+00 5.695651258481897461e-01
2.087985878199736245e+00 6.190215691744707094e-01
2.037161358146353685e+00 5.886933264575944236e-01
1.628076679744246302e+00 4.168299583009899556e-01
1.530011052057028920e+00 3.695218710693211062e-01
2.069863496764206445e+00 6.224131390451532742e-01
1.529657801453783827e+00 3.830971050707268621e-01
1.560994069834352738e+00 3.714836754978342315e-01
1.587420732541444224e+00 3.920155899550274436e-01
2.076040219163264311e+00 6.082704685082697127e-01
1.992787108438778487e+00 5.759174793726986596e-01
2.008137318629543255e+00 5.972892788942674169e-01
2.020068807480507989e+00 5.858858050679847107e-01
2.403838665178034795e+00 7.739619420596864918e-01
1.994329335685291804e+00 5.647782147287738752e-01
1.962966364908367511e+00 5.730110567423030155e-01
2.048401589789638155e+00 6.221192337995270494e-01
2.028822678700214599e+00 5.833311132943965749e-01
1.586025462891293314e+00 3.906785930265941342e-01
1.537227555005412416e+00 3.679822090492477216e-01
1.548500670839744631e+00 3.908477950281473157e-01
1.688590324045243118e+00 4.399355885396254995e-01
1.952852914810377705e+00 5.884791303785373850e-01
1.543688067263572439e+00 3.661559984512969268e-01
2.029758255413076196e+00 5.943506971170373632e-01
1.575446634392800194e+00 3.941252368744888601e-01
1.543905258567746408e+00 3.714239663897772048e-01
2.002302200905238472e+00 5.783138723567485817e-01
1.761746478482496547e+00 4.548057303823567210e-01
2.097391780855445642e+00 6.253889572982851419e-01
2.695778887270130930e+00 1.018234073960347486e+00
2.153693139171942050e+00 6.406826565449361688e-01
2.658570114793465500e+00 1.013420379955985995e+00
2.046529489201866170e+00 5.916480206167610278e-01
1.606910654988164655e+00 4.014421617613552207e-01
2.091210144896182843e+00 5.995544236578234099e-01
1.536654477631136162e+00 3.694043130555386134e-01
1.988884939350196168e+00 5.810768653542789375e-01
2.108733051866932939e+00 6.342432218317601844e-01
2.030651247580427921e+00 6.011824453077053709e-01
1.557448889027337025e+00 3.805004944998373606e-01
2.064960967244954926e+00 6.240578660197053651e-01
1.475805124252257627e+00 3.606668409313849022e-01
1.697437923931315318e+00 4.262356833184274274e-01
1.489903309496089845e+00 3.572832496049823114e-01
2.007631121057951606e+00 5.903493922942965044e-01
2.721591618568767412e+00 1.021905124502231255e+00
1.986870116139081599e+00 5.740007889439160405e-01
1.522305721071040452e+00 3.926409025147532539e-01
1.946442835764618184e+00 5.395353918658626347e-01
1.505049790727162273e+00 3.634679240725570137e-01
1.939995722496855590e+00 5.423790332530952218e-01
2.126965394029355583e+00 6.407390777543642280e-01
1.546998275468936201e+00 3.906825845652263096e-01
2.039746462863126109e+00 6.348515879090839142e-01
1.495870305451814763e+00 3.603781061871735858e-01
1.600409115395553528e+00 4.148326795052155735e-01
2.141916666459172003e+00 6.936164694285249510e-01
1.429190588576932930e+00 3.475798485521082726e-01
1.948178977546819901e+00 5.632091432121039132e-01
1.918655563618789195e+00 5.317539406312427053e-01
2.049103403077054519e+00 5.732317621068427904e-01
2.744268229034706685e+00 1.066585260421701875e+00
1.491752680133275222e+00 3.671562649819962165e-01
2.460967510309062245e+00 7.903263854546718203e-01
2.723252666866069038e+00 1.045969026626591525e+00
2.073973766245070571e+00 6.339752292653426657e-01
2.049865077987763851e+00 6.316029338857714892e-01
2.036025092933386738e+00 5.932102240156781336e-01
2.015389396643827435e+00 5.954101965121647577e-01
1.949640775704756024e+00 5.561040026399586278e-01
2.012384742200128862e+00 6.007123279599722032e-01
2.041429756208057889e+00 6.142307639421494825e-01
2.582969614562588223e+00 9.055970945573462716e-01
1.514892992227875324e+00 3.782296404758480612e-01
1.775426376003643725e+00 4.970031042774072372e-01
1.973215186842709912e+00 6.143795774537277321e-01
1.966276119475613759e+00 5.633622735850593033e-01
1.602707156615619688e+00 3.893040930802728061e-01
2.028762039621021085e+00 5.993848667609341652e-01
1.929704041638059087e+00 5.450210965860123880e-01
1.490174106809822208e+00 3.603096687867122783e-01
1.995176269914926026e+00 5.838291864426459199e-01
2.025594872515662725e+00 5.780294226415026992e-01
1.623764142302440261e+00 4.106071711262010981e-01
2.074282111946719187e+00 6.310879353942279169e-01
1.579856868663899183e+00 4.012059754845113124e-01
1.912462157637122351e+00 5.477945749887540572e-01
1.960466695132523807e+00 5.957625599889551093e-01
2.043471429650553617e+00 6.017123823138584848e-01
1.992699892681197849e+00 5.897340267250937851e-01
2.057535780619736965e+00 6.052084876378820422e-01
2.026614827286332243e+00 5.867058065062007444e-01
1.626482463510928955e+00 4.216123773773851058e-01
1.620548482623245024e+00 4.108716443960102604e-01
1.947049949351059794e+00 5.612610551556165284e-01
1.978328102206430072e+00 5.841175952211867806e-01
1.988099668406571929e+00 5.461563951335927092e-01
2.076452936387679138e+00 6.278886717747016455e-01
1.951855890116568126e+00 5.628121411590141232e-01
1.576429821064592840e+00 3.732485479367542158e-01
2.001657800732797199e+00 5.664968535512950876e-01
1.602366621787228773e+00 3.950463056664665351e-01
2.020352510625709641e+00 6.015207243453819519e-01
2.038139029753652576e+00 6.043628617800166358e-01
1.491964742477005501e+00 3.658400231041732398e-01
1.996834747020797662e+00 5.819569136410098764e-01
1.989442999029257253e+00 5.675714227364477837e-01
2.009184806455720285e+00 6.097689846554378290e-01
1.606963246675065848e+00 4.005321498775498701e-01
1.523308310166875845e+00 3.644771534852919714e-01
1.957863203316613454e+00 5.506265780009912403e-01
1.575673742583371562e+00 3.912359806663924799e-01
2.046597733334087899e+00 5.886065165914082797e-01
1.617499994272768138e+00 3.968458491113805442e-01
2.002618660156620489e+00 5.822824977359203347e-01
1.547368276749387705e+00 3.766775064920681593e-01
2.024827153569868088e+00 6.149552424029305353e-01
1.960655045784607919e+00 5.635305935715495540e-01
2.121856289922434691e+00 6.187180542134061989e-01
1.941378079751456154e+00 5.584167870827377866e-01
1.975284264146180968e+00 5.763418613635131749e-01
1.425606578008986380e+00 3.468770600306257390e-01
2.098379971036214986e+00 6.295417584300838643e-01
2.041787984820006230e+00 5.958799730176187470e-01
1.958708579940404260e+00 5.893226039303514074e-01
1.540189467035467441e+00 3.781975886036631485e-01
1.818860031666774235e+00 5.030663583461217891e-01
2.019489765927634295e+00 5.937008885326694463e-01
1.858479860118527283e+00 5.043585163974916297e-01
1.971821948729886476e+00 5.952056803183185529e-01
1.992778228535454499e+00 6.077060084799534856e-01
1.536701404957905970e+00 3.865636287374645819e-01
1.992328245409950460e+00 5.910832283169936696e-01
2.077288274876380125e+00 6.244149960604117311e-01
1.480987513620229068e+00 3.714354823828244223e-01
1.949649393087495186e+00 5.840298972561271951e-01
1.551222304464159762e+00 3.798993435237537075e-01
1.973212647400800268e+00 5.689684927809975923e-01
1.515787248891243832e+00 3.779927552320944684e-01
1.962312354650391555e+00 5.295013957180703112e-01
2.014102126432968376e+00 6.022673291845134225e-01
1.903674172263880360e+00 5.590863927940218359e-01
1.601742765754232911e+00 3.721873985263822182e-01
1.743781626057764766e+00 4.663753991904636131e-01
2.673956377670863027e+00 1.014122271192091862e+00
1.548800051584484860e+00 3.801596315497190459e-01
2.053707070677044833e+00 6.112966899689169509e-01
1.490781310602677046e+00 3.757380789817565403e-01
2.049192904328841269e+00 6.036936336508591516e-01
1.527735445550310267e+00 3.687506139626308133e-01
1.956091774304060671e+00 5.466256044828926575e-01
3.301075696038921592e+00 1.604212005105968508e+00
2.142662957842357052e+00 6.735860474223765992e-01
1.522534440454115012e+00 3.740780800277508922e-01
1.575947142496158859e+00 3.949721409358499247e-01
1.846045140614945179e+00 5.378871228794251946e-01
1.987357346769645705e+00 5.870627875411043028e-01
1.825538890440326467e+00 4.894318755555450151e-01
1.997020200956170832e+00 5.899052671954637672e-01
1.964426214401136628e+00 5.876784209556743521e-01
1.593602195782331199e+00 3.898694112887293728e-01
1.968468308889653962e+00 5.801549908480591045e-01
2.042193642506691109e+00 5.790139451027450646e-01
1.998891559974873555e+00 5.779627608630424351e-01
1.956305873155656405e+00 5.793409448744021306e-01
1.521449469782076180e+00 3.640306582273355462e-01
2.139447860642024413e+00 6.603494571221099063e-01
3.191362928675838706e+00 1.513305118519920223e+00
1.523584378826085217e+00 3.804257424072723381e-01
1.917673045290937628e+00 5.521615602983630522e-01
2.080173599241469606e+00 6.073372473313439768e-01
1.566476847953228724e+00 3.896860794973849296e-01
1.991987092521531277e+00 5.913236631911549246e-01
1.600363224099738968e+00 3.869652930601868435e-01
2.002994933376829323e+00 5.846284398491080614e-01
2.074057172114195158e+00 6.051044764663020548e-01
1.975197946656613412e+00 5.959916801259007579e-01
1.561337590424913602e+00 3.858155489926033965e-01
1.707833878262142280e+00 4.376896390329637621e-01
1.942279312277328307e+00 5.620823050898113848e-01
1.510555794941667695e+00 3.568527048700412263e-01
1.980751087710761693e+00 5.722803793865830491e-01
2.876765728344798934e+00 1.238922133008456994e+00
2.699513381406006385e+00 1.013000585602495285e+00
1.462992032479023985e+00 3.599840218516712209e-01
1.655869414532691097e+00 3.991582523687368655e-01
1.882948253498406777e+00 5.210441344829254140e-01
1.975470548460129150e+00 5.744999037045712686e-01
1.510362983309430529e+00 3.753304782233132797e-01
2.092470137261031482e+00 6.137793278375127670e-01
1.545750594901476704e+00 3.859934766884795532e-01
1.548531089969371388e+00 3.968601795916477659e-01
1.914031885124903187e+00 5.186292384071685690e-01
2.071115119265378723e+00 6.043684890391401998e-01
2.110213476704299040e+00 6.257718665914363543e-01
1.650793958975066422e+00 4.223802158874443990e-01
1.506553102189323257e+00 3.685997504577321338e-01
1.528963113527645801e+00 3.691699559102580297e-01
2.021246974759946635e+00 5.880699153869728413e-01
1.527218030705138840e+00 3.701728631650440526e-01
2.018396087059988186e+00 6.035327934282547213e-01
2.031476136322456494e+00 6.076693938115088622e-01
2.694267306834750464e+00 1.044049008687905733e+00
1.562873100787099956e+00 3.924915462826538137e-01
2.065727926437586071e+00 6.562867085374243237e-01
2.088622311258900410e+00 6.336536676820170300e-01
1.969202317496951071e+00 5.720341135099331620e-01
1.520714706679808792e+00 3.738480186875280942e-01
2.265636164803176200e+00 7.027685096842458679e-01
1.770046415671020723e+00 4.781728889404206484e-01
2.011532532484647362e+00 5.824655677174239710e-01
1.512858400614137455e+00 3.613862233227167486e-01
1.519962934657633991e+00 3.689641842217357692e-01
1.954437606365130309e+00 5.587014630645465996e-01
2.257373257643890074e+00 7.252346246458087897e-01
1.792732832825541633e+00 4.686516954957783421e-01
2.113895067525927818e+00 6.107189102918988421e-01
2.705007409306825039e+00 1.034573138811326620e+00
1.598401231023321989e+00 3.897211052072189763e-01
1.636449664835736506e+00 4.114649247167515567e-01
1.573541443741642398e+00 3.842421180403586267e-01
2.087856792247626547e+00 6.691473622871237925e-01
2.049280922026306406e+00 5.993150688868539300e-01
1.881875073472141002e+00 5.397350265804928826e-01
2.792790801876591456e+00 1.055703987472096150e+00
1.943077799954807894e+00 5.905645368970473541e-01
2.070196137299586958e+00 5.996078233792611067e-01
1.965539833699142758e+00 5.780514671765283330e-01
2.798272032406333043e+00 1.056912317910966737e+00
1.546685770316092334e+00 3.681753286111885681e-01
1.487314520958432640e+00 3.628038424280237151e-01
2.602865949053316807e+00 9.555944584772588790e-01
2.030021944399467149e+00 5.964875436169166933e-01
2.044964793610785758e+00 5.757810843587884975e-01
1.822445218064241867e+00 5.231253604410841529e-01
1.599656396122318247e+00 4.063269977258363030e-01
2.085878693415761820e+00 6.069181643697472150e-01
2.122516531875116463e+00 6.565401577978111636e-01
1.999758003628352432e+00 5.763478097826786328e-01
2.066081004223177420e+00 5.957499853779278931e-01
2.137116011159707174e+00 6.395521323556310200e-01
1.785301291221098596e+00 4.647086545837912919e-01
2.018412052920850464e+00 5.892729118526081056e-01
1.899854483908806291e+00 5.475468214634197084e-01
2.056756097232582903e+00 6.296179415645848376e-01
2.009242973768700757e+00 5.623757104402196116e-01
1.494307704789659796e+00 3.673808507002221391e-01
2.489999406259197912e+00 9.102578576678223010e-01
2.068486411304698347e+00 6.020546183822652608e-01
1.608439322092668933e+00 4.088051486496847020e-01
1.501553814582387458e+00 3.591337658831078028e-01
2.725197532275654755e+00 1.016118537818377243e+00
2.868541284221373555e+00 1.083444365264569331e+00
1.921976966216182303e+00 5.596342974993373520e-01
1.614618460615577344e+00 4.073879916293776104e-01
1.658412940550346493e+00 4.265254927808896368e-01
2.044048716235172591e+00 6.011451002436909441e-01
1.733138284509830429e+00 4.640071560857221278e-01
1.499150396543597275e+00 3.509007087205504027e-01
1.946676663587399769e+00 5.802100718597646978e-01
1.973664735261599912e+00 5.544496428666373378e-01
2.041834769620736623e+00 6.013557982580185479e-01
2.054441262254527611e+00 5.982991222182121316e-01
1.488038973801800502e+00 3.590965917384841277e-01
3.121902224445866736e+00 1.381939081455664464e+00
1.482739463013023062e+00 3.716575015018170336e-01
1.515447541093235762e+00 3.964134326990699231e-01
2.945862904234738178e+00 1.311540064414716378e+00
1.545989689922029342e+00 3.720208074800621656e-01
1.549249427037233895e+00 3.806432047294551757e-01
2.020620418379311722e+00 6.107296450151007416e-01
2.093232989920349230e+00 6.343158958140683312e-01
1.478049667035898684e+00 3.704494157583691494e-01
1.470761702240422242e+00 3.577811350076783858e-01
1.599985851223217015e+00 3.868842245986813810e-01
1.623205734055314320e+00 4.080522776706479449e-01
1.504427121051761018e+00 3.904665584600677808e-01
1.911691698782706839e+00 5.699787400409129789e-01
1.947969402371523051e+00 5.682854403546190314e-01
1.992175711682089956e+00 5.848802036875740962e-01
1.988235390139001302e+00 5.743733065672810278e-01
1.943009393771312432e+00 5.462426310984943578e-01
2.018033099763452576e+00 5.962766009430048308e-01
2.056122738603175737e+00 6.109438846692977210e-01
1.975345377442913053e+00 5.565575999453395983e-01
2.105717372756829242e+00 6.165134904170082031e-01
1.913763400369187462e+00 5.383404714630332100e-01
2.026515131185034679e+00 5.855288776188252164e-01
2.038221458858499258e+00 6.066609382347576407e-01
1.521044304243847289e+00 3.706283448520050205e-01
2.874415292997166027e+00 1.204419202824865476e+00
2.037657908594596723e+00 5.775604253631346774e-01
1.536994451786891869e+00 3.803187605709369423e-01
1.468938307758666628e+00 3.596584058364719616e-01
2.367911836839287965e+00 7.486442708383297395e-01
2.008106201465078566e+00 5.990486080220270848e-01
1.948011025454031930e+00 5.718271226292631626e-01
2.097777600319385538e+00 6.020590707595525615e-01
1.594292963100991223e+00 3.834677734429187690e-01
2.005656706365738007e+00 5.850232053444867075e-01
1.910446069197770713e+00 5.300972612596586142e-01
1.832002334301210622e+00 5.091078394908067350e-01
2.030112778793380368e+00 5.948245220193618676e-01
1.808739857407767326e+00 5.011272960669728160e-01
2.016221870827615170e+00 5.960707411109384957e-01
1.504862278446782664e+00 3.685426759859491419e-01
2.652612810432557033e+00 1.002660169396054846e+00
1.565805817648933118e+00 3.898445786602089402e-01
2.043726903623310776e+00 5.927580211848569869e-01
1.775422154953064435e+00 4.610271508156856823e-01
2.084756622945266535e+00 5.973342842765555494e-01
1.867637128095839483e+00 5.496762865417503807e-01
1.939256901119297272e+00 5.849035653801126777e-01
1.999360653456555337e+00 5.796942831885599778e-01
2.174380788971656209e+00 6.295341556794645799e-01
1.985372456918049755e+00 5.884711730003618912e-01
2.517757646345246236e+00 8.494178041440849647e-01
1.973892228438575591e+00 5.909075070557965326e-01
1.988669623405952880e+00 5.829692261980666812e-01
1.459631162747826449e+00 3.504667238287319520e-01
1.465767053346143101e+00 3.544615354908841609e-01
2.019332726781631671e+00 5.791207691966689941e-01
1.695751567791803804e+00 4.413557757212414612e-01
2.204622569576824009e+00 6.695615909615351136e-01
1.905490685211604696e+00 5.509614488528753462e-01
2.052917465263700336e+00 6.087901791886093372e-01
2.259708036324360680e+00 6.836287038487168788e-01
1.525002156919306406e+00 3.777665653251973676e-01
1.483916405219281920e+00 3.535975130834826952e-01
1.970647736721913734e+00 5.600784050729974428e-01
2.074912668781085490e+00 6.182453017864626421e-01
1.445893882493883842e+00 3.355841944603629168e-01
1.524462315504594212e+00 3.730978556670268564e-01
1.569258779294577355e+00 3.973380966030537476e-01
1.690514140304648194e+00 4.190664122156764204e-01
1.948833276742834908e+00 5.399152254728190048e-01
1.990582456822280299e+00 5.760546191018270923e-01
1.487787851158454577e+00 3.616770609225574695e-01
2.078795775675533086e+00 6.023302597957471693e-01
1.967109842134238784e+00 5.636940576768511013e-01
1.892515854126337826e+00 5.453394841608159016e-01
2.133057680079611274e+00 6.309198096997904459e-01
2.931473265927958760e+00 1.206928094585877131e+00
2.082481606583967970e+00 6.115321493673685493e-01
1.553485766500454668e+00 3.907007504757176175e-01
1.636750807281569742e+00 4.127215304522618977e-01
1.958023862153190464e+00 5.849624550947799539e-01
1.959591716270329353e+00 5.733113246307749433e-01
1.960349879239572157e+00 5.866004628547675237e-01
1.575035175286325195e+00 3.852517278725425265e-01
1.939376217380116341e+00 5.685478235988378204e-01
2.085060937432728689e+00 6.209180006351777692e-01
1.879200627259905332e+00 5.124296982871381356e-01
1.607883526644547922e+00 4.111945558498127373e-01
1.573668240024859388e+00 3.896471607532705494e-01
1.520078880756661865e+00 3.806194873899306219e-01
2.099584610955071540e+00 6.165115369699780690e-01
1.970665800272948687e+00 5.658655476516867289e-01
1.929748739259351087e+00 5.505468234104274883e-01
1.633708976667256563e+00 4.114711332387266385e-01
1.561588323831256675e+00 3.884006252057145558e-01
2.039152587236109593e+00 5.871717707018686561e-01
1.974254447588928540e+00 6.018881899685553094e-01
1.547964399002452751e+00 3.740564827169780004e-01
1.583783369800532137e+00 3.839530930950002530e-01
1.631842950503729739e+00 4.377327065878687806e-01
2.085355357087214312e+00 6.192206363509072942e-01
1.677994450899239487e+00 4.458377734564230033e-01
1.487992688823623233e+00 3.665163426606916075e-01
1.597379217302593801e+00 4.033780671631457260e-01
2.010171333615906164e+00 6.161029197090127640e-01
1.974006864150492868e+00 5.601044770161518471e-01
1.612388869668173186e+00 3.832296263638018119e-01
2.138889858068448557e+00 6.392324496794595801e-01
1.941220716991272077e+00 5.576660389590719635e-01
1.691038067237490505e+00 4.314953309670589987e-01
2.019064255733563851e+00 5.791568546697620778e-01
2.006089420598113016e+00 5.673236026416703659e-01
1.567724040924554529e+00 4.030315064437151040e-01
1.520446229611583489e+00 3.635573649557737874e-01
2.001677223171266728e+00 5.997571008118802727e-01
2.109485721518513657e+00 5.969807197163300438e-01
2.195900941016811991e+00 6.928395633044676094e-01
1.980612613440331904e+00 5.844014282001184224e-01
1.522054187198773167e+00 3.882930015546200986e-01
2.012029201566138958e+00 5.983760770174694210e-01
2.020395935372951701e+00 5.778352967620801195e-01
2.376090543865768456e+00 7.698231771507537680e-01
1.905166920913270223e+00 5.632541952187539724e-01
2.000534962717560816e+00 5.899484415348260624e-01
1.966136122985860046e+00 5.526900237882592659e-01
1.918804615375118594e+00 5.526692903828903658e-01
1.563474656956776121e+00 4.006416168778544340e-01
1.570340335261295905e+00 3.896238239837089834e-01
1.934139724428971752e+00 5.397094931502877113e-01
1.480448534085843981e+00 3.627786380729549065e-01
1.979563424433736119e+00 5.779021627071045941e-01
2.153637937091235077e+00 6.751696397952795525e-01
1.630737156072413541e+00 4.195333146350397890e-01
1.490610485256423257e+00 3.582583195590116065e-01
1.787452288844157744e+00 5.177818713111642657e-01
1.530687742846714272e+00 3.607105500217990812e-01
2.260616838021332509e+00 6.926965388574171101e-01
1.846834424039310862e+00 5.241856624830882883e-01
1.498831281516157077e+00 3.730073632887178636e-01
1.945677830406371989e+00 5.456827053296777752e-01
1.972128660304128589e+00 5.843198816061320189e-01
2.063785323324283993e+00 6.187649071993722716e-01
1.636803637139284451e+00 4.364518843272232607e-01
1.992181390150812748e+00 5.865596901273536501e-01
1.577358011379011327e+00 3.693138023799881209e-01
1.574961512135557129e+00 3.839407054932623686e-01
2.109384539466464759e+00 6.184875484307003068e-01
2.079518414834399920e+00 6.248721918089660265e-01
1.675794909365980079e+00 4.453620941525590071e-01
1.645996803452898671e+00 4.443033693096569148e-01
2.008632465121736210e+00 6.005882998149827401e-01
2.014154753895658345e+00 5.993473517072765988e-01
2.140236467100617102e+00 6.178603603532535349e-01
2.107955453776193977e+00 6.199647087385522504e-01
1.574795507512180670e+00 3.762448452568527557e-01
2.096701271442801051e+00 6.423689279262330132e-01
1.864079243600625935e+00 5.111679345000632591e-01
1.521110421499120235e+00 3.454872656735094583e-01
2.045350353099956386e+00 6.066842911827664553e-01
1.531230658487469753e+00 3.704796767997978191e-01
1.552040408462667997e+00 3.829213183204271953e-01
2.006213040237033951e+00 5.719956342030384500e-01
1.958978050558224160e+00 5.683892173272122594e-01
2.305684070861476531e+00 7.528955027266517330e-01
1.523347138549888014e+00 3.611774915932282615e-01
1.574215025220661701e+00 4.047695337065030929e-01
1.597907171136561333e+00 3.929770474847532613e-01
1.991927694837584806e+00 5.860076094816973891e-01
1.497583465665174973e+00 3.640031750303351910e-01
1.737750141611797083e+00 4.724310804445178147e-01
1.544948867821574812e+00 3.750620502081951080e-01
1.984878502119789889e+00 5.839635455578039425e-01
1.934616579667851388e+00 5.595468472322577824e-01
2.080166748301419233e+00 6.190652029145411461e-01
1.623847199801188523e+00 4.257214345625316421e-01
1.985260490987259985e+00 5.670095850882843624e-01
1.586434855996835758e+00 4.000068398931976854e-01
2.025179044002343609e+00 5.782798565204791963e-01
1.731101439033609246e+00 4.835626612953741188e-01
2.051807147798843545e+00 6.246018519309018968e-01
2.367854117929455882e+00 7.927701653635557122e-01
1.640139918003171271e+00 4.339716031607265267e-01
2.708233512174053725e+00 1.004984998553160702e+00
2.030568018083140025e+00 5.795748555061817076e-01
1.525174872352805133e+00 3.709853351022666668e-01
1.653373479054139450e+00 3.960322083949968097e-01
1.564250940082039465e+00 4.006077755333828372e-01
1.604113606929580937e+00 3.957764894584511195e-01
2.349974397781862123e+00 7.283742308833285328e-01
1.586173163634966521e+00 3.877031146994295296e-01
2.042886708010307473e+00 6.233941453657593224e-01
2.022236685436466619e+00 6.145864964804733654e-01
1.988664941106357498e+00 5.630527418879905932e-01
1.996800189734408093e+00 5.937382655593146374e-01
2.021873117378611084e+00 5.818085210510779426e-01
2.017392438029798729e+00 6.004386141409872035e-01
1.749401892885313670e+00 4.859666779127231329e-01
1.791538525806138482e+00 4.617476107434491661e-01
2.005578673183098903e+00 5.697961062713039482e-01
1.519171410368892694e+00 3.880367820226734432e-01
2.087396899376487092e+00 6.159432954978425467e-01
1.961568858325204223e+00 5.557433403786586901e-01
2.024227119413561926e+00 6.015395877507455635e-01
1.682232218345157237e+00 4.409747559470412748e-01
2.051963257289048048e+00 6.094642031871583265e-01
1.622563571711171937e+00 4.159558124916045152e-01
1.893745427016422234e+00 5.628473963784014211e-01
1.957885420891658956e+00 5.647819075300738456e-01
1.478042285607215289e+00 3.611189085616079986e-01
1.955869019460174663e+00 5.804261238389097910e-01
2.222313720364070821e+00 6.482768243732377478e-01
1.970175796877237984e+00 5.474563314730532815e-01
1.965830143949313324e+00 5.570610157619407810e-01
2.091739622171091550e+00 5.984192454419959839e-01
1.989584178262632674e+00 5.660645697907794593e-01
2.014433272717385481e+00 6.004523246204687137e-01
1.648343811935014003e+00 4.346486846963508732e-01
1.994510761378655683e+00 5.924352309353025925e-01
2.034917609717557863e+00 5.944623281284915350e-01
2.746098924997734336e+00 9.889841455977501639e-01
1.754390859177181072e+00 4.696542650941613051e-01
1.614361005096950352e+00 4.055477688059533348e-01
2.113231039704242420e+00 6.369335966917134551e-01
1.603497534257981583e+00 4.068166149594308334e-01
1.460469838987539015e+00 3.479732799694283951e-01
1.979041358194510325e+00 5.758763623371595530e-01
1.566661628400479955e+00 3.871384645467318419e-01
1.449683416149666559e+00 3.517656136473058526e-01
1.439650371485301950e+00 3.480778733247706369e-01
1.949708563643628878e+00 5.514105759710781207e-01
1.928619569072322903e+00 5.589028804245331772e-01
1.944317670237774909e+00 5.655206530452873137e-01
1.966548206559852741e+00 5.782795651746761578e-01
1.550773843246491479e+00 3.711084482074930024e-01
1.540249087490054514e+00 3.655717137231820346e-01
1.630138327261436926e+00 4.282454508401526416e-01
1.647421076385976679e+00 4.463998890364760941e-01
1.509954333356680944e+00 3.789329054305832778e-01
1.858408295787983944e+00 5.289244012254552540e-01
1.525242453947376564e+00 3.733077388403263086e-01
1.929933197794416078e+00 5.305380046310561593e-01
1.729972765335981544e+00 4.315182708852740578e-01
2.221358412971632390e+00 6.676783163014656797e-01
1.501142171333574860e+00 3.729200558966309087e-01
2.075511504958487574e+00 6.137613026475871036e-01
1.589109596747512398e+00 3.843686320016496127e-01
1.948118245525582770e+00 5.640528343614780171e-01
1.611134368285248142e+00 4.079767133010269720e-01
1.923605147275146754e+00 5.614721516897750453e-01
1.807405153862435832e+00 4.983387461805126040e-01
2.034737698876232237e+00 6.009211448434365055e-01
1.502719816202857661e+00 3.710576862365376760e-01
2.109155241695244598e+00 6.149868165618889160e-01
2.106822958470397467e+00 6.439367478664169697e-01
1.529417623942542548e+00 3.801193718333396587e-01
1.596227343310353541e+00 4.077589857256031514e-01
2.037960785726022905e+00 5.832884580798076701e-01
1.592364885975462885e+00 3.977414743397101882e-01
1.944760560891946932e+00 5.522912261249315335e-01
1.938487415223119736e+00 5.626699447506448015e-01
2.036526918391256213e+00 6.243569127787097495e-01
2.002898052111920180e+00 5.746830957742937729e-01
2.042698218519587883e+00 6.085238268317338939e-01
2.019069476722031187e+00 6.033862403516389028e-01
1.994445529171325449e+00 5.780081247996188276e-01
2.054476911989007171e+00 5.928263851578157162e-01
2.019947369624191413e+00 5.853917780304059848e-01
2.080617465205895744e+00 6.290273980572066437e-01
1.547104959378683864e+00 3.839620185948370845e-01
1.634287171802009109e+00 4.171324205423367903e-01
2.022088419935712533e+00 5.891008256122088893e-01
2.735154482150936595e+00 1.097326373181619186e+00
1.949939032152755658e+00 5.844472009643858490e-01
2.024738011318361064e+00 5.965633625516346683e-01
1.561364358379744743e+00 3.871251703378337239e-01
2.126758536925145826e+00 6.104951109668443898e-01
1.932337610729717658e+00 5.674939656620827666e-01
2.101088686290750740e+00 6.164790198143604849e-01
1.910124726178031418e+00 5.298560415402386869e-01
1.927467709686715436e+00 5.563612089101498404e-01
1.543279932536214316e+00 3.973383546053651516e-01
1.586321172731318896e+00 4.024041255081053370e-01
2.632872280558215650e+00 1.008884467980417643e+00
1.896015535127963281e+00 5.274423920626947204e-01
1.554921732442764659e+00 3.890972989373143731e-01
2.061917330081250110e+00 5.962400281192212770e-01
1.788947478658869938e+00 4.890208115213444673e-01
1.626776991638088088e+00 4.065519941517967695e-01
2.007027552243515256e+00 5.694482371861873116e-01
2.091460467876204987e+00 6.312523899203315025e-01
1.561586886791946460e+00 4.116956558235008168e-01
2.779204865278780190e+00 1.125230559508114681e+00
1.512681679874549268e+00 3.575222187345571401e-01
2.770543174391521202e+00 1.108973812545898552e+00
1.691685210149167506e+00 4.354428094933405213e-01
1.507324630583638081e+00 3.686570426616062046e-01
1.979245063310603570e+00 5.633250843691171017e-01
2.078358808102548583e+00 6.269742749133407900e-01
1.962539447970823137e+00 5.580130527629695303e-01
1.592391582943021966e+00 3.898448850684926859e-01
2.034074099197857866e+00 6.201965305677692442e-01
1.581382904748434459e+00 3.803025012686724327e-01
2.563056775809909649e+00 9.239874266458800722e-01
2.000977301108137762e+00 5.784108863413581769e-01
2.041571148322554485e+00 5.948344171919155432e-01
1.970950716224576960e+00 6.019413501085578710e-01
2.026051610402676673e+00 5.957890079672734096e-01
1.596804517185843597e+00 3.825954592671077514e-01
1.472632180255216472e+00 3.623482766601031080e-01
2.070553064321463133e+00 6.283296148142620829e-01
1.507142183087754717e+00 3.600709287145354986e-01
1.975596900172234882e+00 5.956702592684404163e-01
1.512135467313099557e+00 3.729593358779947354e-01
2.009073201306500689e+00 5.847538134905906348e-01
2.025790352243484360e+00 5.693937297477316140e-01
1.928510693660953290e+00 5.637043835422631544e-01
2.109123099112295563e+00 6.248418599067826484e-01
2.093770284326963882e+00 6.281537429780363890e-01
1.861340673444824789e+00 5.269380157203333859e-01
2.070566938540025603e+00 6.454967114409667639e-01
1.517487834815852255e+00 3.766437956317005842e-01
3.275753626793104889e+00 1.587496092484026011e+00
1.852692295894985852e+00 5.144199876426083229e-01
1.887091606685755485e+00 5.015687951134960576e-01
2.074041012178705401e+00 6.226088861912690842e-01
1.961438431544822558e+00 5.573367098856688573e-01
1.626298188639415887e+00 4.020091801747325833e-01
1.884329434244165657e+00 5.235690264657891779e-01
1.632028489140562977e+00 4.074861875996662608e-01
1.623790259595757846e+00 4.122560000876895892e-01
2.056018572007496825e+00 6.106785641416599963e-01
1.886758325299252137e+00 5.335629621997639571e-01
2.066568927269726519e+00 6.035484126590431320e-01
1.611808895858879875e+00 3.971915094335228824e-01
1.566852298189299164e+00 3.785905758258793496e-01
1.505605097231951017e+00 3.637178319161036844e-01
1.883609490526896968e+00 5.376768239047237108e-01
1.638869352881325403e+00 3.964685080313807286e-01
1.965441396074064873e+00 5.831108022825213233e-01
1.815223981795389685e+00 5.136316430861690430e-01
1.949221932665205159e+00 5.600196978644625956e-01
2.009298560240860620e+00 6.048763805212953315e-01
1.926146283951144067e+00 5.523855382055720131e-01
1.571343328586691346e+00 3.760579192725495568e-01
1.847755985414944346e+00 5.227407565717085980e-01
1.958032048277316362e+00 5.699456832699126840e-01
1.900498723483122099e+00 5.938723358947315401e-01
1.692866665337675158e+00 4.403414618847701356e-01
1.996344689495327174e+00 5.730253052869264119e-01
1.572290683858086346e+00 3.826630460101060893e-01
2.054499794331428486e+00 6.236023865676080247e-01
2.095136261737008621e+00 6.374462969668923673e-01
1.951875455792055902e+00 5.547853823683197572e-01
2.010703431426091203e+00 6.007580608013436407e-01
2.004127030008013843e+00 5.713186620986453468e-01
1.901472477905869152e+00 5.409818951260362274e-01
1.986501505655167144e+00 5.934940831571341446e-01
1.572667155189692689e+00 3.860542444353683988e-01
1.962470803716516388e+00 5.632719833235277918e-01
2.040100334308398544e+00 5.981718417965085077e-01
2.198549388257601045e+00 6.613476262432821384e-01
2.162365322027093306e+00 6.613651686481322178e-01
1.987458987332080484e+00 5.849440070855810303e-01
1.966464951333095401e+00 5.705327957244580306e-01
2.114109640271066848e+00 6.410206011841983464e-01
2.703563144765412929e+00 1.039743249688903637e+00
2.175226321225071757e+00 6.631750018494939614e-01
2.026192255862050651e+00 6.027633066896775915e-01
2.235186018773418049e+00 6.757838515580157912e-01
1.968697839369861091e+00 5.597331716422230263e-01
1.996775994001607213e+00 6.119420867184854895e-01
2.043114486621321557e+00 6.008370761233425839e-01
1.968669450562851475e+00 5.699285264794096140e-01
1.984491129827126832e+00 5.709670152526025166e-01
1.620071506517777538e+00 4.106593307883893984e-01
1.496204097432374924e+00 3.547427088453462551e-01
2.068866320380307933e+00 5.751087207562030068e-01
2.050068348125282380e+00 6.130966346789056276e-01
2.002164078437283390e+00 5.848000981135059728e-01
1.982169074840355094e+00 5.726207145418608091e-01
2.064293825552394601e+00 6.365181060982000316e-01
1.651360350524051279e+00 4.212905242745921819e-01
1.971176037926935631e+00 5.753160032341954055e-01
1.502658629028839288e+00 3.658866386779783264e-01
2.818384644735327793e+00 1.035846047356039579e+00
1.976086369371380158e+00 5.623260185855657456e-01
1.735664095611623381e+00 4.321831616747771054e-01
1.536575694117556790e+00 3.909430473834820674e-01
1.929552343195751973e+00 5.485848581288136350e-01
2.081126788746922252e+00 5.939093457732955716e-01
1.502015528754714335e+00 3.627397359532865129e-01
1.514046175615538781e+00 3.700226741115491547e-01
2.132245388851852219e+00 6.630247546228890121e-01
1.988042986811454416e+00 5.889162350639619570e-01
1.612692956004063038e+00 4.012763510680974477e-01
2.067601674393200639e+00 6.052863219607819145e-01
1.889905649614617822e+00 4.987592775000630474e-01
2.108679823546697030e+00 6.422904753925198218e-01
2.090731675142140311e+00 6.132779128849025208e-01
1.564745813744331970e+00 3.886953025162877551e-01
1.901755935579883428e+00 5.583440488410899016e-01
1.656572552084185190e+00 4.032371742162929595e-01
1.972512453088986817e+00 5.646550497050218942e-01
2.026975408189454875e+00 5.917712300567485872e-01
2.368600285154292884e+00 7.788997328490453453e-01
1.966141436324138292e+00 5.601231313621947150e-01
1.440610034833015085e+00 3.469163155826538447e-01
1.509456354430462000e+00 3.772105428321746445e-01
1.511668555903209255e+00 3.823765943417680724e-01
1.520413177476342304e+00 3.823037749378886963e-01
2.003794379718803587e+00 5.612239024339902294e-01
1.704861847808212039e+00 4.357140994717493832e-01
1.601146415211152529e+00 4.114869848069456215e-01
2.067284100939572600e+00 6.441506891518523625e-01
2.082266372031307267e+00 5.803627709292562553e-01
1.525110479025163057e+00 3.726450516925879919e-01
1.981880138173181205e+00 5.727807932997130980e-01
2.088531724766560682e+00 6.117844342668062874e-01
1.505233465765410283e+00 3.812831866221344512e-01
1.823531147816179310e+00 4.973134517203324223e-01
1.486620772251453282e+00 3.548646732002586623e-01
2.022860973670773888e+00 6.129941230231799043e-01
1.726516058956567568e+00 4.348072831986938835e-01
1.505911981261346400e+00 3.929477577642487285e-01
1.924115809921631115e+00 5.373682151087495473e-01
1.493001239089084775e+00 3.685210766547658556e-01
1.542190022458376886e+00 3.848806341851328527e-01
1.516002909300106172e+00 3.788849172300995938e-01
1.984853346377415839e+00 5.904233526598096082e-01
1.490386515740867113e+00 3.591965023055015416e-01
1.554027234802618063e+00 3.683679171384502959e-01
1.990676572690626811e+00 5.973189125219560136e-01
1.545059507860318204e+00 3.590094267515979709e-01
2.111789391045482578e+00 6.353465325955648391e-01
1.493553633059089281e+00 3.508222696928392503e-01
1.498773999713876037e+00 3.890506573294116310e-01
1.678636948692846076e+00 4.114967629647819369e-01
1.926310276993512760e+00 5.408956163497068426e-01
3.176418093892234840e+00 1.508267061679131160e+00
2.702922695758320781e+00 1.023902407588541896e+00
2.020349984846940838e+00 5.939984206627260122e-01
2.614193423282069606e+00 8.963571991696023256e-01
1.912659608713595638e+00 5.626640739289662241e-01
2.281664676824488591e+00 7.317936218237558466e-01
2.782838813152557655e+00 1.022150562123123274e+00
1.472793783865027795e+00 3.679740418624417586e-01
1.493774035305899250e+00 3.716270072483213172e-01
1.583680489557742765e+00 3.922960502656387960e-01
2.014996531947083724e+00 6.048223025289036769e-01
1.586539712446707329e+00 3.977072311167133001e-01
1.891309680663807447e+00 5.279328078074022601e-01
1.927840141342974656e+00 5.527575589787324661e-01
2.060138289401809875e+00 6.144286161894549902e-01
2.080158596198281362e+00 6.392488906284491401e-01
1.427726280415269500e+00 3.435035858126265218e-01
1.916534541092383970e+00 5.344944788751199161e-01
1.987076073865603476e+00 5.856937089905963623e-01
1.964745905693591199e+00 5.989462136563006300e-01
1.548231538304272625e+00 3.891567814312766327e-01
1.958313772814151310e+00 5.627657366291378693e-01
2.033532339877365480e+00 5.696507097666222430e-01
2.471005006526291403e+00 9.368668700538707039e-01
2.074859635818281145e+00 6.300545943683879546e-01
1.472986487446184434e+00 3.562308379152068771e-01
2.012270243880089904e+00 5.934683694698698053e-01
1.575534547869361424e+00 3.943412871280962406e-01
1.438204700971357664e+00 3.554766577269119487e-01
2.086472691186565420e+00 6.403770675630238163e-01
2.820532747158132736e+00 1.099332220716605413e+00
1.957091458081713808e+00 5.789536599885773960e-01
2.058219999833657443e+00 6.474435605898674062e-01
1.523696058874302039e+00 3.746458645762101303e-01
1.872570347561925752e+00 5.302711799915664770e-01
1.568448420575226709e+00 3.920295908292977249e-01
2.061396872499603017e+00 6.282384373651731524e-01
1.645943009300435467e+00 4.265270067425206979e-01
2.834175371916248576e+00 1.035413299607188309e+00
1.986586802399644025e+00 5.447115360280146978e-01
1.711020091534161125e+00 4.724314122044133701e-01
2.448201062141455164e+00 7.789241473096166768e-01
2.037342598713268060e+00 6.204456952487857890e-01
2.056794030470178836e+00 6.045369379179372782e-01
2.776728139974303566e+00 1.097698041000273017e+00
1.621584390370241158e+00 4.072646222886843193e-01
1.576667332510010233e+00 4.019389496583045118e-01
2.052936960697301139e+00 6.016231428616567456e-01
2.892229589559268010e+00 1.159904281951821048e+00
1.956115619733271860e+00 5.862133215760231275e-01
2.183074838298275200e+00 6.543534867686876533e-01
1.538968459406933942e+00 3.720845750276842723e-01
1.928864978650027373e+00 5.696252460784106963e-01
1.850923332502593777e+00 5.249444504163925940e-01
1.839188875882787233e+00 4.959405333647582403e-01
2.132437537679393369e+00 6.467811965038281485e-01
1.488033515869020551e+00 3.691327072446567992e-01
1.672602313621654568e+00 4.264668132138356715e-01
1.963662819997740838e+00 5.696380823950895067e-01
1.574857788740321007e+00 4.052441683430634267e-01
1.557585817598679423e+00 3.801640419626254874e-01
1.937292484009106364e+00 5.701370137372586688e-01
1.576244238541962162e+00 3.783252417093312947e-01
1.996903411297232367e+00 5.835497686274095930e-01
1.980920621927687142e+00 5.858401549083460669e-01
1.579142016662068215e+00 4.042020938431329369e-01
1.975191011510321948e+00 5.717578972160406448e-01
2.574836477463014361e+00 9.307044531027963696e-01
2.108506136598159664e+00 6.841350993674155667e-01
3.433860486582615668e+00 1.714168576689811818e+00
2.057523349844797345e+00 5.940280732891531912e-01
2.004382826970351417e+00 5.663032726991804600e-01
3.015503664679664020e+00 1.276532614642557073e+00
2.091920597330047649e+00 6.240446149235699957e-01
1.537753273212566496e+00 3.966081577864424279e-01
1.917043041275955151e+00 5.480463529724921568e-01
2.286357781134415124e+00 6.871823451366660951e-01
1.650779448098741220e+00 4.276566950475586548e-01
2.097935658841607154e+00 5.806625186500236069e-01
2.158039478617133078e+00 6.869092778188522486e-01
2.728416889574511117e+00 1.042974546576657557e+00
1.496267820712942731e+00 3.700814551207454173e-01
1.950796548388891161e+00 5.680364279633139946e-01
1.963493199675484302e+00 5.722185608721805927e-01
1.939922489443742570e+00 5.478290390589717340e-01
1.706942114117437459e+00 4.536517306885394230e-01
1.604972208932133881e+00 4.155436112229945467e-01
2.053488209734468217e+00 5.819910266060362991e-01
1.553630434507204949e+00 3.695772173661250881e-01
1.601674179794932318e+00 4.000379920741285455e-01
1.990666419298337875e+00 5.920347160992259772e-01
2.699559427939747902e+00 9.888677286285383339e-01
1.597650339830835486e+00 3.856372031605978523e-01
1.471901726123614251e+00 3.495868617658545729e-01
1.889925883555513719e+00 5.423811704575888237e-01
2.013883525584842626e+00 6.058057716201725729e-01
1.821705858309901949e+00 5.102052293030161501e-01
1.923965306277813259e+00 5.349218565474912479e-01
1.528492976982857687e+00 3.807970374235377653e-01
2.091936112350077703e+00 5.927659355926300222e-01
1.530058505370317068e+00 3.673896527072487150e-01
1.479448757863798924e+00 3.649288121540877894e-01
2.036542544482146333e+00 6.036547296077116043e-01
2.680028440683745572e+00 1.035543946708700203e+00
2.082089996264327336e+00 6.142854628352359958e-01
2.159565151750316048e+00 6.226437181786833586e-01
2.216201583943551601e+00 7.400521490936529112e-01
1.557375224595438423e+00 3.759922466402790819e-01
2.020851339399992508e+00 6.167464496490741022e-01
1.518420987742089112e+00 3.706530651106469398e-01
1.594239138397568478e+00 3.912269549999719542e-01
1.985436878621430479e+00 5.791155259841794800e-01
1.867616773522811746e+00 5.258070672791969047e-01
2.033920527241508847e+00 5.987142732336931950e-01
1.568571992309562679e+00 4.057078836335382133e-01
1.528273387792749460e+00 3.792451975507289408e-01
1.526818216933218286e+00 3.727893042873854923e-01
1.929036460497500771e+00 5.441240347206004468e-01
1.615055390454829931e+00 3.798773815681948940e-01
2.062290703442667628e+00 6.449900453835795133e-01
3.351353328800270148e+00 1.714726349840806963e+00
1.559977696284928772e+00 3.908216849168230644e-01
2.095076972806843241e+00 6.007904974468117887e-01
1.552749342303117119e+00 3.801812779058141301e-01
1.576430254499661121e+00 3.866640314361380892e-01
1.443499912676287966e+00 3.477391271005689233e-01
1.945829433582825896e+00 5.772218127822744682e-01
1.989758161329835628e+00 5.336922228250028377e-01
1.600190140494641255e+00 4.023645174466081165e-01
2.709883817714973109e+00 1.001547319171010475e+00
2.082205883570020788e+00 6.021029378631125306e-01
2.587855151836524037e+00 9.485405818698601221e-01
1.923019534199428726e+00 5.859970883460278168e-01
1.577632784272818389e+00 4.108091295297174317e-01
2.006877557004441481e+00 5.690477226012323753e-01
1.978929518604172211e+00 5.955550640655978833e-01
1.671467529818422948e+00 4.276426682356747611e-01
1.893615114665875954e+00 5.244793504406894957e-01
2.033209080639450939e+00 5.731586702751801932e-01
1.647640628528963092e+00 4.279767060522581268e-01
1.881845379936978757e+00 5.381431675967798256e-01
2.069009782494996230e+00 5.914124754633902636e-01
1.902604973278088085e+00 5.456167293819236264e-01
1.925069754781042475e+00 5.461080850183241964e-01
1.649007627414597055e+00 4.259450420451531549e-01
1.489295492295476864e+00 3.711681704229253809e-01
1.984955433962666049e+00 5.689421121955899885e-01
2.054668329859791864e+00 5.919395301377646801e-01
2.035464483935564228e+00 5.999191486579945609e-01
2.031924262238123280e+00 5.672754551803115275e-01
1.540277079866345433e+00 3.760184613367340001e-01
1.962384269933508563e+00 5.765031296413075657e-01
1.596529719546977644e+00 3.827850014833072967e-01
2.123526434570893517e+00 6.433793950643935666e-01
1.686175363149673645e+00 4.443378874233151477e-01
1.951900654695248649e+00 5.975737136851480003e-01
2.046599530088720531e+00 6.156453413455874601e-01
2.063412630532754921e+00 6.048035817735794017e-01
2.220874521397965040e+00 6.652735821778440473e-01
1.955793036642468952e+00 5.730905017803877843e-01
1.969184483740865410e+00 5.990024487116440977e-01
2.111512727200334893e+00 6.755076831246562552e-01
1.519194992734695271e+00 3.777972983190023837e-01
1.548069594939174509e+00 3.837908508018804676e-01
1.523196996723505725e+00 3.753803900394195314e-01
1.910817928726869397e+00 5.463178267515880204e-01
1.472247895223044445e+00 3.593537425155189369e-01
1.945881817626633037e+00 5.816382012206152696e-01
1.643330380638724941e+00 4.126489550061307465e-01
2.039992047069019598e+00 6.046499946746147769e-01
1.514800346798076180e+00 3.542286891355990730e-01
2.008273019136995963e+00 5.599503750231809018e-01
1.964877285358728631e+00 5.902642475546121537e-01
1.887558004639584563e+00 5.179435740900772966e-01
2.035860151397802742e+00 5.853788848075009987e-01
1.554087317797743673e+00 3.936895871086820153e-01
1.992259477685467850e+00 5.746868546495930152e-01
1.975407756436438289e+00 5.584215769577334232e-01
2.001029377629551576e+00 5.849341144210292720e-01
1.531444953230703065e+00 3.624273246489112532e-01
2.125213943005152650e+00 6.562693460301839421e-01
2.016900745834511177e+00 5.775982994712423046e-01
1.517403527873903979e+00 3.770598040483258973e-01
2.115762342208311608e+00 6.351229819266399623e-01
2.051037537403550104e+00 6.254329773174679419e-01
1.966445371964673061e+00 5.968033511944126346e-01
2.773961564586134187e+00 9.500274405972467529e-01
1.536690455104615882e+00 3.750950621464973489e-01
1.969526224763790356e+00 5.727726077849265574e-01
1.515232577428339056e+00 3.604154225571376546e-01
2.029370527816225067e+00 5.813965917602432754e-01
1.509522044221467851e+00 3.510773840565225568e-01
1.480522397057726591e+00 3.613058303651210945e-01
2.013877960978029957e+00 6.033760585068499438e-01
1.519836286219176769e+00 3.692113760378959997e-01
1.533209287267543353e+00 3.953874182174023089e-01
1.597351725618434193e+00 4.129622368566084889e-01
1.642213521786164421e+00 3.947647691775056367e-01
1.482407100488912777e+00 3.659738789567471007e-01
1.528903171715542575e+00 3.592005743323581357e-01
1.541844676760411037e+00 3.716858207972540962e-01
1.667060721861995720e+00 4.242586636385341503e-01
1.868083569730481397e+00 5.359385014395742219e-01
2.616505987072175188e+00 1.005093713910729214e+00
1.904586399293599186e+00 5.525455579905247383e-01
2.030244303138297290e+00 5.765213993051839791e-01
1.940605089349049184e+00 5.428837570621558584e-01
1.983733196687787359e+00 5.847832971724212792e-01
2.109973845568161810e+00 6.108404645193633575e-01
1.601301568383948215e+00 4.023657731605597698e-01
2.008545342489194141e+00 5.734931459946716048e-01
1.594630616611970364e+00 3.741544281972228325e-01
1.971572140360022152e+00 5.619567336786029932e-01
2.012810714721066319e+00 6.260657102164433052e-01
2.218753821967398565e+00 6.943395940435995728e-01
1.767073810471048834e+00 4.637235091198655956e-01
1.543686175759644508e+00 3.715320204242434365e-01
2.025805487794314352e+00 6.053854892323592418e-01
1.852080403421487276e+00 5.067681038088902579e-01
1.662194924472612412e+00 4.345964402957827599e-01
3.328110931414439921e+00 1.654525025787429549e+00
1.485248849597839316e+00 3.610239809220116558e-01
2.033822562140423340e+00 5.946832038743067317e-01
1.975638180749284656e+00 5.983103177115727256e-01
1.598785502174995266e+00 4.028064298909072583e-01
1.790642096122971427e+00 4.809512934710888366e-01
2.076865942118702790e+00 6.269662681293242112e-01
1.603023735583582132e+00 4.071064890513791945e-01
3.128903186600646702e+00 1.379838543177393406e+00
2.069388688818182942e+00 6.263334149026047459e-01
1.924930654925057105e+00 5.435842912038021391e-01
2.057480599538692445e+00 6.415286550612676608e-01
1.975747220961867834e+00 5.872423892793817712e-01
1.519686706269308019e+00 3.701485127626830129e-01
1.445173587339931620e+00 3.349217367785191080e-01
1.705672015848156198e+00 4.469678464011005992e-01
2.397531616923517461e+00 7.754356083388876941e-01
1.557980834257296721e+00 3.738605773342829619e-01
1.998811092672243994e+00 5.717600259915868177e-01
1.998253487179284082e+00 5.950145652956810860e-01
1.957943570709717696e+00 5.440215508975502212e-01
1.531908963832810944e+00 3.799070991049726675e-01
1.514421744815841908e+00 3.651615867318797615e-01
1.975851386400226950e+00 5.757709774478254605e-01
2.037767798837256006e+00 6.057118675559514109e-01
1.978641604184263381e+00 5.989247346988676446e-01
1.971881670633336858e+00 5.482806034362924796e-01
1.964934530984635996e+00 5.768225103202448967e-01
1.989093366539897767e+00 5.583811437964769642e-01
1.568923290696307316e+00 3.932517973585502036e-01
1.549196714753017901e+00 3.962649140033231432e-01
2.102870226525471953e+00 6.337871025558375893e-01
1.635564918492361519e+00 4.019923857914408649e-01
1.521832838443304636e+00 3.845906486901969346e-01
2.733357587739751793e+00 1.034204104376695854e+00
1.984756224074749609e+00 5.933271541079738753e-01
2.019965692374014132e+00 6.047586666893252083e-01
2.077929549676404530e+00 6.412238319564346201e-01
1.594263350538696500e+00 4.064344143814415111e-01
1.998044435723024259e+00 5.808358504862899396e-01
1.900459798252438048e+00 5.338718388526696446e-01
1.984198076283274048e+00 5.469649404014012006e-01
2.029517270151851793e+00 6.330051994817765815e-01
2.280537934460407534e+00 6.752803320204520121e-01
1.815548833460559619e+00 4.868800625630800294e-01
1.690750740090443571e+00 4.196989744832105296e-01
2.113807382024115000e+00 6.498671350638086652e-01
1.802234352462727340e+00 4.784346964068546537e-01
1.949351627522390329e+00 5.762946554977761426e-01
2.704962398709102711e+00 1.010689542480450953e+00
