3.501493251967215503e+00 1.595360396756104970e+00
3.631963291582634312e+00 1.709828358756113387e+00
3.540435773385831375e+00 1.631283455055478893e+00
3.435653556378694962e+00 1.564094545395684044e+00
3.466037999403529746e+00 1.656681793721485940e+00
3.338473141942910338e+00 1.666908893190431229e+00
3.514927072570826816e+00 1.641581427384021907e+00
3.435565799558067290e+00 1.636412244909113634e+00
3.460206780196056986e+00 1.602262625790692674e+00
3.440479582256692481e+00 1.558585806668790541e+00
3.560034461575266818e+00 1.672696013311439467e+00
3.397314441530614459e+00 1.544916914908693206e+00
3.412529416713066865e+00 1.589409959148254448e+00
3.458163875189530501e+00 1.624106501120414547e+00
3.351472489762240770e+00 1.447306034130754648e+00
3.472005077898943970e+00 1.612332126764038476e+00
3.604217753781018274e+00 1.836648199565089845e+00
3.295582789732545148e+00 1.393361881274795211e+00
3.479812903289327686e+00 1.639125542455809992e+00
3.457356950351248681e+00 1.575852406238650305e+00
3.396586902520124518e+00 1.541330276378883868e+00
3.503829721515086426e+00 1.654461845092917605e+00
3.411409091090600754e+00 1.583457524333243827e+00
3.506471708649279151e+00 1.582628571382931115e+00
3.503903164649300184e+00 1.632024337543590553e+00
3.412771717038036279e+00 1.574152461173146333e+00
3.546171147528607737e+00 1.740122000919003487e+00
3.382504446768435535e+00 1.590041592664716674e+00
3.473234483571344899e+00 1.597799404535459988e+00
3.436551898212587552e+00 1.602291147414940387e+00
3.461633174297287674e+00 1.583756254824330245e+00
3.535601972767210555e+00 1.736001764974543393e+00
3.509048987090293004e+00 1.565468006452036098e+00
3.425343112353047115e+00 1.546211502814193173e+00
3.316009304622481224e+00 1.501607437916033128e+00
3.357223594136617972e+00 1.402362295712599627e+00
3.457291016005882067e+00 1.572731221005612579e+00
3.428115336311663430e+00 1.544314562696578852e+00
3.568883136825933722e+00 1.689736431920055404e+00
3.526400061203013525e+00 1.591856863983211134e+00
3.353520593783675174e+00 1.549105856913699508e+00
3.472992244771006209e+00 1.628852112016047737e+00
3.490563231098625430e+00 1.568867369980725845e+00
3.512053164326238264e+00 1.658331022722451920e+00
3.538315960395299609e+00 1.675850003307689295e+00
3.668263911998718818e+00 1.771461622846200124e+00
3.788434895578172146e+00 1.827090028110488706e+00
3.378798428392677966e+00 1.547348131504840518e+00
3.576622309798336730e+00 1.573399734678613937e+00
3.561765947377125485e+00 1.721257617843823695e+00
3.449618906378793426e+00 1.609112504909061325e+00
3.477720202561108032e+00 1.552880178700738911e+00
3.475599804454731601e+00 1.635167071831867158e+00
3.303930288673476046e+00 1.558407085011617843e+00
3.505479342414454802e+00 1.684843480520073600e+00
3.487148476789037499e+00 1.541670955035428614e+00
3.426117980564303611e+00 1.602670953279918376e+00
3.584528253400716569e+00 1.668415416989412758e+00
3.528943209266629299e+00 1.680081863179109680e+00
3.363247722204997903e+00 1.493951693632334932e+00
3.451701662499742085e+00 1.582284709403088518e+00
3.418684569833911890e+00 1.533256374548704670e+00
3.509653556176910438e+00 1.619716052582403476e+00
3.492226836188484285e+00 1.603423460934298994e+00
3.389216999936947694e+00 1.558291735469899741e+00
3.549789798043999856e+00 1.599422970219795959e+00
3.549060680803273637e+00 1.679351679127133901e+00
3.369269056174801769e+00 1.442803468743117712e+00
3.459963828390412832e+00 1.576117611472739766e+00
3.526721871592987334e+00 1.657996469343780754e+00
3.441629181051698794e+00 1.666108952377966856e+00
3.345691984241074390e+00 1.482531449560414938e+00
3.360654871999917859e+00 1.539522981828269632e+00
3.407075641362354634e+00 1.583803607200180430e+00
3.614234429273533333e+00 1.716271542797455085e+00
3.413183307196125504e+00 1.576011926906708771e+00
3.431367765869468123e+00 1.623564805396300326e+00
3.461730329283311924e+00 1.633083808230530565e+00
3.486878169585079235e+00 1.652703651273446983e+00
3.478574913879609820e+00 1.634840060121417249e+00
3.526183445888913859e+00 1.621099518544363738e+00
3.461000182180717477e+00 1.529499170585538748e+00
3.444506705870218788e+00 1.588784050695975170e+00
3.493916796822078119e+00 1.623428413760552136e+00
3.522702248050713081e+00 1.585598933773315178e+00
3.435281512017349215e+00 1.655069106746598129e+00
3.411684653883681584e+00 1.562287405235696758e+00
3.397751804366186512e+00 1.617710847225407367e+00
3.511797842920057811e+00 1.671797583903475992e+00
3.415683220898467543e+00 1.588265556289239822e+00
3.514618758441401702e+00 1.573533397445760595e+00
3.426324901662440414e+00 1.577308739704611273e+00
3.387439965949731402e+00 1.531486670053191723e+00
3.373111575850933797e+00 1.502896678583837575e+00
3.399295051877145646e+00 1.589305180812704554e+00
3.527743516998153250e+00 1.652402224142137444e+00
3.295290797870896515e+00 1.436086977111400653e+00
3.505653846935907314e+00 1.626352432797231851e+00
3.511856212673088784e+00 1.671240493461970900e+00
3.549814931937327334e+00 1.687770192131587299e+00
3.417109311410842398e+00 1.554471098414710983e+00
3.505732106814800630e+00 1.582976567114391164e+00
3.471234588739840810e+00 1.530899487168881246e+00
3.379464868368000197e+00 1.583358696284772105e+00
3.540137882534427405e+00 1.618620978423235046e+00
3.575894561659924697e+00 1.697159260809324222e+00
3.430382644380078450e+00 1.612641708062668711e+00
3.407377989512482053e+00 1.585298445918401855e+00
3.380753142553583945e+00 1.535581788754315724e+00
3.414155051937003638e+00 1.549541753306468372e+00
3.421033081339709181e+00 1.641910096192094715e+00
3.434317755533264460e+00 1.636162516188834459e+00
3.551884653683639037e+00 1.727094039998902097e+00
3.409480483973302611e+00 1.561999131591540468e+00
3.530030504634424915e+00 1.656039759236268782e+00
3.369592792507710932e+00 1.591544134998825299e+00
3.279973746735651563e+00 1.479504821043568841e+00
3.603803593053809706e+00 1.809644694402579468e+00
3.442314014771012953e+00 1.594149914421005398e+00
3.430424496302055815e+00 1.549041124016348858e+00
3.325435962819260460e+00 1.546497022307507629e+00
3.453423431971343938e+00 1.610986246004743938e+00
3.405396863716770639e+00 1.587071310490532960e+00
3.536134937906284748e+00 1.684213906904720393e+00
3.569543082587343541e+00 1.659237977644477224e+00
3.495856103256543168e+00 1.590122317081702041e+00
3.437223530282393469e+00 1.519711690963206463e+00
3.318320860545668882e+00 1.568060155137546818e+00
3.351216092251548151e+00 1.531277628154319004e+00
3.394141376812159105e+00 1.643026395898272707e+00
3.522608794600387228e+00 1.590148388495562504e+00
3.353152391304987212e+00 1.537730086727294943e+00
3.422921754580761089e+00 1.551099473638080317e+00
3.433732757423130000e+00 1.535810090159017260e+00
3.467364556121984354e+00 1.652875645596344034e+00
3.408945112048418213e+00 1.459298456620874873e+00
3.488159298988541490e+00 1.607605109676605526e+00
3.459206266692210097e+00 1.604724535974642707e+00
3.392333949649441571e+00 1.585673960000312466e+00
3.554162475639697671e+00 1.755576041560631184e+00
3.388335106568638011e+00 1.462585963278603352e+00
3.450017371216063555e+00 1.612626111360450532e+00
3.400639981000466605e+00 1.481697268116910271e+00
3.423069301637262640e+00 1.630207821389575429e+00
3.666615369778948974e+00 1.782915586509430383e+00
3.488802728437607747e+00 1.625580505230232342e+00
3.423715252180228319e+00 1.539441920992353552e+00
3.456273235576734937e+00 1.600289782480073031e+00
3.471524049336977669e+00 1.613517664361767245e+00
3.530867999512238065e+00 1.663116957680082830e+00
3.437056702074035464e+00 1.581494750200982624e+00
3.463846164130523153e+00 1.599009588819521710e+00
3.394242520474032965e+00 1.561025452846735329e+00
3.366650938636622126e+00 1.555791972385448529e+00
3.497619110474576409e+00 1.637255167602784667e+00
3.449841287828962155e+00 1.640028991197052255e+00
3.561632874731267773e+00 1.773462167664262790e+00
3.520115150866134357e+00 1.683794047011937023e+00
3.464951872423817747e+00 1.589157655230904798e+00
3.410724070231215599e+00 1.583436744123968953e+00
3.453460606631882701e+00 1.628352535380068078e+00
3.498174144991368806e+00 1.688023559122080686e+00
3.463110715686421592e+00 1.553743782693352671e+00
3.615257896987299713e+00 1.670732324885194409e+00
3.460835199290034581e+00 1.695973017698705121e+00
3.416177107696743764e+00 1.620782421597109613e+00
3.576258541267253399e+00 1.766683133551405049e+00
3.465029625344116848e+00 1.627676606153524386e+00
3.387782494069007111e+00 1.526110009911580745e+00
3.373410294138361465e+00 1.469824498316148809e+00
3.408633723892430023e+00 1.572179580799905052e+00
3.378452563203833581e+00 1.566061520531262907e+00
3.355490506133695927e+00 1.472205934814342809e+00
3.400207798722197694e+00 1.552264395870187830e+00
3.458353327225546003e+00 1.596159964518909069e+00
3.449152630538003361e+00 1.566093287555585967e+00
3.554186718891170660e+00 1.700362543549157612e+00
3.234511964705165887e+00 1.365951600434133884e+00
3.427208682389981664e+00 1.537976131085061704e+00
3.411951016250267532e+00 1.527078923406751443e+00
3.512080034684662788e+00 1.639868846629329413e+00
3.518043027898734465e+00 1.625753014453428458e+00
3.535680627323033676e+00 1.618961202475295291e+00
3.441671251174617474e+00 1.538292178025374435e+00
3.552098068734391045e+00 1.681553484113905705e+00
3.452606528009927622e+00 1.564136501462326967e+00
3.473368642037593101e+00 1.647283452514693769e+00
3.375466167298226239e+00 1.535273873382039689e+00
3.473171249503578473e+00 1.632304544596708151e+00
3.445468665887942095e+00 1.639010109724942543e+00
3.461103035405442174e+00 1.638276697585817621e+00
3.417642144948543681e+00 1.588607363615462731e+00
3.542862317048401266e+00 1.708677636225088392e+00
3.957054085747797156e+00 1.977735149891219235e+00
3.464476552226349426e+00 1.605964708166329080e+00
3.454398908175301486e+00 1.563521870047647422e+00
3.392162384536244968e+00 1.497289359998420055e+00
3.408562075119837775e+00 1.604828266192029451e+00
3.359132779607338026e+00 1.494481064877375642e+00
3.467849391748290433e+00 1.593218381652803606e+00
3.500022500240040912e+00 1.678737130431576796e+00
3.451591141557145193e+00 1.633676063947008261e+00
3.521768775650909511e+00 1.666625984301072672e+00
3.467186883966456801e+00 1.635790256387134933e+00
3.576034622345961811e+00 1.655064350202379853e+00
3.379524904584853218e+00 1.562174570015933073e+00
3.517968484490657577e+00 1.638958229411563661e+00
3.550862424758999936e+00 1.719825703943988371e+00
3.300589235583823555e+00 1.481435046481813123e+00
3.347873638794061080e+00 1.497757114824892044e+00
3.475534918251362182e+00 1.632277584046866847e+00
3.384003229953483682e+00 1.538020861403775585e+00
3.366747084968364501e+00 1.487376372654484635e+00
3.547459535634878147e+00 1.679691908167206593e+00
3.627438306979590799e+00 1.683981003042746671e+00
3.451803764747800596e+00 1.612646025513849501e+00
3.303604534514722246e+00 1.475193759309026520e+00
3.518596358420141623e+00 1.635714316928055689e+00
3.823042961504975246e+00 2.221700892511023984e+00
3.597345137445296714e+00 1.773916854014778277e+00
3.477126076066502591e+00 1.617281959986289097e+00
3.434309877510271836e+00 1.591563843994896033e+00
3.660333156580803049e+00 1.701165571478228999e+00
3.565273599560429219e+00 1.723773912498798966e+00
3.426718835547223119e+00 1.724111799758337060e+00
3.497433253890606775e+00 1.662558828896646634e+00
3.401550062666618413e+00 1.484421099157581692e+00
3.506654756179112820e+00 1.619234037427022654e+00
3.553841861140862868e+00 1.600167764777171486e+00
3.385890430843081056e+00 1.519983454562885195e+00
3.547278415334423673e+00 1.644935954931521671e+00
3.363852952215776959e+00 1.552841492979428528e+00
3.621756365803113997e+00 1.655247293416636456e+00
3.506927098113904240e+00 1.642828692884641395e+00
3.564842000187061988e+00 1.684205185638510738e+00
3.422675082960463300e+00 1.552401917522725494e+00
3.402776629298376765e+00 1.537958775528715183e+00
3.701026038279367381e+00 1.864601384827576203e+00
3.407167917273844271e+00 1.614372165153499905e+00
3.471875452558695674e+00 1.585017281592495220e+00
3.449883276223569162e+00 1.580745713631561467e+00
3.497227766503803625e+00 1.686912256097407914e+00
3.463066393637403539e+00 1.572496258368501598e+00
3.595024368657228298e+00 1.713824946360999579e+00
3.434374802813758176e+00 1.609946587992410416e+00
3.545602287558548227e+00 1.704109890205320665e+00
3.362939233616632162e+00 1.498273265135617205e+00
3.403696434261710646e+00 1.485947706714012329e+00
3.386014892211925531e+00 1.521881213120339194e+00
3.492956781965587343e+00 1.664629312288816942e+00
3.479603530735136285e+00 1.542921800853289005e+00
3.415067607187044718e+00 1.556553490470275580e+00
3.554238256606783608e+00 1.667637438676576656e+00
3.448139606074269281e+00 1.621242096927406839e+00
3.376797113450835219e+00 1.473315334790094688e+00
3.453656032179226010e+00 1.555425084144013592e+00
3.280095621177879561e+00 1.441026670423910083e+00
3.563667534746190135e+00 1.670890680569649511e+00
3.372519463152133135e+00 1.552605721855558896e+00
3.576624915652318659e+00 1.689966738178231509e+00
3.534722535024978463e+00 1.652120602211865519e+00
3.543366835939977033e+00 1.684670928705928716e+00
3.379976791711921003e+00 1.587096159820182484e+00
3.368468061081012710e+00 1.582344912353889743e+00
3.531322958675107149e+00 1.689040665840982003e+00
3.492733224589413599e+00 1.684781654339321699e+00
3.322136591917673076e+00 1.583425572334172138e+00
3.690692343549790699e+00 1.781800770141112711e+00
3.444206261705502481e+00 1.514066769430495230e+00
3.521398039191723672e+00 1.603730470918716788e+00
3.532375301131914558e+00 1.617805160760402261e+00
3.531659946782432780e+00 1.695221392582316522e+00
3.547659154373299817e+00 1.754294622601820119e+00
3.429320638612260996e+00 1.561076248352744278e+00
3.367456898674507482e+00 1.530423541963967349e+00
3.467472615504565869e+00 1.552493474730171741e+00
3.457254789713724907e+00 1.606589517598939976e+00
3.374771601594281911e+00 1.514589666389707379e+00
3.477698463803419404e+00 1.550719248355120206e+00
3.531579606384839032e+00 1.605406465760730317e+00
3.570437075938376115e+00 1.770746684610577049e+00
3.408614507540400407e+00 1.536019627138135224e+00
3.599789292564527621e+00 1.775501923893243683e+00
3.378611533304774373e+00 1.583254920355380957e+00
3.655964601923685553e+00 1.733539373905587322e+00
3.519342301644783788e+00 1.667803285704710037e+00
3.430861155306080601e+00 1.572233633771050298e+00
3.523041668815213967e+00 1.681360632079902162e+00
3.458580434486810073e+00 1.599100312298875171e+00
3.432138914390362672e+00 1.521397894207522805e+00
3.456547484668966774e+00 1.525739881273955545e+00
3.370605461345092202e+00 1.549260116677322996e+00
3.548430992592157995e+00 1.761750091498194504e+00
3.279788427867226019e+00 1.512242913566977931e+00
3.436476154962156304e+00 1.701391301168942549e+00
3.451087299627887628e+00 1.542565009777085105e+00
3.473090279369843270e+00 1.703059315534576346e+00
3.507473360040626709e+00 1.578280367225726843e+00
3.560899040776349889e+00 1.661120591862951690e+00
3.416291648092224076e+00 1.559786465542355893e+00
3.541632143819358092e+00 1.682234713705524909e+00
3.452667603908297966e+00 1.519546920801689183e+00
3.390434153633606229e+00 1.560338866941350933e+00
3.528149923883530548e+00 1.749288257113837730e+00
3.290682797035661356e+00 1.482227236334864751e+00
3.496093972207400924e+00 1.594529613846733529e+00
3.549032084801834408e+00 1.673744454816014526e+00
3.332389590642486965e+00 1.548703386894163758e+00
3.534655802354975673e+00 1.703719949540533740e+00
3.529556398148353313e+00 1.648294450654415932e+00
3.511766545169013654e+00 1.631583688059424997e+00
3.549132892553779062e+00 1.666949044375629851e+00
3.497918079054471274e+00 1.619622786262537639e+00
3.514302893868271216e+00 1.697252283442008514e+00
3.471181865678344192e+00 1.614026159086577650e+00
3.473361396722508321e+00 1.753482408309173790e+00
3.567826978658023229e+00 1.671619723329067497e+00
3.446335363432278420e+00 1.608102132500154324e+00
3.605573548603835388e+00 1.653340170035728418e+00
3.505938085547921190e+00 1.644244313126826729e+00
3.397663370458515075e+00 1.566871167557333688e+00
3.398690892160446619e+00 1.578617439932073596e+00
3.407535071899409740e+00 1.556797633062524167e+00
3.428742357146231878e+00 1.566190043174609414e+00
3.499163511362423318e+00 1.595442834744283500e+00
3.604578551244066897e+00 1.857551168348632986e+00
3.461041899782080655e+00 1.613741814016744103e+00
3.519813780733488606e+00 1.686041962234956504e+00
3.395919251615636902e+00 1.476014358745306509e+00
3.572340649705932236e+00 1.744685213727808160e+00
3.292624977322051283e+00 1.490727613910326266e+00
3.562201428281765558e+00 1.694486039406333244e+00
3.512069753554887708e+00 1.746045438970691643e+00
3.469855077228366724e+00 1.683982753824548873e+00
3.525134034308500031e+00 1.619993747415199081e+00
3.578924102261626494e+00 1.723304241678012660e+00
3.497499157117838209e+00 1.592673366692681780e+00
3.349794290262434249e+00 1.471459071624688697e+00
3.374397121176541336e+00 1.558978521003111739e+00
3.958284308606996316e+00 1.967394149034911832e+00
3.420091491676602313e+00 1.535148886466794815e+00
3.427436327499368662e+00 1.603896988487135689e+00
3.401441484647679925e+00 1.586570252428080252e+00
3.389770468193339603e+00 1.560700552211399250e+00
3.396065532923908226e+00 1.502529070578570547e+00
3.468376917919503200e+00 1.631707214717703636e+00
3.494762784534231947e+00 1.718572232771337527e+00
3.437549497524903686e+00 1.576258994035791616e+00
3.451324922076459245e+00 1.556204127850523200e+00
3.423918632769120673e+00 1.582013918040206635e+00
3.416430572003140043e+00 1.635923982602646154e+00
3.467789043433827434e+00 1.652324914322638172e+00
3.424639458306380835e+00 1.508903953243416751e+00
3.429410232321869589e+00 1.565642665665782474e+00
3.389847766885679459e+00 1.515547464383855791e+00
3.459033115583300066e+00 1.504088366299830781e+00
3.577183717930725759e+00 1.658539810392801073e+00
3.412433904289105424e+00 1.557913614887028952e+00
3.410284822464785925e+00 1.618187164916468745e+00
3.391889901293213327e+00 1.637118029535462371e+00
3.518665131107494570e+00 1.644530837812626656e+00
3.550987451730844402e+00 1.706299548441671865e+00
3.423132490659090088e+00 1.537222542496194500e+00
3.373392995808186523e+00 1.501622554325741765e+00
3.480433274255660958e+00 1.646687307989615601e+00
3.445242018923603489e+00 1.550898206395901147e+00
3.466532786168982305e+00 1.603570767292634924e+00
3.572502301837429783e+00 1.790857327265963139e+00
3.387396425913766773e+00 1.601292036094002391e+00
3.486212115969400394e+00 1.609529345801318234e+00
3.374563553750494549e+00 1.552051598135460342e+00
3.495482888264545007e+00 1.608127908458676369e+00
3.465138502003486831e+00 1.699154022790006824e+00
3.573811915867966871e+00 1.713445658886318279e+00
3.394609576270653406e+00 1.516217310621788661e+00
3.511623695912396315e+00 1.657244949316970972e+00
3.366563768649085464e+00 1.496671745172196921e+00
3.416308791521609933e+00 1.573541957434673844e+00
3.408610261317510659e+00 1.521697425533203196e+00
3.425766713427469412e+00 1.588656408800516395e+00
3.440754259256283643e+00 1.639074224835275873e+00
3.572383144024196877e+00 1.649961616611439696e+00
3.404393171275164942e+00 1.614246391444084772e+00
3.401140980718450724e+00 1.522840990756804347e+00
3.569836906894054529e+00 1.639724780804789006e+00
3.446228660278614075e+00 1.569686242781703100e+00
3.495109249962689013e+00 1.619224500030737923e+00
3.527568004985809580e+00 1.666727153474859779e+00
3.464457854883054466e+00 1.607657486669018310e+00
3.378123554287030927e+00 1.604355767023590174e+00
3.419602699215670949e+00 1.554309841390635327e+00
3.723587275208578795e+00 1.804711955869399809e+00
3.467490555669575869e+00 1.619214490761066383e+00
3.355385332875492566e+00 1.533977504752014553e+00
3.498372845958267252e+00 1.650756256083495854e+00
3.393810785454069556e+00 1.588079996644187419e+00
3.597584513347769963e+00 1.679013893362468757e+00
3.599265141054940553e+00 1.684509966549708304e+00
3.418353588746358529e+00 1.543977073576176640e+00
3.460224847812880089e+00 1.638774253163033379e+00
3.409720898235322206e+00 1.562711281131058616e+00
3.520250413906433007e+00 1.624644687667149201e+00
3.650167111664594177e+00 1.799179717281790492e+00
3.434990630436574044e+00 1.594670451044566839e+00
3.297454014308941250e+00 1.500428193939202348e+00
3.399912032411553042e+00 1.610884211413686318e+00
3.445530018021463636e+00 1.571760898332991596e+00
3.286847097493795555e+00 1.437356786443056755e+00
3.562970294677246130e+00 1.809824870991554979e+00
3.592595720060398179e+00 1.699336570514399680e+00
3.721904862456248519e+00 1.809629352526241242e+00
3.585166084107526796e+00 1.702255610463229152e+00
3.239906387632623730e+00 1.432149820271150897e+00
3.483246178421958827e+00 1.606880659137495782e+00
3.448099679150137487e+00 1.580409554891176738e+00
3.547252294319011234e+00 1.665641346133413636e+00
3.505447155295565054e+00 1.654734755947637970e+00
3.526654068062879510e+00 1.597169682951008252e+00
3.417473891133234076e+00 1.509229575970991721e+00
3.594683864551412089e+00 1.825877625947002869e+00
3.402953819344179287e+00 1.502250341469074879e+00
3.483888822963470577e+00 1.670689386259279541e+00
3.436521904031670349e+00 1.541795327709152508e+00
3.441940470366657845e+00 1.589257295065622522e+00
3.477627456976633447e+00 1.671893955929108611e+00
3.407293014657981178e+00 1.520367011566997606e+00
3.525166616429881383e+00 1.597759197368711304e+00
3.514187411964464047e+00 1.542758050473378439e+00
3.359026383339680955e+00 1.495194405759382006e+00
3.718982594507104444e+00 1.975136014830830344e+00
3.411754429858780746e+00 1.531439179828449237e+00
3.553413025720765006e+00 1.621677795427746815e+00
3.458527733526435721e+00 1.603196593393547031e+00
3.547827116232669553e+00 1.687226812298003642e+00
3.410657969728790651e+00 1.613648593224381145e+00
3.396657871602273282e+00 1.565223000451083646e+00
3.427177486178583976e+00 1.580436730050618799e+00
3.628411830752651834e+00 1.755703256284113056e+00
3.845976484521986372e+00 1.905927743795738261e+00
3.491858221523536532e+00 1.655176436327658207e+00
3.612185396971022922e+00 1.745147212426009231e+00
3.389446100928267480e+00 1.505307675114864407e+00
3.583834882364463237e+00 1.709048160238262115e+00
3.420329470395514271e+00 1.587115709246829098e+00
3.490585329678673521e+00 1.547832016951495859e+00
3.424057470501106426e+00 1.502162386922967441e+00
3.440065928644657767e+00 1.574130929548996916e+00
3.374562399228462795e+00 1.569625354508839887e+00
3.434523050120944276e+00 1.504817877370822510e+00
3.457973345245826113e+00 1.670328741819435026e+00
3.337693127724072006e+00 1.489245856298193837e+00
3.601844285120581191e+00 1.761951782374147957e+00
3.381317405734808101e+00 1.613480598382715403e+00
3.492537361184924194e+00 1.637659469155097192e+00
3.377734650887327827e+00 1.483184151166022868e+00
3.418283725088352210e+00 1.579769266479049694e+00
3.509038864777407341e+00 1.646459892274874548e+00
3.482970526153790214e+00 1.641440770512144764e+00
3.516883216990863925e+00 1.614795393152840486e+00
3.522970873996365881e+00 1.817132863231346818e+00
3.602013798662437871e+00 1.686579866239307002e+00
3.359638930025456549e+00 1.548164206718188440e+00
3.477174293263300520e+00 1.596379535547563400e+00
3.447540419975067216e+00 1.718831882163985414e+00
3.327038087955699996e+00 1.499637799474255795e+00
3.548878134362034142e+00 1.708536368361442959e+00
3.851340910532232265e+00 1.893328134877585001e+00
3.553316848067242795e+00 1.694598022323887898e+00
3.420929801576155338e+00 1.564816274099536608e+00
3.481304702068548362e+00 1.613639113983011297e+00
3.342590808984107653e+00 1.448462947690366986e+00
3.395523373417356439e+00 1.529089345301462233e+00
3.583733668025218755e+00 1.729122591208507087e+00
3.453956801230802398e+00 1.529650384891670711e+00
3.680577252281552081e+00 1.848878130458887492e+00
3.357478172458401744e+00 1.534185323159908076e+00
3.429818158929236471e+00 1.557856942295845037e+00
3.469682667632662199e+00 1.651716561161863828e+00
3.511480232488958464e+00 1.640008899787647412e+00
3.423220001289831504e+00 1.570749121326318276e+00
3.338563013589249895e+00 1.571594859847506909e+00
3.445018734504850411e+00 1.554788274369480305e+00
3.441712856966423928e+00 1.626796880810801538e+00
3.488266854177797693e+00 1.571972134638168539e+00
3.426185908183275508e+00 1.555109598609834887e+00
3.383956182247481514e+00 1.509086648946277531e+00
3.409056987110373527e+00 1.541568701988207168e+00
3.426089030485734099e+00 1.716954582528000151e+00
3.508875518307501107e+00 1.549016983548634929e+00
3.668133752559097349e+00 1.808369618603262952e+00
3.468952267031597092e+00 1.696180178914344916e+00
3.343624289228656732e+00 1.541923980193141031e+00
3.419235431369384681e+00 1.637467431350148273e+00
3.474233216085524045e+00 1.607243143534164975e+00
3.407429774387656707e+00 1.500669884135229726e+00
3.594067686029641884e+00 1.694968223944977703e+00
3.692165587347385092e+00 1.920137230046081722e+00
3.488357814244322785e+00 1.645976011929102034e+00
3.450916402589132126e+00 1.606463759760655474e+00
3.497219328821952189e+00 1.580411956905234394e+00
3.532469648952031083e+00 1.653677344880109867e+00
3.545122393761114488e+00 1.661156484334080918e+00
3.468430700913878617e+00 1.570130502695155528e+00
3.579450085575020868e+00 1.681353755011359086e+00
3.474038491281708385e+00 1.672283363256657163e+00
3.496784946879520906e+00 1.606527697430706114e+00
3.344287049772047382e+00 1.492567143961783360e+00
3.517217508262115988e+00 1.618091563102311392e+00
3.539587442610891088e+00 1.576726793036048901e+00
3.523285610178925165e+00 1.655842690525067828e+00
3.529627535588804932e+00 1.699679568722429090e+00
3.373888933089818298e+00 1.520000862798811303e+00
3.362162907131952316e+00 1.554976365786450598e+00
3.470363614685393117e+00 1.670917474296345739e+00
3.397591803448919201e+00 1.477998430872805136e+00
3.539914344290064463e+00 1.713956634087165698e+00
3.501933646508380793e+00 1.668687920350913734e+00
3.421470072476386015e+00 1.514364109161520533e+00
3.515551822630363699e+00 1.674667736298922849e+00
3.793325073659136404e+00 1.945572573134469074e+00
3.546300598866177101e+00 1.780369703682190607e+00
3.552411152236254921e+00 1.641380383622532690e+00
3.411685127220697389e+00 1.658347150770985046e+00
3.507730106160762418e+00 1.620193231592944150e+00
3.480242378567006689e+00 1.705389096309806396e+00
3.635006683720685139e+00 1.743480432123503121e+00
3.432693188684591501e+00 1.510687074270738561e+00
3.503191634380087294e+00 1.694417954355579514e+00
3.447360633660197404e+00 1.559535369158298712e+00
3.478962530074697579e+00 1.626009618310598315e+00
3.335358388898772120e+00 1.478671330756853752e+00
3.432075759112077407e+00 1.564182649788878221e+00
3.395859994111544378e+00 1.520193933661685648e+00
3.305865476614632037e+00 1.526160781291549640e+00
3.325451311400841714e+00 1.518899040655634192e+00
3.348828342841349226e+00 1.386653687768298671e+00
3.437911633701403513e+00 1.621525158764991481e+00
3.380600850026565851e+00 1.502007807099240866e+00
3.346607004260455209e+00 1.606106417022907351e+00
3.277634083239807872e+00 1.405921518435662598e+00
3.368343411102532325e+00 1.504728394467312658e+00
3.504000581686922189e+00 1.610251447857957041e+00
3.404403222022094333e+00 1.476734011711317907e+00
3.536416352492501414e+00 1.594368992465961199e+00
3.469098158882275129e+00 1.694998503295185754e+00
3.518823080430638406e+00 1.721594143796120857e+00
3.446091433415862770e+00 1.585702454842887743e+00
3.310584741550025800e+00 1.507053475285363930e+00
3.313393469050402107e+00 1.428193468429029833e+00
3.373067470420493930e+00 1.567243135390812059e+00
3.366863200916035304e+00 1.495687728534073724e+00
3.519074919534340928e+00 1.626251960150347342e+00
3.384449151004821132e+00 1.533756413497851190e+00
3.423098475442730493e+00 1.575511687070504152e+00
3.399404414988016487e+00 1.523497181412258428e+00
3.517011837364689697e+00 1.683082202491767321e+00
3.454168038160715604e+00 1.571062872073321959e+00
3.481523919180384397e+00 1.622203877057751376e+00
3.548091436148264499e+00 1.675491133768331586e+00
3.531382341664793145e+00 1.699617551470279375e+00
3.339152476948728854e+00 1.511778055695453427e+00
3.564598823757233248e+00 1.736223878108815954e+00
3.430988255359448402e+00 1.624813364838989083e+00
3.424533930506696855e+00 1.543478060197162272e+00
3.514566861027091260e+00 1.627923712533059453e+00
3.539619929526738318e+00 1.706270230976615787e+00
3.421606867021617759e+00 1.525276396605501184e+00
3.407238991607614675e+00 1.602761347602556175e+00
3.437721211319696213e+00 1.548283460062407579e+00
3.411111430589467641e+00 1.534233542138174755e+00
3.482192155775964526e+00 1.538799418131300278e+00
3.445936512413326547e+00 1.638113730688491199e+00
3.495389964647054981e+00 1.567793182342093194e+00
3.458399386509944051e+00 1.640111752530070355e+00
3.352366740463409656e+00 1.521718968038674458e+00
3.335178260651459947e+00 1.470630996036025762e+00
3.379650160407845050e+00 1.478478563354980402e+00
3.295975411182934245e+00 1.464876748680154828e+00
3.411285473791433098e+00 1.600085592774841636e+00
3.352124091427012953e+00 1.536724652234757960e+00
3.470005539430691677e+00 1.562846919345791896e+00
3.452421574695364370e+00 1.653571928449192763e+00
3.527335106043657742e+00 1.629728507017150330e+00
3.458964363315127688e+00 1.540525199409535695e+00
3.404769777509622841e+00 1.599685555145010873e+00
3.876078144096645417e+00 2.170543718168312264e+00
3.522804108537287426e+00 1.651708349225420092e+00
3.289057286442093275e+00 1.511277789405589544e+00
3.501049431569623227e+00 1.627686379071089595e+00
3.396570389114641042e+00 1.492007184730173019e+00
3.562498106850571666e+00 1.692634539614522371e+00
3.395484807098721802e+00 1.552618292568784586e+00
3.536399092130495525e+00 1.697697620102023297e+00
3.457286330475176861e+00 1.612701389231727678e+00
3.371585059916842209e+00 1.547598823520991429e+00
3.349101201446783804e+00 1.557154890960620985e+00
3.512359758811372856e+00 1.621197077572133161e+00
3.499743454906762974e+00 1.688951651296987766e+00
3.539022687847593662e+00 1.727441275843758950e+00
3.374960893599201928e+00 1.464557024866904644e+00
3.235046114836906295e+00 1.382128000405352886e+00
3.482770936028620756e+00 1.684819986351880239e+00
3.236293444629415372e+00 1.416719041026460069e+00
3.477852722692796661e+00 1.647319764357392913e+00
3.508119948230461027e+00 1.566081528779487142e+00
3.584491302464572371e+00 1.714502806645775257e+00
3.426705946909724521e+00 1.542330078131421756e+00
3.551043677960594724e+00 1.606704931713503148e+00
3.534256221270164033e+00 1.677690180993975932e+00
3.393254501800157641e+00 1.600701418647226593e+00
3.445294041340793090e+00 1.664183001321881017e+00
3.514419878794733165e+00 1.647076139309359810e+00
3.366873942208403747e+00 1.510780028144251830e+00
3.316452454867786059e+00 1.524784560522618015e+00
3.450665496466395421e+00 1.552261384910096131e+00
3.367931166375278007e+00 1.501385616121194477e+00
3.554004485804467706e+00 1.688048665180688301e+00
3.518232386944672108e+00 1.590249494503498617e+00
3.498158643111811017e+00 1.706448911502398635e+00
3.433981535444494249e+00 1.576709299593153313e+00
3.470305755558627414e+00 1.587530221116618678e+00
3.405843420230799445e+00 1.551476292731503559e+00
3.432043947892640112e+00 1.534253653710885068e+00
3.407474632725275399e+00 1.512549002173038115e+00
3.415390566713724319e+00 1.616120208510420042e+00
3.352607142260508155e+00 1.568033573223214017e+00
3.407095233100099207e+00 1.513539359749817459e+00
3.406792706484916167e+00 1.481437142589118183e+00
3.325147245098455162e+00 1.531829712306896019e+00
3.446905678437291787e+00 1.597301091854584909e+00
3.432159651981452342e+00 1.564535445290033966e+00
3.814500599828394733e+00 1.889211516051482187e+00
3.344880161052142586e+00 1.525388888794519948e+00
3.505670640564500840e+00 1.595942626790281871e+00
3.409917557551896738e+00 1.553383057397812017e+00
3.331250569704416797e+00 1.485491350417498246e+00
3.458744981610926139e+00 1.619183741150706179e+00
3.427666028612698756e+00 1.583451038951094292e+00
3.587667052932976830e+00 1.801055577025042265e+00
3.426854413213280104e+00 1.621945746540025768e+00
3.330658632749643910e+00 1.429618273280730989e+00
3.449182235170819677e+00 1.652639733127559074e+00
3.386223536659850986e+00 1.526215534009647934e+00
3.463350834365791719e+00 1.501904483158960746e+00
3.388804713923266654e+00 1.563233074228988162e+00
3.418530090805293131e+00 1.565607516069351224e+00
3.478006519707612210e+00 1.606743123810586038e+00
3.473796348669973000e+00 1.672115150295992780e+00
3.498697375614437277e+00 1.612657536117823032e+00
3.602031083294361391e+00 1.832457511363545288e+00
3.500059960896945821e+00 1.598934401883428613e+00
3.341842369871474538e+00 1.499311186607716229e+00
3.530458309005274131e+00 1.645277570785576460e+00
3.561328602357408002e+00 1.712675392356018067e+00
3.509500628022782287e+00 1.695140091490690226e+00
3.370461759656894873e+00 1.465094481964260620e+00
3.525466479175656254e+00 1.645161720319628706e+00
3.476077285981272524e+00 1.576837277239703239e+00
3.417920695881530690e+00 1.485672913645247561e+00
3.491952657680376326e+00 1.631955381071054090e+00
3.375855525749640318e+00 1.526563533157114572e+00
3.505955354929663592e+00 1.633934589956209216e+00
3.480112807007396558e+00 1.640690965668825552e+00
3.307748082272853107e+00 1.460967726511907649e+00
3.580763931924435983e+00 1.636096026463060182e+00
3.471054210702085641e+00 1.609742257351488348e+00
3.330047614922388988e+00 1.486024694282879199e+00
3.449128498193652970e+00 1.587299569762360640e+00
3.429730606020512163e+00 1.592061536179968817e+00
3.623344197337094563e+00 1.669463243002550223e+00
3.385571654743416481e+00 1.589995907825322741e+00
3.468216030626715352e+00 1.554173703141197294e+00
3.429171017695659796e+00 1.539868067059682488e+00
3.404587596222319767e+00 1.490428350103056188e+00
3.526386911952595238e+00 1.611788222006686144e+00
3.523864874058801000e+00 1.730098830597375015e+00
3.525960209018820901e+00 1.621867309379980249e+00
3.404862037736399838e+00 1.598723840375864347e+00
3.576831858549961662e+00 1.628376241966807303e+00
3.389642014784360224e+00 1.498451132753478854e+00
3.450366495692117841e+00 1.618818440526307079e+00
3.567454653221094674e+00 1.646239410605708109e+00
3.411280175524361358e+00 1.593584868253466347e+00
3.444272036579419272e+00 1.606844194647710555e+00
3.502684004975669119e+00 1.653825025462280163e+00
3.494984195057471155e+00 1.791111966278091661e+00
3.450402299636952996e+00 1.703977707382742679e+00
3.542518547271263252e+00 1.763437699621420940e+00
3.491758927543756830e+00 1.592131605415723516e+00
3.415144954611061046e+00 1.588705903049045354e+00
3.448279676727958876e+00 1.630003919076639551e+00
3.340913209071625367e+00 1.569799241067688422e+00
3.594305161340109134e+00 1.761308243677476515e+00
3.388262407090905537e+00 1.621482609553732468e+00
3.444308209999884518e+00 1.569961082179559542e+00
3.512606591132520162e+00 1.569070334045938209e+00
3.343782764473043123e+00 1.449790493952735515e+00
3.419981313416597057e+00 1.638512145315281554e+00
3.361921414448161283e+00 1.512968697079093650e+00
3.422347206586224821e+00 1.591827463024422684e+00
3.418767650524292989e+00 1.521255409724715735e+00
3.510022287892010873e+00 1.691514720548751516e+00
3.471996707192199771e+00 1.604559566680602289e+00
3.423450975049194600e+00 1.564112836735492396e+00
3.445889822871972985e+00 1.625839900047942654e+00
3.429511949258998271e+00 1.484438205818478185e+00
3.549853320165470283e+00 1.719491861702118873e+00
3.434923266009525022e+00 1.603793970564496574e+00
3.428314178963097092e+00 1.606423129324728416e+00
3.397325510511911340e+00 1.551729453570823924e+00
3.551953394963355048e+00 1.653520127631355585e+00
3.469582118429966222e+00 1.570496879633372478e+00
3.455544086984271068e+00 1.531883415599457399e+00
3.355427151848638267e+00 1.548239979955022383e+00
3.440447532684916432e+00 1.629165362463814937e+00
3.516380818394065244e+00 1.580379502656662716e+00
3.426087459231563326e+00 1.559132679508210773e+00
3.295151323667773191e+00 1.447259279847294744e+00
3.467484764127511720e+00 1.565172206059307403e+00
3.588400162905769353e+00 1.679535104951135782e+00
3.450821051825845309e+00 1.580324699621936668e+00
3.436988525020048701e+00 1.590204307776635906e+00
3.502675766885706476e+00 1.602464780308742842e+00
3.537820210053255643e+00 1.722349840128833520e+00
3.522411857741781560e+00 1.654017581750958144e+00
3.468634161386103365e+00 1.540380122358836035e+00
3.519485235375845011e+00 1.690085351620166154e+00
3.338460977039473754e+00 1.495889304234913286e+00
3.529991187782399731e+00 1.694767815730565896e+00
3.649586765850426406e+00 1.843192538698392280e+00
3.550984671988171471e+00 1.674642273848487184e+00
3.530241907097820153e+00 1.593054812325072067e+00
3.448706027508266381e+00 1.643484221628622954e+00
3.409643417768536189e+00 1.598112598734861223e+00
3.537977296090883517e+00 1.768983155945603514e+00
3.519097295959454641e+00 1.673212121587999812e+00
3.445350530717580462e+00 1.595019899504508398e+00
3.431781920922690521e+00 1.509804729593404504e+00
3.449064611729587781e+00 1.580020305939493719e+00
3.461038285372832757e+00 1.673540291099889554e+00
3.494440069862840836e+00 1.570959322707616179e+00
3.467228265434437962e+00 1.559660500720842169e+00
3.437655814445497615e+00 1.598384689202956510e+00
3.505941451460338421e+00 1.628473152835446802e+00
3.563679579184434676e+00 1.666704249786610248e+00
3.392278368338847550e+00 1.546735122001607010e+00
3.609371415077571310e+00 1.700228010392035305e+00
3.409867875945841842e+00 1.597033800650540014e+00
3.438460717586465876e+00 1.576298419342155199e+00
3.338335012484038966e+00 1.513768279007648987e+00
3.479325374164062623e+00 1.548408581026646802e+00
3.492495188436504083e+00 1.627353979534827966e+00
3.678520430365944449e+00 1.883938296162818382e+00
3.380536206164728608e+00 1.504501892418430797e+00
3.524156810162594855e+00 1.570190236774532178e+00
3.330483957740332457e+00 1.537162212632012137e+00
3.541757004003813325e+00 1.705034146795469940e+00
3.438429635922595651e+00 1.605785565539756377e+00
3.589123537949179710e+00 1.645471220279478120e+00
3.534944703511087472e+00 1.626515903072973668e+00
3.446159664505802134e+00 1.562851692819070104e+00
3.419624721916400656e+00 1.554085959092861513e+00
3.491013731537350839e+00 1.650048912102776599e+00
3.304994718450529501e+00 1.561238142403492679e+00
3.539537879285468591e+00 1.670449399629265308e+00
3.495027073907460036e+00 1.627379925470648470e+00
3.443332463376028052e+00 1.594781195325343681e+00
3.359321837380294440e+00 1.510752108828764095e+00
3.428457216415726538e+00 1.623896883356120924e+00
3.432216106002035527e+00 1.607615722259237989e+00
3.424313074605445983e+00 1.630555151995290997e+00
3.510106246502874061e+00 1.687030913476717853e+00
3.827689204251876198e+00 2.215375616237968082e+00
3.340842142552326255e+00 1.526757252924299646e+00
3.370376500773452300e+00 1.524648712568356768e+00
3.349240976925180746e+00 1.466690649140963698e+00
3.538067704420056359e+00 1.638959151557633609e+00
3.596112749470071090e+00 1.672550587586544957e+00
3.723562380377224201e+00 1.982546668568016646e+00
3.511091405421591816e+00 1.678389555651500276e+00
3.367702354394487951e+00 1.467231291115698388e+00
3.465732632303162308e+00 1.599167557544589391e+00
3.478362635625993793e+00 1.548888533964708270e+00
3.493739063582245841e+00 1.686865210764369571e+00
3.351422186820575799e+00 1.479189964475299490e+00
3.453689598792164972e+00 1.580631455374375660e+00
3.283220717747382444e+00 1.437341728958047904e+00
3.402793724231730099e+00 1.554765734880332095e+00
3.396593538428585468e+00 1.457784056580708532e+00
3.333115902853132084e+00 1.434782235677226181e+00
3.526857121552189778e+00 1.640006042711426248e+00
3.386387973066405266e+00 1.582464333761358644e+00
3.397242099644063096e+00 1.459546131001757008e+00
3.365041059807425405e+00 1.488251687237274634e+00
3.516342571515858495e+00 1.659546747167947034e+00
3.295614104292965862e+00 1.451180765994567690e+00
3.525816197245863926e+00 1.642462407393519896e+00
3.397804391728510343e+00 1.560888331243452942e+00
3.515903127929985050e+00 1.626566152671540477e+00
3.339652418925923349e+00 1.587608835438723442e+00
3.455981563790704758e+00 1.596878699216670361e+00
3.465620392750189183e+00 1.555188932456673889e+00
3.457941333392574812e+00 1.643788763626631289e+00
3.571892890704340129e+00 1.641775803053228344e+00
3.618793527192067483e+00 1.781610513852881938e+00
3.365875207979577510e+00 1.523191606973929302e+00
3.367467022386430475e+00 1.506348316592185821e+00
3.350873798801824233e+00 1.551067169022186665e+00
3.436169443033167514e+00 1.538294903207748865e+00
3.628090056879748726e+00 1.693075598566123885e+00
3.439156848277448830e+00 1.662127819766397563e+00
3.382194332320279884e+00 1.502140325950950706e+00
3.547041899917407370e+00 1.658517079386795157e+00
3.494359210942194149e+00 1.676597050361374963e+00
3.481731381410181125e+00 1.683397960074682898e+00
3.502468186739327027e+00 1.624346417235144946e+00
3.301206346953612147e+00 1.473506626599573988e+00
3.488645020549660636e+00 1.669807138184683515e+00
3.494422857066183052e+00 1.584482143622537365e+00
3.337596296626074377e+00 1.634423379312380353e+00
3.478807527210955985e+00 1.652175561535302206e+00
3.373748832728430180e+00 1.553937141243727726e+00
3.540972368436456019e+00 1.671164103772975640e+00
3.539551581341623177e+00 1.692712979609002355e+00
3.502117916463732161e+00 1.562086967743732124e+00
3.428443035142213269e+00 1.586319444002428636e+00
3.584924552724122027e+00 1.756256889877888083e+00
3.587432547497740654e+00 1.684846533408091540e+00
3.400368635012918528e+00 1.577710321429491191e+00
3.400262120044995395e+00 1.548243859205210793e+00
3.518754580171362001e+00 1.666226219860260427e+00
3.491697895140277286e+00 1.554885140003079202e+00
3.398256074547349126e+00 1.552554600125025219e+00
3.455056856476537597e+00 1.601962136744067511e+00
3.442454757681461697e+00 1.543896810607608971e+00
3.837920181290045196e+00 1.964846320472514618e+00
3.377182965837691064e+00 1.507103686730822956e+00
3.493655493108971388e+00 1.610319778245834055e+00
3.347893525364908918e+00 1.497591405041790447e+00
3.378089764267024009e+00 1.506919568391726916e+00
3.586763053423976277e+00 1.701311018376385542e+00
3.322509237404655202e+00 1.543464353304339953e+00
3.448869309328563837e+00 1.498589275076022576e+00
3.454023948882478656e+00 1.488618301716589931e+00
3.462231567644582508e+00 1.624601508870020528e+00
3.465767523694030405e+00 1.525245989170535887e+00
3.442432572251939327e+00 1.553827659942438988e+00
3.540750319590003858e+00 1.699240701962145828e+00
3.613769336243199959e+00 1.715775710283195421e+00
3.588850308083762375e+00 1.664679854433130934e+00
3.488291843970967587e+00 1.677089811503992722e+00
3.449874381895587483e+00 1.567588073377386815e+00
3.381655885673211515e+00 1.506950763036051244e+00
3.326810669313919000e+00 1.460260316286357218e+00
3.484083156068912945e+00 1.597476186829607236e+00
3.460549533352724527e+00 1.567473979330262335e+00
3.284658345822958569e+00 1.423970712123943327e+00
3.545371336257034489e+00 1.718289304404499118e+00
3.361434814720510644e+00 1.556728150166581504e+00
3.520048256161247391e+00 1.694966053353996305e+00
3.408094285387648359e+00 1.553596294376720532e+00
3.335199520361689984e+00 1.475387740823131288e+00
3.355974449110537439e+00 1.506864046897403497e+00
3.421457274484694722e+00 1.512506386693641680e+00
3.406734599850402834e+00 1.522652382718847619e+00
3.502671171198521893e+00 1.686508316238371163e+00
3.435616546195825016e+00 1.628113170826477996e+00
3.380078216630244103e+00 1.517148940677874203e+00
3.379919010402234747e+00 1.484919072100167936e+00
3.741852787861613461e+00 1.850614886137000425e+00
3.375698714275491508e+00 1.521590961102626816e+00
3.543086724479871830e+00 1.655020190208609243e+00
3.667527311770087728e+00 1.859464863034543392e+00
3.587367738315058840e+00 1.667876145908949059e+00
3.408955669245431697e+00 1.634967861154067670e+00
3.585261442744495319e+00 1.616549438912715075e+00
3.525767978705628636e+00 1.655353599453578406e+00
3.333402752200863350e+00 1.510479640480893559e+00
3.377771092736196579e+00 1.595548766412044017e+00
3.574287341584928779e+00 1.685397458578461016e+00
3.432734136485788401e+00 1.557946363010786817e+00
3.483170528968045687e+00 1.571227628590885494e+00
3.307114829339291795e+00 1.479444177897436097e+00
3.547494960814086884e+00 1.688670135351935997e+00
3.433475702449299671e+00 1.469629412807162305e+00
3.549574633311654459e+00 1.692919953178468884e+00
3.476397477188270635e+00 1.603702258881610110e+00
3.485286954063022691e+00 1.607099530761531447e+00
3.395526512569707389e+00 1.563090578741597181e+00
3.502791393659395514e+00 1.622578585178358512e+00
3.399952905494330047e+00 1.549516734288489905e+00
3.407264357182382408e+00 1.616123364229950621e+00
3.265962426521463069e+00 1.493724738930650497e+00
3.437717295855204913e+00 1.586325563975961916e+00
3.444947881351378971e+00 1.526350457139967531e+00
3.355058220518049694e+00 1.530212275776817732e+00
3.526291072385653536e+00 1.609851050203302547e+00
3.574783267790069718e+00 1.708134464068100433e+00
3.402154325645997623e+00 1.496650188541013504e+00
3.412051970760887620e+00 1.516292890843124797e+00
3.702743127541020751e+00 1.800404253049603165e+00
3.613158183070416474e+00 1.758531794093097123e+00
3.319335788660568998e+00 1.509195734055223781e+00
3.472923437898983057e+00 1.689740600613575561e+00
3.347879703071277468e+00 1.575595586544646709e+00
3.513274651635829748e+00 1.729399393090585768e+00
3.465659056944995875e+00 1.732434039977160722e+00
3.625330402678890618e+00 1.743182647849223832e+00
3.469142458107578264e+00 1.652216670153595635e+00
3.428148143613444887e+00 1.561932489016622849e+00
3.472809478561703411e+00 1.670547507413590482e+00
3.559246706181568243e+00 1.722126239255278968e+00
3.590742698818234935e+00 1.653427056496911796e+00
3.470402895781748764e+00 1.630070345820912925e+00
3.408008673736147021e+00 1.596170331851880064e+00
3.484508334001578334e+00 1.704269980046158706e+00
3.494804427328666030e+00 1.605275671723002784e+00
3.541282779896791855e+00 1.677003266065420162e+00
3.499911887291923929e+00 1.727786195004366254e+00
3.477991411914624020e+00 1.574243248003715401e+00
3.283356104870840397e+00 1.437685715698373112e+00
3.342325191264518658e+00 1.531993315103372222e+00
3.343744078755538141e+00 1.576634149090238912e+00
3.477421836967832025e+00 1.511508464998367662e+00
3.671932701235046448e+00 1.751467035697750640e+00
3.270454838072086812e+00 1.552569834180452579e+00
3.502647142815044745e+00 1.655447776451274056e+00
3.589727626337614108e+00 1.762390795496208806e+00
3.515010605735413129e+00 1.601876988953223835e+00
3.444046887776733623e+00 1.551377675901177478e+00
3.546089505445547463e+00 1.715241096117729791e+00
3.431618208163941031e+00 1.539567732609920636e+00
3.528931640906093570e+00 1.615419104975772902e+00
3.426245746536335179e+00 1.542111349776945417e+00
3.328447711468057069e+00 1.530091500595278209e+00
3.491111401396619129e+00 1.622914725940010072e+00
3.486621738450673469e+00 1.587674222428674398e+00
3.627668672198887556e+00 1.752618386187272836e+00
3.531875209866893517e+00 1.649873353787890018e+00
3.332168121610968203e+00 1.487762247517181002e+00
3.599264804075665403e+00 1.697443824308884741e+00
3.362495162269140359e+00 1.587903683702848623e+00
3.516493751569913062e+00 1.657161496793293276e+00
3.508948016913318479e+00 1.710449478464088457e+00
3.514298437359967942e+00 1.700582767225962355e+00
3.434645576237938869e+00 1.612864247981151244e+00
3.453544915874303456e+00 1.552954518747740709e+00
3.387892058721785116e+00 1.521436581167793456e+00
3.536702719184990240e+00 1.755244494193959559e+00
3.548867264022103729e+00 1.711045197982300259e+00
3.441873590226394164e+00 1.609760359253930018e+00
3.589827545188634339e+00 1.697059242755100561e+00
3.488522973171365837e+00 1.633428402191444473e+00
3.422505102089232309e+00 1.637783527535196182e+00
3.519897632868820736e+00 1.688340558860806251e+00
3.599444154850455213e+00 1.612986708123069768e+00
3.559638321690142604e+00 1.664952415195578572e+00
3.454037132095528317e+00 1.613177111692659871e+00
3.417864768490431082e+00 1.575116821658211208e+00
3.434545067375881722e+00 1.570293307035656838e+00
3.558839250147820987e+00 1.656488418256416795e+00
3.508539129681951696e+00 1.671468198837695596e+00
3.416405445844422406e+00 1.555122509092553118e+00
3.465052182991344321e+00 1.599240228536749742e+00
3.533556798856062109e+00 1.685086070204429687e+00
3.363747616563487863e+00 1.518016861165921938e+00
3.543448359822198412e+00 1.693744308569488544e+00
3.377160326160413728e+00 1.552598669444589241e+00
3.523056185272794849e+00 1.658572974787834609e+00
3.392031739688026182e+00 1.656183134985690364e+00
3.475363207064192217e+00 1.634590281707417381e+00
3.409080817776430905e+00 1.523001595362373228e+00
3.536189754951201358e+00 1.614977786542364235e+00
3.898030544942981290e+00 2.092291975388532510e+00
3.403442076295159602e+00 1.576625269058917089e+00
3.535225833342838797e+00 1.643184680711822665e+00
3.463732495664716193e+00 1.656844147335619244e+00
3.601856948445006701e+00 1.673820994980030452e+00
3.508993009919151973e+00 1.712567141291658546e+00
3.970551749512035489e+00 1.961735160389697308e+00
3.529325473632438204e+00 1.678210705172820560e+00
3.489950861891566447e+00 1.587873067698621465e+00
3.465987065921015020e+00 1.653664374989287644e+00
3.542642759959725218e+00 1.603443891430203383e+00
3.280520581760019816e+00 1.483767747119255631e+00
3.547789966716415222e+00 1.714240311498266056e+00
3.507833421516132866e+00 1.599996974343639744e+00
3.222638097663209855e+00 1.462397023168813481e+00
3.558168610003438648e+00 1.754543808578998165e+00
3.325778196386859342e+00 1.387955971030202518e+00
3.407900353442927077e+00 1.539724122286784125e+00
3.613704150040578433e+00 1.640128486649079731e+00
3.471974897740556454e+00 1.727327048627796957e+00
3.378288252306428596e+00 1.517050690963974047e+00
3.441877878727078066e+00 1.590167320782923888e+00
3.378565660581709373e+00 1.521459025747661231e+00
3.964467180645153910e+00 1.963439272990631146e+00
3.404335900870742559e+00 1.537040341133722787e+00
3.483771242031513449e+00 1.528904323628946793e+00
3.510686219724303392e+00 1.629606746322580513e+00
