2.601399715542909163e+00 1.410091805325583314e+00
2.564335140778421174e+00 1.331711719178264364e+00
2.708381705338322565e+00 1.471877950857254147e+00
2.532218378015356208e+00 1.366413510094281580e+00
2.698562158367606045e+00 1.455864257733575418e+00
2.784740550677324844e+00 1.616766642010007082e+00
2.689274602955648685e+00 1.487220373432567522e+00
2.694310860314568679e+00 1.442271233903944516e+00
2.672226676105341259e+00 1.475975522610959878e+00
2.744831237116690748e+00 1.532274527720122403e+00
2.687640136011883563e+00 1.392275343940896581e+00
2.713665630668175677e+00 1.438646128141009006e+00
2.674779297127235278e+00 1.483379166970276719e+00
2.552368000479481758e+00 1.280890172045955566e+00
2.798125524634920591e+00 1.573638231994499925e+00
2.624324662110563811e+00 1.402040722842069043e+00
2.934291144643836002e+00 1.710715109450732685e+00
2.678163439527688539e+00 1.418262659367075962e+00
2.700085652118735524e+00 1.463237355171673082e+00
2.790290445116218709e+00 1.612073297804362149e+00
2.671896913001513774e+00 1.393562797942272224e+00
2.847178689383225603e+00 1.623088415064272816e+00
2.730683292638287796e+00 1.616619037228877342e+00
2.488727713923409635e+00 1.374641160032146647e+00
2.670773858259977818e+00 1.525263536509926521e+00
2.629693966434980545e+00 1.396270054513379488e+00
2.620418834689584475e+00 1.444978986437645663e+00
2.664211427122950226e+00 1.421638733951430700e+00
2.586223697408948752e+00 1.356337563871936380e+00
2.628840151861266516e+00 1.425657504615028603e+00
2.619776052943176392e+00 1.385069005724381519e+00
2.772422443512342571e+00 1.557249898042500913e+00
2.645994223436508808e+00 1.436754161597608492e+00
2.510159916031635685e+00 1.214380259946595597e+00
2.627027629771193862e+00 1.386014433936793688e+00
2.823165695799032537e+00 1.671250613051297407e+00
2.829264037069706195e+00 1.581102851077187399e+00
2.731023042052688421e+00 1.549158323432452189e+00
2.502488740746412699e+00 1.279911064570829593e+00
2.531014925043834740e+00 1.384753637828503026e+00
2.666335539896852236e+00 1.372370458459166942e+00
2.570571166387300988e+00 1.376692846676639492e+00
2.470632237013377974e+00 1.262588217654099676e+00
2.749123972513235703e+00 1.548768212658491850e+00
2.483159709800402570e+00 1.246871490906084068e+00
2.613928908874270540e+00 1.462538945205707153e+00
2.443764572873504903e+00 1.293976441350534357e+00
2.636684220195300909e+00 1.335625397572844486e+00
2.660206771289524319e+00 1.407547774329002355e+00
2.708044217201939663e+00 1.583414162574039663e+00
2.564091796146261704e+00 1.337018163768436851e+00
2.567494851630722774e+00 1.326992872587861916e+00
2.764972220001008729e+00 1.602173705581898977e+00
2.561805108380044604e+00 1.425851245265201239e+00
2.647842369783627081e+00 1.355205325325013144e+00
2.808267222599898361e+00 1.559559147219454323e+00
2.916492865093667675e+00 1.760483680075517920e+00
2.644815407736408108e+00 1.404700779352735962e+00
2.584798859402331672e+00 1.400809050863164318e+00
2.829034504382898607e+00 1.699067300297115723e+00
2.668935119205658957e+00 1.430887809300856128e+00
2.658511709130473299e+00 1.390021335582912521e+00
2.675785986124926463e+00 1.414914296163671814e+00
2.621105742651626436e+00 1.405388534577357351e+00
2.719727295784637455e+00 1.449319493233920619e+00
2.844041402920469253e+00 1.676722848269407429e+00
2.648808145882824761e+00 1.434879629494810738e+00
2.470920659019701926e+00 1.273773335057584610e+00
2.621632111959515843e+00 1.401242102194036887e+00
2.717225881636848417e+00 1.497519942330746590e+00
2.696361915964763156e+00 1.548894318419170135e+00
2.808879993602992897e+00 1.546057625979554428e+00
2.651593753219910976e+00 1.452027945403803644e+00
2.788540847786534105e+00 1.589907310009147645e+00
2.579834432106410169e+00 1.432752419656369014e+00
2.521256098758994479e+00 1.303442985145156774e+00
2.689051827240329651e+00 1.441753604496662566e+00
2.728456068319160543e+00 1.474771756914841525e+00
2.584369413307683327e+00 1.379693902485071400e+00
2.627111796919400444e+00 1.442736647907922665e+00
2.648648188413157190e+00 1.491825120734556975e+00
2.678220947874001556e+00 1.508934128801155294e+00
2.648542135407825349e+00 1.370152241460671494e+00
2.653674591374861169e+00 1.395834128611832980e+00
2.670289574499809859e+00 1.467463829427544164e+00
2.505454375950414203e+00 1.274149754556908487e+00
2.660212589676073769e+00 1.468327950701792783e+00
2.836197991918793182e+00 1.716127225869780171e+00
2.687679794837769975e+00 1.475143933783818140e+00
2.815676947708608768e+00 1.590986734162478822e+00
2.709444244921308975e+00 1.466180653209803175e+00
2.677625722830400345e+00 1.526971138087628521e+00
2.624366035865909552e+00 1.345974474850030855e+00
2.549341160319322341e+00 1.334618745904837978e+00
2.515196505331162236e+00 1.334851243402345622e+00
2.782918029309206620e+00 1.599514001019480602e+00
2.625843403631241912e+00 1.425380305809171189e+00
2.664140106590530355e+00 1.492281940514598171e+00
2.572691483849622873e+00 1.353370064763717240e+00
2.703095360825993332e+00 1.567047875586706995e+00
2.649237568219505956e+00 1.387678766232474992e+00
2.690646655135867427e+00 1.415904105389733880e+00
2.562942412270537762e+00 1.375347513719687109e+00
2.502436722562947580e+00 1.367448727908027628e+00
2.795082486354273144e+00 1.529879588958758863e+00
2.527370385650524742e+00 1.303133288785302213e+00
2.682096328734020041e+00 1.463022899353188189e+00
2.521795483790355785e+00 1.343987478084510689e+00
2.714160925570398231e+00 1.532606367495467969e+00
2.604082899729395884e+00 1.325129811389795353e+00
2.658747566122582562e+00 1.443258956296674889e+00
2.527612108165997906e+00 1.308640511687460650e+00
2.604777023353253451e+00 1.377667630273867294e+00
2.694795893601993786e+00 1.416338887564798865e+00
2.846419492072637780e+00 1.653024181237011225e+00
2.809240460687918883e+00 1.570321360272531219e+00
2.684072018159556539e+00 1.420816645130190237e+00
2.587707698590511196e+00 1.357195990909138228e+00
2.514001724384256065e+00 1.263007280810101385e+00
2.663338124286823483e+00 1.351492004574389894e+00
2.596717283555370681e+00 1.433616680264175214e+00
2.673869355512973556e+00 1.446581521970942807e+00
2.789360873513351269e+00 1.543522342359066934e+00
2.499884082323601042e+00 1.297799442749664856e+00
2.549748568517838265e+00 1.290299107475332052e+00
2.761173655608376354e+00 1.460467076052206270e+00
2.834928825613735714e+00 1.672636064132220213e+00
2.483593779958536807e+00 1.221092023446988639e+00
2.660982107847755795e+00 1.462572078685777655e+00
2.601813592161467348e+00 1.422728320911799349e+00
2.718859979539151706e+00 1.533093835190713294e+00
2.684858781516260340e+00 1.388923453834218336e+00
2.573413294254007333e+00 1.335120412058166783e+00
2.773306276103422618e+00 1.591573151914715822e+00
2.600118269900548285e+00 1.378239356669428872e+00
2.645632854456589911e+00 1.433039080259511433e+00
2.935477350853581413e+00 1.821886192363516788e+00
2.479209593497183395e+00 1.278895027058475575e+00
2.669478827229886164e+00 1.457263571387933165e+00
2.674222861199036849e+00 1.466526107452752914e+00
2.776084237931277787e+00 1.555011999759351671e+00
2.598254229071722321e+00 1.414840668774830945e+00
2.637328169049342641e+00 1.446278038732490501e+00
2.682414497439899570e+00 1.402276045603640275e+00
2.662307634580020732e+00 1.429420649895076334e+00
2.832602030604608689e+00 1.643508806171079417e+00
2.701258794585736478e+00 1.419076504206344236e+00
2.658782300550096789e+00 1.348606112984007011e+00
2.615825744942551268e+00 1.488793911220216648e+00
2.681937557412534368e+00 1.457581395624328868e+00
2.751359654325512771e+00 1.550775760230596489e+00
2.607963477659457130e+00 1.346569508943686433e+00
2.745054000429912211e+00 1.548567440780903359e+00
2.672924061144400731e+00 1.553491635113667835e+00
2.666718977724033213e+00 1.386059166817455557e+00
2.651815526872816964e+00 1.447691998034773775e+00
2.602312131087919589e+00 1.494799991870882971e+00
2.650293145986363896e+00 1.374751968194052321e+00
2.648618161911389546e+00 1.392926343883575280e+00
2.514364090047571665e+00 1.278602303038303134e+00
2.710512624142630056e+00 1.464211733331737486e+00
2.590430410603184797e+00 1.426656929683903119e+00
2.681190595587139569e+00 1.477637715149148878e+00
2.699237317948116832e+00 1.531419407378933117e+00
2.779741645139371720e+00 1.477489348993816121e+00
2.626221780884772539e+00 1.402851317642818119e+00
2.718218889556800910e+00 1.494641598678537076e+00
2.749389579484178725e+00 1.566929834736036087e+00
2.678666369351860421e+00 1.466027743172213071e+00
2.645516988536779301e+00 1.491144461702008872e+00
2.652304679646789065e+00 1.414273191837406296e+00
2.707661062098955185e+00 1.425582599198910838e+00
2.755266153918174865e+00 1.539572123550106308e+00
2.661045692721109912e+00 1.368741982353221420e+00
2.604686518216652313e+00 1.343138535675594936e+00
2.750454826952073883e+00 1.540370457867126452e+00
2.666392103763274957e+00 1.412723928894183301e+00
2.732599731556813349e+00 1.457333456993125109e+00
2.749708161751888813e+00 1.577732762023307478e+00
2.573598559088970283e+00 1.343826155090003471e+00
2.616213401781926962e+00 1.357313403769411009e+00
2.670753345389592859e+00 1.401323821496331501e+00
2.780557163147062028e+00 1.597623067928678919e+00
2.679384618798659190e+00 1.452033966173514434e+00
2.702729437729907147e+00 1.576560572950199468e+00
2.513792315240788611e+00 1.297932403204891338e+00
2.545995276368291371e+00 1.317910223680080373e+00
2.532252670412720175e+00 1.276258574090030962e+00
2.679207099135334946e+00 1.486249508759359683e+00
2.739045300868254262e+00 1.533907230770297891e+00
2.720329216937038996e+00 1.510538381920867090e+00
2.558801973591030787e+00 1.330955582046261521e+00
2.598223433793460657e+00 1.415130019253027172e+00
2.539560854449569138e+00 1.394798056205019288e+00
2.667207276957667350e+00 1.407048593355232358e+00
2.767522947462305538e+00 1.616919056992253356e+00
2.644922015540629001e+00 1.519025137802432424e+00
2.497539030563419971e+00 1.277990594504080812e+00
2.775091448170162067e+00 1.552850530716751054e+00
2.718512549501909792e+00 1.531253320142988095e+00
2.506017564536727082e+00 1.332302612920444274e+00
2.704942257195820154e+00 1.507694561475405148e+00
2.681932886871645216e+00 1.499540851659356466e+00
3.051914306169130953e+00 1.906891807144375672e+00
2.667223941191881220e+00 1.478415006570427126e+00
2.755504152408621898e+00 1.434469802500588642e+00
2.744419598982775543e+00 1.600510674711500769e+00
2.643360862405599310e+00 1.484358266880248634e+00
2.935338472985834724e+00 1.826230492463506216e+00
2.761396682564292160e+00 1.523572221413795447e+00
2.590350536707078710e+00 1.374761448116335272e+00
2.699042557342850479e+00 1.511864447001098233e+00
2.660510973384050626e+00 1.495794410131179308e+00
2.592552421473206525e+00 1.310571047090558716e+00
2.716737303471907339e+00 1.497264533355312066e+00
2.690676719155808971e+00 1.403281701970524820e+00
2.696164116513254161e+00 1.466771589737619230e+00
2.665875359513529386e+00 1.455977637532515523e+00
2.588625729406527576e+00 1.449732956244356163e+00
2.778685051151173813e+00 1.555821372425153726e+00
2.763385177965246520e+00 1.593981330085455506e+00
2.657756531319328097e+00 1.458668265746577486e+00
2.770491626148464004e+00 1.574090252242754451e+00
2.699151627615955285e+00 1.477259021816186957e+00
2.656248280304413178e+00 1.454224761282292944e+00
2.514267167117683499e+00 1.310857517559995244e+00
2.677539045574491627e+00 1.457654223777784752e+00
2.721506157000106008e+00 1.522130421192277261e+00
2.542666255639182360e+00 1.342929870814978610e+00
2.438469768431902551e+00 1.238450265368602032e+00
2.732106479711517544e+00 1.437714859193204076e+00
2.702809280966034677e+00 1.568057189125119377e+00
2.590652849696548188e+00 1.441697871639223472e+00
2.682444351447197839e+00 1.453836780294009978e+00
2.628220261168809913e+00 1.391248094464174079e+00
2.604478116174954394e+00 1.414937068142155141e+00
2.494708264791730912e+00 1.366530211412740670e+00
2.820828658671354017e+00 1.530908697320876533e+00
2.660876697108014000e+00 1.469298878825848753e+00
2.631004953156734771e+00 1.415136741073309556e+00
2.711110214440936694e+00 1.505099163396469431e+00
2.557250841529606689e+00 1.298897320054769322e+00
2.648029934115668560e+00 1.537624945798390597e+00
2.558679351141947222e+00 1.397160414765256320e+00
2.609589536505477980e+00 1.334823734597614164e+00
2.651574028650319992e+00 1.370413661983124198e+00
3.137598270164186243e+00 2.242022473195543597e+00
3.048896335394296830e+00 1.955866208803998418e+00
2.821099860870224685e+00 1.570671379180235805e+00
3.192312794320831593e+00 2.288481532371637872e+00
2.686617213660221104e+00 1.457798503585891359e+00
2.673075622525406647e+00 1.407925681069472468e+00
2.749495792849138365e+00 1.537839721821605776e+00
2.562808030782247393e+00 1.279102782138857863e+00
2.846869846857275288e+00 1.649298887331324126e+00
2.663245386747412624e+00 1.458665620920161610e+00
2.657143574642787165e+00 1.366349021025687893e+00
2.602620914609608871e+00 1.409886133798949448e+00
2.727748321178373736e+00 1.618093690967069342e+00
2.644309781832030914e+00 1.467630379405152174e+00
2.648628945492107700e+00 1.364802685413481820e+00
2.756388716492552238e+00 1.572466772753078335e+00
2.599225879635182590e+00 1.352514618857087125e+00
2.460556338875390825e+00 1.225860070788142853e+00
2.645575772483691246e+00 1.443894485652078563e+00
2.496433054782194016e+00 1.299987285738040343e+00
2.656674631855287405e+00 1.453045535388971077e+00
2.661763524034313377e+00 1.383721300443825797e+00
2.629221003002070400e+00 1.445234358135683461e+00
2.837895204740779498e+00 1.618822529333400650e+00
2.745104000174920067e+00 1.596038201271610113e+00
2.503735133491430176e+00 1.298028799138014833e+00
2.634170131289685468e+00 1.422381257400778143e+00
2.602209005683119081e+00 1.372195525524712023e+00
2.742543544225517937e+00 1.601907537598318498e+00
3.346457755129899070e+00 2.536673850391260032e+00
2.764976433190637461e+00 1.553674871289557613e+00
2.760526951133328133e+00 1.564126958196939476e+00
2.736452338664307593e+00 1.658317914962592843e+00
2.690768686959581490e+00 1.555558288642177711e+00
2.723018716542446871e+00 1.521614457769178586e+00
2.699533455306479812e+00 1.454912083554634084e+00
2.654834327638253111e+00 1.437350863659416778e+00
2.742066657902870741e+00 1.569225631707263036e+00
2.611463391289129188e+00 1.344838719869788202e+00
2.663628483705618777e+00 1.446972119554102765e+00
2.733254007976669619e+00 1.560748168413474080e+00
2.611224815999154014e+00 1.445330206752484026e+00
2.712567157059452505e+00 1.493896277397399830e+00
2.566070994213311085e+00 1.373556843102658798e+00
2.653439476681249687e+00 1.433687193294297391e+00
2.730840032049789201e+00 1.528976274956824533e+00
2.714673940716712863e+00 1.534791255309282398e+00
2.630642885022107080e+00 1.483824408263973327e+00
2.590985592463801446e+00 1.319388859330624442e+00
2.534294750434187282e+00 1.331744132884628007e+00
2.826626000426034846e+00 1.519099701635616473e+00
2.650047086289527343e+00 1.503755381015746462e+00
2.708266648437762214e+00 1.536471202459306573e+00
2.609506084058677455e+00 1.314392825774193696e+00
2.773519112920747709e+00 1.534695193782951828e+00
2.676191228790901988e+00 1.467344456921185314e+00
2.671877673545619558e+00 1.530851290110686103e+00
2.585948703829877182e+00 1.323368052789549498e+00
2.846928283205848675e+00 1.595172221022022718e+00
2.729151120964163901e+00 1.539575724757472619e+00
2.562906836505469688e+00 1.352250581936941920e+00
2.761006937630535951e+00 1.602670003788835285e+00
2.704995161040999019e+00 1.519209223775847661e+00
2.738497040823780537e+00 1.543969293993302072e+00
2.661518374930290864e+00 1.515522727537429892e+00
2.692213066928101917e+00 1.492916178646982450e+00
2.538812313815623778e+00 1.290675638010458259e+00
2.609843503189581693e+00 1.358082115321415095e+00
2.813619465197012115e+00 1.558452724638663023e+00
2.706086879920100774e+00 1.491803737009145037e+00
2.509747263546373119e+00 1.315556413283212711e+00
2.783789212239695221e+00 1.597275262355817738e+00
2.590626698194455457e+00 1.397313631684865776e+00
2.718248944612295048e+00 1.496978916099933388e+00
2.692537979263866621e+00 1.535816926334064858e+00
2.796270222030685648e+00 1.731683719984009162e+00
2.761098795733926803e+00 1.611211834973672152e+00
2.640033813529187423e+00 1.448208055634501834e+00
2.525261867950644668e+00 1.307039910236332148e+00
2.785808460209527215e+00 1.503982682016949290e+00
2.800859991571448493e+00 1.625405806122869778e+00
3.216150947557450124e+00 2.302790387133962557e+00
2.643004217572486603e+00 1.375570596337566842e+00
2.536662353964763916e+00 1.308516591822698638e+00
2.636460780610866195e+00 1.438352280804256145e+00
2.691861313588452376e+00 1.420553765495751408e+00
2.714258839057273498e+00 1.444574196606485783e+00
2.468270474963656369e+00 1.263708746836717633e+00
2.615145642318154717e+00 1.412965920951156695e+00
2.718263415012393658e+00 1.484453608115000156e+00
2.742075168476972191e+00 1.577722155109717805e+00
2.574712954814588173e+00 1.245822805377064579e+00
2.593466338551758454e+00 1.314820529844296315e+00
2.714849954411332700e+00 1.466075031557692032e+00
2.522142209173299676e+00 1.309962949119568565e+00
2.673569304735890384e+00 1.511437355178800512e+00
2.611017403517366109e+00 1.383122239055041502e+00
2.678404807197876547e+00 1.356263671712187646e+00
2.556310381943688981e+00 1.329926676428235144e+00
2.788974291463765631e+00 1.497289653183004887e+00
2.580735139654054766e+00 1.388660408323394657e+00
2.667257174573181899e+00 1.399142594781178417e+00
2.714464682473239687e+00 1.442340253717350196e+00
2.561394040096431901e+00 1.392921851337416639e+00
2.778165238767541734e+00 1.521182162927543491e+00
2.600922767817937853e+00 1.487493510105310168e+00
2.634482699292870933e+00 1.432882109306852669e+00
2.648794945019971259e+00 1.382092165126312056e+00
2.547604760391285250e+00 1.308356171237547994e+00
2.536042902367740215e+00 1.274321054595251468e+00
2.612935650586733605e+00 1.396380093506570441e+00
2.561203436000974332e+00 1.293860005925455248e+00
2.765783482362489387e+00 1.526404992763002122e+00
2.676981913874500130e+00 1.419817148913720128e+00
2.740805569603109060e+00 1.534490436929241142e+00
2.590219741980849921e+00 1.445295827750339157e+00
2.712644311814633724e+00 1.512573923768187001e+00
2.514075793625149657e+00 1.282673357813291837e+00
2.476044971007548057e+00 1.361520167585865027e+00
2.641005108016230452e+00 1.479227592723362905e+00
2.660997322923252195e+00 1.470310828851491225e+00
2.972079824934446890e+00 1.630119494747755970e+00
2.679592567128475711e+00 1.468196881909140439e+00
2.702771769084838738e+00 1.533898664996869554e+00
2.530207990405706653e+00 1.337490928051845884e+00
2.710186828376884627e+00 1.476699829990199886e+00
2.604922308894442651e+00 1.399149016365278442e+00
3.307340248347841793e+00 2.598865960779940032e+00
2.713709981502756552e+00 1.536375333757332484e+00
2.636791011413621266e+00 1.425822847190021614e+00
2.651186059212637947e+00 1.510821791434795891e+00
2.807092515334384419e+00 1.590827682513418440e+00
2.839938133947420340e+00 1.623274318304012365e+00
2.597968800537771461e+00 1.350309730371539452e+00
2.728316799873491849e+00 1.444066608035506016e+00
2.581256746191334273e+00 1.370454089532933351e+00
2.677391296176738322e+00 1.497082588650263668e+00
2.644016125293797703e+00 1.445973040702250412e+00
2.679386708185955701e+00 1.416581239327029618e+00
2.652320293395934225e+00 1.369964812765640083e+00
2.618099527387279579e+00 1.393284474479925095e+00
2.695583919977540877e+00 1.538655322554843607e+00
2.639970826730278830e+00 1.448308503936152514e+00
2.611187685809713166e+00 1.387993481705433574e+00
2.783371420493133463e+00 1.582127282131984058e+00
2.800648479225754439e+00 1.573438338565226635e+00
2.713241865141522435e+00 1.497347970719176802e+00
2.577288444825955871e+00 1.358205840063817949e+00
2.724309281693418239e+00 1.496244844090834025e+00
2.675637462189603522e+00 1.444324679891874741e+00
2.543935805046364962e+00 1.299824598940056974e+00
2.627073732659522598e+00 1.385477453304229334e+00
2.682521126854954474e+00 1.544971517716628773e+00
2.582957857993041451e+00 1.381042544392048654e+00
2.692782579480352823e+00 1.372872257664799811e+00
2.724915212550526711e+00 1.465930650855185924e+00
2.732093435653325741e+00 1.522134779235316815e+00
2.629396153166362105e+00 1.399675411465895136e+00
2.769989274125345347e+00 1.539323765208632233e+00
2.752513223631256167e+00 1.580720531977759968e+00
2.498453627631097795e+00 1.337182850655966648e+00
2.732921414022499551e+00 1.534090727574649371e+00
2.545156421467387187e+00 1.331581031577464103e+00
2.677867393078977809e+00 1.547630062546606400e+00
2.633869878043313850e+00 1.392161702279475666e+00
2.639433858828983404e+00 1.453588616554204460e+00
2.465046349449757646e+00 1.288527369261596611e+00
2.589614281620276959e+00 1.309999882662716386e+00
2.610925710791928367e+00 1.445773541547184848e+00
2.781042665595167662e+00 1.557920574638472555e+00
2.738142317515509738e+00 1.509407904248006416e+00
2.682579029326982667e+00 1.506676958375552378e+00
2.619155491476151898e+00 1.505397000373811078e+00
2.668618727808885094e+00 1.456903000630697331e+00
2.627754929733653544e+00 1.448838318970245842e+00
2.549300890913265505e+00 1.308481313123628587e+00
2.650216299476763737e+00 1.375314638145105572e+00
2.709951167929289806e+00 1.477442209797027672e+00
3.128517284967851975e+00 2.100688374095197375e+00
2.700468501711811076e+00 1.500545072800826496e+00
2.614769245541229026e+00 1.383099389459206963e+00
2.500303612500727191e+00 1.230069643260521817e+00
2.583712375314126675e+00 1.313067079648699842e+00
2.588315422253441689e+00 1.287372843097785324e+00
2.716663817561285388e+00 1.539089832357605880e+00
2.489135967564009011e+00 1.314426285156066632e+00
2.485008352932609910e+00 1.311283307654812713e+00
2.725592553358742620e+00 1.529028922341856722e+00
2.627182633544760559e+00 1.395363143497883263e+00
2.651007181414511304e+00 1.474346110113982533e+00
2.843397406989264908e+00 1.630200565362733389e+00
2.787993652362281694e+00 1.455715019349607786e+00
2.620640539132161884e+00 1.432921857941048982e+00
2.578516938552517512e+00 1.427671574346812688e+00
2.747469456253935238e+00 1.479040976768012161e+00
2.653335145551004803e+00 1.467055814929819846e+00
2.635292817256251752e+00 1.427646519028141547e+00
2.794174082120449043e+00 1.537753536577289193e+00
2.644252217656214210e+00 1.408591852459140537e+00
2.730889962126040515e+00 1.542386805633927827e+00
2.726232606926231483e+00 1.494918016366464375e+00
2.776701167566307582e+00 1.579921491984717097e+00
2.773596290239181528e+00 1.541797095828799424e+00
2.746065715469450108e+00 1.528189587056536958e+00
2.650125114186748565e+00 1.457645531347305567e+00
2.569844926135366858e+00 1.373909295304729383e+00
2.866285323666599272e+00 1.598208911476328264e+00
2.729871525866574888e+00 1.493653706534675996e+00
2.637462844158665387e+00 1.394429725810097720e+00
2.622432426399487149e+00 1.377279870922895944e+00
2.562697392442290223e+00 1.277858209238488030e+00
2.780966431193783617e+00 1.501115071888174501e+00
2.579413351532104492e+00 1.336249157833365953e+00
2.648914883178886459e+00 1.445670426266438824e+00
2.684846157821493495e+00 1.497828139028569483e+00
3.183153995010017834e+00 1.977472058947414846e+00
2.973130903328455865e+00 1.863065022438412210e+00
2.509176711642207014e+00 1.303994553409897117e+00
2.795178939384069583e+00 1.584681375241679513e+00
2.632389413901220276e+00 1.504811992656974740e+00
2.592991397775913587e+00 1.349773110011941890e+00
2.640961791947039838e+00 1.464489645702450327e+00
2.671696031240278657e+00 1.481427036351465443e+00
2.636895559869147920e+00 1.385775587556124844e+00
2.707415963613370113e+00 1.478975323067424297e+00
2.731371890444655115e+00 1.490347285181480519e+00
2.677014050144348012e+00 1.502517771743597796e+00
2.714553402057855447e+00 1.478380487950456512e+00
2.839009855194033705e+00 1.700238470438927951e+00
2.629080522307056356e+00 1.437497978787490860e+00
2.778310347949975334e+00 1.533265086118460907e+00
2.594019449048763359e+00 1.322869127354143304e+00
2.698036967290069921e+00 1.393435546740174447e+00
2.812391745843170643e+00 1.600841656681540437e+00
2.718436488884623969e+00 1.497207406668919383e+00
3.000138137418418172e+00 1.863075274892154631e+00
2.708613330390396534e+00 1.523844057821625908e+00
2.697954894910403301e+00 1.477763612123774939e+00
2.631859754859659617e+00 1.380617943400689773e+00
2.672084462548195205e+00 1.386826773457975781e+00
2.466664639244154245e+00 1.306019349094120319e+00
2.758180398256447674e+00 1.536215789339616888e+00
2.460379521286703230e+00 1.270149393237274271e+00
2.696210566305229595e+00 1.524042409863421321e+00
2.607166925074985819e+00 1.409890694782155229e+00
2.628058314701219977e+00 1.341864648751991407e+00
2.615526452167084681e+00 1.386099591521796626e+00
2.761455088712348793e+00 1.503114721535560916e+00
2.702976960923303196e+00 1.434499949548812214e+00
2.605868094033839455e+00 1.309148080397941838e+00
3.130282845193256502e+00 2.157341415141030172e+00
2.943641127239184474e+00 1.716735154049667145e+00
2.661968679877409816e+00 1.510883352814842873e+00
2.600629921607417572e+00 1.392922333855083572e+00
2.690094626873361427e+00 1.535860445868652002e+00
2.704213102894370557e+00 1.514876747796720879e+00
2.637743297496526029e+00 1.449208999152725497e+00
2.715880267267135828e+00 1.498973345515463906e+00
2.767638509009908709e+00 1.641418600014288742e+00
2.576638463655667177e+00 1.380517941853708797e+00
2.671169934793227174e+00 1.498409392044737221e+00
2.704238476649874823e+00 1.478443651588778218e+00
2.569462894045495993e+00 1.430762663355751751e+00
2.669321108031020184e+00 1.428312796601293622e+00
2.793911960775862902e+00 1.602974461938177608e+00
2.708491885540503130e+00 1.512713944760385676e+00
2.646917348816445692e+00 1.462351130769737217e+00
2.665314747803628315e+00 1.505963060506776197e+00
2.614088303464558560e+00 1.373713196851550356e+00
2.703608010489205515e+00 1.489633613425039638e+00
2.616013873482903929e+00 1.371375552181684609e+00
2.781794270331383157e+00 1.634880693531742368e+00
2.837936304339062854e+00 1.611644714173449788e+00
2.686679818868456415e+00 1.601500165252057739e+00
2.599942765453024496e+00 1.415310189547489328e+00
2.674966254791661946e+00 1.455081037393868071e+00
3.120789285301222016e+00 2.024230342276224448e+00
2.500377837235054024e+00 1.239964949449472442e+00
2.588870927109602871e+00 1.361759859070542866e+00
2.585318227981850292e+00 1.366428080574958903e+00
2.772295034801800284e+00 1.609220017930141466e+00
2.766620436718034703e+00 1.556494816523354530e+00
2.818915717024250700e+00 1.557394828568791745e+00
2.670282871838753014e+00 1.466397098147505851e+00
2.558639562277929880e+00 1.400266072582783572e+00
2.635150478793857332e+00 1.389735553513600230e+00
2.601405815930913690e+00 1.308013678319981610e+00
2.551912597853120523e+00 1.376084185473189114e+00
2.624132623330260650e+00 1.461829962092569879e+00
2.659212745328805916e+00 1.418272777057216771e+00
2.649562185362227762e+00 1.419802882789963583e+00
2.614578787018274397e+00 1.379608934997532232e+00
2.483782982321533606e+00 1.282977803198924738e+00
2.609519276594888915e+00 1.413295923526074693e+00
2.710055750973890287e+00 1.469564223988128804e+00
2.618210370324955960e+00 1.455168911025039868e+00
2.668836511846274906e+00 1.479773041105268527e+00
2.749211332731074986e+00 1.567634402848694819e+00
2.651788513693587479e+00 1.394354509281089838e+00
2.635159456191084271e+00 1.479440157154580104e+00
2.742706462907670506e+00 1.491373420850495402e+00
2.678460823901314125e+00 1.410369872796793711e+00
2.627064991136642824e+00 1.392461788863104122e+00
2.578356927852340608e+00 1.307643312744098507e+00
2.527523298869130297e+00 1.270177362354528716e+00
2.738001828493569434e+00 1.567661157677525452e+00
2.717518146699803072e+00 1.517054934504762809e+00
2.596145701320868859e+00 1.412875401841848344e+00
2.738922451440616967e+00 1.492232157023088313e+00
2.757632194062590081e+00 1.576756998445594471e+00
3.066422197990419818e+00 1.999942004013196994e+00
2.844346327499650329e+00 1.730158862318659230e+00
2.567743364407497175e+00 1.388568018096758117e+00
2.777788476865136857e+00 1.568097109787109700e+00
2.611494321734906698e+00 1.387426240222510598e+00
2.637367802889598600e+00 1.324663263555045489e+00
2.665207804634539102e+00 1.464103926420026403e+00
2.717892896238642386e+00 1.469781651632112496e+00
2.814346966256131566e+00 1.517922306086012973e+00
2.594915578698842928e+00 1.324661030336397260e+00
2.645290695993765873e+00 1.395449935195373525e+00
2.574570854484057314e+00 1.269854603248529612e+00
2.765289794989571170e+00 1.580858953330679828e+00
2.723940877323281828e+00 1.504164784599620663e+00
2.608531440258178957e+00 1.397635986818110521e+00
3.100346324736267700e+00 1.975714617017308328e+00
2.501976880785837132e+00 1.314380092589851001e+00
3.158771835861358124e+00 2.086663226007891669e+00
2.842009171803653533e+00 1.657929527559210525e+00
2.675399033365495338e+00 1.466828318413143206e+00
2.590267076389316081e+00 1.379531220052524265e+00
2.734074926893269364e+00 1.490379689252040230e+00
2.601408741157453353e+00 1.346638399691012511e+00
2.694011502117113821e+00 1.503636674591787070e+00
2.523059015524478976e+00 1.281868473335382674e+00
2.541047731747404725e+00 1.376796528708189138e+00
2.623199562554099806e+00 1.378174408028472353e+00
2.505829047913529006e+00 1.221307212878811388e+00
3.153473165398660072e+00 2.066272290993055094e+00
2.677721952694802177e+00 1.341044316842213480e+00
2.542098279347717149e+00 1.262797700492398700e+00
2.517769578915448392e+00 1.372520100058833847e+00
2.620811283405681813e+00 1.410903797442698782e+00
2.706756178770102217e+00 1.480082916354592992e+00
2.745616675138146778e+00 1.424183608069774509e+00
2.678004161237211189e+00 1.450058291267908528e+00
2.724643062347213984e+00 1.479381048037764712e+00
2.529319252026994036e+00 1.276679528939604680e+00
2.580427878547012277e+00 1.313766993977904862e+00
2.625534353695805123e+00 1.370245704145178989e+00
2.775306440887008730e+00 1.539250057841525132e+00
2.655172228666551781e+00 1.429033381729760244e+00
2.746761052312501228e+00 1.515692396571955536e+00
2.722708244043455572e+00 1.446887092158037236e+00
2.586577976116685385e+00 1.368446176346679755e+00
2.695370638352431847e+00 1.480601168479411811e+00
2.644425990596997789e+00 1.429262279388657797e+00
2.599443809566838848e+00 1.388480337679800725e+00
2.793189037405347186e+00 1.598502001804078532e+00
2.558402527522174452e+00 1.370682185449396684e+00
2.699192735812979027e+00 1.446653658103782325e+00
2.738571602067655153e+00 1.490384586754085250e+00
2.669778152242434643e+00 1.538106603653549787e+00
2.732578327493984105e+00 1.512372871484989778e+00
2.641564809976501671e+00 1.429166838511950033e+00
2.726851047494013525e+00 1.510195557520179532e+00
2.763569054603851605e+00 1.496522755027852369e+00
2.647580056295077089e+00 1.445478493163001144e+00
2.644189100735883979e+00 1.387706086654515225e+00
2.573594799344542050e+00 1.294672855989326354e+00
2.765589398515729158e+00 1.534869124223911641e+00
2.690762274605910331e+00 1.415088811774823041e+00
2.636289814742637461e+00 1.431567842247045474e+00
2.417249168081213373e+00 1.215067618031759000e+00
2.730898955427484953e+00 1.476672346836177541e+00
2.682606480932840931e+00 1.486887289412608837e+00
2.663600243458936312e+00 1.459586644851103898e+00
2.560121287739100637e+00 1.362697847712827981e+00
2.709080937272058787e+00 1.546844422586097778e+00
2.697390396644440358e+00 1.513444363989929542e+00
2.762996986421915935e+00 1.578685776577527289e+00
3.188349283946140478e+00 2.164875122657346385e+00
2.550355653009234391e+00 1.357993888427274420e+00
2.700713943572266906e+00 1.468725933455923283e+00
2.662502696838179528e+00 1.468585762671725137e+00
2.567098511214632062e+00 1.325710132657934137e+00
2.680594728601275012e+00 1.408604364722079838e+00
2.744026938166687746e+00 1.503747599163490767e+00
2.641919263256643280e+00 1.371510958496132471e+00
2.602463374327653511e+00 1.293193430284373058e+00
2.600687215006017627e+00 1.381792976930290351e+00
2.801284374995423043e+00 1.612259502615101647e+00
2.807911673110900619e+00 1.584215000059564504e+00
2.716220389301109872e+00 1.543161453931875204e+00
2.667234151543456999e+00 1.469705268190095060e+00
2.646519819009895969e+00 1.457431874198073407e+00
2.520037161638429613e+00 1.332775691478900182e+00
2.542612309710505780e+00 1.340606404919558070e+00
2.478690438332108226e+00 1.313023276745868717e+00
2.592191677476187284e+00 1.317741609586557283e+00
2.550367588959281395e+00 1.370750368781085360e+00
2.651152702122238303e+00 1.455246714679914177e+00
2.673813249848464135e+00 1.396414337247201765e+00
2.785424336728433925e+00 1.603871081664381304e+00
2.533833890483536688e+00 1.317679311375680173e+00
2.628613415908322981e+00 1.460943286319704049e+00
2.536504104168367579e+00 1.277122524436716366e+00
2.489234026893646590e+00 1.353844955943298567e+00
2.707108985587586503e+00 1.586306656619592692e+00
2.661423622890172425e+00 1.515658701440291356e+00
2.569035737606014003e+00 1.359669477093793599e+00
2.831220936786386755e+00 1.670745189357164540e+00
2.698369879619583411e+00 1.483762871435539754e+00
2.634619338723272808e+00 1.418516949233041169e+00
2.633081583648041679e+00 1.479596109068819887e+00
2.617364550330647077e+00 1.432084221391509038e+00
2.597613452365780340e+00 1.351059666054269970e+00
2.694073175011483912e+00 1.511713294948195951e+00
2.704660782906917138e+00 1.522522759710220663e+00
2.748335673314924232e+00 1.590731245481147971e+00
2.753317062913735125e+00 1.540156159498061283e+00
2.585746684076240864e+00 1.340567680949906970e+00
2.583013363250040495e+00 1.340131299851587299e+00
2.654789566610451956e+00 1.479946213897837648e+00
2.636234495909236752e+00 1.379017959041461072e+00
2.613787232215099010e+00 1.410799698151411929e+00
2.647657733592577500e+00 1.393522567506441989e+00
2.671604846105257725e+00 1.428115393011520018e+00
2.898175410774840977e+00 1.717897807162481527e+00
2.546955939950089398e+00 1.375273089395748993e+00
2.754070979209554348e+00 1.553513696409499101e+00
2.637379686264006651e+00 1.428838686801759517e+00
2.736175672919095803e+00 1.529846166412639041e+00
2.621921666911189330e+00 1.411830815015370888e+00
3.026675709598924513e+00 1.968426040703307844e+00
2.764669743306262362e+00 1.586104649752908324e+00
2.782190091179391089e+00 1.661046062725928030e+00
2.573940730196094595e+00 1.436216932452641482e+00
2.788262311575265606e+00 1.548206446115719004e+00
2.729875981450701872e+00 1.499075471745398458e+00
2.856133674203390260e+00 1.690651515256200277e+00
2.543495173785220054e+00 1.313828434900344622e+00
2.505724143442145113e+00 1.355886482134317728e+00
2.790227230056959051e+00 1.598805519532225494e+00
2.677052446589060164e+00 1.472897174788657670e+00
2.824040594398090409e+00 1.634852113628240566e+00
2.601946037513890087e+00 1.367961728002822674e+00
2.596732925207743126e+00 1.350685596954152023e+00
2.625661178331791135e+00 1.369703647286367953e+00
2.661157661224871962e+00 1.551931254996105292e+00
2.815184162313166372e+00 1.526075627187694295e+00
2.608806195937182881e+00 1.479313274218110097e+00
2.545189694360030064e+00 1.380161330262963837e+00
2.716962861763550841e+00 1.558001063890553040e+00
2.686120860002294108e+00 1.401981007629349296e+00
2.685116120012481122e+00 1.488161166528680024e+00
2.681610924548845531e+00 1.501423587608750054e+00
2.622871307158862297e+00 1.377007289473152651e+00
2.660547897851307297e+00 1.334543051742344888e+00
2.510950705367659186e+00 1.333378601118746065e+00
2.641578126574422036e+00 1.343735927320917289e+00
2.680794435982100765e+00 1.548128320808652036e+00
2.689728111684551060e+00 1.503598126606464191e+00
2.614683067924453486e+00 1.414919942150363097e+00
2.566792863588850615e+00 1.330187993112622147e+00
2.670320123378320698e+00 1.358709265299630209e+00
2.534243814675439577e+00 1.327803720656396624e+00
2.615443258717411013e+00 1.356023512466465464e+00
2.594154319091321881e+00 1.445590615198951046e+00
2.748021012534941132e+00 1.563370789949082962e+00
2.720412213770822429e+00 1.487022883769075543e+00
2.594644828183179985e+00 1.353559319746888034e+00
2.586155860182525412e+00 1.379708007083596533e+00
2.726245640915262225e+00 1.520683416549887035e+00
2.806769301310882536e+00 1.671439723780037134e+00
2.560204109169919029e+00 1.327476069618114929e+00
2.638210673487258795e+00 1.430122927969406099e+00
2.718872827832701677e+00 1.460177579401637393e+00
2.882840563060508288e+00 1.640910584794134319e+00
2.510250884293358187e+00 1.299071950910225315e+00
2.674412716867855977e+00 1.388354986297680949e+00
2.762942129625495458e+00 1.662956450366561478e+00
2.778531302146380888e+00 1.585338199522309255e+00
2.617296219796355849e+00 1.365284565610196177e+00
2.692202499217367428e+00 1.471765626540271876e+00
2.851432799234473237e+00 1.578834584470254931e+00
2.813126716991966259e+00 1.655714771364536375e+00
2.817540916041159527e+00 1.561900915092352626e+00
2.800387548141997307e+00 1.508119812458776243e+00
2.764171529047354525e+00 1.587317860647369683e+00
2.620739690631018082e+00 1.374674216924548720e+00
2.638851572675518398e+00 1.418135167333013813e+00
2.762827907031015773e+00 1.548936636563818858e+00
2.751552164641453579e+00 1.516800289795531276e+00
2.696822646176634475e+00 1.535706462848855258e+00
2.549638846845108109e+00 1.294396019341132797e+00
2.719215127240871777e+00 1.463968781859802393e+00
2.727008621472271521e+00 1.512099899836312211e+00
2.672453154066062986e+00 1.488290892386612940e+00
2.605141726205596253e+00 1.408983553931854260e+00
2.742060632592197233e+00 1.547203921417434236e+00
2.721918816370707095e+00 1.455255716727026138e+00
2.755194684794802118e+00 1.537782303699058328e+00
2.664200914749272897e+00 1.435628270205409285e+00
2.564826669438772910e+00 1.332585152089204916e+00
2.762903587843797748e+00 1.618297370560976223e+00
2.684786108173209396e+00 1.453823053961049272e+00
2.626646223674456326e+00 1.397639579880640470e+00
2.577107191886701454e+00 1.346335213331173897e+00
2.677968560262283138e+00 1.495438147381197291e+00
2.760282071442194951e+00 1.559870296718321336e+00
2.669621567353932967e+00 1.437158225793279565e+00
2.700012592903773712e+00 1.524892596567385405e+00
2.687901124029595579e+00 1.446828271963988222e+00
2.624488516915245651e+00 1.386108726519898582e+00
2.558256815987147714e+00 1.345415910164200035e+00
2.954340005070416275e+00 1.830245887042591280e+00
2.831438533672361313e+00 1.676987656678901706e+00
2.691403157135263235e+00 1.481024796429109891e+00
3.489649042555631020e+00 2.429055500876702300e+00
2.686244382712676071e+00 1.522506378103347879e+00
2.657373015482796585e+00 1.412032621898215101e+00
2.546570731404678156e+00 1.295496474728040637e+00
2.754505504609854771e+00 1.550314336106367819e+00
2.690593005957118589e+00 1.434548378151093262e+00
2.691218107170552987e+00 1.387528685695595732e+00
2.623284831648964310e+00 1.446058813120125519e+00
2.548561173920596890e+00 1.318878132208270548e+00
2.641771051367105994e+00 1.461225604011634704e+00
2.652858710896414340e+00 1.450843734521678696e+00
2.580603249347150019e+00 1.407282580834428476e+00
2.595068335084476541e+00 1.377725100214656662e+00
3.209129327310496826e+00 2.191165577501986927e+00
2.778639773133003477e+00 1.540233017670183280e+00
2.684696078909849959e+00 1.476651756027139939e+00
2.549645078915234730e+00 1.284972295730482994e+00
2.721328816680095741e+00 1.477106768043717988e+00
2.671808799934683343e+00 1.490179790970082019e+00
2.667004840062630944e+00 1.397575072021833620e+00
2.580374545516870288e+00 1.354843947666510173e+00
2.746836821257965244e+00 1.576104949933136545e+00
2.608444918804951662e+00 1.360205815087674575e+00
2.551000782020420132e+00 1.353223974067327973e+00
2.875560857257351444e+00 1.769626914500815662e+00
2.591352429876172980e+00 1.341052773959699795e+00
2.554121085229360322e+00 1.301229835708715532e+00
2.740410528153381708e+00 1.528693033828859349e+00
2.563833708003927292e+00 1.300153115299451656e+00
2.520269338650152235e+00 1.263878822240023458e+00
2.702871848790124876e+00 1.507495617139815725e+00
2.700343364830385617e+00 1.487806962384324638e+00
2.519543205679831033e+00 1.362842379116869340e+00
2.689383074849660105e+00 1.446207701410807234e+00
2.575793782775503971e+00 1.323524911510968627e+00
2.616510378185293195e+00 1.415267324829467821e+00
2.763137909968151451e+00 1.495896935447442289e+00
2.732715761295578361e+00 1.551771316794347655e+00
2.771183713419743455e+00 1.597756000396135745e+00
2.727029550697491089e+00 1.500423716457883749e+00
2.682319501341507095e+00 1.466024347838889907e+00
2.551644657591444876e+00 1.271795478521273726e+00
2.838228201321263189e+00 1.523730934093389555e+00
2.609567117574300266e+00 1.427822658133075295e+00
2.723937957294955137e+00 1.419457785992358723e+00
2.696307189068875232e+00 1.417712382213253575e+00
2.714092294313127152e+00 1.507454091774049543e+00
2.671887454401086437e+00 1.492445533573832028e+00
2.615093478341417477e+00 1.385566904691631462e+00
2.614740968919885500e+00 1.353201881688382402e+00
2.614315450390417794e+00 1.396102336049814596e+00
2.618440288417233752e+00 1.346359583707238849e+00
2.719416567816011820e+00 1.412928076034261959e+00
2.627574789766115249e+00 1.446917176301789842e+00
2.828326493768900551e+00 1.637481197987173509e+00
2.821815629954790960e+00 1.586463427026116424e+00
2.646979558513078423e+00 1.442600302868439321e+00
2.908685091080095209e+00 1.696723228885154366e+00
2.646702480362092658e+00 1.432967725371480316e+00
2.595282233846768261e+00 1.478827143977562208e+00
2.642137704309900137e+00 1.448802516027611675e+00
2.613207827057137056e+00 1.436133559936959125e+00
2.856543438029123916e+00 1.674457956193011077e+00
2.643691847709442211e+00 1.454761258645087318e+00
2.701679163159253605e+00 1.470733024126811284e+00
2.571299757463051616e+00 1.352734895185486064e+00
2.756007339854790406e+00 1.491297541193643994e+00
2.621615834160235803e+00 1.319043933990970086e+00
2.604186239576456785e+00 1.396768653245674674e+00
2.751068484650139201e+00 1.521984526374923874e+00
2.727922285767048649e+00 1.444375602031605421e+00
2.489682348571339521e+00 1.287739130411041044e+00
2.602573323057408405e+00 1.401463401439793088e+00
2.555168217930587460e+00 1.319841743443049165e+00
2.708290023917776956e+00 1.476916538610503427e+00
2.689246838273761764e+00 1.446712580660843184e+00
2.732607771002865338e+00 1.520042170620882205e+00
2.646156076691380754e+00 1.437079294967307241e+00
2.438594569657737132e+00 1.184896692205055890e+00
2.787550930629350443e+00 1.562121975585598621e+00
2.594948856835581630e+00 1.370661288349240170e+00
2.690206481512307235e+00 1.489694285132660223e+00
2.643541376363961692e+00 1.365365115942321017e+00
2.540473055285105808e+00 1.339907833657475011e+00
2.599808714405962284e+00 1.333040459931356336e+00
2.739927365601142473e+00 1.500637787487330232e+00
2.737607073862055707e+00 1.466404275653803824e+00
2.748376450750536826e+00 1.606842010013971089e+00
2.526884054607843932e+00 1.315016492146178884e+00
2.653763807973357203e+00 1.433599925241022088e+00
2.652936754438626643e+00 1.400937366626522351e+00
2.720386303235899028e+00 1.526700968491410126e+00
2.819058788974268204e+00 1.671026784134263421e+00
2.524266067015816795e+00 1.305398391531399804e+00
3.027230485031691121e+00 2.033687736180688432e+00
2.774413673890721910e+00 1.572624584443825357e+00
2.598551304522619176e+00 1.414712727489572996e+00
2.638015799262978689e+00 1.388364925716286447e+00
2.680944972416936078e+00 1.503994429165264712e+00
2.676400111123562908e+00 1.425206088002404448e+00
2.685319860445759321e+00 1.554295635293342137e+00
2.553011297582404637e+00 1.309586392171562919e+00
2.622849212433210564e+00 1.469220068695904935e+00
2.688575748968498935e+00 1.482247689725959106e+00
2.652672368619012122e+00 1.380728526014876723e+00
2.576238203679809047e+00 1.305228831290195179e+00
2.829060510770519787e+00 1.599944487210016364e+00
2.483342991499045027e+00 1.231585486865231394e+00
2.642902160306295656e+00 1.378006177430247226e+00
2.698513019015315262e+00 1.569656511000336874e+00
2.632916371791784726e+00 1.417155217751860929e+00
2.651522565635776818e+00 1.448641863295342391e+00
2.610005149341613429e+00 1.373986581680620045e+00
2.732931751584947833e+00 1.532044958157424697e+00
2.646592843172582032e+00 1.474521619596520061e+00
2.603972237941591938e+00 1.357990457881087076e+00
2.623450942080067794e+00 1.354167786302919785e+00
2.666643725330538839e+00 1.359768160561964034e+00
2.685554032799904789e+00 1.429186872142329534e+00
2.623750388159163283e+00 1.464572602785754851e+00
3.340554761106094173e+00 2.373118624595083492e+00
2.741869822398494083e+00 1.507345262122899099e+00
2.823251497550409272e+00 1.626600086492248742e+00
2.721501070518961729e+00 1.514296821008921823e+00
2.681727544521550044e+00 1.521267026377776777e+00
2.854515999157514639e+00 1.669463412459067486e+00
3.054314249820611504e+00 1.950478395098809381e+00
2.550156019639614691e+00 1.293720422292468530e+00
2.743208618925879527e+00 1.501670630006775031e+00
2.627608493912165777e+00 1.467040329589708758e+00
2.708381574577177098e+00 1.515096189663674098e+00
2.722651549847599828e+00 1.596796134533342570e+00
2.700000647179919167e+00 1.462857935204180837e+00
2.575474934093476609e+00 1.429105896043030954e+00
2.544094914391421103e+00 1.334310660314215413e+00
2.712547946865450310e+00 1.469964851074056167e+00
2.600462509182274395e+00 1.406688359629426177e+00
2.458738917333401108e+00 1.212399897474393029e+00
2.579467226749714293e+00 1.383514025658439950e+00
2.662824540330524403e+00 1.380519254002076313e+00
2.665744688872150547e+00 1.455556823781209097e+00
2.758488931496299035e+00 1.552358208290736119e+00
2.577714092492328746e+00 1.335952908202107992e+00
2.611369265071345591e+00 1.415232525766734639e+00
2.622243644269325991e+00 1.371698039586358053e+00
2.834275372353130873e+00 1.636083252290721379e+00
2.638757258787245430e+00 1.452885900982990419e+00
2.562836697828703603e+00 1.263877742560723716e+00
2.700451237335637522e+00 1.506749237205286862e+00
3.115059048480699921e+00 2.057923593452903877e+00
2.733895372197617579e+00 1.466574766803894647e+00
2.786855918543551081e+00 1.565517967937830157e+00
2.605301718934458943e+00 1.350777501560392668e+00
2.669799980359777170e+00 1.477952053937816812e+00
2.641185688744465132e+00 1.417395526882276213e+00
2.550034143696872757e+00 1.300957605508670678e+00
2.762053221201571152e+00 1.581734164155497391e+00
2.848355597566516018e+00 1.529539344528656253e+00
2.591998505329780489e+00 1.440003774630736810e+00
2.711268700367372553e+00 1.467355054110084600e+00
2.514121293052954620e+00 1.290073378806553039e+00
2.613030330454961803e+00 1.444546467096168518e+00
2.473318374053420587e+00 1.270101527207943004e+00
2.604960501058079192e+00 1.403493617648859493e+00
2.601137212784986108e+00 1.363145887208320639e+00
2.673207395160084321e+00 1.507830822094185175e+00
2.551656990321787610e+00 1.380650362637461326e+00
2.461932456543334702e+00 1.293572735582169564e+00
2.649430700099081992e+00 1.468844623761688784e+00
2.622645499553602821e+00 1.398642974702156927e+00
2.623685675281482332e+00 1.378519623011862816e+00
2.518125549285776366e+00 1.296888557938427722e+00
2.683815097787351611e+00 1.541290374145003916e+00
2.646563156954346852e+00 1.456946071916574992e+00
2.709112774623898101e+00 1.496288684820641590e+00
2.557462399271521747e+00 1.335872902511300531e+00
2.698754958353440703e+00 1.557436526625649797e+00
2.543157350501856317e+00 1.306406057413690647e+00
2.692764614060668027e+00 1.429602400505360471e+00
2.584844674254247465e+00 1.412860207699922155e+00
2.728086122154329995e+00 1.457273505188524831e+00
2.645973501831225150e+00 1.484551288832877347e+00
2.615608804763572603e+00 1.424786961244522976e+00
2.689644142971816976e+00 1.560890438985664819e+00
2.622164439934478786e+00 1.297792439172368972e+00
2.629108870746742710e+00 1.431448821873031241e+00
2.814884083488907063e+00 1.572413352689041366e+00
2.688922710715769604e+00 1.483986677408707378e+00
2.594450573217971900e+00 1.366580005697434652e+00
2.748293668209917051e+00 1.572311747827357165e+00
2.603430370167504115e+00 1.384688060505639084e+00
3.060240853946067485e+00 1.912419507064186508e+00
2.602264924006704394e+00 1.363999145261043600e+00
2.683980725805255929e+00 1.407647912446761129e+00
2.673783986513957878e+00 1.466135285142522671e+00
2.675402314768942968e+00 1.468181947772626117e+00
2.675306417910278345e+00 1.434796122906628613e+00
2.510639320054470325e+00 1.319149374969408317e+00
2.725966866846251779e+00 1.485213832776495879e+00
3.063505114879643276e+00 1.985121652703544681e+00
2.594932358477339829e+00 1.343163486282404895e+00
2.754153919386595817e+00 1.533379663495026968e+00
2.625786408180569076e+00 1.366444635320768874e+00
2.596933356526103243e+00 1.330771279330192902e+00
2.706638809650956823e+00 1.528915200967659649e+00
2.665345414289480797e+00 1.415006193865806283e+00
2.748216177841173558e+00 1.555623707193108940e+00
2.708865828848372015e+00 1.495284203897803366e+00
2.628129411166379992e+00 1.483665617040795359e+00
2.648558692545146531e+00 1.412602869136821093e+00
2.633700531798917943e+00 1.424852658460314947e+00
2.543192300152731011e+00 1.342577573894436771e+00
2.678287833275872387e+00 1.429362761534529236e+00
2.746644791687690379e+00 1.506141101876015798e+00
2.620312942418965285e+00 1.426166856258179294e+00
2.765817422122934577e+00 1.546009909460496434e+00
2.582159406514955347e+00 1.375287186109115600e+00
2.673218901517775414e+00 1.413480117263544722e+00
2.720474402316766849e+00 1.638371278861386893e+00
2.632677667443250602e+00 1.308234088390106242e+00
2.651432691724720847e+00 1.474706823216545892e+00
2.618831932514296135e+00 1.436754408490940937e+00
2.735833979416914641e+00 1.472680318868585303e+00
2.675022472318354438e+00 1.457337846237783507e+00
2.569439891249768682e+00 1.386755807663125895e+00
2.786605014725183516e+00 1.605236503443704388e+00
2.758036130536865915e+00 1.559896204059386449e+00
2.725756084559190828e+00 1.442055465025930960e+00
2.530157262932298146e+00 1.300456131717784514e+00
2.480552717960388787e+00 1.259645487209144044e+00
2.476938569107382193e+00 1.228957750031283824e+00
2.758728191336351276e+00 1.577927747177562345e+00
2.721470837803457332e+00 1.469356815555099116e+00
2.753973503115568544e+00 1.531397919915563843e+00
2.745701900959651276e+00 1.541400133062079014e+00
