3.291004766729511033e+00 1.827197113357759584e+00
3.449121628773574422e+00 2.053992085709620774e+00
3.406215944135503548e+00 1.979379978220928704e+00
3.430078770754732442e+00 2.043000549445662894e+00
3.424833892919830536e+00 1.966892511845035996e+00
3.370493989865078976e+00 2.114004680703440719e+00
3.336572797223852138e+00 1.965175743029197841e+00
3.421323173767823356e+00 1.934170511393975112e+00
3.332664294136232108e+00 1.850312076908097847e+00
3.365552091601945683e+00 1.854464914470474124e+00
3.428671303353362010e+00 1.967986701412244521e+00
3.582324154923881565e+00 2.494171313637397969e+00
3.208671875891985881e+00 1.876675705672832928e+00
3.329357178002443796e+00 1.924754890146728181e+00
3.366536604945394195e+00 2.013037440332760220e+00
3.307448405414831427e+00 1.753441610106776460e+00
3.178313291250930206e+00 1.788404095257198900e+00
3.405385093490775006e+00 1.991168386901862819e+00
3.415567123455661935e+00 2.060048327580628502e+00
3.474906856502587793e+00 2.052051730949953523e+00
3.546309335431562459e+00 2.127767050803134108e+00
3.431411590758722152e+00 1.932034627350784239e+00
3.599924656215824914e+00 2.170922642273632519e+00
3.769745811615280662e+00 2.186126493569277685e+00
3.325750569248529409e+00 1.893828788360053084e+00
3.486871241792810494e+00 2.120018834028553734e+00
3.438738603563765928e+00 2.058840861423862911e+00
3.597917117870229387e+00 2.427594072090300870e+00
3.455016490958301212e+00 2.062440413033832964e+00
3.465953079550935456e+00 2.100737341748267539e+00
3.400598566474655193e+00 1.959130513323974920e+00
3.464668798871532118e+00 2.038154121998633883e+00
3.470961071002835130e+00 2.122909571678755380e+00
3.420924718484363414e+00 1.980635228224654654e+00
3.431658335933559734e+00 2.005691250525694969e+00
3.598345065087949379e+00 2.137538128394518733e+00
3.450051389857530904e+00 2.039609048195302421e+00
3.498465217658953019e+00 2.125019426071037554e+00
3.375401775894598000e+00 1.915416764420883711e+00
3.402766489190302668e+00 1.957152260538322253e+00
3.388993373172833223e+00 1.951980287987498119e+00
3.782633028902554262e+00 2.378841023069189653e+00
3.331467832389451988e+00 1.872117595051101979e+00
3.452426717654561550e+00 2.076606033104109628e+00
3.333096707092638056e+00 1.847268515229406383e+00
3.346982293683173904e+00 1.970856552455930721e+00
3.340712810830344992e+00 1.839337479022710609e+00
3.325003724752872980e+00 1.898312195274205250e+00
3.320655846125032173e+00 1.927006816631986252e+00
3.416920816493398849e+00 1.969106038307451234e+00
3.163491999845050362e+00 1.626603355720261490e+00
3.579578237726947165e+00 2.465382274861992240e+00
3.495410359498519082e+00 2.028601510344957060e+00
3.468846101759388567e+00 2.136013778002767260e+00
3.466120873480568410e+00 2.073489006805125268e+00
3.260779102720966272e+00 1.788706390212218444e+00
3.387814172936139734e+00 1.929911768505948810e+00
3.309039519807053242e+00 1.892408600342369018e+00
3.422841457419713240e+00 1.917280872371453393e+00
3.208411801283241438e+00 1.785926753978902548e+00
3.358836216518723550e+00 1.938401846268870576e+00
3.415613574044516376e+00 2.048973285494581464e+00
3.239792632596888211e+00 1.754224334994603174e+00
3.321030421790100995e+00 1.939830255797158953e+00
3.433494254327598139e+00 1.884066262971156869e+00
3.378912956087734454e+00 1.977714976079256948e+00
3.260425416993900871e+00 1.847785888852683467e+00
3.305864043183540435e+00 1.991460643689235699e+00
3.484861801184657271e+00 1.965263304662813404e+00
3.290948559316221100e+00 1.724425417295502694e+00
3.394206315052724854e+00 1.931695186208306936e+00
3.471120902481671600e+00 2.042036743426345780e+00
3.177449926569569261e+00 1.723567138301267843e+00
3.355582707869276149e+00 1.925836982403445585e+00
3.334440902434564258e+00 1.754658266045886705e+00
3.522004792093877956e+00 2.136551797511511364e+00
3.368332993576903522e+00 1.917737333312720560e+00
3.508766594442113362e+00 2.090654849671335747e+00
3.364296691310157961e+00 1.918715019640565345e+00
3.441831133793431530e+00 2.015427762034872394e+00
3.368899984360654187e+00 1.985132909952200375e+00
3.597823219131918826e+00 2.190864001446337195e+00
3.208107167145251459e+00 1.683905958168893768e+00
3.152407495457373976e+00 1.723810157277097854e+00
3.356432310229987781e+00 1.885937619758717654e+00
3.336493520550657177e+00 1.925777129399586896e+00
3.411420800190219094e+00 1.970812480594961835e+00
3.349612317617257418e+00 1.944680437404407547e+00
3.430464844202613328e+00 1.997463301220118392e+00
3.397174219062291556e+00 2.055960650531937883e+00
3.488711368386154366e+00 2.141768504233205306e+00
3.470491419446957160e+00 2.063374641479667204e+00
3.229109380113654115e+00 1.742151448729596375e+00
3.352065907090514330e+00 1.857705418798957897e+00
3.295263226994282313e+00 1.876522529081732671e+00
3.303805931130040729e+00 1.814709829707422450e+00
3.234346864898037577e+00 1.850531689161112769e+00
3.402450363130681055e+00 1.985635834939526667e+00
3.453782902946953115e+00 2.038389225502336366e+00
3.465783092506542928e+00 2.089885917265442483e+00
3.414429765295897035e+00 1.994550140190161525e+00
3.423675820451391072e+00 1.875464243526003827e+00
3.304605346162902801e+00 1.931093481545581803e+00
3.465754309886688755e+00 2.007676283465499090e+00
3.399442112071745292e+00 2.037593877322883884e+00
3.351947842245585729e+00 1.996993249728898689e+00
3.399827278840023226e+00 2.007793400649936277e+00
3.575569341348624253e+00 2.233313320244337596e+00
3.311503841289845873e+00 1.906531251385870318e+00
3.529549772880575365e+00 2.079712514432750403e+00
3.591583827612378599e+00 2.217193139375055910e+00
3.445955034077996082e+00 2.108587933859013663e+00
3.348065173343190537e+00 1.991825339603941591e+00
3.441879304553273844e+00 2.039978103277899635e+00
3.507867241224390753e+00 2.097131606332462983e+00
3.469074996799782262e+00 2.047171974820058526e+00
3.276842584933747471e+00 1.794806960354798253e+00
3.449996493945657772e+00 2.089904491541318077e+00
3.378647321017224758e+00 2.094401766962934452e+00
3.219893488404991899e+00 1.758175045509677625e+00
3.485848165414728417e+00 2.039408559567563284e+00
3.347286167798245060e+00 1.930203690156207852e+00
3.248055305490316513e+00 1.769617370702195602e+00
3.409837245684647300e+00 2.002879047060085238e+00
3.399386738682402154e+00 1.916892798494889583e+00
3.392949064895512734e+00 1.950780774008646912e+00
3.291034147534086074e+00 1.888009205006254243e+00
3.544562458924420234e+00 2.179593430452094527e+00
3.389865517280221674e+00 1.920914292025398318e+00
3.525194524326725976e+00 2.170857932296871518e+00
3.465996405699318661e+00 2.037230992473114011e+00
3.363822161769218777e+00 1.937219699223911018e+00
3.439946023586396340e+00 2.100574567829450068e+00
3.440616359862614271e+00 2.051037705922367671e+00
3.172512177213774986e+00 1.694078836781875319e+00
3.427437591628436753e+00 2.048741054750081947e+00
3.307118641035091233e+00 1.946375417488406923e+00
3.395602118190827134e+00 1.892918622615143320e+00
3.186541538890209413e+00 1.727746621029390139e+00
3.410148032690952125e+00 1.920091068746148988e+00
3.528123658674098717e+00 2.143088415434013960e+00
3.345774064502482048e+00 2.008488460897441374e+00
3.488211184883408755e+00 2.129545844646219876e+00
3.467270462307321832e+00 2.050995077737524319e+00
3.526017446214246398e+00 2.222376946132776254e+00
3.414923056890411424e+00 1.920758160165466411e+00
3.334464749665083438e+00 1.802096088522274764e+00
3.745425550709922113e+00 2.386592673340296233e+00
3.246956203533163610e+00 1.806445464555774594e+00
3.435037014040007275e+00 1.971223361415739284e+00
3.344098754835971299e+00 1.919945191014532870e+00
3.439914715507649490e+00 2.041158975464984593e+00
3.321832969348952780e+00 1.933728841577375679e+00
3.361488183692209919e+00 1.977686377590759159e+00
3.223539537132742439e+00 1.774471714076573337e+00
3.367748985879755352e+00 1.926472134529020108e+00
3.411971180795052572e+00 2.013538950925674698e+00
3.430660528770562490e+00 1.979531911619401896e+00
3.356664254993396490e+00 1.868581092371144114e+00
3.390665493722513357e+00 1.899186073410212616e+00
3.497322190863546343e+00 2.049282218597360039e+00
3.538264714973590852e+00 2.199336048407751321e+00
3.386494019389696408e+00 1.936204744137692391e+00
3.354950113588964111e+00 1.930605283976713382e+00
3.395237114002181755e+00 1.907967686820277509e+00
3.393140917984498017e+00 1.918420661737362698e+00
3.480933078032560690e+00 2.023944636518100637e+00
3.247131522845203122e+00 1.850936004260994805e+00
3.450415695440950170e+00 1.911013374766439510e+00
3.427992944904001416e+00 2.016114985294947370e+00
3.293473645387662518e+00 1.857951585533669236e+00
3.398322927655948789e+00 2.030781290571902264e+00
3.575894006415698545e+00 2.069223281456737951e+00
3.514604130122394920e+00 2.126830706655679304e+00
3.323537294960245081e+00 1.797352298880795951e+00
3.329471771603723429e+00 1.990856873186590770e+00
3.370017936068110842e+00 1.945184253527947771e+00
3.480345941527196452e+00 2.088110980884966938e+00
3.375518999295051170e+00 1.867722035483266207e+00
3.430811891201089647e+00 2.090957749409870114e+00
3.287840382471700185e+00 1.830622119450636687e+00
3.477067582851133931e+00 2.160700393807124975e+00
3.415826938414216585e+00 2.065457269775056393e+00
3.387778328805822525e+00 1.999691906155932841e+00
3.543767382487371886e+00 2.125737146090634688e+00
3.446168621135170085e+00 1.965838076853796856e+00
3.284064370964128621e+00 1.790432278044187697e+00
3.283905128566123821e+00 1.857340400555390625e+00
3.358746674599945692e+00 1.862493019981401599e+00
3.419591290014977858e+00 1.928529358468625388e+00
3.360984270562994425e+00 1.843703417780421017e+00
3.352534178462541092e+00 1.931975037246790539e+00
3.425519128296319771e+00 1.935214065852085552e+00
3.391354410401023145e+00 1.973723916564226633e+00
3.475023142248245378e+00 2.053563060593115441e+00
3.374939279508283096e+00 1.890950037930650751e+00
3.364669882352041785e+00 1.870743806295204648e+00
3.340738596805138183e+00 1.934331179695546021e+00
3.397949252704521861e+00 1.889336636660209123e+00
3.512397603371076205e+00 2.022079548825684192e+00
3.301229570018263892e+00 1.766176123625253780e+00
3.360155768200932425e+00 1.925960256504268608e+00
3.365281999457820028e+00 1.863552712519110477e+00
3.426958862575897768e+00 1.963751097958981395e+00
3.285742844879365077e+00 1.861353959809714187e+00
3.458370563766206551e+00 2.110332612015321629e+00
3.661795694110642430e+00 2.299099551927523244e+00
3.361960403945975617e+00 1.951868359287259214e+00
3.211184168104010972e+00 1.747610309065931622e+00
3.233229598758567747e+00 1.752134482374665847e+00
3.240803586723664864e+00 1.828604244263869472e+00
3.232868768484230770e+00 1.763819139895668187e+00
3.404805134462129956e+00 1.966649722956179014e+00
3.351780543688745784e+00 1.816309687402609452e+00
3.417459053507304834e+00 1.990709844381875593e+00
3.297641581928361987e+00 1.785110024506217030e+00
3.351592007042670573e+00 1.911098111531284616e+00
3.287955903608629438e+00 1.808229808488965196e+00
3.449151185218662707e+00 1.968872013741148175e+00
3.511556275277658568e+00 2.066609592655346272e+00
3.330723821208819935e+00 1.935986665735758283e+00
3.314761150924708577e+00 1.818443741476398534e+00
3.370947825888871208e+00 1.999814963610999419e+00
3.582612133273475052e+00 2.245372612798896661e+00
3.299857298554439211e+00 1.762519590555435167e+00
3.429759934717667935e+00 2.125387503960350699e+00
3.323054073633111116e+00 2.073020408158844585e+00
3.478738530558138198e+00 2.005325614436472392e+00
3.352913996889163251e+00 1.865223588663863064e+00
3.328353947202214780e+00 1.880938529151937377e+00
3.505475361277130997e+00 2.134687338520030231e+00
3.338080049334325672e+00 1.893057796507319868e+00
3.454697134633831546e+00 2.190940924664436018e+00
3.214336883671732981e+00 1.665136175950371111e+00
3.476490488083880948e+00 2.017397816892117390e+00
3.364235017179991072e+00 2.011264764475208633e+00
3.486108109783780495e+00 2.081104273550139716e+00
3.426609534105101496e+00 1.873239197547325263e+00
3.434874825141192467e+00 1.923199069574951459e+00
3.468140157397049173e+00 2.112847381647651179e+00
3.466040667081471849e+00 2.032399609580342936e+00
3.491978617869467172e+00 1.995925097766130696e+00
3.500491411923200680e+00 2.213863350918667372e+00
3.395790690792544808e+00 2.068119849771940189e+00
3.424050688677996224e+00 1.951415706925022864e+00
3.301835908579535683e+00 1.979724418870234093e+00
3.543583818755136505e+00 2.132177778633840948e+00
3.320036980947124849e+00 1.912777457924596858e+00
3.225901988459163316e+00 1.813503018147897272e+00
3.410875918124788075e+00 2.088902964626145220e+00
3.304203968647628109e+00 1.883077378721396355e+00
3.417456250858941669e+00 1.995171004959387595e+00
3.384908316957008889e+00 1.925409498153826560e+00
3.252350466482364144e+00 1.803287021264913914e+00
3.252448138899020513e+00 1.804976287146069058e+00
3.376726101238454181e+00 1.929116972745118064e+00
3.336111985356010834e+00 1.876328676185168964e+00
3.557193111163460486e+00 2.154824450692260474e+00
3.460720265825652397e+00 2.074318914155915294e+00
3.402613930632282901e+00 2.014744647209020467e+00
3.462542390445640716e+00 2.018301458866838871e+00
3.414954618746334436e+00 1.949153071152401440e+00
3.284125742890547706e+00 1.889507512448936000e+00
3.285830795090341816e+00 1.727594230506962703e+00
3.451512624883935398e+00 2.003670206574510448e+00
3.343038838596960272e+00 1.901900070005195564e+00
3.552578959169242268e+00 2.127216157234043781e+00
3.515385080201407053e+00 2.136949760164731149e+00
3.383461947318946450e+00 1.876092284999636206e+00
3.522740354220776027e+00 2.211671390774157420e+00
3.335966044617218351e+00 1.893074572350163853e+00
3.618850550680003053e+00 2.369110488855235008e+00
3.312259245410827724e+00 1.854409461986308738e+00
3.351887765104062833e+00 1.933498118197272575e+00
3.557832296775560454e+00 2.186477885870880211e+00
3.242347431248536527e+00 1.780192816957157032e+00
3.748228913503607540e+00 2.349049117168487300e+00
3.432019843293747208e+00 2.113957074488717502e+00
3.537080318828074610e+00 2.098093142393083976e+00
3.346069404894378874e+00 1.869197274554132981e+00
3.422089906807186832e+00 1.947003701370506601e+00
3.209960195875787292e+00 1.787312842103558674e+00
3.461697344069722515e+00 2.025056633603679934e+00
3.322707354141781533e+00 1.931951964776321251e+00
3.410228154311250037e+00 1.983137734186675605e+00
3.623687782189989548e+00 2.251139086599108108e+00
3.420542718463220666e+00 2.011522315825467366e+00
3.417994816213073328e+00 2.005155996670827001e+00
3.357037001817445798e+00 2.081349818943141639e+00
3.410569808234899636e+00 1.921283925753063837e+00
3.309385792153036299e+00 1.864407271071736316e+00
3.179266705387100433e+00 1.720828917862951224e+00
3.323610367242075814e+00 1.939733091801388420e+00
3.165589933030802605e+00 1.688497255751169712e+00
3.330427961080335120e+00 1.914539731213772189e+00
3.461970793092234988e+00 1.991798413580881943e+00
3.448105759888598243e+00 1.946729519867881564e+00
3.182916446476566463e+00 1.709726364967373513e+00
3.460866630057822579e+00 2.020466627437662144e+00
3.444172922689529237e+00 2.178832478835392994e+00
3.498798377741139554e+00 2.175223444251628724e+00
3.475684546101836414e+00 2.050624456545385943e+00
3.390675902457969126e+00 1.980274092214943771e+00
3.372683140852361650e+00 1.968077646347073273e+00
3.379943765845052184e+00 1.916089160074569087e+00
3.451574178873518139e+00 2.045390563415573570e+00
3.400005143766424265e+00 1.962395562931261273e+00
3.289940486838760503e+00 1.823546990710047666e+00
3.477666864992091877e+00 2.067830926705765293e+00
3.400371835917965324e+00 1.988555920677079314e+00
3.248541854982579746e+00 1.683424888052489354e+00
3.381436219988913194e+00 1.949220533951078860e+00
3.336222680507813010e+00 1.927175502760466674e+00
3.342958472205362241e+00 1.883329323653608611e+00
3.702754192623100238e+00 2.291026945801049042e+00
3.572125467605075766e+00 2.201368576378715414e+00
3.452921299368019170e+00 1.958563737704368979e+00
3.303868333050953066e+00 1.905146297378906617e+00
3.443678685723276178e+00 1.961505220484076606e+00
3.416886622626681635e+00 1.924553146686736271e+00
3.360290583683399390e+00 1.986985337560428722e+00
3.500950102334981828e+00 2.129908813288425851e+00
3.516209513662841069e+00 2.126951280745932760e+00
3.367523359926779314e+00 1.797053578516560002e+00
3.353166587606611238e+00 1.902967393818117081e+00
3.450805090252147878e+00 1.973476953230059117e+00
3.393742905398633436e+00 1.994570590347520822e+00
3.539951081153109858e+00 2.166827106830179428e+00
3.362407195213859445e+00 1.806312341533156562e+00
3.328074325366410680e+00 1.840571455608726259e+00
3.394333785579580542e+00 1.928509799213665055e+00
3.376166301815682225e+00 1.948796169677531109e+00
3.610670245276974111e+00 2.334643717265199037e+00
3.499968216939869148e+00 2.045841811610888072e+00
3.336627171622220445e+00 1.742981272136254756e+00
3.203304073832770715e+00 1.699569683738646031e+00
3.464896906216694994e+00 2.039177675635178044e+00
3.341218883829355057e+00 1.886713229098436750e+00
3.344111767080709452e+00 1.826667304725684060e+00
3.528518014019861315e+00 2.293528140594613518e+00
3.481731501870502399e+00 2.097358114735719425e+00
3.561782272214680578e+00 2.107391099061935780e+00
3.384979771284533978e+00 1.877150369352578618e+00
3.346823538884540206e+00 1.938259311741488800e+00
3.478235432372237312e+00 2.017337703934447557e+00
3.400916901842611750e+00 2.052748335342671204e+00
3.302925844910984843e+00 1.810362565219284958e+00
3.331183897650081605e+00 1.945307513169476810e+00
3.464579919008190956e+00 2.070033953119302605e+00
3.219039278832184436e+00 1.741863529342498440e+00
3.362652873646899021e+00 1.871246239844387649e+00
3.369071151993507929e+00 1.929004451410738064e+00
3.391241268223950112e+00 1.887813232577946199e+00
3.396148320331731973e+00 1.898182569728324331e+00
3.366801165125083095e+00 1.980649432121720954e+00
3.254577804275235131e+00 1.733309902645272071e+00
3.364285161070796892e+00 1.909785683185205585e+00
3.549674967934080438e+00 2.366548322444290697e+00
3.370597321352379883e+00 1.972327370767964716e+00
3.345146768785523417e+00 1.921113767893033231e+00
3.364925109237307144e+00 1.901151528969997395e+00
3.388823922349471385e+00 1.957212643759484560e+00
3.432794199103793353e+00 2.063793759575378584e+00
3.356903078335210289e+00 1.935580018910732392e+00
3.436306504668751760e+00 1.991229461789843391e+00
3.504043597238037044e+00 2.002556763338485091e+00
3.253971284480466686e+00 1.788454666264622128e+00
3.357991666074787940e+00 1.946056354615074868e+00
3.384922402808794750e+00 1.981303613699588295e+00
3.428088794055534461e+00 1.930401165766269411e+00
3.458910047322976133e+00 2.045108899560048155e+00
3.566631221961510612e+00 2.196240972443531003e+00
3.383221370156577201e+00 1.917151515150609331e+00
3.213103148216701843e+00 1.739149414838132346e+00
3.230052457120620613e+00 1.786216941091086641e+00
3.134512772373099665e+00 1.654566901862792649e+00
3.368763335258220248e+00 2.027331959656319960e+00
3.472148348524180861e+00 2.060972451162935037e+00
3.383853555341855834e+00 1.962011031101446035e+00
3.225006618056137864e+00 1.695255595522576986e+00
3.500249887638095636e+00 2.156828826601659976e+00
3.605484554796805075e+00 2.205007585256506975e+00
3.308665946294493398e+00 1.903880414769556495e+00
3.434326007685296833e+00 2.007816486210557194e+00
3.278280006989836348e+00 1.756250463379749771e+00
3.383309127086886914e+00 2.000080369064532348e+00
3.289332609071178748e+00 1.757455293140911090e+00
3.576774683320878445e+00 2.117675933205923400e+00
3.473490657704156437e+00 2.040143685425736653e+00
3.399049431455506198e+00 2.016869896577534682e+00
3.408887031114289812e+00 1.980342855423330883e+00
3.448652356685605103e+00 2.053445521479351221e+00
3.552401113621077577e+00 2.128913699763420375e+00
3.242918966208018894e+00 1.855827592554639027e+00
3.409306418900795332e+00 1.914816259247619223e+00
3.154851793317498210e+00 1.638278160568031439e+00
3.313803278249342288e+00 1.908755455261276879e+00
3.292887721678775748e+00 1.928867704913107994e+00
3.366550721649865352e+00 1.903661347018000383e+00
3.553531015430313467e+00 2.148566191675563175e+00
3.307635743311527321e+00 1.986161141013652376e+00
3.380921746492512092e+00 1.873157174503224720e+00
3.405089721384102042e+00 1.833946395036813115e+00
3.512799585857482754e+00 2.037608202327189755e+00
3.266015350981575693e+00 1.851320270577890614e+00
3.517375690886476391e+00 2.147159273931830370e+00
3.319523381055638378e+00 1.920008677661850793e+00
3.293016830556454888e+00 1.914593773097472917e+00
3.704066044069810104e+00 2.255168248980506274e+00
3.235855548928530556e+00 1.818539029794269180e+00
3.309966655947488068e+00 1.813303412877208531e+00
3.433895996608358647e+00 1.975170199606116173e+00
3.424952161365034886e+00 2.049638693472626283e+00
3.340256118489792758e+00 1.865093837205570981e+00
3.404336501397844827e+00 1.974883845268975868e+00
3.368608958049469582e+00 1.942192657301007985e+00
3.493893055558631833e+00 2.107981160834479617e+00
3.580153603405952900e+00 2.187567243561629571e+00
3.354536528086361713e+00 2.004255432485824606e+00
3.527228437150268459e+00 2.066104536743075037e+00
3.193328183712233592e+00 1.712146448766812101e+00
3.308797635519409752e+00 1.905911086893222528e+00
3.568400409148476893e+00 2.033002256406813313e+00
3.488353242784862918e+00 2.085515509677249746e+00
3.618090608453097268e+00 2.107611028628767702e+00
3.204714482069335180e+00 1.745284829689533579e+00
3.310519142992883523e+00 1.883528828240677910e+00
3.499240135657691653e+00 2.013504159330954835e+00
3.519104993157514905e+00 2.147957995630785266e+00
3.316399629032947605e+00 1.836858769248768564e+00
3.536677621257608539e+00 2.178279485651041458e+00
3.371471563273530592e+00 1.942667657205185749e+00
3.234344917263246355e+00 1.746698620843265326e+00
3.260956447339653064e+00 1.752350382397063644e+00
3.434172345579532326e+00 1.999484763018924749e+00
3.508657035635010857e+00 2.119064123721319248e+00
3.305279908417450230e+00 1.885290743784177936e+00
3.444558591257473878e+00 2.063883435284084911e+00
3.186955704156772207e+00 1.769899925165852927e+00
3.394876190465118349e+00 1.953820553857606113e+00
3.407339461775249490e+00 1.956188837401060088e+00
3.396826886489786812e+00 1.941742626276789396e+00
3.466331195841493518e+00 2.076446012420708254e+00
3.423316987815310242e+00 1.954938668882604702e+00
3.474074383745461958e+00 1.974661941795988085e+00
3.296077652634505473e+00 1.948579176739318353e+00
3.290493851576935302e+00 1.886363529825090257e+00
3.267611757129712746e+00 1.857167379270525442e+00
3.425336726511925001e+00 2.047095771681006315e+00
3.594184159441211612e+00 2.330205858876662539e+00
3.574859273020607908e+00 2.342000638234900567e+00
3.387901941981769749e+00 2.012245554184924679e+00
3.505798551614943026e+00 2.154006239413060353e+00
3.218070828800792871e+00 1.828645846007640463e+00
3.404223630696956882e+00 2.041113207879636349e+00
3.523874117808180273e+00 2.049146086442141801e+00
3.338642927946551264e+00 1.935703784072310141e+00
3.447366972275183183e+00 2.042430319974589015e+00
3.488382050832091519e+00 2.075405384815833365e+00
3.451477467650225783e+00 2.023722486570272761e+00
3.241916897269220943e+00 1.846717940774016187e+00
3.159405455147854092e+00 1.724168973017075945e+00
3.276820224880467425e+00 1.769389281346332998e+00
3.422000162127356582e+00 2.059964398368908878e+00
3.409117938331946096e+00 1.905897903128463966e+00
3.516555753176612065e+00 2.194128072884709457e+00
3.362720839306364784e+00 1.918444705058211408e+00
3.387518265828935782e+00 1.998670460797194126e+00
3.303764577604568764e+00 1.832150120829633577e+00
3.391012229143253620e+00 2.047503406730220465e+00
3.252535049777870668e+00 1.845131942739308695e+00
3.320088181959707452e+00 1.701635850987232246e+00
3.353989870750781144e+00 1.951240278319213983e+00
3.295874440190241117e+00 1.976579671192417287e+00
3.475148211213269889e+00 1.993270474132143200e+00
3.234661197122379761e+00 1.769616114322183797e+00
3.278964246776116642e+00 1.837662236694334927e+00
3.387868008171566636e+00 1.981306789170374838e+00
3.368663763084895013e+00 1.920546315810794047e+00
3.444481388047774040e+00 2.110807287963635037e+00
3.489336659121649920e+00 2.067503705385740798e+00
3.385954482868605453e+00 2.047441592171504787e+00
3.474360615390126750e+00 1.968997659845822312e+00
3.353027000609758002e+00 1.955980332813057609e+00
3.365393409872272645e+00 1.760356044132153519e+00
3.624117216429290078e+00 2.598922807528699863e+00
3.599817990520347344e+00 2.162776066112193085e+00
3.396095673408151328e+00 1.879351054732498305e+00
3.194549133778026295e+00 1.774282715153129741e+00
3.360163644526979354e+00 1.946374922765591098e+00
3.328478866473897568e+00 1.998808943386771730e+00
3.125841488817889591e+00 1.642019720896481294e+00
3.377249912366583562e+00 1.841474376767336718e+00
3.438576763331771868e+00 2.063163785354156232e+00
3.511350588993130017e+00 2.061215397767978352e+00
3.534406639892848201e+00 2.227481783344249067e+00
3.320522680934346216e+00 1.868875102619057538e+00
3.210573940157161132e+00 1.773732324654793802e+00
3.369814089897469334e+00 1.883952361320872404e+00
3.682901718591557128e+00 2.323698622870136177e+00
3.448628771076616140e+00 2.108199306571397091e+00
3.502910580933481732e+00 1.979326943249809734e+00
3.334369895239181147e+00 1.879513351691010969e+00
3.413932745229790289e+00 2.064938950876880952e+00
3.533400994328283140e+00 2.275408809052624104e+00
3.370617788064035114e+00 1.929961564650037875e+00
3.373643520531562690e+00 1.893883844976228970e+00
3.585079910804796821e+00 2.280000405929774487e+00
3.445942511835724531e+00 2.098712460807598212e+00
3.398533593619298632e+00 1.948321452543105403e+00
3.475282549195715553e+00 2.077896065704245121e+00
3.457779305028203076e+00 2.065257630966692126e+00
3.391536770809567169e+00 2.086041259235785539e+00
3.345167294511953937e+00 1.917128040991738391e+00
3.251998135030405024e+00 1.721051263880913007e+00
3.479737438616024470e+00 2.159771527926585666e+00
3.244373601331752788e+00 1.826862742083234625e+00
3.286996026220267098e+00 1.744765392784121349e+00
3.492772297099306478e+00 2.103871681071319610e+00
3.513389337143770330e+00 2.124671554806683460e+00
3.651032126087591312e+00 2.429019920729780235e+00
3.320397761536405312e+00 1.969405987186191975e+00
3.354421706807789061e+00 1.931404793024225297e+00
3.477243133834625688e+00 1.995901183979920113e+00
3.419794784797176579e+00 2.006510389115565118e+00
3.298769399772940147e+00 1.794773316214610892e+00
3.433914638271204911e+00 2.034003126385976135e+00
3.331022022605182542e+00 1.911963092620787563e+00
3.350651562270805073e+00 2.014410407021531846e+00
3.462036858681119433e+00 2.153300944470634359e+00
3.394075504020603873e+00 2.119610522433618804e+00
3.376504889791418940e+00 1.946262510472624774e+00
3.271751574203920043e+00 1.822847768763933063e+00
3.449436308615111635e+00 2.027032041795776340e+00
3.317944326881673511e+00 1.979455629501506664e+00
3.514600874998293101e+00 2.145127493855251810e+00
3.143945225922747611e+00 1.598132468537134976e+00
3.414025317225296785e+00 2.019217076988348847e+00
3.472136717979326992e+00 2.049897018990416875e+00
3.400982446998200182e+00 2.029229576369002697e+00
3.491706673678367512e+00 1.944872377541181363e+00
3.328583384925600797e+00 2.008606463140448106e+00
3.306170257357658571e+00 1.946856262005998150e+00
3.304566891585964505e+00 1.867585943517645619e+00
3.478971587924321707e+00 2.094888094084073504e+00
3.282440276374644750e+00 1.932722711454620823e+00
3.313338779815820256e+00 1.844393259701784471e+00
3.545288792978886772e+00 2.153181959462216355e+00
3.352568125189044235e+00 2.016945070301618070e+00
3.543685466592669364e+00 2.102769881349012770e+00
3.387293213890062216e+00 2.037186939076783609e+00
3.490634861217166929e+00 2.284827348027203886e+00
3.333833985206652084e+00 1.917551675403848188e+00
3.655212737022766500e+00 2.348472681060232770e+00
3.421452598064339767e+00 2.163375039238612629e+00
3.403199475865563706e+00 1.911192976705971880e+00
3.174264089660800536e+00 1.655831544815201672e+00
3.566222627052334282e+00 2.228035855567278567e+00
3.399940110066574928e+00 2.031712332825593492e+00
3.474078534578461941e+00 2.071434705785287544e+00
3.306035569085221226e+00 1.834391843384086451e+00
3.376726781548490930e+00 2.009471913636987406e+00
3.326049888780297614e+00 1.995959181288964546e+00
3.341055311003205741e+00 1.880327623158803085e+00
3.340633590216708360e+00 1.894118814551882357e+00
3.299441423399265272e+00 1.784819907319167509e+00
3.236253504481544585e+00 1.725417717653934480e+00
3.292409420507259821e+00 1.904932407859364352e+00
3.380711681589239070e+00 1.958212194912971160e+00
3.454754575370300618e+00 2.093371722879389552e+00
3.447083276901380611e+00 2.028268784404869685e+00
3.334014889498551959e+00 1.893493594370138533e+00
3.289417916722331636e+00 1.927716695800858471e+00
3.417978543889567788e+00 2.037659783533543933e+00
3.433582682561870492e+00 1.988213670123977650e+00
3.377961859794213151e+00 1.992802078890174799e+00
3.369535871337839161e+00 1.965305739137066965e+00
3.291238242772940747e+00 1.748221600765505368e+00
3.354290730326044301e+00 1.962685108087056429e+00
3.356117238619345411e+00 1.882384118147141239e+00
3.291117788990099324e+00 1.867120274180586570e+00
3.501154665041002367e+00 2.026033275482628238e+00
3.417969459102262242e+00 1.991780855288113328e+00
3.632621140949372496e+00 2.375594908904608449e+00
3.362047879240999571e+00 1.895505649667726278e+00
3.312393570364177808e+00 1.808380971369218715e+00
3.270926193754424727e+00 1.793323926797527834e+00
3.422266600308649043e+00 1.924516796358966664e+00
3.492508508669764034e+00 1.992756339203813232e+00
3.608578297640423038e+00 2.272543717668335628e+00
3.383325705369358172e+00 1.979179247977453260e+00
3.388407473030976114e+00 2.162130025737437400e+00
3.522154304593516638e+00 2.027241412105373897e+00
3.632504766303339405e+00 2.523748916396353792e+00
3.221588049639362961e+00 1.802398073295029546e+00
3.311245211572916070e+00 1.837642124884823147e+00
3.398023435499971878e+00 1.936068583335501359e+00
3.418257715518936202e+00 1.884746383237573708e+00
3.422776630116792340e+00 2.077693920439179553e+00
3.419198814209215787e+00 1.937466642630796709e+00
3.271004385511145696e+00 1.905713629647903362e+00
3.260542265940608697e+00 1.726812256706948601e+00
3.430397682074345145e+00 1.959118559314540375e+00
3.230342191933039064e+00 1.789022444831547709e+00
3.162979164820506561e+00 1.797550501032679104e+00
3.384004450740913494e+00 1.954880993199686667e+00
3.294167377529129137e+00 1.735323656925571223e+00
3.462985834575277977e+00 2.092248737639318179e+00
3.398450819483852747e+00 1.880422841632596764e+00
3.303218258048633782e+00 1.767446945392726398e+00
3.398766218075683465e+00 2.015633173978377268e+00
3.302693694099008148e+00 2.028656595489365166e+00
3.451230762892347759e+00 1.921634117062589908e+00
3.441706434831572015e+00 2.046364422365902325e+00
3.401483131787771175e+00 1.970077954131180364e+00
3.347761090176819110e+00 1.760251953346797515e+00
3.520323068141201883e+00 2.114804149096888075e+00
3.244971113630127579e+00 1.801726744227214905e+00
3.428855614789538375e+00 1.873133650034420672e+00
3.281865112118264705e+00 1.891891148331489081e+00
3.304045900463492558e+00 1.820879653180792701e+00
3.366904563169851539e+00 1.876316203536571914e+00
3.447336255431831642e+00 2.053880512496058408e+00
3.627861952813309365e+00 2.186249581701786404e+00
3.393770978442714803e+00 2.068131432842041040e+00
3.415173561237291544e+00 1.955410527430163636e+00
3.296004031177857119e+00 1.848591012758814101e+00
3.365578972453547646e+00 2.053031564750403604e+00
3.376727496405299789e+00 1.948978142189584428e+00
3.405773904896741922e+00 1.961182425802989071e+00
3.344377218942345742e+00 2.002383452048674517e+00
3.446314957737325102e+00 2.096145327001469383e+00
3.308935290714824173e+00 1.828925428597716341e+00
3.394594661977587968e+00 2.051147015395714313e+00
3.356366357270957224e+00 1.980023029535638246e+00
3.473197982209093482e+00 2.052083281301037232e+00
3.309739359012101367e+00 1.767725553535977490e+00
3.563306397280368909e+00 2.137359958916582592e+00
3.351743929153206736e+00 1.924100490335836744e+00
3.402558223032305929e+00 2.009610678246978921e+00
3.351265272287226260e+00 1.823152075968377250e+00
3.536426625022189185e+00 2.200003284713746066e+00
3.262614413021147186e+00 1.888671872326214585e+00
3.345589263715734507e+00 1.901686716146407718e+00
3.375883432610349733e+00 2.043068957891164494e+00
3.359018986060087641e+00 1.903942047512539926e+00
3.452913700971813604e+00 2.056449827645395523e+00
3.330828540872887711e+00 1.995926096159269969e+00
3.364829791650051583e+00 1.967241001667069611e+00
3.444543519257732722e+00 1.933278161077787383e+00
3.481883741441059499e+00 1.950897365214488755e+00
3.327753879855505748e+00 1.907275007620079288e+00
3.272180182884393052e+00 1.870337827629644289e+00
3.302151371021354365e+00 1.860320792095138120e+00
3.579835066535201005e+00 2.232587824124486087e+00
3.499715485530973780e+00 2.032592005988266504e+00
3.494906041689526344e+00 2.035768030150836072e+00
3.309465638862735926e+00 1.928897058058645086e+00
3.336657020407423513e+00 1.954923830264507556e+00
3.459083450297633533e+00 2.011271215242447674e+00
3.229342583508751474e+00 1.697498565299352391e+00
3.418999630218285457e+00 2.045426163758242932e+00
3.417722027996020540e+00 1.965065688790812448e+00
3.316699518404170099e+00 1.930504074362207945e+00
3.452678344319343839e+00 2.078115784191753690e+00
3.540261589659278840e+00 2.197449589786558910e+00
3.263694033775605963e+00 1.819353056036828731e+00
3.430511154187409151e+00 1.947197317938747840e+00
3.167502876445818405e+00 1.852853472044849292e+00
3.307155870972511735e+00 1.906746897449100864e+00
3.312151580064854439e+00 1.896275285211966199e+00
3.451976791829943991e+00 1.993374755730483061e+00
3.238040051171764411e+00 1.648149496563481531e+00
3.336774644647342747e+00 1.848749729594257207e+00
3.349646956547704502e+00 1.926390264606498315e+00
3.254521354781093390e+00 1.847992066852763626e+00
3.771579030355129092e+00 2.181216473182955085e+00
3.290865816968373103e+00 1.890125834807001581e+00
3.425771401597283106e+00 2.054358804077340839e+00
3.486687522345948143e+00 2.067819568460010693e+00
3.376051352894071211e+00 1.910620562849221882e+00
3.406982019114332516e+00 2.053384177234248043e+00
3.460391452225759945e+00 1.991286797322996183e+00
3.193619268591218585e+00 1.697749183970700626e+00
3.406063285258677187e+00 1.999690987861106217e+00
3.403890695718220005e+00 2.046597542293466798e+00
3.308597234875023219e+00 1.870110591098308905e+00
3.249279416201031001e+00 1.784162763854729716e+00
3.288666371732408500e+00 1.873057919586566866e+00
3.540300334271798466e+00 2.149986545036558727e+00
3.411136600029469612e+00 1.839613541868795998e+00
3.466708044071764583e+00 2.003455575078896711e+00
3.317069117237838594e+00 1.894377166284311853e+00
3.200370881906090315e+00 1.669795628369389329e+00
3.364642174627669569e+00 1.950151193316756126e+00
3.392042623472113938e+00 1.938597693279463074e+00
3.443285716006554864e+00 2.043219533594217374e+00
3.432347523520692611e+00 2.022494871221301338e+00
3.395266904704111077e+00 2.153160535828129163e+00
3.537489262936898360e+00 2.136237751574391996e+00
3.329094258111878979e+00 2.035894619206518374e+00
3.274152900865173965e+00 1.806699303466164475e+00
3.525819838162228326e+00 2.058809439627625526e+00
3.310062709083293697e+00 1.848036221379178112e+00
3.225539838226340716e+00 1.824544139609770577e+00
3.264647889798707681e+00 1.790918702041592869e+00
3.362897619252897208e+00 1.882776154984789008e+00
3.332338966296541471e+00 1.694425040037097929e+00
3.456257171404753414e+00 2.061802198429507182e+00
3.217708838412943972e+00 1.739827348293338849e+00
3.375237722086433578e+00 2.002764290528550095e+00
3.451513057072495894e+00 2.072662212314261954e+00
3.541249693017697986e+00 2.209191645451207719e+00
3.266487203977397780e+00 1.897099654181513717e+00
3.376469981674083520e+00 2.029856079180802020e+00
3.549841863537231301e+00 2.178260999533793818e+00
3.320934149516060252e+00 1.895471002452293385e+00
3.454176302796053477e+00 2.014481495885672491e+00
3.339602316142340488e+00 1.981456736049983736e+00
3.336555375493071907e+00 1.853406646511319922e+00
3.416275649956118432e+00 2.019191682140049959e+00
3.361390996379260088e+00 1.943395533557667143e+00
3.174622437510435269e+00 1.773957783986586767e+00
3.478453105897259423e+00 1.889220178267223771e+00
3.383784257397630224e+00 2.020977947812646836e+00
3.413660425373289176e+00 1.920539629908766699e+00
3.383195373076897550e+00 1.912000368262431582e+00
3.170821372579812891e+00 1.710726346717593938e+00
3.247105888620680947e+00 1.797888768891925837e+00
3.212771048909725646e+00 1.770544692688611255e+00
3.553494042151471355e+00 2.021571573187557647e+00
3.406616044272493760e+00 1.889757572364082039e+00
3.367397169067401386e+00 1.947645323486856705e+00
3.334523072424395274e+00 1.953982455657459649e+00
3.271950320170568638e+00 1.802012949758483140e+00
3.434722603920340234e+00 1.965941816934756670e+00
3.416281084416318947e+00 1.956900052532988044e+00
3.328756636047294659e+00 1.842740375785426155e+00
3.424807299885639367e+00 1.927482439386967172e+00
3.469358800545955024e+00 2.045779408011139555e+00
3.270261217016780186e+00 1.872653530990476600e+00
3.216624048115118040e+00 1.687347224720636474e+00
3.511149560459393637e+00 2.092197138441383331e+00
3.422708603439280850e+00 1.949042743191632843e+00
3.405120684951279841e+00 2.021324815530050945e+00
3.467543079824793928e+00 2.214723981487113136e+00
3.401155835898389324e+00 2.014182842021166042e+00
3.372626233332740586e+00 2.003724536417097912e+00
3.425906623149156616e+00 2.040588393476843621e+00
3.374885619805838566e+00 1.943212382297976992e+00
3.212678676059868454e+00 1.708147289323177498e+00
3.406478016145327192e+00 2.097168347661961363e+00
3.454097307861349275e+00 2.050187384670807855e+00
3.341473452556526613e+00 1.866091752059833464e+00
3.282747499661684110e+00 1.895966608284503252e+00
3.370325274287087947e+00 1.919321678988208824e+00
3.318775203525603068e+00 1.945502433016987442e+00
3.534570640336445191e+00 2.125011773023524508e+00
3.444446336846343826e+00 2.020101761342766089e+00
3.412999040719796540e+00 2.030722248606255498e+00
3.405908053435459326e+00 2.004771791299530648e+00
3.479643931996440731e+00 1.952812177950890238e+00
3.423188735256194715e+00 2.045188599814500297e+00
3.314751196276627176e+00 1.876114911727630341e+00
3.487685399057291136e+00 2.088006973644506825e+00
3.302920246397063941e+00 1.958784912944506296e+00
3.485469716601004908e+00 2.154851771305919428e+00
3.255834025144546562e+00 1.802736540442450464e+00
3.340074983102594430e+00 1.957707582814670833e+00
3.754451980282029311e+00 2.320013114245293107e+00
3.371786269900789890e+00 1.964330184667104184e+00
3.269972598155485244e+00 1.794911424955103030e+00
3.410181183663107962e+00 1.965972509305654592e+00
3.401352903746195366e+00 1.856303650118139137e+00
3.450592688618302706e+00 1.974769236816727336e+00
3.399067201683039219e+00 2.008370588681823055e+00
3.434533333897506147e+00 2.013404827514380546e+00
3.748848481190381499e+00 2.293195368608807794e+00
3.344243425152274796e+00 1.914435049179905812e+00
3.477049704218607928e+00 1.976636372316463275e+00
3.298930740575431564e+00 1.903877786070289790e+00
3.372822579409515686e+00 1.992978644278493583e+00
3.316402973363669737e+00 1.911307599766849608e+00
3.171651956930572336e+00 1.675148866279423165e+00
3.279492516208101893e+00 1.915656181101508704e+00
3.388003832627121792e+00 1.921687500841456231e+00
3.309728495348549515e+00 1.784583498579729088e+00
3.343986514917521191e+00 1.798077743917834148e+00
3.419840180351534364e+00 1.964000660505819562e+00
3.459337252142367092e+00 1.878443127558586445e+00
3.469790160217409269e+00 2.031176386165982173e+00
3.462453823685523790e+00 1.951200118557856245e+00
3.403298665129532719e+00 1.988223665010175001e+00
3.329577564956121893e+00 1.820537679176491785e+00
3.731836947082791678e+00 2.345405465394180933e+00
3.405174216078244331e+00 1.942944335277319245e+00
3.397076434056971017e+00 1.921528945139393318e+00
3.385647646161440871e+00 1.953403396540299042e+00
3.211148549198396651e+00 1.739564143570908827e+00
3.410674001333299898e+00 1.955630339925458205e+00
3.399930752556767022e+00 1.947941042076670071e+00
3.246740153270619711e+00 1.774312934662422014e+00
3.367166369712156992e+00 1.801575536754175699e+00
3.461871148068942361e+00 2.090295546798791371e+00
3.249861288820082184e+00 1.770467290141478633e+00
3.435637052208265541e+00 1.968997940546396208e+00
3.613070223755940003e+00 2.233827129411678047e+00
3.423599380799613012e+00 2.063432748589181021e+00
3.343736685756188098e+00 1.941667322710303178e+00
3.423390578722965039e+00 2.049322347901814112e+00
3.325972406257321712e+00 1.891119812758039753e+00
3.623087303198443188e+00 2.475388333304937571e+00
3.453468272155400864e+00 2.098225761187905380e+00
3.359863160700564233e+00 1.853402009924453475e+00
3.326789584808634626e+00 1.932521326660739280e+00
3.422144249272712990e+00 2.048096643807785888e+00
3.263112528218783392e+00 1.705987784096649529e+00
3.422631532228017637e+00 1.979632083791429631e+00
3.449483700834606204e+00 2.034251613110852563e+00
3.220615838213922277e+00 1.798716826954517067e+00
3.732132617311896716e+00 2.381629407831149514e+00
3.302490642036196800e+00 1.918505727530701366e+00
3.412839455433246627e+00 1.918926256164640964e+00
3.407003291639150611e+00 2.010962631003450962e+00
3.391965409980864710e+00 1.907509015530982621e+00
3.533350074642385596e+00 2.017783931424069976e+00
3.434129519754287152e+00 2.124934003819531458e+00
3.461313107819658619e+00 2.090383606198190414e+00
3.466613081365617521e+00 1.869621905826676311e+00
3.343867660587484636e+00 1.988945044800698225e+00
3.231557208926240321e+00 1.667447278447528047e+00
3.495287024083916894e+00 2.101877460133238174e+00
3.408199980518134886e+00 2.127135210784710129e+00
3.492582811137117549e+00 1.983373701993526250e+00
3.414525626043018125e+00 1.967074140169346341e+00
3.326271470175542255e+00 1.841678983901034350e+00
3.597705013322794354e+00 2.150521051642940940e+00
3.208276037849447704e+00 1.687319987324162662e+00
3.332476770992370607e+00 1.826454286112130898e+00
3.378683230053667774e+00 1.903151173136161889e+00
3.584172111739689637e+00 2.324725190241281325e+00
3.468119747287065291e+00 2.017742460407371485e+00
3.341794210226368023e+00 1.930628775458470336e+00
3.424842002284711029e+00 1.982750458999722687e+00
3.396918426316238193e+00 2.026208352825494163e+00
3.338359223749717053e+00 1.855211696043755909e+00
3.295502543490868241e+00 1.925149296845749314e+00
3.568424155478378434e+00 2.302703167641455551e+00
3.527900299203106105e+00 2.103106427216723695e+00
3.502190122941860384e+00 2.163135188991821334e+00
3.347814060886201926e+00 1.812154781604087939e+00
3.576155726461063722e+00 2.227861135134109993e+00
3.415217182939231044e+00 1.939637834064716904e+00
3.559664461352747278e+00 2.220102188786738040e+00
3.340181655678036599e+00 1.971383773678751394e+00
3.593919569118215307e+00 2.347330627651257107e+00
3.434533409230983381e+00 2.023889348458074444e+00
3.373334903481067126e+00 1.974271854776006974e+00
3.291241678394865922e+00 1.933344608017182109e+00
3.456285957163363953e+00 2.095514627275409936e+00
3.316188079618901163e+00 1.848706579701798303e+00
3.413739178071916847e+00 1.986210648736553619e+00
3.449041932533648769e+00 2.040174995457178397e+00
3.514562309847082400e+00 2.163026832659083354e+00
3.375388335061991540e+00 1.981549905414222490e+00
3.256922895779343463e+00 1.873314124137390735e+00
3.588581414598307706e+00 2.285026032533975737e+00
3.391332313942765797e+00 1.941507329330716125e+00
3.463024855126714208e+00 1.985927995801560542e+00
3.330334757169446380e+00 1.955734497742847910e+00
3.467803085423073028e+00 2.024542064193166624e+00
3.338406930899077807e+00 1.902951066890913534e+00
3.613132560549990657e+00 2.359325772035374413e+00
3.409802599830411118e+00 1.912929676033408466e+00
3.525091001318836348e+00 2.092208379070725321e+00
3.361234698135399324e+00 2.081913438216451251e+00
3.358582967904164995e+00 1.934485611732031929e+00
3.336557463070316309e+00 1.860860650154382290e+00
3.400672785410749466e+00 2.001872041426587145e+00
3.477211169763860799e+00 2.044132635254928054e+00
3.440980356875175339e+00 1.961017654354249240e+00
3.393361345715825372e+00 1.934371490914019054e+00
3.652497130636195077e+00 2.356857532737149707e+00
3.473811598960104607e+00 2.044848940841935470e+00
3.340978487934445074e+00 1.769193996038218808e+00
3.477983087262521700e+00 2.084601738843765872e+00
3.528263796402316022e+00 2.011731076606141144e+00
3.451920480130153734e+00 2.010312374782838862e+00
3.399638027549360064e+00 2.019696764334444783e+00
3.147769956203532615e+00 1.747588420651430718e+00
3.317413386837816169e+00 1.879237178283471366e+00
3.269142915365488289e+00 1.788507558956529797e+00
3.418728966155422100e+00 1.999358938649834272e+00
3.302922483829268341e+00 1.851715550372244889e+00
3.362998955805854173e+00 1.866171260980454161e+00
3.515390042343827570e+00 2.084388163727611598e+00
3.264404155234262195e+00 1.882574331767459919e+00
3.360228510640360433e+00 1.865309737161514381e+00
3.354114868690365014e+00 1.900838529081019468e+00
3.272466031538830755e+00 1.886764149915620248e+00
3.402898465079889689e+00 1.893678930967344520e+00
3.322152735296757697e+00 1.917860254738488646e+00
3.513801895603086756e+00 2.078635542736113617e+00
3.454247679127067983e+00 2.050229305448539652e+00
3.378594472603681620e+00 1.894822709155798313e+00
3.361184285450797393e+00 1.936683221613902717e+00
3.470919867722118024e+00 1.985898076287074154e+00
3.325966055420973344e+00 1.833036288909175138e+00
3.164489199077111792e+00 1.786374871932796538e+00
3.355719078329978622e+00 1.932422874436364513e+00
3.717229029227671511e+00 2.369741066333451052e+00
3.345573719163859483e+00 1.779226894827016903e+00
3.512125392711262339e+00 2.131930032067486103e+00
3.353198343095751710e+00 1.936724925037761613e+00
3.261911170157303363e+00 1.778510988750987343e+00
3.418803357007304644e+00 2.020786574464242591e+00
3.378146613057217085e+00 2.012154377555107843e+00
3.371084315498539929e+00 1.907978662114398372e+00
3.370219657122319301e+00 1.893373386066729891e+00
3.349542667397637175e+00 1.874909902326515887e+00
3.426693782615996220e+00 1.965566007437808072e+00
3.431137073254594938e+00 1.912763842573444562e+00
3.355720135556246930e+00 1.942334808899844223e+00
3.450384168269134300e+00 1.978265844524742301e+00
3.307469125839493707e+00 2.039027415172779634e+00
3.305804288354097675e+00 1.881599043621933642e+00
3.338732137233320962e+00 1.930671312245961779e+00
3.490012744668794742e+00 2.077997611022737168e+00
3.335798451685037413e+00 2.004417070174766557e+00
3.363896612085057747e+00 1.993308023122996486e+00
3.391960812647131451e+00 2.039326571579440195e+00
3.266225616044174718e+00 1.802015618153761656e+00
3.326077883869345442e+00 1.863506235867785410e+00
3.408757175503145831e+00 2.035500701005044100e+00
3.362970931089341864e+00 1.877781333770201622e+00
3.228761720001495306e+00 1.754620964748724976e+00
3.455583128318142627e+00 2.034251104638539420e+00
3.219670447192550800e+00 1.757333448526848807e+00
3.566289669149403263e+00 2.172061900241291088e+00
3.345775517060556759e+00 1.881473644334002326e+00
3.324699163511424249e+00 1.791992594677821238e+00
3.632226470590341982e+00 2.210818370264274968e+00
3.291001176189130906e+00 1.929197476230216646e+00
3.415484368803298754e+00 1.998441839756934346e+00
3.425543631943699818e+00 2.109170208478269970e+00
3.245934635417955683e+00 1.837938329958682449e+00
3.413535939248478535e+00 1.982081186287780517e+00
3.353498398810955905e+00 1.872308461805028301e+00
3.487229446416119316e+00 1.980838226138667446e+00
3.238950948358177762e+00 1.866633167556790651e+00
3.331986411564269446e+00 1.911880269264931043e+00
3.402943578520200241e+00 1.910686840753444082e+00
3.388758039108593412e+00 1.904123037249566996e+00
3.368276246803066698e+00 1.960747137842082433e+00
3.527842936954189490e+00 2.040531331789945835e+00
3.437080568502290490e+00 1.925266998585544398e+00
3.387568367621654364e+00 1.967025829119944280e+00
3.357688708460954352e+00 1.869369199847512597e+00
3.295220594039764528e+00 1.967984964653933799e+00
3.373027376144925427e+00 1.908678441552770000e+00
3.715218463560364448e+00 2.496536844885044015e+00
3.322547860831723820e+00 1.893715984391818763e+00
3.516241706409960699e+00 2.107359953565904664e+00
3.294662996861683624e+00 1.959897939825334445e+00
3.459722847265345624e+00 2.015987778891495275e+00
3.406717818892130545e+00 1.962833933933632924e+00
3.440797128541321026e+00 1.975313332890970441e+00
3.337805209978496279e+00 2.016888784731151851e+00
3.419686333414779345e+00 2.037243911411521946e+00
3.393476053777116697e+00 1.927022793144101742e+00
3.452071978877528480e+00 1.895144978788233292e+00
3.463024807576565056e+00 1.972396499801781999e+00
3.172943639187885800e+00 1.737209476490547688e+00
3.165417146398659565e+00 1.733594158347830927e+00
3.254983496400667420e+00 1.852606877559337839e+00
3.516951020442269371e+00 2.026072118859237214e+00
3.537206792425779511e+00 2.107260855232583552e+00
3.386200397380636939e+00 1.958160142243344337e+00
3.406091789394995573e+00 1.905800917818809115e+00
3.459719006542043562e+00 2.000292676748116616e+00
3.507687074422308093e+00 2.013505926224971265e+00
3.256343517465170923e+00 1.761156327606481886e+00
3.310576187949616500e+00 1.928284562855072437e+00
3.362671260818261842e+00 1.902866128395659606e+00
3.308685128067417214e+00 1.826973276760014420e+00
3.501384982420613134e+00 2.084288017503750368e+00
3.143626581864431557e+00 1.589055825785800513e+00
3.392131287911914761e+00 2.044083651868787044e+00
3.206478477648624370e+00 1.684603970040556398e+00
3.280337423468373537e+00 1.763250885273578428e+00
3.303350731839306498e+00 1.817132175676965611e+00
3.416841925148936809e+00 1.973535979527599293e+00
3.328118976305059817e+00 1.911325808351787892e+00
3.400203789013132027e+00 1.906768651600850850e+00
3.352449486500451048e+00 1.887363550507601184e+00
3.312913290629888596e+00 1.839281247191722368e+00
3.383754020217896397e+00 1.859191428527490642e+00
3.353679203352180060e+00 1.835606344576921956e+00
3.423491977773670314e+00 1.995744745773252227e+00
3.541382417921815406e+00 2.034252137568108409e+00
