2.871373943957442609e+00 1.369430618391896504e+00
2.993356791385151539e+00 1.557629493915941410e+00
2.874316230400822292e+00 1.465424312795477579e+00
2.904782415755932323e+00 1.472092006792653951e+00
2.827487288399499921e+00 1.411287139819517256e+00
2.785531698061107342e+00 1.405081694365679423e+00
2.843694656620931127e+00 1.418057595076689381e+00
2.932271603507557334e+00 1.434974660831979332e+00
2.797530650651853801e+00 1.372602887123594240e+00
2.940459972687285539e+00 1.470918215477445390e+00
2.824966740495873818e+00 1.462644050548256081e+00
2.843770126186152325e+00 1.456423171125974969e+00
2.934153416473754383e+00 1.396891680721788376e+00
2.882037345530635175e+00 1.419184184561456341e+00
2.884403122429867850e+00 1.415485511544395836e+00
2.873730899443247111e+00 1.386389150184374142e+00
2.926715424057380055e+00 1.399675083930661756e+00
2.927756837901587694e+00 1.454052282896208803e+00
2.918310555664693329e+00 1.444372247256935582e+00
2.916503980583631250e+00 1.451928798184475511e+00
2.822082284566879373e+00 1.440491361910409163e+00
2.826324298217535169e+00 1.363886963163056354e+00
2.900919387563968943e+00 1.400374913715444869e+00
2.919162976606942461e+00 1.402891089753608211e+00
2.881222638251454971e+00 1.444888372357684414e+00
2.842444874564542090e+00 1.432795291753631073e+00
2.814945692724827975e+00 1.387461887723259846e+00
2.781206717205823686e+00 1.379038142466450179e+00
2.789723608965605894e+00 1.342537099061621220e+00
2.920172773562999868e+00 1.467588761753455096e+00
2.910533207503811948e+00 1.475154413774726114e+00
2.907712422420994258e+00 1.503079223814622223e+00
2.887314081302320812e+00 1.411185389871156159e+00
2.914785337312064240e+00 1.466102537930763949e+00
2.826284934546268612e+00 1.383144419327942076e+00
2.792485381559703495e+00 1.383484579026720507e+00
2.936256281326822482e+00 1.446228046886877561e+00
2.898375545426792321e+00 1.454162849082489606e+00
2.766872833999475478e+00 1.323401756359678272e+00
2.903732624524903105e+00 1.412999597807840679e+00
2.919052743257778637e+00 1.393715522881485702e+00
2.794271100529589269e+00 1.394369060557077766e+00
2.836879609360584809e+00 1.407924025896996501e+00
2.916479107263383330e+00 1.437855290144370635e+00
2.857260060115412781e+00 1.392392441032574091e+00
2.819281503746396744e+00 1.380514469186562065e+00
2.816458495293009179e+00 1.414588308090116486e+00
2.899848202026774402e+00 1.379345356297126957e+00
2.881116680207440606e+00 1.441877835956306475e+00
2.775606569318044947e+00 1.366357089889157717e+00
2.889320762530396713e+00 1.468833781698965169e+00
2.779846173763554251e+00 1.405637187516080688e+00
2.848636327101417454e+00 1.420334464033884414e+00
2.904124979505345649e+00 1.489558253369566154e+00
2.828774741518724323e+00 1.389080172094686816e+00
2.923471576679067319e+00 1.413518943766477465e+00
2.824473852379354444e+00 1.435341510637947016e+00
2.846783227997004229e+00 1.379664350324419253e+00
2.832649533650163587e+00 1.415843798266504860e+00
2.827229056401695750e+00 1.392062884343572726e+00
2.933908080945998087e+00 1.500486572864330181e+00
2.741800885851323866e+00 1.350620340485008786e+00
2.939966143251996566e+00 1.466366243379016776e+00
2.901981702300314492e+00 1.467490083857666106e+00
2.933260584927490200e+00 1.483327662282046377e+00
2.978385081499218323e+00 1.540256421288806132e+00
2.840812658990706119e+00 1.380244959895781331e+00
2.823225081949178872e+00 1.376624926006297267e+00
2.765129063682041366e+00 1.336209450612340754e+00
2.928361215098925108e+00 1.435097515579167649e+00
2.946102833154034872e+00 1.482009046081713688e+00
2.869955357827797204e+00 1.418004257834248882e+00
2.908143976684192111e+00 1.472299343569257513e+00
2.922641179224838570e+00 1.479088581088282561e+00
2.907134065243869969e+00 1.412299622227399132e+00
2.823954304278969651e+00 1.437241429350236022e+00
2.843969501101772934e+00 1.417924479622391543e+00
2.936512595894035460e+00 1.448899206615968493e+00
2.826538161511323644e+00 1.414534282019827449e+00
2.863601866139962926e+00 1.487934452956245268e+00
3.026950354030216950e+00 1.498440615894099270e+00
2.871587326706068755e+00 1.468482859401746499e+00
2.857602633631112443e+00 1.375079755479569954e+00
2.854085863438885706e+00 1.430350875437709668e+00
2.842125504216482135e+00 1.382246337632691890e+00
2.964321569199364514e+00 1.497413198969698378e+00
2.876047609386002346e+00 1.427752582576520490e+00
2.848017676446955804e+00 1.529927121205207241e+00
2.924306931823230205e+00 1.398301510781844392e+00
2.869557976372896224e+00 1.387400290851628304e+00
2.952326070750420861e+00 1.479321834679385272e+00
2.948587533100200719e+00 1.445747209138821043e+00
2.834491187859846217e+00 1.458985930012225207e+00
2.871532836649735021e+00 1.393373114374268251e+00
2.913952060517683851e+00 1.446005042256238271e+00
2.885371380325397528e+00 1.468514215868964135e+00
2.892280060187822244e+00 1.465934310464126478e+00
2.855149029368105218e+00 1.403122798871971666e+00
2.927222595196379284e+00 1.407041134687071482e+00
2.932156762879917444e+00 1.482948342851423851e+00
2.897688672014667066e+00 1.453435500589949525e+00
2.938133248358651528e+00 1.513008154781654735e+00
2.917811131326822682e+00 1.491506185528528539e+00
2.737785471688480854e+00 1.374304200850666291e+00
2.831825394968133569e+00 1.363725694819109657e+00
2.892918925139013719e+00 1.402794707923803674e+00
2.749193075210657700e+00 1.313265104514517168e+00
2.848281783607080175e+00 1.390277263103815386e+00
2.873361902232471454e+00 1.334065362235945074e+00
2.818221088164357457e+00 1.376946245534294011e+00
2.905128290592975393e+00 1.508511339400706142e+00
2.913944134641150541e+00 1.406988652067898915e+00
2.872463405366510347e+00 1.404206237688898407e+00
2.830606313282048259e+00 1.411801161578638553e+00
2.852905783395585093e+00 1.347072633669814890e+00
2.906019359037402161e+00 1.431946043369434873e+00
2.849133928740419375e+00 1.396399236999542826e+00
2.809387404774274177e+00 1.337187008053709159e+00
2.876446997170813979e+00 1.434873335425447705e+00
2.794975166227960273e+00 1.371239276170698185e+00
2.903887662339720066e+00 1.427421792738300388e+00
2.868839647366063339e+00 1.449271783403174529e+00
2.857530627760398012e+00 1.425041992400120527e+00
2.817481137807013702e+00 1.401763629993107996e+00
2.861174048070366460e+00 1.391861934045341753e+00
2.829221653850924501e+00 1.403264883044186062e+00
2.938401595537440958e+00 1.393377802496088780e+00
2.809173793400472796e+00 1.419709079751483083e+00
2.842606828003074071e+00 1.397951811515312670e+00
2.941244894725320691e+00 1.438168651392403019e+00
2.828454212639686993e+00 1.411419587516193452e+00
2.868062741840650798e+00 1.449119118944394602e+00
2.835514877647877796e+00 1.375081843918192215e+00
2.800794767844541067e+00 1.323106868589428498e+00
2.794540395494061080e+00 1.349125373871477906e+00
2.884504263785343081e+00 1.399610150479371651e+00
2.902081749558523160e+00 1.406446280070362986e+00
2.798802210582907346e+00 1.381730352933047357e+00
2.903887575347823269e+00 1.407998976962683502e+00
2.820062878132709727e+00 1.378003048765553684e+00
2.798395433406500654e+00 1.374830866366425930e+00
2.887772636751192668e+00 1.451200953902190838e+00
2.849088941711356071e+00 1.435159509380320220e+00
2.932897172213912107e+00 1.429974784071849081e+00
2.750839645977040337e+00 1.352546393707413808e+00
2.880356102570828636e+00 1.427700044537613122e+00
2.838412497176250326e+00 1.440451218011957080e+00
2.848881332027394464e+00 1.406649519820112548e+00
2.945879389882537502e+00 1.450163708833059228e+00
2.845321043673417982e+00 1.356854159234160750e+00
2.897487889414980700e+00 1.441342441078041992e+00
2.821293596546693649e+00 1.438576452914915205e+00
2.874567005943979403e+00 1.449101281231346849e+00
3.003219321610506753e+00 1.556469722548222911e+00
2.976020590794699494e+00 1.471957253139458688e+00
2.928525132705715350e+00 1.466670490835982221e+00
3.017294855734952375e+00 1.610486121878412114e+00
2.860106698825295446e+00 1.464343743496170358e+00
2.932783262849698147e+00 1.479466270531486494e+00
2.932911783030480724e+00 1.418072450906939785e+00
2.796710959392078255e+00 1.434373127429145578e+00
2.895480477614355230e+00 1.420910552798293036e+00
2.854658966846062018e+00 1.439293409936773793e+00
2.850024271120448205e+00 1.441659474101861127e+00
2.863690019112124396e+00 1.393667001142774975e+00
2.922187876510462967e+00 1.420187605005430731e+00
2.860575777923257679e+00 1.423347597252193175e+00
2.850781137519707187e+00 1.417232420906947787e+00
2.765332293327041224e+00 1.337757146979022149e+00
2.890171906733491891e+00 1.460635378514222538e+00
2.852589726796966207e+00 1.389111775012613181e+00
2.807140952624260777e+00 1.429744496179493396e+00
2.933923192361022281e+00 1.464440881881375223e+00
2.948546744258100816e+00 1.497551606270052682e+00
2.885536809281164849e+00 1.433059233736752924e+00
2.779658254966011821e+00 1.369060012681099670e+00
2.783296008526583432e+00 1.323190106280736966e+00
2.739369800650248710e+00 1.363648753176618822e+00
2.871792410925167349e+00 1.358474404447979511e+00
2.915644488545009239e+00 1.566512414176084445e+00
2.924903205993859334e+00 1.436801356032479049e+00
2.951246357916217811e+00 1.476736298721689433e+00
2.809212691953676178e+00 1.353705016051224064e+00
2.867655885955226580e+00 1.373390697725980880e+00
2.792751511170503242e+00 1.345589487189285283e+00
2.981037853600812859e+00 1.421421776527573844e+00
2.865432028151957411e+00 1.423412207068509794e+00
2.808091544197187428e+00 1.398671882364400876e+00
2.906092296182364088e+00 1.457189770125780326e+00
2.863912356651995506e+00 1.464117802513024591e+00
2.929204262001498638e+00 1.450157743602233040e+00
2.748118221455270405e+00 1.326304858735194658e+00
2.890809826787897219e+00 1.487375403171612209e+00
2.813126573195936064e+00 1.434963238617122050e+00
2.948900215507234801e+00 1.438895859998598370e+00
2.972873935377271959e+00 1.480516882251136312e+00
2.869902656395921348e+00 1.396548550294993474e+00
2.814354783132526627e+00 1.383880987090537529e+00
2.871847068247308066e+00 1.474121852787981801e+00
2.903666094695879440e+00 1.385382221109626721e+00
2.855719938914087486e+00 1.361013303048029366e+00
2.861761220488030055e+00 1.426951660638255515e+00
2.782598996355555077e+00 1.401096282495231993e+00
2.916822181057418639e+00 1.505497229012682681e+00
2.898987262453415426e+00 1.439822942063817113e+00
2.853743566431624412e+00 1.431077369685930023e+00
2.902985514476237316e+00 1.484250424524092837e+00
2.880765859611259749e+00 1.422186286472449712e+00
2.925992568427851381e+00 1.419970612865830262e+00
2.883104771380771147e+00 1.419933239052864948e+00
2.784911239820002216e+00 1.402947313146901465e+00
2.837405102493389286e+00 1.446354485489080632e+00
2.926672684538500047e+00 1.435112412157017792e+00
2.940849924344313138e+00 1.427562522311405457e+00
2.839488263464793771e+00 1.393013830356393701e+00
2.866048881482313071e+00 1.347006394494210557e+00
2.857505394781802988e+00 1.408796268276944819e+00
2.847221325291231508e+00 1.425889454896459352e+00
2.966193287841191850e+00 1.500490244884075342e+00
2.824548880317104160e+00 1.338195884170461536e+00
2.954819281261007013e+00 1.419401304461601843e+00
2.873870373390116306e+00 1.476250701046494029e+00
2.824673328838552155e+00 1.338412581663066536e+00
2.920432710573567903e+00 1.423182765485948353e+00
2.821002905880280132e+00 1.399656261338277030e+00
2.832936330330628749e+00 1.430023986605576614e+00
2.833585686941171300e+00 1.416126045738563377e+00
2.887528174294739181e+00 1.471104650476816600e+00
2.917321782308265554e+00 1.463501888132426210e+00
2.950431220434158952e+00 1.524695317069361122e+00
2.860376743190045090e+00 1.442187252857462632e+00
2.932167145658824747e+00 1.505371172032228033e+00
2.928493423181556921e+00 1.434419702120407925e+00
2.883719179884333794e+00 1.428312609325865568e+00
2.904745585487412463e+00 1.433131366681034358e+00
2.868436170382158590e+00 1.432834158314601591e+00
2.837991300367200598e+00 1.364839783218255054e+00
2.862618572867965838e+00 1.450720738640694396e+00
2.876168119290808178e+00 1.433399807139357884e+00
2.802226341129759213e+00 1.401908434998894393e+00
2.851251958366769479e+00 1.368898965007253610e+00
2.880761910438470519e+00 1.423037379531230773e+00
2.819778146511542793e+00 1.405272392901551592e+00
2.841018692483475494e+00 1.353317373047743244e+00
2.872055220030365952e+00 1.422955926453674858e+00
2.976356859527810261e+00 1.462037331290171993e+00
2.833798307613052625e+00 1.399416690530468133e+00
2.811516866588105845e+00 1.400267642047724470e+00
2.796341524018626679e+00 1.341990898723004477e+00
2.828769671086130533e+00 1.416968228718110012e+00
3.085952468768557999e+00 1.628134616309830029e+00
2.906726444675997723e+00 1.420611532491605544e+00
2.872302010373299019e+00 1.394436158463851605e+00
2.920823449118286064e+00 1.459608544146519860e+00
2.826847938249652081e+00 1.414424472670931632e+00
2.755712649051010210e+00 1.427851206699183084e+00
2.940659629979510914e+00 1.506456855577774423e+00
2.799642543591532196e+00 1.398738383355536463e+00
2.932407121574049480e+00 1.493074599745489950e+00
2.868211593057223396e+00 1.412340010886902641e+00
3.129370391458211387e+00 1.656430712615068579e+00
2.824117589551893293e+00 1.355204754204991202e+00
2.813449439633388227e+00 1.386736841130131292e+00
2.850968310070420397e+00 1.427877517908198834e+00
2.908192227306416466e+00 1.521272389508218303e+00
2.914092397115423783e+00 1.362042488123605288e+00
2.790143953728547732e+00 1.411111726304167702e+00
2.875080354594378385e+00 1.406191402804602086e+00
2.923704162260429396e+00 1.583443895008573632e+00
2.876967613437694471e+00 1.400893292450467786e+00
2.796806073013776928e+00 1.409821011955662229e+00
2.883496141613435260e+00 1.453163154682891811e+00
2.833537033846846853e+00 1.362441630883527433e+00
2.939867414598912543e+00 1.515653459787724922e+00
2.907116601654186727e+00 1.455429184207864379e+00
2.883416889022504925e+00 1.422888214242195692e+00
2.856664604946744568e+00 1.448472336000864225e+00
2.925960154578470807e+00 1.433666503390673919e+00
2.809380213217979261e+00 1.427028075110669869e+00
2.873458282790850138e+00 1.377181986433646088e+00
2.942562123105300298e+00 1.460587129585509736e+00
2.934284526782215075e+00 1.470330116563961287e+00
2.808175934117767003e+00 1.381886844564750083e+00
2.915558473413492724e+00 1.374227018709208714e+00
2.898259238595557896e+00 1.435813529011945366e+00
2.957476753470632769e+00 1.459212187846784969e+00
2.843578961507467362e+00 1.370588153921815655e+00
2.910624485415114204e+00 1.469158237830133107e+00
2.946877998761608275e+00 1.421002859259821838e+00
2.929688504137772043e+00 1.442326449974519642e+00
2.914605119422802648e+00 1.404946148724603328e+00
2.936920953026747494e+00 1.470110509626218143e+00
2.891078326357023887e+00 1.438002957877993815e+00
2.796418667759339449e+00 1.442731075726236156e+00
2.871797416253691893e+00 1.441974155073893149e+00
2.843623021185093247e+00 1.466456678688647042e+00
2.823946516732134260e+00 1.391243305817108755e+00
2.853966265091472110e+00 1.479574344617310189e+00
2.812452594844161435e+00 1.384484197914669146e+00
2.819855112147592102e+00 1.396475304219050306e+00
2.883657548722212471e+00 1.450950814653213961e+00
2.917020210490302023e+00 1.436143992164874872e+00
2.826786543340706892e+00 1.400004016751964064e+00
2.865345520871428242e+00 1.432559197607029766e+00
2.924167180143718348e+00 1.403552797367135119e+00
2.952226528579319442e+00 1.467964658157673519e+00
2.886043471014248407e+00 1.419724741567393478e+00
2.880845530793547660e+00 1.397446615201574316e+00
2.879797938571990290e+00 1.446082593242221437e+00
2.923882138621948013e+00 1.412739327546199242e+00
3.002152425522061296e+00 1.503123184077320040e+00
2.826356156169762990e+00 1.415283027059984544e+00
2.908437266257625442e+00 1.418149461565971103e+00
2.856180738373957251e+00 1.495176904382264471e+00
2.895231350822683236e+00 1.446873896973174700e+00
2.857182366067451795e+00 1.435954449374498898e+00
2.869244694061364509e+00 1.457744910909293479e+00
2.945856261816731880e+00 1.427916434549719504e+00
2.866599899832385834e+00 1.421952840909875615e+00
2.820578726727282159e+00 1.378060920265679945e+00
2.884147496926661614e+00 1.454679559431627300e+00
2.926363463579250368e+00 1.445768699829075299e+00
2.846847415148990201e+00 1.485406884136653671e+00
2.938655995972993207e+00 1.521471987159919381e+00
2.931954562931164965e+00 1.498045363590877255e+00
2.843460592341410909e+00 1.383805700705164510e+00
2.910450381173652623e+00 1.372557145479281537e+00
2.876514032537599963e+00 1.428085141892986520e+00
2.833459960391008003e+00 1.388337875235482910e+00
2.827507702395014366e+00 1.378606903532840544e+00
2.831218938651178796e+00 1.312391283892665905e+00
2.923771868499398963e+00 1.404008333551750809e+00
2.959860188231650202e+00 1.495608025158211563e+00
2.912708518195713747e+00 1.394430725376064384e+00
2.823508226623924866e+00 1.343046607434215556e+00
2.726004955635304317e+00 1.340250820232268048e+00
2.906959456504825123e+00 1.464694720099798619e+00
2.824221155292698793e+00 1.326331683943779316e+00
2.900356649653987429e+00 1.413238585306430872e+00
2.837590816491391887e+00 1.396441804332123837e+00
2.853562917085380235e+00 1.354304955927612353e+00
2.880177962119002899e+00 1.471086702152795134e+00
2.873338858666909967e+00 1.441815508092199272e+00
2.909299086668530876e+00 1.431451034079855633e+00
3.010754198094908851e+00 1.503579154325741296e+00
2.885486322522296643e+00 1.408212131431236802e+00
3.130266352404702523e+00 1.594566254313258158e+00
2.971807774851773054e+00 1.500060314394196403e+00
2.840594914032694707e+00 1.369867698845427695e+00
2.831953140279638514e+00 1.395139775054343056e+00
2.874638552868269414e+00 1.411626144728552967e+00
2.866281714279834691e+00 1.415407374817680086e+00
2.889662700899528591e+00 1.508923400611710708e+00
2.774140750162346070e+00 1.427637872003306496e+00
2.827002407473303780e+00 1.422743440101291501e+00
2.831280974512941473e+00 1.378321635664431000e+00
2.909428927976906554e+00 1.425911506488287017e+00
2.973089716847254760e+00 1.470008802933764125e+00
2.888771260314197065e+00 1.395222608286115440e+00
2.911502315321974343e+00 1.414679398673617916e+00
2.832126329721861513e+00 1.443377512056520873e+00
2.928349521144933743e+00 1.450776013378555884e+00
2.844153187620923617e+00 1.402927658578278169e+00
2.838918862352187045e+00 1.407295247902840218e+00
2.881545661751747200e+00 1.464314105964621637e+00
2.918471285988210262e+00 1.419160331063370917e+00
2.891968153074703451e+00 1.396975003201466281e+00
2.847856063282284467e+00 1.409152584173932743e+00
2.848322375880782964e+00 1.467750490098604477e+00
2.886537367504179663e+00 1.431306568213261965e+00
2.940388536793988816e+00 1.445444604401097122e+00
2.899044991084086309e+00 1.423394614333113095e+00
2.813525455827448507e+00 1.367324459088880673e+00
2.854141906280453167e+00 1.413893827246919921e+00
2.938066654999233585e+00 1.477468271652242482e+00
2.935245225741403896e+00 1.462287842211825506e+00
2.947362823808227006e+00 1.431539458414111898e+00
2.888888579985622318e+00 1.413057785847737557e+00
2.801167287236992376e+00 1.369841565384718463e+00
2.834419214767189832e+00 1.301750959788696482e+00
2.880033259828629788e+00 1.432474912813433754e+00
2.900749767601769502e+00 1.455783456210582694e+00
2.941580553827507050e+00 1.504395283318048726e+00
2.995995537382236229e+00 1.532797260318500276e+00
2.829932016485749102e+00 1.327019795663813673e+00
2.877616623167213561e+00 1.458351408263128368e+00
2.863701974907973291e+00 1.431245040621471620e+00
2.835681357892572141e+00 1.418710112292979275e+00
2.853100780175258144e+00 1.405762328569383657e+00
2.853439210057087116e+00 1.443812718328404188e+00
2.893832115585444953e+00 1.444832435475856824e+00
2.847242892510033929e+00 1.396674310922997320e+00
2.893688288712175538e+00 1.456942823354967942e+00
2.896707302540371121e+00 1.467279102769009302e+00
2.759251264513882251e+00 1.323423482312644728e+00
2.978395255664241681e+00 1.468995823799202016e+00
2.900142173274039337e+00 1.493138009955663703e+00
2.901614733730344398e+00 1.413894479590566133e+00
2.838920793562186518e+00 1.389385062944926474e+00
2.845969143343493268e+00 1.404132253734899249e+00
2.900902620537791243e+00 1.448243193324226130e+00
2.910861461505114267e+00 1.427612236095758602e+00
2.784434301430090297e+00 1.408922545812398175e+00
2.866834666635888595e+00 1.462789167569753745e+00
3.007056740969490605e+00 1.598726410725984870e+00
2.935956286404617366e+00 1.428116457487720758e+00
2.910699050011809064e+00 1.410112823709987140e+00
2.802322901898425922e+00 1.394086542302034770e+00
2.995120199655278093e+00 1.443941253417281967e+00
2.834603962830935853e+00 1.406241375286640061e+00
2.960835022123266214e+00 1.420490308494058995e+00
2.878834343048777722e+00 1.443516184780446743e+00
2.891546799483546870e+00 1.404051382209039689e+00
2.898488082091642770e+00 1.438228754019842848e+00
2.856147651529330478e+00 1.393606527398513650e+00
2.892708979848263695e+00 1.428431927682140445e+00
2.923858375307323509e+00 1.482077070604940872e+00
2.819938338413654044e+00 1.405981510342427798e+00
2.842468160515020603e+00 1.512860940648739883e+00
2.809475765140249326e+00 1.397498361781566611e+00
2.899665021584484581e+00 1.419322226690886035e+00
2.926784948353200910e+00 1.477566199417679194e+00
2.821583913480624872e+00 1.368023057580198598e+00
2.847389546276728911e+00 1.433501079915320053e+00
2.858104265913324227e+00 1.404585654629959102e+00
2.940116539174195687e+00 1.458106475854709538e+00
2.830418886127978428e+00 1.440465149924138322e+00
2.830572019572995313e+00 1.373638604710015310e+00
2.864469039776686543e+00 1.390552532832825650e+00
2.840547251921908156e+00 1.401264282524351756e+00
2.931310648331218349e+00 1.422952793879702860e+00
2.884734195109294852e+00 1.368007286116981636e+00
2.861872558824270385e+00 1.512087135604249344e+00
2.769427704180399630e+00 1.394716830193718060e+00
2.822329598447109955e+00 1.418878520554177625e+00
2.911944038120540146e+00 1.428958239568198119e+00
2.949629631896643733e+00 1.438195829258722247e+00
2.801060655744346928e+00 1.342292731716089760e+00
2.993873369660630779e+00 1.510631378369279076e+00
2.875224269487492545e+00 1.444846818548054745e+00
2.800795416098690094e+00 1.388802258909269449e+00
2.882864588154823604e+00 1.369434818624821748e+00
2.892950595593875907e+00 1.389880866179235452e+00
2.877672861848871833e+00 1.418236647250977978e+00
2.933220154709549998e+00 1.445442977185580791e+00
2.843271733282620062e+00 1.424151785918636337e+00
2.855435920106695669e+00 1.414418921852367284e+00
3.023102408290190724e+00 1.475827976091850902e+00
2.873967197698274578e+00 1.446463095843618429e+00
2.905621867761014609e+00 1.456533480788542390e+00
2.871757264418339783e+00 1.483509186429905258e+00
2.878481807766854583e+00 1.417840315201347456e+00
2.878496663982969217e+00 1.423043989173461643e+00
2.892409272352091776e+00 1.409576404074755374e+00
2.892815820953400507e+00 1.442031032238286548e+00
2.875880036706609744e+00 1.364169416377274624e+00
2.811653946175645125e+00 1.363736127837544387e+00
2.870316020287449366e+00 1.482272231494736747e+00
2.864061874560538179e+00 1.379016417099682146e+00
2.829757703979174366e+00 1.456729989642331802e+00
2.831899822704041725e+00 1.484526431258200274e+00
2.836073262458862931e+00 1.456518500618971368e+00
2.826307088136724488e+00 1.367317105840567759e+00
2.920660855685202062e+00 1.488270608145402907e+00
2.838978856797435224e+00 1.381220840153205565e+00
2.855238287465612590e+00 1.426784858194777073e+00
2.883790309242368899e+00 1.440329187597246596e+00
2.897507160251412195e+00 1.396818066482202747e+00
2.813909795077360609e+00 1.333225819409682655e+00
2.902139935712316099e+00 1.428387086179773613e+00
2.963028917565075915e+00 1.454941422418361441e+00
2.910433933226018954e+00 1.450432459607531754e+00
2.843500542631306249e+00 1.434736560835073060e+00
2.882665856800593396e+00 1.429804106416825871e+00
2.943341600073171360e+00 1.475364670826432079e+00
2.878905384625461306e+00 1.454271969193688951e+00
2.875521477118761382e+00 1.425049411001361177e+00
2.901794956536234871e+00 1.443087027596662519e+00
2.796382233587369814e+00 1.410673963758544147e+00
2.779151040609207257e+00 1.320290650092489138e+00
2.823886670224364792e+00 1.415596711658362761e+00
2.868310320650449441e+00 1.464317272676562975e+00
2.831073707950607421e+00 1.341499384345320012e+00
2.876503328388080316e+00 1.380494550656339747e+00
2.935253042604289764e+00 1.474399027988243516e+00
2.962546266290020380e+00 1.435680011901288466e+00
2.935588626936039613e+00 1.525508110243195992e+00
2.787708827864246341e+00 1.290833195841176950e+00
2.807196926895490829e+00 1.348190649937424990e+00
2.765564377626601456e+00 1.441800287658949520e+00
2.831336245474437963e+00 1.392367343441308858e+00
2.857520609308342951e+00 1.405708555059155263e+00
2.898030979206334568e+00 1.397091266477115123e+00
2.887661535935140300e+00 1.425783687793834575e+00
2.923644535319534832e+00 1.526700160958086139e+00
2.882554342550623261e+00 1.383223594688465896e+00
2.846313335275748813e+00 1.388950497718384192e+00
3.000955259488039761e+00 1.452231582518387576e+00
2.870603343849047473e+00 1.398937318401315855e+00
2.904100228807080519e+00 1.461175295499994586e+00
2.784040870824526337e+00 1.347138221371351863e+00
2.797811296905707401e+00 1.409731052463180978e+00
2.891277435331193413e+00 1.491024967826259484e+00
2.796058119169768652e+00 1.372862036845247991e+00
2.925723444509401361e+00 1.485716766277518808e+00
2.740886757464873646e+00 1.361436125433613364e+00
2.826539407785974678e+00 1.421781856025168267e+00
2.867542344235717078e+00 1.466330907476205647e+00
2.878713177943280854e+00 1.474547497133719798e+00
3.055978955451901236e+00 1.475864169306756457e+00
2.935692806862458593e+00 1.479148835710770937e+00
2.857100537563708631e+00 1.470752760328345454e+00
2.854812399158092262e+00 1.428369718350024797e+00
2.992030726964394205e+00 1.561124318558527957e+00
2.954663946128656349e+00 1.413140026223913992e+00
2.808868272976681180e+00 1.377225403929511316e+00
2.782267298485724183e+00 1.306553851878463179e+00
2.869735984582365784e+00 1.407034613353066677e+00
2.867034418582305122e+00 1.464689585511847136e+00
2.949111461886239738e+00 1.468704821495938395e+00
2.958173090233716440e+00 1.463233222165783554e+00
2.881153505103251078e+00 1.416883669524144906e+00
2.954489576112561355e+00 1.470634634902910243e+00
2.892604615927546696e+00 1.526339859144637989e+00
2.719281014029526045e+00 1.313301272098262196e+00
2.837763837517283338e+00 1.370977994950193457e+00
2.963295372793567140e+00 1.521965276410446766e+00
2.947277938119543972e+00 1.438754429751837982e+00
2.838561249638294370e+00 1.480005975092739234e+00
2.906053727068812265e+00 1.410075929789202709e+00
2.802042328985823172e+00 1.369639357698181792e+00
2.809854329033437459e+00 1.360812105120254412e+00
2.846510657356533525e+00 1.444926742811653897e+00
2.991715139467320927e+00 1.438564614076346393e+00
2.824517339548971329e+00 1.391527968950921235e+00
2.894020986636482107e+00 1.457832182940236976e+00
2.857280316694563282e+00 1.399404512167830905e+00
2.906450274230832687e+00 1.454767408631125747e+00
2.919203395358235031e+00 1.472456897954299571e+00
2.912519868094104680e+00 1.461445121339870035e+00
2.830615153635037462e+00 1.342452278473889260e+00
3.468481081379310549e+00 1.944184285856807248e+00
2.910781342761544543e+00 1.492233761439864415e+00
2.871649982875790652e+00 1.385592710332264499e+00
3.024555117167803786e+00 1.502790239920396509e+00
2.840408836671554749e+00 1.403379798855179938e+00
2.832836327058711579e+00 1.409219090404064678e+00
2.913787900401132003e+00 1.436804937102034829e+00
2.933193382792104398e+00 1.441803121504437790e+00
2.896936840936483737e+00 1.447272867160315890e+00
2.909392267965922763e+00 1.455257539621874097e+00
2.865841091000393970e+00 1.401086355772489300e+00
2.888845633416240233e+00 1.415710105721192269e+00
2.852604596702991380e+00 1.336035093424555953e+00
2.904475914398587655e+00 1.467625075244263444e+00
2.974232444922709107e+00 1.532084516985732003e+00
2.962164312313510628e+00 1.444995838047653303e+00
2.825969141307964616e+00 1.451530209044614939e+00
2.927537597141921744e+00 1.421843650560844941e+00
2.878539374367174553e+00 1.389857382505540251e+00
2.858017073505446426e+00 1.417276478398009631e+00
2.840226044226559221e+00 1.414515565208770420e+00
2.860352143821929261e+00 1.479492551312947324e+00
2.951223506828867915e+00 1.502337020779774379e+00
2.852853403216273787e+00 1.398995713194665091e+00
2.725962041227351751e+00 1.302456503719176428e+00
2.860508889376975450e+00 1.352217214556877378e+00
2.822828386757982866e+00 1.368593832735064630e+00
2.815505007932900483e+00 1.299441721422038620e+00
2.872543200887791137e+00 1.409610836412243273e+00
2.864147498490452914e+00 1.412131935649511671e+00
2.875983832036745014e+00 1.436871638998050038e+00
2.922180418810827351e+00 1.473547263514165540e+00
2.901758846885841070e+00 1.417671597728382249e+00
2.891230228671413993e+00 1.519625404242846978e+00
2.808212392933127965e+00 1.382358901921307615e+00
2.867614867871803419e+00 1.447131197846813766e+00
2.861627706235752466e+00 1.387735476442346405e+00
2.961369957728248625e+00 1.527995311454918292e+00
2.793718787578729046e+00 1.397084580401826814e+00
2.958215764112800628e+00 1.446728260824111212e+00
2.865439152199098061e+00 1.353531437582853103e+00
2.914654171153309381e+00 1.477895435990961293e+00
2.808805981012983288e+00 1.428843544011713984e+00
2.857598354621398329e+00 1.414571760666171185e+00
2.954211471722373084e+00 1.439281434635073076e+00
2.843107510395603832e+00 1.348211247464225382e+00
2.908050185925812325e+00 1.471433829122538395e+00
2.851006134935880176e+00 1.388582896160281521e+00
2.882539678775042802e+00 1.392463252606037871e+00
2.883669581147932259e+00 1.401625301475151408e+00
2.831038506942005650e+00 1.441453834956748281e+00
2.917775262919428680e+00 1.484184534366393304e+00
2.879238350243951139e+00 1.412198164199264028e+00
3.244832600624092844e+00 1.744912998346103361e+00
2.910377685087833122e+00 1.373924175006089321e+00
2.872028659725356370e+00 1.429618639812652470e+00
2.863452181836004140e+00 1.451242485761981005e+00
2.744957722085448193e+00 1.296385687897269268e+00
2.865818983234849071e+00 1.443212423889485896e+00
2.850124374515684345e+00 1.398674754651641150e+00
2.902563828077840302e+00 1.428742422032020842e+00
2.828781453153850212e+00 1.355071041762102135e+00
2.814203887260801729e+00 1.316055105799245561e+00
2.845738566689830495e+00 1.383982753801224819e+00
2.850297354366785108e+00 1.330948402191542979e+00
2.980131347283074827e+00 1.434469221312900222e+00
2.924372766022335313e+00 1.457622390302138804e+00
2.790803898615523693e+00 1.426601163564052088e+00
2.900446725445316787e+00 1.472624540433072005e+00
2.896198286519867882e+00 1.448075990282021053e+00
2.909261680664899874e+00 1.418598902410290519e+00
2.814175591365085882e+00 1.425729810762328187e+00
2.849138180646213492e+00 1.463219206962163899e+00
2.857273938471355468e+00 1.364139309538202616e+00
2.924325877046054067e+00 1.531279995142917905e+00
2.817526625656154859e+00 1.414742282442331467e+00
2.864195062559282690e+00 1.460358195946563908e+00
2.999326522066473544e+00 1.483858809925601596e+00
2.849783916095584679e+00 1.453653167853202310e+00
2.791975770475439322e+00 1.395661508127691075e+00
2.721093243486571112e+00 1.340730243831698587e+00
2.808408107573556745e+00 1.410559338005328289e+00
2.833415544150608589e+00 1.432743525107136984e+00
2.919700188923248785e+00 1.401388363712043450e+00
2.831157442482426845e+00 1.331054994297808269e+00
2.936396520968004964e+00 1.463044736484218955e+00
2.924324354046086594e+00 1.483005607428859562e+00
2.770696148983465168e+00 1.363775255168170997e+00
2.863192512192936690e+00 1.431488920630461736e+00
2.812175705119063007e+00 1.391544883462708215e+00
2.861206938799779387e+00 1.408454496223126018e+00
2.870743208562184456e+00 1.410509577910664003e+00
2.831489328879883693e+00 1.425765013860185615e+00
2.953299156324186825e+00 1.467372258258483164e+00
2.919312280749799537e+00 1.432069832507770091e+00
2.847842533901915107e+00 1.406643225492378857e+00
2.877990992148507843e+00 1.416552470091746674e+00
2.812961322116639185e+00 1.446529746630294655e+00
2.813412426013186529e+00 1.439630342058769052e+00
2.884149858688793255e+00 1.397075840017726112e+00
2.855861655054170445e+00 1.392611682037107057e+00
2.824259580585398943e+00 1.359568072637129532e+00
2.891435048127901641e+00 1.427861709053635408e+00
2.818465106787837904e+00 1.372770141173292657e+00
2.883797443593335785e+00 1.414101963580593369e+00
2.784957260251629485e+00 1.399312413102097530e+00
2.946850776560692164e+00 1.464921273487148845e+00
2.907829106649919115e+00 1.416874127794734317e+00
2.891825749818904168e+00 1.410142162595379833e+00
2.840284281205258221e+00 1.372453397154955512e+00
2.832503102438515885e+00 1.374931170753529663e+00
2.877349607442229118e+00 1.412755527020079782e+00
2.960067548224380118e+00 1.505145529149296335e+00
2.908557892394147082e+00 1.436008187498283739e+00
2.912510839651810901e+00 1.456411541608749083e+00
2.894341781598038121e+00 1.382736509731880670e+00
2.905702839072393573e+00 1.410935687089050372e+00
2.873752720321072651e+00 1.351748456746240334e+00
2.732779172120846756e+00 1.302437973384643177e+00
2.781639176664896240e+00 1.383331531799981251e+00
2.945378347813766062e+00 1.440771231319109891e+00
2.850464214946719643e+00 1.405526232631439942e+00
2.872568548987770587e+00 1.415938864290803512e+00
2.788120645145684584e+00 1.403290369804245374e+00
2.945791769229431534e+00 1.453097489007803444e+00
2.991945763244316492e+00 1.467381215225089575e+00
2.895360978268386010e+00 1.435647936000721048e+00
2.894295104753109360e+00 1.464616277596537230e+00
2.930578842624961045e+00 1.461198285938270169e+00
2.894976135065379097e+00 1.412231026357054775e+00
2.827102313899934494e+00 1.335124791345536632e+00
2.881979705115114143e+00 1.452142214784514662e+00
2.902090497764836297e+00 1.429294003975357663e+00
2.805326176220552803e+00 1.348723676112998593e+00
2.898265718992053319e+00 1.450842833514361940e+00
2.893526467182128581e+00 1.510283432268228587e+00
2.963254682093516390e+00 1.516296775074857051e+00
2.919281250634571112e+00 1.427563260470459783e+00
2.850144599718008376e+00 1.350500408709327083e+00
2.792008610438849736e+00 1.402621954304982266e+00
2.857539730886383911e+00 1.394641479985518684e+00
2.833377379078808378e+00 1.386331252423503413e+00
2.874876997137933099e+00 1.451996649630019398e+00
2.798246129268203930e+00 1.340656204939298490e+00
2.868703301995881194e+00 1.434083075696318321e+00
2.831657843476652392e+00 1.373019851859089702e+00
2.860433619481077994e+00 1.353349370885756686e+00
2.879696389194458028e+00 1.405246908864653532e+00
2.857037074170590607e+00 1.462499815424345817e+00
2.863668399506299256e+00 1.394340070316705260e+00
2.904851104138039819e+00 1.420766667774058467e+00
2.782907318514427075e+00 1.364383954272920363e+00
2.885138696550160198e+00 1.391411115000224408e+00
2.808142817842691485e+00 1.377272875086987813e+00
2.917596448706958334e+00 1.474511024129530945e+00
2.916396482058110529e+00 1.422353031579435045e+00
2.869076929632750961e+00 1.458346095817530941e+00
2.871735413469233222e+00 1.402806394752093899e+00
2.901752102722841897e+00 1.464328848797778582e+00
2.906471463420395196e+00 1.450802615222690717e+00
2.910595268518181289e+00 1.544688013330550280e+00
2.913562634925363160e+00 1.472305894390276260e+00
2.948103399224190735e+00 1.503272808616985534e+00
2.872909150471199879e+00 1.450550183388820358e+00
2.827389065046484351e+00 1.395244920288353674e+00
2.889294921931671478e+00 1.431806358033139270e+00
2.967350755091660020e+00 1.411503803526841461e+00
2.877472187718663310e+00 1.484396481244162569e+00
2.888791918765897915e+00 1.395662292734186849e+00
2.863896046623498393e+00 1.429825476730467004e+00
2.980456716057735989e+00 1.519103800563743167e+00
2.805979770030321951e+00 1.324943224309236944e+00
2.849170127445511458e+00 1.419117652965205645e+00
2.903368533475112478e+00 1.494250198584215816e+00
2.944322471163832500e+00 1.402549221123935652e+00
2.844435986412931605e+00 1.401115662146264151e+00
2.834640512889723851e+00 1.367405246696538290e+00
2.849183485545751626e+00 1.393725517750209697e+00
2.840284486063359815e+00 1.405322758025994156e+00
2.968627889486440186e+00 1.442484330356205824e+00
2.760035608295439147e+00 1.404174508652378695e+00
2.694849339967103408e+00 1.309087593678811112e+00
2.924002789020678339e+00 1.446527709410212470e+00
2.819980377767729696e+00 1.439825287988356184e+00
2.824555901942416458e+00 1.381888455036109908e+00
2.827480375441201232e+00 1.413261179316594784e+00
2.942344260228497266e+00 1.516314866214811374e+00
2.882199876849046660e+00 1.360742793937895545e+00
2.868119207813661919e+00 1.386961103158374398e+00
2.869871687636373458e+00 1.460114542880589505e+00
2.856369023332864465e+00 1.424644445345317090e+00
2.805883878150461364e+00 1.392890359950585077e+00
2.860173923470624935e+00 1.414275512306617300e+00
2.856986335127555510e+00 1.416840753945401099e+00
2.900902163802114853e+00 1.451933537482270831e+00
2.842187119234479198e+00 1.405264872457674397e+00
2.867839484213598134e+00 1.413294336140262786e+00
2.911383566364678543e+00 1.545985661504521325e+00
2.862606373878421984e+00 1.393688651771233022e+00
2.855587317012344695e+00 1.461488010043031194e+00
2.907577764788642938e+00 1.436956984627504985e+00
2.913987307974718277e+00 1.442731996552133467e+00
2.870108006391100641e+00 1.366170843598928153e+00
2.898568922571483686e+00 1.415828094335021436e+00
2.896985865197019727e+00 1.454762133237276656e+00
2.854464360062928030e+00 1.420826850287536969e+00
2.887735285319326994e+00 1.377505224480640278e+00
2.845528225061163319e+00 1.408944903643436497e+00
2.828813883949881536e+00 1.438523693064155173e+00
2.917590341135384513e+00 1.486006836404158538e+00
2.798512835820663902e+00 1.388988896011509100e+00
2.910333774285003727e+00 1.469195376939824271e+00
2.766832651198336102e+00 1.329542692707553320e+00
2.853686834312435749e+00 1.426804194509821766e+00
2.790075240564033887e+00 1.312421674945061678e+00
2.896957641325053956e+00 1.543703177630197043e+00
2.896289024946657076e+00 1.426273832238695194e+00
2.865144442006387404e+00 1.381689915167754856e+00
2.905544277702645228e+00 1.414171523650317175e+00
2.948822258909867600e+00 1.490748989263075641e+00
2.878387764021280937e+00 1.424449037556757114e+00
2.769134362114507475e+00 1.392902701496499196e+00
2.897365796153852813e+00 1.351330757006085292e+00
2.869110646583381996e+00 1.445452699590423329e+00
2.823302503485669579e+00 1.365344501325356008e+00
2.804089865963142358e+00 1.411428645483309152e+00
2.986400174601931745e+00 1.543373223804483940e+00
2.891654999594825082e+00 1.424091925635032174e+00
2.944569964712344223e+00 1.478155452718652896e+00
2.874895667622562101e+00 1.393382025807342606e+00
2.912624865751613168e+00 1.449577129799795694e+00
2.870456523050956665e+00 1.443943217619034769e+00
2.882801515555724059e+00 1.439076222403074423e+00
2.913337172348134274e+00 1.459772032641239115e+00
2.860227028469668031e+00 1.449661250850139638e+00
2.911796449100054751e+00 1.414758844860455111e+00
2.835901892580365402e+00 1.407736593688716509e+00
2.846616311628210827e+00 1.435458380149190472e+00
2.826314201752061273e+00 1.448316140097626992e+00
2.858175277750292675e+00 1.380863427068854454e+00
2.890459637611210830e+00 1.448632493320075820e+00
2.963311057432231443e+00 1.478507043829040413e+00
2.836053639288845574e+00 1.404543480792150190e+00
2.898513904297525201e+00 1.453945259578758087e+00
2.965827984216748092e+00 1.460866384754299530e+00
2.857438267693076739e+00 1.418418621043821659e+00
2.931666689734065301e+00 1.500184251583372763e+00
2.895825703221755365e+00 1.463501477559023600e+00
2.889687211499692765e+00 1.456998305581826525e+00
2.873559477436078868e+00 1.431284048485719662e+00
2.947494217153101559e+00 1.494722817922401248e+00
2.847354670295159096e+00 1.460402171013096551e+00
2.827951972714685347e+00 1.409474205682248460e+00
2.913191414249026501e+00 1.408953143035639011e+00
2.885997260957856803e+00 1.443157221254141476e+00
2.955213609528783092e+00 1.476959705814853141e+00
2.983443096235930625e+00 1.486258204362245872e+00
3.096550783252058459e+00 1.712982598510522037e+00
2.894562578992124102e+00 1.402848108369876945e+00
2.921679674574630070e+00 1.427808323993749351e+00
2.868155922126076174e+00 1.412375470847885728e+00
2.895645199449344620e+00 1.397885871014648451e+00
2.831526622397183335e+00 1.411354738143584919e+00
2.840725327051304649e+00 1.436024768703241916e+00
2.929400300352392517e+00 1.485202861407209252e+00
2.789589736504219264e+00 1.333503296815364170e+00
2.914367095152949894e+00 1.441783890597515994e+00
2.952547693403904550e+00 1.508878261214924299e+00
2.847218799750182328e+00 1.454781016613119649e+00
2.993624136534248859e+00 1.543202445607110507e+00
2.863872649456607800e+00 1.438732467746498989e+00
2.907608406555359792e+00 1.465622486211137110e+00
2.848282135409675231e+00 1.376799923748655896e+00
2.856047014775896287e+00 1.454089580349178235e+00
2.996757854513826480e+00 1.434082949987343314e+00
2.945791178238333696e+00 1.466913882209935682e+00
2.816753377492282162e+00 1.402048931665512921e+00
2.992726914637230617e+00 1.551004837290815841e+00
2.788248828981207073e+00 1.348756936452857325e+00
2.893920055486280951e+00 1.429608696187710803e+00
2.861091785728771875e+00 1.448501892005276792e+00
2.805839969865308259e+00 1.355155341581356643e+00
2.766108241271014290e+00 1.392739582171397483e+00
2.850231260810475398e+00 1.371348905168569665e+00
2.908003285504240143e+00 1.424877619543113649e+00
2.832838700922916786e+00 1.433310510892769951e+00
2.901224010672226683e+00 1.447045214970517746e+00
2.881231300274891716e+00 1.418169111362668655e+00
2.823621632004284177e+00 1.350705339119885551e+00
2.918989610458351702e+00 1.435508778987216072e+00
2.863336065718462109e+00 1.403282980247194889e+00
2.854855280010389684e+00 1.434770589076061809e+00
2.817057885396744066e+00 1.404109209113679313e+00
2.953372385098263386e+00 1.451051638631986940e+00
2.857685354447144555e+00 1.444272613219107937e+00
2.792392149957148462e+00 1.371347014663342634e+00
2.871448795504451201e+00 1.379221551180734195e+00
2.849115371389675744e+00 1.444670157127847743e+00
2.971428144843086816e+00 1.445325165878644125e+00
2.909385177305070069e+00 1.353342252703552351e+00
2.886711402216496580e+00 1.408035465279687370e+00
2.932045682181120050e+00 1.510170588919385937e+00
2.868275558729212804e+00 1.391748232285747955e+00
2.855816249351504688e+00 1.389028117845044763e+00
2.846093946934200147e+00 1.432692718912420782e+00
2.946367120245317217e+00 1.440827762200688644e+00
2.849983639396342028e+00 1.416822640889050744e+00
2.906518102203129228e+00 1.497483207707022368e+00
2.848631915515158930e+00 1.410062607739586582e+00
2.922485432036486142e+00 1.454568378415688201e+00
2.778821558920316903e+00 1.383438444508507059e+00
2.872208223665670523e+00 1.356759226421113240e+00
2.848212140733593856e+00 1.391998432675946917e+00
2.871690377700709895e+00 1.375878860139298387e+00
2.881222278270326509e+00 1.416876022782776134e+00
2.951150783002965738e+00 1.423821807158149211e+00
2.832762740811386237e+00 1.366156775929562972e+00
2.858687850206326875e+00 1.368204685876148297e+00
2.799183614534126452e+00 1.397238492013829436e+00
2.937242639581530312e+00 1.427082823341483175e+00
2.836305076822895455e+00 1.358458519978065659e+00
2.869783677159758462e+00 1.393902273463440755e+00
2.865080790646401088e+00 1.477305386917472818e+00
2.857373457958046536e+00 1.406542109007857366e+00
2.779474484311342142e+00 1.388857486226793725e+00
2.901881259183851203e+00 1.461820617114642396e+00
2.875483555248344647e+00 1.432320401373289531e+00
2.881726919626251604e+00 1.501710400706094628e+00
2.867282917007372589e+00 1.480144556574240822e+00
2.965049023536790784e+00 1.529758916993497087e+00
2.819116025959863325e+00 1.316478292038853137e+00
2.891255734480713713e+00 1.455006720897292771e+00
2.899056772104495749e+00 1.377211061748969900e+00
2.921606802179253837e+00 1.502350565850986586e+00
2.852144250139398984e+00 1.421963274562168866e+00
2.947023478209713776e+00 1.435327297546164393e+00
2.766368007132173013e+00 1.318314486157664334e+00
2.879356193162475375e+00 1.457334479353526557e+00
2.818527726654039167e+00 1.375202221720587481e+00
2.871706913780794679e+00 1.420651721500822751e+00
2.941120181823497326e+00 1.405984396493006994e+00
2.954518079312888457e+00 1.490059764565502487e+00
2.921863740268633158e+00 1.455662781387144333e+00
2.787058454405453745e+00 1.344517919053241473e+00
2.808045874681329934e+00 1.385156389174282854e+00
2.848006142548923147e+00 1.410531370802186490e+00
2.866807541661278602e+00 1.447697024097613472e+00
2.891506074921806224e+00 1.493872771556888912e+00
2.810890117869979665e+00 1.352386265063590720e+00
2.865967725952596190e+00 1.368366705954375595e+00
2.788475583391214485e+00 1.382830513654835114e+00
2.909042317277226175e+00 1.505480967639749812e+00
2.871454560518869048e+00 1.388988928712935556e+00
2.940174708193224351e+00 1.416370557406913200e+00
2.809995841204897982e+00 1.362086033619289704e+00
2.851225883202365807e+00 1.463780695878974969e+00
2.824942297631191757e+00 1.467203552044128889e+00
2.863836867064653013e+00 1.362970522898604431e+00
2.854623313676428520e+00 1.460616837033589244e+00
2.842100990301647201e+00 1.450883652164689508e+00
2.870837746411551983e+00 1.457579744052537984e+00
2.950670411528783177e+00 1.493723307366702890e+00
2.804702121964655959e+00 1.444541588822348510e+00
2.898082820806572091e+00 1.417494489728421181e+00
2.890642867803533189e+00 1.453103021598428191e+00
2.850869482202031513e+00 1.402877836561152947e+00
2.825034414793997861e+00 1.433492094991172250e+00
2.748934837592051039e+00 1.272659181927520367e+00
2.876146822175913442e+00 1.392187190542002906e+00
2.868676748651764363e+00 1.441724812586476778e+00
2.795459054491620243e+00 1.340136304901096365e+00
2.865867888984876988e+00 1.402534271577013270e+00
2.909663195165668181e+00 1.435540805808212639e+00
2.862913827324821803e+00 1.373166275391148439e+00
2.886604817104772902e+00 1.464064213095771061e+00
2.980507734507770845e+00 1.523371050972143648e+00
2.880798398386374526e+00 1.470136667396069186e+00
2.772134279406015089e+00 1.310700692000547951e+00
2.959364095381189941e+00 1.464399739195120009e+00
2.955852498203346279e+00 1.468238338937414733e+00
2.899970940399434038e+00 1.471090322840947318e+00
2.880156997919079753e+00 1.457793619896868176e+00
2.797663683536962154e+00 1.453468069563877973e+00
2.821670597892526278e+00 1.418267125450007216e+00
2.846644605800554562e+00 1.375212139473683148e+00
2.956247446424444814e+00 1.475404220506979502e+00
2.852756153406075246e+00 1.470032640881879127e+00
2.865294630906057183e+00 1.414456973840066301e+00
2.775580876502249605e+00 1.355433253662051474e+00
2.886724740567950587e+00 1.420895264158666293e+00
2.955004486879434289e+00 1.445736328051765884e+00
2.825567457915547198e+00 1.388995224450676913e+00
2.913516841598537521e+00 1.492545355669070206e+00
2.779414699056851124e+00 1.344716944878866949e+00
2.847761347086062766e+00 1.344894667680880840e+00
2.829139377281827628e+00 1.432211441892877746e+00
2.894374906238888379e+00 1.396534372787090472e+00
2.917491102578746442e+00 1.516243840032153622e+00
2.876394785855035607e+00 1.404896955039265372e+00
2.818823879281937117e+00 1.400376332687061964e+00
2.909125514737346485e+00 1.421364491737131308e+00
2.875330484186393587e+00 1.435929024819198485e+00
2.934867442766231349e+00 1.463482360491304757e+00
2.843770435594513479e+00 1.385243113817113292e+00
2.868127766873906914e+00 1.461566360571939338e+00
2.983049264167800363e+00 1.485155036085087366e+00
3.004599431270880139e+00 1.511168196574335765e+00
2.853828447884235953e+00 1.424707366539387454e+00
2.973677173865562295e+00 1.564453286528168618e+00
2.807102276420334164e+00 1.377677585160436369e+00
2.891492646036081471e+00 1.468638892208174118e+00
2.922647287886671386e+00 1.409126900142683825e+00
2.824990823586422728e+00 1.354721178222819011e+00
2.849349871714114801e+00 1.431677560302042851e+00
2.962572716492569036e+00 1.521026333201816794e+00
2.861980792551329866e+00 1.399055133771893278e+00
2.875551284934663165e+00 1.389885416823202879e+00
2.896506143849759685e+00 1.490021763285403811e+00
2.893755140328679420e+00 1.430421971202190612e+00
2.760834492179929711e+00 1.352039771402011148e+00
2.892282846277926200e+00 1.532475724910891790e+00
2.851921911769769391e+00 1.407525923649054045e+00
2.848458093863077245e+00 1.379079882870135387e+00
2.822915743202729644e+00 1.386031042844277694e+00
2.820215044529759130e+00 1.393621088270272868e+00
2.876011064049404542e+00 1.428117020439093166e+00
2.922455464483939114e+00 1.451925341833729011e+00
2.860289723749856350e+00 1.422223175184434973e+00
2.832959796722472667e+00 1.385824596778867379e+00
2.875908907068551734e+00 1.406284625945308342e+00
2.880166282480792539e+00 1.501237203402372211e+00
2.875102745052417585e+00 1.449130477963744834e+00
2.828331354794865415e+00 1.390583981565713501e+00
2.786861337423729879e+00 1.327967956330889265e+00
2.908894269924886533e+00 1.414624342496529463e+00
2.846894100763027513e+00 1.352469070663084860e+00
2.904216994489463133e+00 1.424490138873701905e+00
2.826864817296538046e+00 1.368433796122382473e+00
2.980586097657315747e+00 1.506107956487200417e+00
2.889599443380719279e+00 1.435329798812280622e+00
2.859479148191296449e+00 1.416604917530452257e+00
2.831933444049410387e+00 1.380115389236640677e+00
2.909411358369699663e+00 1.457154667915607771e+00
2.854582417454318399e+00 1.402805245305537518e+00
2.869338811302069914e+00 1.361382114250551112e+00
2.826463380535792602e+00 1.395495475424417542e+00
2.905697167835492589e+00 1.490351723645866766e+00
2.925389199743548385e+00 1.421719603662046527e+00
2.871805348874302499e+00 1.435030007647609240e+00
2.825654594598905334e+00 1.381019815976462173e+00
2.852119537942737093e+00 1.472224735537261298e+00
2.894734866743738255e+00 1.398869704399350544e+00
2.744722415428601181e+00 1.351689938163597837e+00
2.842563208220338922e+00 1.439381463810239126e+00
2.924134128192505511e+00 1.419318163769291985e+00
2.891324364774457756e+00 1.427224759946542854e+00
2.912720584411452762e+00 1.418230437223690465e+00
2.950595514496603400e+00 1.394810586113267803e+00
2.812015969931468184e+00 1.424405139747502602e+00
