2.545663844956574273e+00 1.105540889922094872e+00
2.591833860090296149e+00 1.040949311518939657e+00
2.620370061442428344e+00 1.108838985374857034e+00
2.571481495379371207e+00 1.009689706717250557e+00
2.666280298993425557e+00 1.087444047252221324e+00
2.565107236391630074e+00 1.025030251426517269e+00
2.584957854946650091e+00 1.067872982510922553e+00
2.420374766590082771e+00 9.836634472435185073e-01
2.694150091413380466e+00 1.165704879883454392e+00
2.626659603602873982e+00 1.085774108510559222e+00
2.567189925871550926e+00 1.046841432497506386e+00
2.707860820997532336e+00 1.129580488502529789e+00
2.502832035320347703e+00 9.892667586121660639e-01
2.527145906068668069e+00 1.017843729513005169e+00
2.602009987585672590e+00 1.077660008691857740e+00
2.593775898208474651e+00 1.013869231879572785e+00
2.505678233915320963e+00 1.006739988492747040e+00
2.638492471835994113e+00 1.126562561802133766e+00
2.695239980782325517e+00 1.168334897543502615e+00
2.673780733174213609e+00 1.120651111924978904e+00
2.620069203056440532e+00 1.088522334441121675e+00
2.712288173484200815e+00 1.181421420117390042e+00
2.771312629203638078e+00 1.203639909835756416e+00
2.612500807008993231e+00 1.123891291054086805e+00
2.525719054780811934e+00 1.017962368320094679e+00
2.779264844785217292e+00 1.262316878351722904e+00
2.519414343058379302e+00 9.767551405464059977e-01
2.404727023556020082e+00 9.592800022603665822e-01
2.575149215708816275e+00 1.077708375777046257e+00
2.609345676083258070e+00 1.075696920094967535e+00
2.526101328106927557e+00 9.810738176432899360e-01
2.619126665330463677e+00 1.091509619985145729e+00
2.693164672676757299e+00 1.125267367762198711e+00
2.578080540593780334e+00 1.066938339008579151e+00
2.480081631704449840e+00 9.604185577253803174e-01
2.522551932543715569e+00 1.044129575976747493e+00
2.716179365179010929e+00 1.195854709711396513e+00
2.660002311103581984e+00 1.129817539656881475e+00
2.587928168063890588e+00 1.001727795474512517e+00
2.633855496448038735e+00 1.035620488761758384e+00
2.815561648460831901e+00 1.236516929299224410e+00
2.506459697292422906e+00 9.866231220893417753e-01
2.568071236967291338e+00 1.039772153244802322e+00
2.480211848586863166e+00 9.547893860334192295e-01
2.533496119614601749e+00 1.010044983856384082e+00
2.551403212536438758e+00 1.018457201202700446e+00
2.772482917447931516e+00 1.197025420404207452e+00
2.561127113691726187e+00 1.083578679521459920e+00
2.668885406443907371e+00 1.086520610219048111e+00
2.570868389075007698e+00 1.084731475968620851e+00
2.595905140853206117e+00 1.101013524164772051e+00
2.463189927342657182e+00 1.022011056065351253e+00
2.639765200467670159e+00 1.116037960672577434e+00
2.671591062550160434e+00 1.085840237466640490e+00
2.628132275965010312e+00 1.092571547469505466e+00
2.520319627119548933e+00 9.941976615263397044e-01
2.593107168056685730e+00 1.069789880187927755e+00
2.650247788702720708e+00 1.031755732052838548e+00
2.597866859424713404e+00 1.025754947622241176e+00
2.562700945397171637e+00 1.070323102307046748e+00
2.693719929816632330e+00 1.142448334609147853e+00
2.573862553571009126e+00 9.877687505199014284e-01
2.585652897936667749e+00 1.108402821277452821e+00
2.576760556513336908e+00 1.025865180306626545e+00
2.528870118276148826e+00 1.036410665429534417e+00
2.567921828861064792e+00 1.046646961868706871e+00
2.519366069802308594e+00 1.024201423392354871e+00
2.526392685850051389e+00 1.009035349837514195e+00
2.554953855098670346e+00 1.080153234770132586e+00
2.587168313292874888e+00 1.052587503161887428e+00
2.604000923471442519e+00 1.089179942550844604e+00
2.607169569273207088e+00 1.069908559232728873e+00
2.672490043505276525e+00 1.127786812244732984e+00
2.608348539386565079e+00 1.079955100907619370e+00
2.609917094021375839e+00 1.078391896236443825e+00
2.613243404300416461e+00 1.071361341194176697e+00
2.597437728514041755e+00 1.087980143548084921e+00
2.676919182771372085e+00 1.095563533207362106e+00
2.487829796302635010e+00 9.195851383213348162e-01
2.637201331647752056e+00 1.101789557547663945e+00
2.692878805899797889e+00 1.133280242775540181e+00
2.617257120516962132e+00 9.883969368732404837e-01
2.576756536294801503e+00 1.050501842060666213e+00
2.608665498289937545e+00 1.045360173597301268e+00
2.606429182699277813e+00 1.074597231646400530e+00
2.688339229160220611e+00 1.105070045336317586e+00
2.609428042278182591e+00 1.032482452792040872e+00
2.517892404433301312e+00 9.983040147843028622e-01
2.573958140802171002e+00 1.056696745612854427e+00
2.627755207127726589e+00 1.027356260629241458e+00
2.603229860046197164e+00 1.069708508486028276e+00
2.468795122381246099e+00 9.729667943122466411e-01
2.467488588181694364e+00 9.501519430218805518e-01
2.535788499081090386e+00 9.448460784543195601e-01
2.493487744045376431e+00 9.716852331910567075e-01
2.601597597086563685e+00 1.068642615003976504e+00
2.534613876199145910e+00 1.082082577307221571e+00
2.568598418797856109e+00 1.015252416860487950e+00
2.689008914202551725e+00 1.134497306061472699e+00
2.733804747791319656e+00 1.145696426682980773e+00
2.568575972497104232e+00 1.066779233366276891e+00
2.464021179699008801e+00 9.265057734451354055e-01
2.640208396717514283e+00 1.028176398553162674e+00
2.602565552368729662e+00 1.121382911637065050e+00
2.476752445089598798e+00 1.036050079540424607e+00
2.494057197372770762e+00 1.019255153356517507e+00
2.649682814176907542e+00 1.103869777321731638e+00
2.490697326005402612e+00 9.559666849234956798e-01
2.642722536764500862e+00 1.038972985526677162e+00
2.537457730789661081e+00 1.003540917582003811e+00
2.541602089039400880e+00 1.062808719714577022e+00
2.702735172342966674e+00 1.199720819210936318e+00
2.530268135165801624e+00 1.024098650991238868e+00
2.566855833911439344e+00 1.007748722419115284e+00
2.581275913552391721e+00 9.799085773296347668e-01
2.699038235310428746e+00 1.137599156788117627e+00
2.605425110442908032e+00 1.060669583639709090e+00
2.587812881765799489e+00 1.009443722388761344e+00
2.750964446302272659e+00 1.227155183579504705e+00
2.519540271347333160e+00 9.590690473204804833e-01
2.694142447635615945e+00 1.046693191966622027e+00
2.510256030958878615e+00 1.022840968961891139e+00
2.627878911516915661e+00 1.084993072421540417e+00
2.514312510772998444e+00 1.029428860857579675e+00
2.673026196006106581e+00 1.134395812717905017e+00
2.569555536096729043e+00 1.004716546157285562e+00
2.646863539335044813e+00 1.101333344441189022e+00
2.597391756919050554e+00 1.018051940358638108e+00
2.576926732552808907e+00 1.026099777849542649e+00
2.533087433843784542e+00 1.047027123763754952e+00
2.725831293609906059e+00 1.160634015070816982e+00
2.531767359475918244e+00 1.002929348414279165e+00
2.656365634226911521e+00 1.147943573987323163e+00
2.486002104828429982e+00 9.406409503620106749e-01
2.643147043895445414e+00 1.090457609674149175e+00
3.001857914451534270e+00 1.376031397309909643e+00
2.615752873993067773e+00 1.082192113536768918e+00
2.592785283925948647e+00 1.057359893946360430e+00
2.727598822968331671e+00 1.231186075741471875e+00
2.671140299207632296e+00 1.108000581542891272e+00
2.566885548078041701e+00 1.018034220985682969e+00
2.467157106072228157e+00 9.378294750291314985e-01
2.707432254392728055e+00 1.138524803987866374e+00
2.619998067776462491e+00 1.145385599262534804e+00
2.507789183713487358e+00 9.844778609174954509e-01
2.500770423736982551e+00 1.060346871952827508e+00
2.479439073496254586e+00 9.902585807849809685e-01
2.589607076845617417e+00 1.120675470896084880e+00
2.662752702408317074e+00 1.104156257804937979e+00
2.587801378910772332e+00 1.067087363729797955e+00
2.639995879835824066e+00 1.072906399643581032e+00
2.700491789920014263e+00 1.114603644882674605e+00
2.650019908748636244e+00 1.112601922057685710e+00
2.608954293926263102e+00 1.113717749748614594e+00
2.545707623190755164e+00 1.095255529155647611e+00
2.604957436768021051e+00 1.056509394279752101e+00
2.542880666670987999e+00 1.036522292327494377e+00
2.558120678119690350e+00 1.042348836595471617e+00
2.643197965886452394e+00 1.104289091005772550e+00
2.650596407195290105e+00 1.102965621013612951e+00
2.633064351161618966e+00 1.066810495478581977e+00
2.900957085513496736e+00 1.363937823709985064e+00
2.600618004457288190e+00 1.100729992026956205e+00
2.502347187768542813e+00 9.764855198982932416e-01
2.599107166383581635e+00 1.079672519135097764e+00
2.788299238892649523e+00 1.205897606588376636e+00
2.675089287295150164e+00 1.140783246726237765e+00
2.652674419418743934e+00 1.079041220120924294e+00
2.700416336386111560e+00 1.109438371710829374e+00
2.719643822390563237e+00 1.165832104388851098e+00
2.611636273181446644e+00 1.048341203581202530e+00
2.554861541020934101e+00 9.961711043293307588e-01
2.614510488274653710e+00 1.050321120277780240e+00
2.690709183289353490e+00 1.092187516231063471e+00
2.474138390463821224e+00 9.637216625761489963e-01
2.704965446780770222e+00 1.148755384328838280e+00
2.646764404518425096e+00 1.126078414594715138e+00
2.544716052031511300e+00 1.027079279488041674e+00
2.635378394081968612e+00 1.005273383453764158e+00
2.654180454354896135e+00 1.153617955841479192e+00
2.640213417757852898e+00 1.009503270857756041e+00
2.560597700044645819e+00 1.070898717881260120e+00
2.494085133073896454e+00 1.000798661026860215e+00
2.751411556680448900e+00 1.163075363238096571e+00
2.791871656826959036e+00 1.186386565641925239e+00
2.751383427206398835e+00 1.208323457027564274e+00
2.733565829007430281e+00 1.168116284256202952e+00
2.754330064183194260e+00 1.154260686282432280e+00
2.706966100700873845e+00 1.177769584464095187e+00
2.653513977621083875e+00 1.089909948197177458e+00
2.647759071931659935e+00 1.085787037684939005e+00
2.735796438537773323e+00 1.189731760666864480e+00
2.569505587478926323e+00 1.111918286413626555e+00
2.725027426035031564e+00 1.144526427492409626e+00
2.669190900377466313e+00 1.152633880197770688e+00
2.406353015724254085e+00 9.043615171966491451e-01
2.595968162792554601e+00 1.097158794402083970e+00
2.766780209268354884e+00 1.227396739770953094e+00
2.549040871757437987e+00 1.011708473123354102e+00
2.631266568446273713e+00 1.090413036305124317e+00
2.467061007115393778e+00 9.589553973468719628e-01
2.620663311509286775e+00 1.098296329725920950e+00
2.471959537205447699e+00 9.586601574062463271e-01
2.710374070403693381e+00 1.146763801379407921e+00
2.512694443015398793e+00 9.735443734529892756e-01
2.520266852656984025e+00 1.018235846857623139e+00
2.352952329463449122e+00 8.939418438228060593e-01
2.717877895654541298e+00 1.140141723541990393e+00
2.456147683533772774e+00 9.806732807624797266e-01
2.480308360382522448e+00 9.911799361760412763e-01
2.691035325603600814e+00 1.115982801488383469e+00
2.582119575192595384e+00 1.052782440355592097e+00
2.517007134761706677e+00 1.039998729337917371e+00
2.492249446668628909e+00 9.949394145720135141e-01
2.675430475944412745e+00 1.106807659495913976e+00
2.523215168769023187e+00 1.019843635066927101e+00
2.647156412667474701e+00 1.101764919488047223e+00
2.569142300828077374e+00 1.045738262597399881e+00
2.467648664442543271e+00 1.039921498532929700e+00
2.489966021605608315e+00 1.050256082557703419e+00
2.539300148830740067e+00 1.020898518033122704e+00
2.568835961390848688e+00 1.039984197268549737e+00
2.601406767535405340e+00 1.071588835943484197e+00
2.518376303001889749e+00 9.829907386372820355e-01
2.663153112676427181e+00 1.032318338708433370e+00
2.588105943603852044e+00 1.102729267669293689e+00
2.555143455024798449e+00 1.030216899557025334e+00
2.646762376830808616e+00 1.082600871071652371e+00
2.538567231077833330e+00 9.990265704796480462e-01
2.594743891511166467e+00 1.022013270664684503e+00
2.604781354080370370e+00 1.071709824635984631e+00
2.521468476823612193e+00 9.419059729933926262e-01
2.496501166723764875e+00 9.856106291831981947e-01
2.601772398552098853e+00 1.027776186119864432e+00
2.651241518650263362e+00 1.108072577560614169e+00
2.533218749767787603e+00 9.951745086194551115e-01
2.713687009923633209e+00 1.102819109093147398e+00
2.425105312546934844e+00 9.586258790766351012e-01
2.602306343768419961e+00 1.032626298870744197e+00
2.656522230669443818e+00 1.045955646556535834e+00
2.633713344978599658e+00 1.074268762764912122e+00
2.609351143290072450e+00 1.093730155918651636e+00
2.586758955014756278e+00 9.851250154943840265e-01
2.549516924838305609e+00 1.033268417801359806e+00
2.766192048799816838e+00 1.238640969573039818e+00
2.467204789586838753e+00 9.938243089669341890e-01
2.552574065830014671e+00 1.035171207126817317e+00
2.509655086431273663e+00 1.031718349654493716e+00
2.646689020649034774e+00 1.126740541224856562e+00
2.560488868037480437e+00 1.011294324507833187e+00
2.579671663313319652e+00 1.042647702068143944e+00
2.552314561736535481e+00 1.047079050971815306e+00
2.469841448775488058e+00 1.022293606298506630e+00
2.689575775145573555e+00 1.137031325930592862e+00
2.555132826429542980e+00 1.017628044377069774e+00
2.423534526944364220e+00 9.946709936002641195e-01
2.525672470947046389e+00 1.021592674481270890e+00
2.635894213312477863e+00 1.146714730692574902e+00
2.868271247135270929e+00 1.287890325486087395e+00
2.530202824116832172e+00 1.038365468539603542e+00
2.488087830767698350e+00 9.682826286655015213e-01
2.426908821124322380e+00 9.754122982116920637e-01
2.937022240520372751e+00 1.365669870941169206e+00
2.542837918928339214e+00 1.006009690131954404e+00
2.465283997980424857e+00 9.883527665659738171e-01
2.606828396699414796e+00 1.118002754896114670e+00
2.724130876372635068e+00 1.161455910478560671e+00
2.594136380199745240e+00 1.059477106238772670e+00
2.579220998641430729e+00 1.036465138862016078e+00
2.545765252306109172e+00 9.517850407664592005e-01
2.581591961961008153e+00 1.064437158043060938e+00
2.489699840517737961e+00 1.031111158587239007e+00
2.604911910335036218e+00 1.112906260905355937e+00
2.496341621356506835e+00 1.052789054398060475e+00
2.587450397390172796e+00 9.857658646892377696e-01
2.691210222511251526e+00 1.109208131704177980e+00
2.632142727913323377e+00 1.076875179672243554e+00
2.604935743966542372e+00 1.085129849897654708e+00
2.495322339460543049e+00 9.992493621151599115e-01
2.490328832927582337e+00 9.997630997549470377e-01
2.545855748262237039e+00 1.007985742154372755e+00
2.447185220101630421e+00 9.874865944337996027e-01
2.549844597430435567e+00 1.003837249524612396e+00
2.656309086749186310e+00 1.118675044271705055e+00
2.610387506929183754e+00 1.168217757721370376e+00
2.514495519129007928e+00 9.765386474772657088e-01
2.640720810654856088e+00 1.108781257400030196e+00
2.625906020702662769e+00 1.146215826273814686e+00
2.539806668193520522e+00 1.004175573904466878e+00
2.659814648856300590e+00 1.070906603285308512e+00
2.561580624526327288e+00 1.040467221534408848e+00
2.450184993723040439e+00 9.742026391203740809e-01
2.472898140986994786e+00 9.725196412457324247e-01
2.729383615949339426e+00 1.125043843745080707e+00
2.615393413047172100e+00 1.020595944582449288e+00
2.535393723269652178e+00 1.014521087259333765e+00
2.400941756991485043e+00 9.776884355507599045e-01
2.580138414503613031e+00 1.030111367531983735e+00
2.835752116454263394e+00 1.350612976191626347e+00
2.705959973646567374e+00 1.112126282181521431e+00
2.544897740262939578e+00 1.046289544370692326e+00
2.639960634791212790e+00 1.090969496248612502e+00
2.589746894882200223e+00 1.081095195935423803e+00
2.669060941078048810e+00 1.124332717837997819e+00
2.529801058693456284e+00 9.700840783193626082e-01
2.566861160903336270e+00 9.945776796394225627e-01
2.586736900412658358e+00 1.034136701103595346e+00
2.575894236909844981e+00 1.041313411915253173e+00
2.823555865990658109e+00 1.237999896483527262e+00
2.604197233395769029e+00 1.057922733828745576e+00
2.493097424846567822e+00 9.565813229884480018e-01
2.523005729368573036e+00 1.039957778854246673e+00
2.603375383820112798e+00 1.061739773186736180e+00
2.673159286289658265e+00 1.132263855337308112e+00
2.651750550280061347e+00 1.116187719679054835e+00
2.646739734384853548e+00 1.086389067093123550e+00
2.524641116825010911e+00 1.026507287213522357e+00
2.533976645886038881e+00 9.940957368420535456e-01
2.588505526142661939e+00 1.084453626492060563e+00
2.660784719796598363e+00 1.119387652179957948e+00
2.626356255050682709e+00 1.099889493701215581e+00
2.654169927221089242e+00 1.125303348746480303e+00
2.616073297688895405e+00 1.091791812296109665e+00
2.541088246873258960e+00 1.017225340155502256e+00
2.575536661402096250e+00 1.029354940873499658e+00
2.458989503843853619e+00 9.928900565358600439e-01
2.588185025882132173e+00 1.098026995842801501e+00
2.564703409797562284e+00 1.106945370615800561e+00
2.522161647714773025e+00 1.039625125234376446e+00
2.565202834169758805e+00 1.078691221673547362e+00
2.574863121578786718e+00 1.047186171474454364e+00
2.515166558209747105e+00 9.650643017022787484e-01
2.512687818559825814e+00 1.036537096978963790e+00
2.495391772399260688e+00 1.010383281386450838e+00
2.574202185182595137e+00 1.028772815376270522e+00
2.617835890490903594e+00 1.049686220717580776e+00
2.698545538452147952e+00 1.111155905007227052e+00
2.537589480119990970e+00 1.014284715826847538e+00
2.557799100134182879e+00 1.022820746321916996e+00
2.661919473330496722e+00 1.089469134508054715e+00
2.657589571457155131e+00 1.090553887737370831e+00
2.469455923417612109e+00 9.499956254522066157e-01
2.653658453689973662e+00 1.115338233584376892e+00
2.646702138935340010e+00 1.133513743412985386e+00
2.415039461747066518e+00 9.220708627153211268e-01
2.466249160453589884e+00 9.353023725329637772e-01
2.563171214921466046e+00 1.016687286301472204e+00
2.655942360819431691e+00 1.051490706707917777e+00
2.610843258641007747e+00 1.111245508054006903e+00
2.585945610683232143e+00 1.091726963368382153e+00
2.592745550481407868e+00 1.043068411438842880e+00
2.686366373226212190e+00 1.112024186232533962e+00
2.632963735410763118e+00 1.100288121026872235e+00
2.475447035575208954e+00 1.025939590632839016e+00
2.573837921333555379e+00 1.020817809848999724e+00
2.541032916355094429e+00 1.015095281605896682e+00
2.687115756583842607e+00 1.096175831357779407e+00
2.538037666033121642e+00 1.060082308323882172e+00
2.661427525126795590e+00 1.103558955232751382e+00
2.544007013839987952e+00 1.028014125092819420e+00
2.731494729472804917e+00 1.129717344071645924e+00
2.544779530030147896e+00 1.018357023118433125e+00
2.704430169756088631e+00 1.134722269966955022e+00
2.709529874047986286e+00 1.154295383624037052e+00
2.677229400127089320e+00 1.171635416284531717e+00
2.747213898605433080e+00 1.160383644906662237e+00
2.665820757993373924e+00 1.088391520058875628e+00
2.703539522780774806e+00 1.098743049570697350e+00
2.411157189697533898e+00 9.389382295490558139e-01
2.642458179390411832e+00 1.086675554107376707e+00
2.730103051167126704e+00 1.131093217109157223e+00
2.722574610938814033e+00 1.184610499503188086e+00
2.666300893264573535e+00 1.122801940958485067e+00
2.528212799382935749e+00 9.770159050646012311e-01
2.633117341917051490e+00 1.017875461462681930e+00
2.626394081279984860e+00 1.071481945771363353e+00
2.649535339650729071e+00 1.089691246189615770e+00
2.488593283448244264e+00 9.946246655391179914e-01
2.592114414341860407e+00 1.028153260707936889e+00
2.444794850820173338e+00 9.927574119114722651e-01
2.536390624839130137e+00 9.865879132869211920e-01
2.574306757505250509e+00 1.099234653657513494e+00
2.713720248556322101e+00 1.131867063839444354e+00
2.553584204634587351e+00 9.887014125287691968e-01
2.624172518693658862e+00 1.087024207122978536e+00
2.584302853436807546e+00 1.011536600490754445e+00
2.543786190849834039e+00 1.047227687559921794e+00
2.726747986803373269e+00 1.182567139937975131e+00
2.540652603320334268e+00 1.061152691457300623e+00
2.664322212845979365e+00 1.079329434433672130e+00
2.742835119759978735e+00 1.136780027465560394e+00
2.621342994759899181e+00 1.109303985425295291e+00
2.481014788158979467e+00 1.019220675442752855e+00
2.586661676610590543e+00 1.069540205004980260e+00
2.540700439277844058e+00 1.097776790051255613e+00
2.454536593923602350e+00 1.046000672114552499e+00
2.631789316508947874e+00 1.069392652264949284e+00
2.447293484260049112e+00 1.008962584338263246e+00
2.578788583727613659e+00 1.041341385639373840e+00
2.659718062744394818e+00 1.138732415507378581e+00
2.573797036319011688e+00 1.043297145917326807e+00
2.481203207386415865e+00 9.299659347684164912e-01
2.564734913474270961e+00 1.032035120045686760e+00
2.660511228235217018e+00 1.108440625065517882e+00
2.661934029749038366e+00 1.123762556744216434e+00
2.595792984229585709e+00 1.095879984033244048e+00
2.584638465501425397e+00 1.054712104690049390e+00
2.622439938667632475e+00 1.144033828143225406e+00
2.461833958966322289e+00 1.010289361976316913e+00
2.552894357826838601e+00 1.037825228028542934e+00
2.506782550720447311e+00 1.015864205199488612e+00
2.606401589150614928e+00 1.071752774516286255e+00
2.551822718113296862e+00 1.025782249154268522e+00
2.442684905878988566e+00 9.427806613734294183e-01
2.687404343685012797e+00 1.142858548594078538e+00
2.664320588029942094e+00 1.119970561338229365e+00
2.732499417027197008e+00 1.131479613021059816e+00
2.663771472569820720e+00 1.103503515773079258e+00
2.613463490860972183e+00 1.101320161452656876e+00
2.634885144390585854e+00 1.112592471806868488e+00
2.744700574354135725e+00 1.176800096578682897e+00
2.573084639157944054e+00 1.084371057964258478e+00
2.591800929511482554e+00 1.088152440389155817e+00
2.598486057329902010e+00 1.048136545163470768e+00
2.619317748105199239e+00 1.120904722516704366e+00
2.504301707208318906e+00 9.428531985987396169e-01
2.638262266898216524e+00 1.084155587817771549e+00
2.632028824273075163e+00 1.070181425603329739e+00
2.479208878978622188e+00 9.613658826557098802e-01
2.464872668016616419e+00 9.859424404654045793e-01
2.535997842954535564e+00 1.043067248481975406e+00
2.603099739776497223e+00 1.089122439703153145e+00
2.744782017521909534e+00 1.192780647032033681e+00
2.613143395991142537e+00 1.113196299802171829e+00
2.635717257035114613e+00 1.106337720840995242e+00
2.743327631010761269e+00 1.212879657226380026e+00
2.552874510695349208e+00 1.022728147098179940e+00
2.712389659046623436e+00 1.209464841028171866e+00
2.777334762626191278e+00 1.160636823360585268e+00
2.604621914087720480e+00 1.042572732522586643e+00
2.448597781549322949e+00 9.308557632729744791e-01
2.495265577788546185e+00 1.014189040625740779e+00
2.619832000885676582e+00 1.071606386952600243e+00
2.624337546686195122e+00 1.097836300507425422e+00
2.669403283074631261e+00 1.089476785998242159e+00
2.557458391017539245e+00 1.029229866739708399e+00
2.695354012806784105e+00 1.106724718531195695e+00
2.473147497460872923e+00 9.931934605078642786e-01
2.752690722606016660e+00 1.171493606732944004e+00
2.530860444117658759e+00 1.013855345745406922e+00
2.610241856937893346e+00 1.086279913635538330e+00
2.574645768474133956e+00 1.085708844792193872e+00
2.606127234117218805e+00 1.129110916944555010e+00
2.561594781519068942e+00 1.009962182797473629e+00
2.693731915371998742e+00 1.150647188438440605e+00
2.698852838035359358e+00 1.096359787082988202e+00
2.583263901484990299e+00 1.109462339762105065e+00
2.565568599619859391e+00 1.047970959832041471e+00
2.585459656405367124e+00 1.013169643732595659e+00
2.504608650986740681e+00 9.889104543555865545e-01
2.663513146472214377e+00 1.126420131347562803e+00
2.600015453489193273e+00 1.079432893672775284e+00
2.547423092193827454e+00 9.774716812484260942e-01
2.559975649753416516e+00 1.017182460611452788e+00
2.530090243246843507e+00 1.026806598337341780e+00
2.639660378467176383e+00 1.080531505556933336e+00
2.640907954184668061e+00 1.076781283291419422e+00
2.597673986308837613e+00 1.020655258780042152e+00
2.651172130022177331e+00 1.090133453844995604e+00
2.602402925548473966e+00 1.095793708227881913e+00
2.637275851903222001e+00 1.077905567484774840e+00
2.444182503754190439e+00 9.577658588701786213e-01
2.648138098818099806e+00 1.108665143931974573e+00
2.423183837144070818e+00 1.005738623379585750e+00
2.550787069584004918e+00 1.068112939637529291e+00
2.683725480053839707e+00 1.103837878283926432e+00
2.537942418125792354e+00 1.037606701414036880e+00
2.675701623614707980e+00 1.147874034686185984e+00
2.461870330296188847e+00 9.887932501133949170e-01
2.521003537875876166e+00 9.555291588867477204e-01
2.649931522193078148e+00 1.087317720627170914e+00
2.568727976133734714e+00 1.022901303550398655e+00
2.557491963233784915e+00 9.985631804430395997e-01
2.648625488031812747e+00 1.112583512731962987e+00
2.581927793946311223e+00 1.108043622616102786e+00
2.621867478829644771e+00 1.130735080619680311e+00
2.485513869612228977e+00 9.740978350115243600e-01
2.473639457205935255e+00 9.841538475986997270e-01
2.704996042588748040e+00 1.141284439026528874e+00
2.456851124956004107e+00 9.108899582810581208e-01
2.492134821429611069e+00 1.025336728657342711e+00
2.687246096049760613e+00 1.071020376281408781e+00
2.579437214945517365e+00 1.025248604668115071e+00
2.655991074296357279e+00 1.127211431312072909e+00
2.497797423450193399e+00 1.022462500502987703e+00
2.495381571178746594e+00 9.798165406080723283e-01
2.623042760706854715e+00 1.081955091938586966e+00
2.643621573237735944e+00 1.090104906096653448e+00
2.569436330696024839e+00 1.109003596706710892e+00
2.767076778054553543e+00 1.131197004733850875e+00
2.515631378594605394e+00 9.959750591683060872e-01
2.750198900554252202e+00 1.227892007971498778e+00
2.453108636608202886e+00 9.299485500682359573e-01
2.694326373820123521e+00 1.178144710938096029e+00
2.545080103108033676e+00 1.022823087640573503e+00
2.690674812169292718e+00 1.121971333384421676e+00
2.622578409390285525e+00 1.103706910771139471e+00
2.694888025792766317e+00 1.169782346742210599e+00
2.622606970035327834e+00 1.095042296408755167e+00
2.665536349843324437e+00 1.109566827582442405e+00
2.709570498652227766e+00 1.128424115702020725e+00
2.704328420779293030e+00 1.084498673857192230e+00
2.561103316979789213e+00 1.066691232206803619e+00
2.626985918395764230e+00 1.033847603309253849e+00
2.427396452769630564e+00 9.746059194240735968e-01
2.485107351449368895e+00 9.616454017712311453e-01
2.722088363563594182e+00 1.119010677228605477e+00
2.559350870601157180e+00 1.029225136153080200e+00
2.562661463044624277e+00 1.064843032514488863e+00
2.459179800447683917e+00 9.499722772140311022e-01
2.567254461534575150e+00 1.046683152555429874e+00
2.508218969974225665e+00 9.801499951676090339e-01
2.567019116086707520e+00 1.039504271636225052e+00
2.576746705068411636e+00 1.033772732747458623e+00
2.510559369969064925e+00 9.957175842222965034e-01
2.630323150959388734e+00 1.072791127643399012e+00
2.681826022866683701e+00 1.120333715886930648e+00
2.686438028146200363e+00 1.103754887151559450e+00
2.694250821682529828e+00 1.139339930494501774e+00
2.441607696118175852e+00 1.026410179153646851e+00
2.707627688579138159e+00 1.175609343655995120e+00
2.627228639428430768e+00 1.103572269867912015e+00
2.622649527650808832e+00 1.096731387116377077e+00
2.605658468282731732e+00 1.067844519599215225e+00
2.661154136944247295e+00 1.104779954042827583e+00
2.607700145428938132e+00 1.073056770520919301e+00
2.587856515785174061e+00 1.070109319497164257e+00
2.555915702907296527e+00 1.063759044090105688e+00
2.546788940492460185e+00 1.030801818786783786e+00
2.640084191162531901e+00 1.129549067962106523e+00
2.643233048485423176e+00 1.079140967823615682e+00
2.660729738079402384e+00 1.038892047431340337e+00
2.661823495814668039e+00 1.073564257677251277e+00
2.651741702312483628e+00 1.069529937186401547e+00
2.616948709999067368e+00 1.148849291344470114e+00
2.663577104946640350e+00 1.140204935398272390e+00
2.382766831654451245e+00 8.913308439339149292e-01
2.648447372893450336e+00 1.033004224598375043e+00
2.677931800238543047e+00 1.049400727552046053e+00
2.502234080382009118e+00 1.012613727468932634e+00
2.490583695138247400e+00 9.902504554006429371e-01
2.520643410889518599e+00 9.736389962958270639e-01
2.545358248383131183e+00 1.079418111104772482e+00
2.597010252512313766e+00 1.055928430353521463e+00
2.433451761106918187e+00 9.912407367908497857e-01
2.577114668710185352e+00 1.068375047834581704e+00
2.554502462035476373e+00 1.005501217254607615e+00
2.575760007871375379e+00 1.041796863282758778e+00
2.445607195083305374e+00 9.385075852213590197e-01
2.609246328953191085e+00 1.026502363787752614e+00
2.671610010136364455e+00 1.073923175108671080e+00
2.672468844495189177e+00 1.078221565318992825e+00
2.663004671949177560e+00 1.113249204706777018e+00
2.568560030160240260e+00 1.045990804186428980e+00
2.683437541730782527e+00 1.109830245108402336e+00
2.576724845961669619e+00 1.001673346794456521e+00
2.595735298509572075e+00 1.027479749151666510e+00
2.692184520862443975e+00 1.101297824958146654e+00
2.529382898264468604e+00 1.005669871486062794e+00
2.483885274152067169e+00 9.981609533833301073e-01
2.568620948356588496e+00 1.059165909474727441e+00
2.492201427162302974e+00 9.903213549168143892e-01
2.562692075145166282e+00 1.039672755650481895e+00
2.488375970742903842e+00 1.000802584178402732e+00
2.633159087220164896e+00 1.048762518788398435e+00
2.594083366105014221e+00 1.057771820743305557e+00
2.458484490224189134e+00 1.010002876901537228e+00
2.480758041786777390e+00 9.929390943369515998e-01
2.571054692545529541e+00 1.055542275728365231e+00
2.568515722300770410e+00 1.011729036287967176e+00
2.517080374135487464e+00 1.023801971370577490e+00
2.609660088027595304e+00 1.101113167262792958e+00
2.593764779522151898e+00 1.027735072896799551e+00
2.760165024926795940e+00 1.173280252291456716e+00
2.693958213356125508e+00 1.167286011415672453e+00
2.713702138021356181e+00 1.116469162104801294e+00
2.601002118444275535e+00 1.097262265084913535e+00
2.600070730300803934e+00 1.031949068270803682e+00
2.913194179286464625e+00 1.333304576782127882e+00
2.642900324554840807e+00 1.104079649530404605e+00
2.653553511489460615e+00 1.095443202055401688e+00
2.507322766949422022e+00 9.779370515491656590e-01
2.421786020605000367e+00 9.709316714909543844e-01
2.651776255262981774e+00 1.115744323315030595e+00
2.632290147222501542e+00 1.052306796636244934e+00
2.660533793216926846e+00 1.085600254395689745e+00
2.631860688034894480e+00 1.042626405548074953e+00
2.544377751365472395e+00 1.027371489362750356e+00
2.703252332388533130e+00 1.118704418783342591e+00
2.586097223566761638e+00 1.132322438671159004e+00
2.697671441235002021e+00 1.098918174854043528e+00
2.546226216872958137e+00 9.728880609134027413e-01
2.596081056503548368e+00 1.063500844613424867e+00
2.686839864476673778e+00 1.134445782490727028e+00
2.586791118192584893e+00 1.012156043365832536e+00
2.604852343067536768e+00 1.079963360076569012e+00
2.599969430701883244e+00 1.080219247229055712e+00
2.571625967045331862e+00 1.034116141338022210e+00
2.437327034392132941e+00 9.129156943291648618e-01
2.521485350249561552e+00 1.005356280763309629e+00
2.645714930802696152e+00 1.128416894789755043e+00
2.544171422707286911e+00 1.057236326796010095e+00
2.519082145680907381e+00 9.950694107523102572e-01
2.845284245363544517e+00 1.289428272056607927e+00
2.553112208995587551e+00 1.094050156238224103e+00
2.614580763305682787e+00 1.083037218005982183e+00
2.567570448593893495e+00 1.016187064069859813e+00
2.572455468173204807e+00 1.075448529387947882e+00
2.571695460700569758e+00 1.027402488821451021e+00
2.681809427427778392e+00 1.101125155139593748e+00
2.586585809318091123e+00 1.022471705528503305e+00
2.537872894287333647e+00 1.015687195693711686e+00
2.559526737546719666e+00 1.000777681415047748e+00
2.516846474239198717e+00 1.059658705157888514e+00
2.603546113362606107e+00 1.097875090193897174e+00
2.549343670526317496e+00 1.022270636267198718e+00
2.637037808327963084e+00 1.106366414641512197e+00
2.668816400678824419e+00 1.144786175334942646e+00
2.607943613747949030e+00 1.127846331755306464e+00
2.481562810642472083e+00 9.912698786597172740e-01
2.628453219393580120e+00 1.088568993912273797e+00
2.485661874930209958e+00 9.305987355357330237e-01
2.530342056404685458e+00 1.056607126554248710e+00
2.589949308120718552e+00 1.068232382373878631e+00
2.624239505462562239e+00 1.044090090095645351e+00
2.674455369194480348e+00 1.079709049652220143e+00
2.454451189788036558e+00 9.239448665930584115e-01
2.623891380081016855e+00 1.024246037846129109e+00
2.548972099776348088e+00 9.710892386253394681e-01
2.632331321319605344e+00 1.080612061759402387e+00
2.724006190634835622e+00 1.167479447676732951e+00
2.693261473223026226e+00 1.126027400183122751e+00
2.599001565400695490e+00 1.096751947884360368e+00
2.641988633573077561e+00 1.019473673514934564e+00
2.455868290626280093e+00 9.736188452670248017e-01
2.624015577470849792e+00 1.042656467187232261e+00
2.519462803862265510e+00 1.004447756857970830e+00
2.712897049184448406e+00 1.097411348013932919e+00
2.708249449193851355e+00 1.203309712121527264e+00
2.621099501331905834e+00 1.125918267432635567e+00
2.547384364576226190e+00 1.030148013792893336e+00
2.597049958439717976e+00 1.056331295087769240e+00
2.602587572759253121e+00 1.068713075472180307e+00
2.613575632066790888e+00 1.042812606805612052e+00
2.670857672318285303e+00 1.093983694913621019e+00
2.511713664941644719e+00 1.017683272652962545e+00
2.583417915695020550e+00 1.038762432026828497e+00
2.536489681010818398e+00 1.039766052869049995e+00
2.574639852870110879e+00 1.055878673396128287e+00
2.452254459829676492e+00 9.574722963615939220e-01
2.461880159993533823e+00 1.022635406408165970e+00
2.585403167944918312e+00 1.088257069760664164e+00
2.567677502994166083e+00 1.081742574642062804e+00
2.593990932837658914e+00 1.077355646931117406e+00
2.622715101514417224e+00 1.135743036655634031e+00
2.645832392376369580e+00 1.143256189354147967e+00
2.608907482665157929e+00 1.032264294794369208e+00
3.044673504181037771e+00 1.514149866238053033e+00
2.765815735866403724e+00 1.186767651491578590e+00
2.623221493230563084e+00 1.048330735379924050e+00
2.562131239937363247e+00 1.073460398177665365e+00
2.487841429945922389e+00 9.466466458130597950e-01
2.598026079532040011e+00 1.046778023001433633e+00
2.468724839194314846e+00 9.679394413702576694e-01
2.431230670611956857e+00 9.317273442304770947e-01
2.519698100396632778e+00 9.839103316456055959e-01
2.655183934209581320e+00 1.070410940664053623e+00
2.600333473650597860e+00 1.062182943314481154e+00
2.743966609328362782e+00 1.218342420688985905e+00
2.574299483528620147e+00 1.119765817757320647e+00
2.479205574981801163e+00 1.000768090912716346e+00
2.488991236597600576e+00 9.419894511524816716e-01
2.486550714356082992e+00 9.893064788352439187e-01
2.546443246364179736e+00 1.024547096220184361e+00
2.506953126963789469e+00 9.434508310635397743e-01
2.656129865025173675e+00 1.168632456099625738e+00
2.782799122237073153e+00 1.233933477821313129e+00
2.519258359275874604e+00 1.023698748883083764e+00
2.459302377035684994e+00 9.660304660643310726e-01
2.593467724242591643e+00 1.117045340965042044e+00
2.476880523699895864e+00 1.027602223704794149e+00
2.495691964673728780e+00 9.602973337405888987e-01
2.650664161801763008e+00 1.085325309907649638e+00
2.609771915864647962e+00 1.026188792115824588e+00
2.798250375812215029e+00 1.203424338263108240e+00
2.461020845070090335e+00 9.736426041254555575e-01
2.889826158793196598e+00 1.341983507803636844e+00
2.622574983610078014e+00 1.061101387274958618e+00
2.690566800220105304e+00 1.141315056208499268e+00
2.395999054875465717e+00 9.169416158830662189e-01
2.586282243152167926e+00 1.061701159150255203e+00
2.541930296029838221e+00 9.967266211209072635e-01
2.621040108181806438e+00 1.077715466456194982e+00
2.535886345589845714e+00 1.009873406429048437e+00
2.525591749195642777e+00 1.036561164165237026e+00
2.563053858700222953e+00 1.063224409042469176e+00
2.728908090781898999e+00 1.202391192629758798e+00
2.513809752849423873e+00 9.577943336835545995e-01
2.485130961201700295e+00 9.802645346896827760e-01
2.564718178693011996e+00 1.042197474936622514e+00
2.763737212907236618e+00 1.251708203514338535e+00
2.462302774986453002e+00 1.034947678917005343e+00
2.553686490892553618e+00 1.043453022525466567e+00
2.480174693078888382e+00 9.885154431129208330e-01
2.614737140887383404e+00 1.015018633609531706e+00
2.540387066378741121e+00 1.036091325507158878e+00
2.673785279547267191e+00 1.118645150586401682e+00
2.661174592905360292e+00 1.067828381973690455e+00
2.640397264707814440e+00 1.121362296914845347e+00
2.588391843517734880e+00 1.080631231803562020e+00
2.541333032301987593e+00 1.045224638258807071e+00
2.512802105319255741e+00 1.038763919226649124e+00
2.622263771550938927e+00 1.075405157443513504e+00
2.680598822780057233e+00 1.111844873687316104e+00
2.594539054203261141e+00 1.026003238421869357e+00
2.621380006843386568e+00 1.013799163197272923e+00
2.576166394402755522e+00 1.069049703213039493e+00
2.672863192607461524e+00 1.172130206057070856e+00
2.464563454668521558e+00 9.586425914648034619e-01
2.513626691546417380e+00 1.029716478672611624e+00
2.466033142002558520e+00 9.947600934878577661e-01
2.631468800154831644e+00 1.089762014559342074e+00
2.687816051585586230e+00 1.170992299601373743e+00
2.656896313521977859e+00 1.135566104318070257e+00
2.599255871711859012e+00 1.005954693054768034e+00
2.625397358864081099e+00 1.062467669569712392e+00
2.601075803262032693e+00 1.110015833368560356e+00
2.659359351444023023e+00 1.094773236944501793e+00
2.610938714731795951e+00 1.095451949890692944e+00
2.570291202747120973e+00 9.910041833714482440e-01
2.706299851197679018e+00 1.098892242585969958e+00
2.698487838087751722e+00 1.127976786219271776e+00
2.605193101219831942e+00 1.075574761348345953e+00
2.597008008387723610e+00 1.076530591616015498e+00
2.633280171213891130e+00 1.126850147663372992e+00
2.463622819539229791e+00 9.641226551666555178e-01
2.476327494460522693e+00 1.031236227614562573e+00
2.589999478583375758e+00 1.088270777758853836e+00
2.466070289948511185e+00 1.015344213935796436e+00
2.643622085210502348e+00 1.168653826089578684e+00
2.672134866719836133e+00 1.104815064732940000e+00
2.567118410553368868e+00 1.042124850402850855e+00
2.454236708040355985e+00 9.423635117243043258e-01
2.553516758414440702e+00 1.044035704241204066e+00
2.593712359583351557e+00 1.081381628829444885e+00
2.546880200708984354e+00 1.037510915999971584e+00
2.583585590681972466e+00 1.041479003320336494e+00
2.528057259709889593e+00 9.763790907492992943e-01
2.627574035144522036e+00 1.104055149975817995e+00
2.661758257522313542e+00 1.098180504463469820e+00
2.503145986975542581e+00 1.044839902813752053e+00
2.701106656586572008e+00 1.091312431979472919e+00
2.613988713001560882e+00 1.010422222445386709e+00
2.474806113322648216e+00 9.352731428529064139e-01
2.534551367558908641e+00 9.853051896668633125e-01
2.604171524697762585e+00 1.092656831674925888e+00
2.679933923371918159e+00 1.122073639006526236e+00
2.542564880068848510e+00 1.141372755279021378e+00
2.409120922538934284e+00 9.595189485147324060e-01
2.521244600876343611e+00 1.019437754375285277e+00
2.535611752732418456e+00 9.919133570014703194e-01
2.750744410903907866e+00 1.172613563515982227e+00
2.625904479006470282e+00 1.066442036298907992e+00
2.630209707313203360e+00 1.098883090873361335e+00
2.637516715932177291e+00 1.131309702921480920e+00
2.588291343026104308e+00 1.032434801638743016e+00
2.531470184331515938e+00 1.053770524258957675e+00
2.413791357191833242e+00 9.232643214707152435e-01
2.585318626630527472e+00 9.977852121083361503e-01
2.619498608211097146e+00 1.127298480041651230e+00
2.769913274161555528e+00 1.098514074620585257e+00
2.579916766391042948e+00 1.076148364143296066e+00
2.637186851479714544e+00 1.108696897108101931e+00
2.598249080774730491e+00 1.051316388436522642e+00
2.479470289069841904e+00 9.899472345296211895e-01
2.648712672616310382e+00 1.085158732452742747e+00
2.811604415914199073e+00 1.212919331527698930e+00
2.714878801259316354e+00 1.209627956829935513e+00
2.470832334308430411e+00 9.512783685258034971e-01
2.716029518827974609e+00 1.153384858300465110e+00
2.736123117400298899e+00 1.119294074454652899e+00
2.435099905328387937e+00 9.400237923714546140e-01
2.614522030258823460e+00 1.032903427409276542e+00
2.725050119402661508e+00 1.201756457442819448e+00
2.517778622161689128e+00 1.006647635714346567e+00
2.441606141654049100e+00 9.493163256015353380e-01
2.712219566028300388e+00 1.101925829263246337e+00
2.611186930629688430e+00 1.067877743516738365e+00
2.565427173876952960e+00 1.051330353018987918e+00
2.457516571769544633e+00 9.425198066442864731e-01
2.572734954321390877e+00 1.101902549922361141e+00
2.727625680388322760e+00 1.165681346171822064e+00
2.621327578969924410e+00 1.036900991721717347e+00
2.503424267331852082e+00 9.624030330318804616e-01
2.439813899296414235e+00 9.453693114863892522e-01
2.606632123155394609e+00 1.136906691518981161e+00
2.588430904297824853e+00 1.097853948351148912e+00
2.473480874176574140e+00 9.717893219545042927e-01
2.690124940569006196e+00 1.107166989127826406e+00
2.721297179851718262e+00 1.216956924528431294e+00
2.674006848069127251e+00 1.137383260293742149e+00
2.572107548744868133e+00 1.081282088749066839e+00
2.538094563032098350e+00 9.860252221472948220e-01
2.540747977818241132e+00 1.040996467331857467e+00
2.717299204685969194e+00 1.100062977824366239e+00
2.519633390122950622e+00 9.886003782361970638e-01
2.527105990909353395e+00 9.908728329175487959e-01
2.597478663058196524e+00 1.083444121468253085e+00
2.522416793552612724e+00 1.024387872842355884e+00
2.661582778425799933e+00 1.071317742639009918e+00
2.564316765106078755e+00 1.073971498120749990e+00
2.536872547471840544e+00 9.967728803436960439e-01
2.480288067272736097e+00 9.856049743790289419e-01
2.633119242498269230e+00 1.067927080237891513e+00
2.559101105604987048e+00 1.038144033445352665e+00
2.587988387154732894e+00 1.077452608796757305e+00
2.626404168434765651e+00 1.066120146769489851e+00
2.878427783349533975e+00 1.181972037577638801e+00
2.641538860089725382e+00 1.160070253994570200e+00
2.697966303717402869e+00 1.152645778517046082e+00
2.619215383672664377e+00 1.055362181846832836e+00
2.565617706362448569e+00 1.072089875935715364e+00
2.545387197723681716e+00 1.053050902029961877e+00
2.453155450736989707e+00 9.983940059824480961e-01
2.629726273490156085e+00 1.068496778981725903e+00
2.754888216444312921e+00 1.164042089011267933e+00
2.809554915274117715e+00 1.307173825805724832e+00
2.642525996797065790e+00 1.099227500448830996e+00
2.625185136833976696e+00 1.094481902261012163e+00
2.708191456325602875e+00 1.127637606755756750e+00
2.588805821809304852e+00 1.100826403561707911e+00
2.620975151513611934e+00 1.186193112988253917e+00
2.690851305683177319e+00 1.140843925665959713e+00
2.609499465147936181e+00 1.026562768720641561e+00
2.949242996081598900e+00 1.310553231411858865e+00
2.562880405638479964e+00 1.064310887249578563e+00
2.702321751855088383e+00 1.173438878908376948e+00
2.602015146309577087e+00 1.117994609263710748e+00
2.550458853802322512e+00 1.030052148953319202e+00
2.667122392455058666e+00 1.117273255702448953e+00
2.484639451521732489e+00 9.673092633854656341e-01
2.405243149738292896e+00 9.405061988868499423e-01
2.608996213131304920e+00 1.026191508450934542e+00
2.666537631687139420e+00 1.111459333425234508e+00
2.573440033867142596e+00 1.041764598992868107e+00
2.705197638088134848e+00 1.109817996271597274e+00
2.700932724932717299e+00 1.215661743993831312e+00
2.535653133281992044e+00 1.058661114635055078e+00
2.474431026521924259e+00 9.367645500907764156e-01
2.646039526485946869e+00 1.104240758196974648e+00
2.647135108699818939e+00 1.081753608673421407e+00
2.525330391059688484e+00 9.965481909498375979e-01
2.645820332233024264e+00 1.114175403029185496e+00
2.698316285863134656e+00 1.118991750640246696e+00
2.606803970639875345e+00 1.070535604166486188e+00
2.762285225133331856e+00 1.155570021865204078e+00
2.525124114286669386e+00 9.275091846842949961e-01
2.682461909349476592e+00 1.121552666291584899e+00
2.656976536066420369e+00 1.117474766374701112e+00
2.590588213849175148e+00 1.121956703591535431e+00
2.591941926791248907e+00 1.077289444870962010e+00
2.605073580764081242e+00 1.019357146389938684e+00
2.460965288458405453e+00 9.428690562878458969e-01
2.582136828201048839e+00 1.058356024777091786e+00
2.624919614131718593e+00 1.073860073979069130e+00
2.524831700418994185e+00 9.796071267202060007e-01
2.554860930783119155e+00 1.035673519258187181e+00
2.609464598850522510e+00 1.085269473992706235e+00
2.537385106887708908e+00 9.888050137812910423e-01
2.747609950037519955e+00 1.181769154873728356e+00
2.583756942070114082e+00 1.039505381043692722e+00
2.546315101017711857e+00 1.025481111383260480e+00
2.703727138671106811e+00 1.134721829180129760e+00
2.920209899578222856e+00 1.304112414157792887e+00
2.442677250416707579e+00 1.009691534768722976e+00
2.500820744658303951e+00 9.649420076579402483e-01
2.839882195292471767e+00 1.192636509563450353e+00
2.523737416360151364e+00 9.721928277727388545e-01
2.596523026977420212e+00 1.034827981789551599e+00
2.656508016058010124e+00 1.089640437968293130e+00
2.507447394447248623e+00 1.030115228549956186e+00
2.606879844903039256e+00 1.098233338990882491e+00
2.727610011048397620e+00 1.165614180807974520e+00
2.546931358210786200e+00 1.034676390486703346e+00
2.490644058349798406e+00 9.504665154605664856e-01
2.493335798290976957e+00 9.800056488341039040e-01
2.542382846084819015e+00 1.064338460098689376e+00
2.471022176410667459e+00 9.459297493473458607e-01
2.566771431793201330e+00 1.035981402394988038e+00
2.486641934165297663e+00 9.212977986409652820e-01
2.585156399532642979e+00 1.029953382311833865e+00
2.595311359587066935e+00 1.024618951601588224e+00
2.648880417062450032e+00 1.106809699697204774e+00
2.678281483934828788e+00 1.097351112271863993e+00
2.586360557038676955e+00 1.099441803508447002e+00
2.547479529845432467e+00 1.038576885043525522e+00
2.689144054660696170e+00 1.202693172320392634e+00
2.548454901241032022e+00 1.020586676878364685e+00
2.661072068607948982e+00 1.167150466320260760e+00
2.614180683434319530e+00 1.044287821599320765e+00
2.739265389168544118e+00 1.191061053435891637e+00
2.673148163213647344e+00 1.067632858524803829e+00
2.439142239316090865e+00 9.478733922256999955e-01
2.482730476562657440e+00 9.961618147306449123e-01
2.473468275317210807e+00 9.341489392663496760e-01
2.584591355997748252e+00 1.113914681462711886e+00
2.681103025536851980e+00 1.155680090518077519e+00
2.528782689272587536e+00 9.750271290115962719e-01
2.603775376196843627e+00 1.095886157058858279e+00
2.450466639587566497e+00 9.819228739192068511e-01
2.644775838599387363e+00 1.089298070440596788e+00
2.588146211121895579e+00 1.029532155844077090e+00
2.676872210072776870e+00 1.138276308607145904e+00
2.621831372936263005e+00 1.065248864180968980e+00
2.490667836302084215e+00 9.435872522584095590e-01
2.522779411108621694e+00 1.032947077458086449e+00
2.632496947837911883e+00 1.186742748259174141e+00
2.600318321438823244e+00 1.073885519582049142e+00
2.519158099004167983e+00 1.038215667789358143e+00
2.712458178866650194e+00 1.127415122936863634e+00
2.585934128486043093e+00 1.062271883180840426e+00
2.515237748437502141e+00 1.062344254699030932e+00
2.529345892316841926e+00 9.715854754829321704e-01
2.433271962367047792e+00 9.710875952145632262e-01
2.565006754714690640e+00 1.012876596644067373e+00
2.545074839027207325e+00 9.855813374360267165e-01
2.586690752489911205e+00 1.097022708914250577e+00
2.732857259273778983e+00 1.189217850900433859e+00
2.576185144595390053e+00 9.903387035399220384e-01
2.601938753139048988e+00 1.096560775498817142e+00
2.650227732511900580e+00 1.067511621048898407e+00
2.612608428968586249e+00 1.103440748351126599e+00
2.672527746379320224e+00 1.120979595532863637e+00
2.607258182211145581e+00 1.102286656169550350e+00
2.605794163733424540e+00 1.101594491897635919e+00
2.670158415264896057e+00 1.130378218664000123e+00
2.534476886716140687e+00 1.052643241348257153e+00
2.690625212743748662e+00 1.148548269293633739e+00
2.520678942769218445e+00 1.012319997972547014e+00
2.594495524891793359e+00 1.114422372325129418e+00
2.636929795365113183e+00 1.118130511381393077e+00
2.627256247759016006e+00 1.114595685071382736e+00
2.595388224098998720e+00 1.075857905572112250e+00
2.668876586780810189e+00 1.119157173714720788e+00
2.590687333386190172e+00 1.049723903174289985e+00
2.586465503474562944e+00 1.073295445488250177e+00
2.524338198346935958e+00 1.036783368773111391e+00
2.628080291367219434e+00 1.103155351644006466e+00
2.663372240674419356e+00 1.019380096862503970e+00
2.583665677642509095e+00 1.058857864864776177e+00
2.515056360639141175e+00 1.007842909793145170e+00
2.608772114219874094e+00 1.084237148606335355e+00
2.616714170174479381e+00 1.063726154783867450e+00
2.441033855244914896e+00 9.504910496750811344e-01
2.618665936170148090e+00 1.078074338789120956e+00
2.730903212806365055e+00 1.157969107438302725e+00
2.638361845540081685e+00 1.155153408358977174e+00
2.618476476079280246e+00 1.021075810332908063e+00
2.475196184919098652e+00 9.998323311092945920e-01
2.512799060559036235e+00 1.029176769468284292e+00
2.609519343756026899e+00 1.101347762965596777e+00
2.513385212071985730e+00 1.019256504797681151e+00
2.666572663377176688e+00 1.128892330366344732e+00
2.447580673146285690e+00 9.974641172368136077e-01
2.570005776114800966e+00 1.051972291034162454e+00
2.723006210308210662e+00 1.153938560867774132e+00
2.484418883496574360e+00 1.005747292184774766e+00
2.636542050366158740e+00 1.075125058305257619e+00
2.455149533357071423e+00 9.676008272718483738e-01
2.546002818869273376e+00 1.045478805527310318e+00
2.680195918533102351e+00 1.087643536019438306e+00
2.490042632607134543e+00 1.005137026430094727e+00
2.583429398099410079e+00 1.101397945208185458e+00
2.559050027782086900e+00 1.034819988794022594e+00
2.662857719281659374e+00 1.090648370557582680e+00
2.481056081257857482e+00 1.009940365638394288e+00
2.560815710018702340e+00 1.001034989525845242e+00
2.599826981255557445e+00 1.138482961069599453e+00
2.552950470012685269e+00 1.054086245746767680e+00
2.560442083834223670e+00 1.054580092753692355e+00
2.633682515278120917e+00 1.145853381814287308e+00
2.751830745651577814e+00 1.132806470586452008e+00
2.620771793487287837e+00 1.047340204012867648e+00
2.720189879667236355e+00 1.113675989168184666e+00
2.586454050098905721e+00 1.036217823376867742e+00
2.936893146564505397e+00 1.380188088400159385e+00
2.469661429907729300e+00 1.000986921282876141e+00
2.717527034331653990e+00 1.205382560098751998e+00
2.628255801048779983e+00 1.099567780872339418e+00
2.553865920539159173e+00 9.727853623284862250e-01
