2.705394259297905002e+00 1.171169423593749537e+00
2.676712682392789144e+00 1.196232704417322656e+00
2.775970816349381920e+00 1.171817546670992805e+00
2.589561991761121451e+00 1.065711746495606516e+00
2.700438498490723926e+00 1.122880908928668653e+00
2.624894774133299080e+00 1.061389665596486287e+00
2.635552804331736887e+00 1.055016363893511055e+00
2.598020696913145855e+00 1.017941602731916806e+00
2.732750318729034511e+00 1.187310912249591954e+00
2.445761286965740133e+00 9.463577869038320989e-01
2.610583225138098484e+00 1.081842060258446869e+00
2.646381953409222998e+00 1.131059476359535410e+00
3.059802989214588820e+00 1.436418169021222990e+00
2.588191731076681990e+00 1.028916152253017025e+00
3.085432459774230640e+00 1.418372529686414918e+00
2.658768165717204646e+00 1.131625391032915040e+00
2.697218658915533140e+00 1.115761846459913054e+00
2.612601062060777579e+00 1.089787248151138810e+00
2.633700934862157172e+00 1.042835026631462325e+00
2.638382565060079621e+00 1.048763904627633137e+00
2.675438764834980443e+00 1.109349772353092511e+00
2.700431227638171894e+00 1.147794816345376834e+00
2.665175764682403248e+00 1.154419057225545719e+00
2.658082485452523791e+00 1.100397052694732425e+00
2.764510617492860867e+00 1.177174897831323008e+00
2.635122796937652723e+00 1.089795209452355307e+00
2.703415577158084115e+00 1.144383505932581979e+00
2.601676920883036370e+00 1.071986062297120013e+00
2.726290738346960119e+00 1.091772178157488726e+00
2.599188326618903311e+00 1.015884550572546008e+00
2.535842494359413557e+00 9.696827617252008480e-01
2.493892064738109315e+00 1.032074495288106464e+00
2.741753792133930556e+00 1.177530758121521748e+00
2.709879525747673323e+00 1.124389237672821062e+00
2.699556824244501385e+00 1.129799482218268869e+00
2.629456537265092653e+00 1.040128940619222897e+00
2.741192456192488969e+00 1.141908662209354164e+00
2.793038679624122445e+00 1.204753229121926283e+00
2.583806102239725178e+00 9.655813952213611051e-01
3.317974918801245732e+00 1.751113935373687980e+00
2.669386491402204076e+00 1.078161530261519063e+00
2.642680030150803994e+00 1.082023520426875329e+00
2.755370026409730499e+00 1.199399108318813578e+00
2.737834871330880659e+00 1.158864739755022910e+00
2.644578494806435476e+00 1.041880873220715431e+00
2.838775007251197025e+00 1.234060414663278982e+00
2.904173255772757756e+00 1.329592427212889838e+00
2.740853738481455526e+00 1.180888141872010744e+00
2.702096193954235837e+00 1.101419776972667242e+00
2.651328764487821843e+00 1.104244560998847380e+00
2.751253690456983758e+00 1.167175131250662856e+00
2.734552914671825707e+00 1.187568940793981564e+00
2.763435122351397322e+00 1.169174776657209147e+00
3.143560938691493334e+00 1.569642526182867703e+00
2.760580160199709976e+00 1.137937189951709449e+00
2.704170017518586544e+00 1.183123877803525126e+00
2.684977343876878031e+00 1.102308210291908841e+00
2.675537320640285710e+00 1.129830519325636828e+00
2.564240697255610879e+00 1.052036525350531271e+00
2.617026351619446967e+00 1.056771034634990336e+00
2.691200046524429901e+00 1.116585930381893021e+00
2.646351340889689041e+00 1.033682006445524326e+00
2.767261192309109497e+00 1.243035918511432802e+00
2.636373002156879419e+00 1.087808421115958657e+00
2.513057728224891374e+00 9.996801325053445986e-01
2.674347927452873197e+00 1.109047705890022328e+00
2.857988870318421082e+00 1.223510533930353139e+00
2.869389324327264568e+00 1.199777414266028019e+00
2.712676296487951610e+00 1.171593621820988806e+00
2.632814498765147171e+00 1.058363177339782801e+00
2.836240615605320592e+00 1.188543816678698573e+00
2.518460255194805431e+00 1.032181823968032930e+00
3.065768481185132455e+00 1.430978527346302487e+00
2.696183196057113651e+00 1.151879800239231866e+00
3.567360959927579511e+00 2.158901345629878676e+00
2.694862911663989280e+00 1.147496749026709173e+00
2.660779481741890606e+00 1.079612352348044979e+00
2.766360450059754950e+00 1.245852772885663429e+00
2.688432616491239990e+00 1.111379743676593757e+00
2.710893988162824453e+00 1.173401441208147933e+00
2.632078093715592981e+00 1.081423199466122309e+00
2.518461867147709476e+00 9.932688090373402723e-01
2.603957216079429760e+00 1.039969532118565132e+00
2.547659641664444141e+00 1.045019303093880580e+00
2.817729419826219051e+00 1.223295086372721885e+00
2.616713740883236383e+00 1.053987331820115836e+00
2.768876643869149667e+00 1.262294877841099838e+00
2.595254096463899263e+00 1.021285233073847998e+00
2.602702034740791426e+00 1.053203536542461904e+00
2.980082221960276279e+00 1.376643200526340260e+00
2.455057765047827800e+00 9.019285943576769160e-01
2.770961403148237245e+00 1.247480744863184832e+00
2.719404653729572630e+00 1.084180283604130324e+00
2.667537719681270403e+00 1.111211084444769792e+00
2.928694297417766546e+00 1.210795533035777138e+00
3.296669302417321035e+00 1.708366875162202980e+00
2.488993635833567364e+00 9.528787396802169685e-01
2.786648161024350756e+00 1.160497128071744655e+00
2.713509283618139811e+00 1.070731995521713609e+00
2.593926063987356034e+00 1.086179401547851198e+00
2.811657230047221123e+00 1.249546872704939027e+00
2.596110700336158761e+00 1.016266494360597239e+00
2.825128004569912754e+00 1.252833527723772100e+00
2.549268325252584955e+00 1.018869320014736735e+00
2.703712601441651486e+00 1.152528794116947530e+00
2.613239513231967237e+00 1.070143382206063531e+00
2.610960263957041061e+00 1.095086000443426633e+00
2.638406649241135771e+00 1.058920252065918666e+00
2.745839331641218184e+00 1.171738559383824096e+00
2.670942271023256875e+00 1.067733510601865943e+00
2.636765392084954751e+00 1.070979540717369449e+00
2.669477634129964638e+00 1.146961614008642272e+00
2.625178653104439430e+00 1.097466208598571136e+00
2.700488865045828302e+00 1.088481532690424469e+00
2.702965238942407478e+00 1.094525544481015578e+00
2.749060139179899664e+00 1.166391831521714995e+00
2.636636554918332376e+00 1.090671035378109277e+00
2.698668613370013514e+00 1.161315441541238780e+00
2.772167263792760128e+00 1.193089117812871303e+00
2.735682428181680947e+00 1.161178993449905050e+00
2.603991948206507256e+00 1.054132000102242506e+00
2.684886351053852316e+00 1.078849455905692922e+00
2.597378943907044491e+00 1.041923445164264717e+00
2.749328714257610606e+00 1.161771434331716479e+00
2.784102503227342762e+00 1.232444481411943737e+00
2.752857369491973571e+00 1.184454893832571187e+00
2.525916976675703474e+00 9.932749904318215473e-01
2.797174677972580792e+00 1.194572981537042056e+00
2.664899041410254465e+00 1.137407127184007605e+00
2.775470238048730387e+00 1.165401913365140318e+00
2.507831922048957551e+00 9.698157943140292003e-01
2.511397109998824817e+00 9.853238208542824950e-01
2.765838179267571917e+00 1.187209355754840212e+00
2.566322634127405244e+00 1.032226328699134665e+00
3.043227656815650217e+00 1.460194316580725848e+00
2.603593744948956790e+00 1.067684389241878584e+00
2.521255837026829205e+00 1.007523827431756169e+00
2.707785349556229182e+00 1.117374115235847620e+00
2.896350904623245182e+00 1.239824280206196061e+00
2.706602753859793875e+00 1.087752214735028922e+00
2.682503300499094134e+00 1.122531071172787387e+00
2.583279781774941775e+00 1.055617361072915594e+00
2.840278930702784699e+00 1.220679427189385047e+00
2.739022419962037880e+00 1.133997524768839860e+00
2.763516992631954938e+00 1.187529222057832845e+00
2.536969002321358690e+00 9.750464862391874377e-01
2.674802377308755030e+00 1.143593754169522914e+00
2.561100156572241549e+00 1.003170273454640160e+00
2.630507939398006201e+00 1.068670827518720223e+00
2.437248024310831429e+00 9.152153336196680034e-01
2.596641739862175058e+00 1.058514282469086965e+00
2.694035850962112733e+00 1.115550098393655043e+00
2.624971261469302597e+00 1.110291469779109974e+00
2.760722650367077424e+00 1.194203772837164390e+00
2.627029806440144721e+00 1.107988818109696183e+00
2.787035096881115948e+00 1.157920068717811279e+00
2.609500029771705698e+00 1.052031589110146603e+00
2.781546384254679261e+00 1.122514540230081348e+00
2.727352805325832907e+00 1.143391728081633474e+00
2.649604687263574565e+00 1.047438012878743052e+00
2.527361577820829819e+00 9.799187133285587326e-01
2.708044259588146208e+00 1.133138842278488267e+00
2.633895680226543856e+00 1.095143860287037807e+00
2.761515443298286243e+00 1.156014069888582352e+00
2.794983899960489016e+00 1.231902545889968614e+00
3.100188414065384368e+00 1.537645300512884283e+00
2.695654084280600493e+00 1.108595459549849727e+00
2.598147537267604168e+00 1.026428972210653434e+00
2.637999447936089759e+00 1.141686373812222044e+00
2.711376993642128141e+00 1.178611273438262108e+00
2.704084673120726201e+00 1.059169235451258739e+00
2.757876200622563889e+00 1.150264723335969741e+00
2.807425369864115172e+00 1.245912857703766585e+00
2.853203605004543064e+00 1.244206100035872620e+00
2.684555262125892572e+00 1.102207362079266950e+00
2.805736392255050227e+00 1.187489505208291218e+00
2.665870642787396605e+00 1.140466698228268960e+00
2.813557396055224036e+00 1.206064877511147770e+00
2.765813605269891617e+00 1.184126344766340599e+00
2.823888221684609512e+00 1.167954191330352165e+00
2.563107774776283598e+00 1.021955825415458152e+00
2.659032521568063689e+00 1.069764314759933388e+00
2.642951814746494321e+00 1.093748306811819671e+00
2.710538761408120223e+00 1.143513064248807165e+00
3.057597575762104114e+00 1.449882617834620468e+00
2.626399389319555855e+00 1.081077903632151171e+00
2.593039285356311119e+00 1.029578262766298824e+00
3.292658550019773145e+00 1.693002990759796544e+00
2.722419408576480127e+00 1.211061496177733288e+00
3.261230081003335002e+00 1.622089868632943910e+00
2.568125454818328102e+00 1.010314280740538084e+00
2.782294271688833920e+00 1.175634252078299413e+00
2.651736683150017981e+00 1.049124004593276815e+00
2.624412033376570808e+00 1.082369513128419003e+00
2.626445486893109305e+00 1.026046981778111933e+00
2.620033175457799235e+00 1.058235828680478940e+00
2.616886790303022625e+00 1.109804949714693345e+00
2.605503001870986157e+00 1.071076140118646824e+00
2.793526273734553200e+00 1.210878724964901343e+00
2.626262846518662375e+00 1.076179127799935742e+00
2.569407081178712193e+00 1.023065485672690622e+00
2.705253887027810222e+00 1.172766361440386484e+00
2.554155293734347243e+00 9.560218599092563663e-01
2.661264037902667745e+00 1.132781283591254518e+00
2.682012122985495850e+00 1.120716840973998707e+00
2.571967438684623630e+00 1.034630248017839316e+00
2.557477399251887551e+00 1.002690286945938647e+00
2.453817343314507404e+00 9.259410192370730597e-01
2.632751762932659112e+00 1.134201590096997947e+00
2.707256855400189455e+00 1.108369543714920136e+00
2.823900455278176125e+00 1.176257622972147754e+00
2.562952439750998401e+00 1.056693816440185341e+00
2.678421642074813480e+00 1.156831674059736192e+00
2.544419150931033435e+00 1.010004409424032801e+00
2.785245540746826176e+00 1.123494150038696349e+00
2.653317005913926163e+00 1.131545326943480534e+00
2.633622533914479202e+00 1.084036272354913066e+00
2.790051819111771803e+00 1.179220558380164263e+00
2.801623967683623651e+00 1.167600483950950174e+00
2.776530485836402384e+00 1.203323827274069835e+00
2.712018447794573017e+00 1.179843063218578791e+00
3.419482012496805723e+00 1.827476023512166536e+00
2.682477776407688808e+00 1.128062028808549000e+00
2.802353829432183030e+00 1.207657027512972103e+00
2.687234014058673015e+00 1.121246992784568741e+00
2.651929507409656939e+00 1.041088815065940754e+00
2.733774721146622344e+00 1.148477281251715665e+00
2.720047079462274198e+00 1.134199024429565439e+00
2.757260781890237489e+00 1.140664046653227848e+00
2.517055429623221485e+00 1.014521737039052240e+00
2.750607598069667592e+00 1.137719581974579341e+00
2.666786739360362812e+00 1.090363239542355256e+00
2.658605679618552209e+00 1.104383997536698025e+00
2.588590535033273188e+00 1.020141025365988829e+00
2.707999727327370820e+00 1.113398758688767698e+00
2.794571301443781852e+00 1.239011106063150347e+00
2.769884312910811719e+00 1.185442285447681376e+00
2.681138586845474681e+00 1.115909938311276273e+00
2.714898156482517422e+00 1.116109369650903904e+00
2.591187132205280186e+00 1.093106559007622769e+00
2.789760080858680436e+00 1.259349865075783503e+00
2.537596831352872062e+00 9.925582892623477926e-01
2.657082434050377806e+00 1.088392639153809016e+00
2.617075768656134560e+00 1.093520631364180096e+00
2.755828083321981037e+00 1.141767457578672706e+00
2.469157970340474240e+00 9.525615231067766642e-01
2.701066682046191936e+00 1.130565720960145626e+00
2.715416620084430299e+00 1.119528434103534531e+00
2.562291081535988724e+00 1.006958755851722342e+00
2.569982129181991315e+00 1.024799123799251310e+00
2.598751107396713778e+00 1.014292334419651276e+00
2.727677021949361347e+00 1.209235721147456033e+00
2.683546181551513143e+00 1.110177189341472026e+00
2.691224875970453123e+00 1.156689892968257416e+00
2.666455042648884000e+00 1.104890725513063776e+00
2.815313039283771968e+00 1.173900460777809185e+00
2.581583322560127680e+00 1.080365709943160946e+00
2.601542881401538221e+00 1.013055433172646458e+00
2.763438786538936931e+00 1.175268637090518542e+00
2.688230635143789016e+00 1.037488571311981467e+00
2.754179635346261978e+00 1.159038944012034777e+00
2.520216221195626716e+00 9.863483106459625116e-01
2.598092137068237495e+00 1.001711435759225832e+00
2.773578200702829566e+00 1.177561248804438465e+00
2.502472981049677525e+00 9.673034233481453414e-01
2.626318421331031328e+00 1.078053917856927280e+00
2.566002820972859588e+00 9.810425595916354435e-01
2.611731168543242720e+00 1.036159612441324374e+00
2.792119960516773691e+00 1.208442039475636554e+00
2.678905396156637142e+00 1.094144772375978292e+00
2.847984145707467274e+00 1.299986362584501620e+00
2.760550495998683740e+00 1.121088760442056742e+00
2.730080796742622606e+00 1.189110369827375058e+00
2.632346295331718267e+00 1.079581277787807991e+00
2.609094991677112674e+00 1.061333835809163295e+00
2.579489964149225045e+00 1.078888085461544355e+00
3.111748680266603007e+00 1.490351284674198640e+00
2.696749030095283661e+00 1.168932362253260360e+00
2.770384312246001901e+00 1.171108404904384281e+00
2.691641218836618332e+00 1.123471795850334853e+00
2.568358278394368366e+00 1.033602594027722255e+00
2.731550936094558679e+00 1.121930157602186950e+00
2.794278115037393651e+00 1.249444697484985323e+00
2.813587638807757862e+00 1.208229766236941671e+00
2.845838359196930956e+00 1.218103520295733766e+00
2.798125972137484929e+00 1.171542822078712742e+00
2.700971068879818304e+00 1.139650930708664855e+00
2.666974670167437278e+00 1.139743903227694144e+00
2.706213628794921888e+00 1.102968314272788852e+00
3.135269982018711765e+00 1.657899171113963233e+00
2.609285152213177472e+00 1.000654171966279593e+00
2.811494476569375234e+00 1.195607326798868941e+00
2.717559990120229418e+00 1.128690836481105242e+00
2.588816746369499988e+00 1.062289315947355872e+00
2.559817996985636501e+00 1.008533117328845874e+00
2.643107266359054019e+00 1.085191564755734417e+00
2.790269627011891629e+00 1.175494556389148348e+00
3.158356864964376065e+00 1.550588847610024690e+00
2.668210757712454750e+00 1.137748265967447159e+00
2.613084301167471146e+00 1.058545682372218133e+00
2.608003647091051036e+00 1.113465199144607176e+00
2.796537900858022674e+00 1.195805633897213616e+00
2.692276418895545032e+00 1.103979103896263192e+00
2.788489902506253060e+00 1.191198663250923717e+00
2.622223787413285656e+00 1.053207876059049530e+00
2.757606659751148381e+00 1.172877598161864432e+00
2.693421935625178509e+00 1.146933150182982253e+00
2.443183241808699613e+00 9.468680601312891021e-01
2.639424417250218813e+00 1.050853732333515200e+00
2.669697568574406432e+00 1.103994385015501400e+00
2.573029078650581170e+00 1.003253242052584593e+00
2.734714541764615259e+00 1.129455969947377403e+00
2.567313290112314128e+00 1.004656088513387724e+00
2.805550753742775516e+00 1.169112471647732132e+00
2.610081089557457101e+00 1.039483140720809162e+00
2.741726541440963505e+00 1.131393337847030445e+00
2.763006328340253059e+00 1.251025107363835209e+00
2.983964992823105788e+00 1.353725668576142960e+00
2.793514636106500415e+00 1.234430860708984445e+00
2.712086872139865434e+00 1.097264977240554717e+00
2.729427989102422902e+00 1.135545868832576133e+00
2.670014570792660358e+00 1.077175178305578740e+00
2.666203675589886135e+00 1.073979980986131677e+00
2.755162058895421318e+00 1.171951948569671886e+00
2.650026361904505023e+00 1.067336219031807643e+00
2.696355804858684202e+00 1.111189390018050061e+00
2.733397948450150494e+00 1.198730078669946408e+00
2.682961522129159171e+00 1.150559164604556095e+00
2.477592981994722887e+00 9.368093426888407516e-01
3.443945752684971495e+00 1.918376289835091120e+00
2.670759140583998992e+00 1.102962921461248635e+00
2.701685257068922486e+00 1.146671563632280177e+00
2.613213010010864590e+00 1.037042612865566094e+00
2.637475457872623164e+00 1.079287010162340410e+00
2.736675498823307073e+00 1.162915830979187159e+00
2.594758671976130859e+00 1.074556120057460484e+00
2.590717270612956646e+00 1.086542866435006527e+00
2.572879105075155159e+00 9.956778498789334853e-01
2.746930219643378468e+00 1.178348789960541154e+00
2.680290577553240183e+00 1.118632992256096914e+00
2.739991924520208233e+00 1.148024741481099120e+00
2.572598518227832365e+00 1.026495774472012679e+00
2.499525321626693497e+00 9.575181025083504549e-01
2.811492594878378437e+00 1.184496758202252753e+00
2.498798317098857247e+00 1.004059074139306729e+00
2.953801216534452045e+00 1.294768352490635488e+00
2.703619137569237996e+00 1.082765891338141495e+00
2.692178346235587050e+00 1.125051053553334679e+00
2.675955006660341251e+00 1.097974392018465695e+00
2.577065236627567035e+00 1.077995017290613200e+00
2.573257336564417574e+00 1.022454236336267863e+00
2.790505688923922367e+00 1.224764748616264942e+00
2.647918967277856250e+00 1.058211442439587868e+00
2.555180362873516131e+00 1.034642263068225709e+00
2.685905778457141402e+00 1.053712556787033572e+00
2.682874414394734952e+00 1.085270619185587870e+00
2.668594087406168214e+00 1.138800244448457955e+00
2.508299631328797741e+00 9.661907210788355238e-01
2.761686692173232593e+00 1.168205150304385542e+00
2.730756913835520105e+00 1.151575619980775622e+00
2.609060534889692029e+00 1.112651134451001944e+00
2.690023248676130851e+00 1.115174151074767472e+00
2.608219488415688403e+00 9.980251468080678645e-01
2.627105648343884159e+00 1.105256139331514564e+00
2.631816910784331665e+00 1.154408925748761083e+00
2.646217166202811555e+00 1.103602852784702160e+00
2.598109787465953335e+00 1.072793653412091208e+00
2.976492345195645317e+00 1.379740095219387896e+00
2.793191569986339218e+00 1.223216229197748417e+00
2.719183012609190708e+00 1.112237725340232020e+00
2.558210942269568910e+00 1.000288031662087018e+00
2.679694592420583721e+00 1.046426315661230122e+00
2.728212705092115886e+00 1.099868828797210485e+00
2.983907213223394805e+00 1.408059340577070717e+00
2.689241078566561693e+00 1.192910747522705206e+00
2.660092452666992457e+00 1.076906894753019150e+00
2.698108015907787482e+00 1.115900507404410602e+00
2.716914000914032901e+00 1.151478771685831237e+00
2.859762545717457805e+00 1.290215316527157041e+00
2.837899005119453921e+00 1.315464720005292243e+00
2.522334712317611860e+00 9.961884735274120217e-01
2.739816558258094226e+00 1.134200980163504680e+00
2.586168615239321955e+00 1.048339593317879626e+00
2.978051343607840629e+00 1.364046395451581350e+00
2.791608619864241803e+00 1.211294525066751282e+00
2.509717242246582547e+00 9.965631602110361920e-01
2.699731343332882894e+00 1.158725601235493619e+00
2.543882103543162465e+00 1.025928773449245268e+00
3.125595399458030776e+00 1.488806089101518682e+00
2.642249948383858626e+00 1.126841340815811332e+00
2.736457512152027594e+00 1.119023927966159127e+00
2.882958390754081446e+00 1.307855992958049773e+00
2.599315791319153135e+00 1.085397731679443423e+00
2.596739100983805226e+00 1.040074912855382117e+00
2.582270393270272191e+00 1.009412537821866129e+00
2.629358852691662474e+00 1.068580379173451833e+00
2.733218231467150705e+00 1.111984002182369258e+00
2.678333981095382565e+00 1.153321240892816402e+00
3.416317957372721814e+00 1.903131652283984510e+00
2.724813690766104024e+00 1.148576069274744649e+00
2.553006989904694102e+00 1.073172797773084497e+00
2.649585206042520014e+00 1.076164847396444024e+00
2.716929600395222355e+00 1.147130400141498585e+00
2.644873460203297721e+00 1.117620527891876492e+00
2.442509932812136686e+00 9.259549396218352824e-01
2.562810607985563038e+00 1.031336158526163116e+00
2.740707007918420146e+00 1.125141991990617152e+00
2.649841452774319706e+00 1.086763388964468113e+00
2.822422044834842492e+00 1.207100005688624078e+00
2.728438692473265093e+00 1.181334245685828011e+00
2.657650534846008217e+00 1.108477463665351603e+00
2.692218084143505052e+00 1.134568015836498134e+00
3.098069919543015249e+00 1.434928256121612788e+00
2.654961386877286778e+00 1.058811940820994391e+00
2.547730093384334982e+00 1.006567200714138188e+00
2.582151143890664802e+00 9.958435149774310657e-01
2.439566894156788734e+00 9.307206331855683024e-01
2.728677499515766325e+00 1.176096114892483113e+00
2.595123711396952970e+00 1.042785311299042172e+00
2.564084424737111512e+00 1.110072481019615864e+00
2.718391218779732998e+00 1.138862865559784776e+00
2.783069870971380588e+00 1.205236863803003100e+00
2.705251073056924582e+00 1.168229196533711711e+00
2.796953694902610366e+00 1.200832597751774644e+00
2.782284618273584087e+00 1.195837342913540491e+00
2.590226641634303828e+00 1.076828092059715081e+00
2.604927702441328208e+00 1.094365816866435859e+00
2.399759339076604103e+00 9.212723620103918654e-01
2.625269994534926710e+00 1.071415184680795774e+00
2.792745245438188029e+00 1.215323974534611606e+00
3.444940048059824012e+00 1.988445435778622983e+00
2.767410883883868244e+00 1.212280457525547694e+00
2.619160393026221278e+00 1.053919427522609586e+00
2.682966926068729219e+00 1.099833437069335007e+00
2.652643803449445059e+00 1.141945947352422719e+00
3.477941477990802888e+00 1.806412853481233594e+00
2.614036114086450091e+00 1.091384346946361106e+00
2.766802699707784807e+00 1.166152525829325048e+00
2.672789470117751254e+00 1.032509642055263299e+00
2.802055982432938741e+00 1.169761508951502549e+00
2.776924313678871048e+00 1.157857915261170545e+00
2.629613058097878486e+00 1.054611473136910949e+00
2.593660355773038440e+00 1.019330751710549876e+00
2.612924825648877736e+00 1.053396302112126426e+00
3.181190414350533402e+00 1.551539350042142829e+00
2.589197580828171752e+00 1.053801210339678329e+00
2.679568755000984126e+00 1.139963423225773820e+00
2.699525261565657974e+00 1.138040684669481717e+00
2.739872371195928746e+00 1.159269632807750305e+00
2.661354781428845406e+00 1.064844619646452717e+00
2.679901538902676794e+00 1.100547939808906861e+00
2.663070435103302547e+00 1.061058882247428947e+00
2.757499308808043281e+00 1.134162428251269672e+00
2.635354591270079982e+00 1.076017557062911356e+00
2.800921358784934423e+00 1.188962005858546389e+00
2.654794364469203138e+00 1.108267356721696961e+00
2.637222545526884065e+00 1.038212504215088705e+00
2.621904761373043069e+00 1.072558901427548950e+00
2.733477769923983836e+00 1.143195323897771454e+00
2.432561899633766789e+00 9.378250821893986400e-01
2.576728214561264885e+00 1.014351155818700168e+00
2.629767031745180006e+00 1.071920706464083439e+00
2.695689904981581897e+00 1.140457598154778873e+00
2.665311391571207000e+00 1.045297263592361192e+00
2.597799321607606515e+00 1.095056269430974227e+00
2.666618512023302134e+00 1.105434103674062696e+00
2.767921468258421225e+00 1.141234094821027778e+00
2.686904781034365808e+00 1.106255076931271786e+00
2.685431038146875338e+00 1.151910467830270068e+00
2.552205103636760786e+00 9.824679484955046727e-01
2.755255917035668745e+00 1.145508157822451745e+00
2.743851682019829319e+00 1.180132468335672424e+00
2.502822485470389768e+00 9.713575078932201734e-01
2.940797426906237355e+00 1.333234665483921111e+00
2.626951290382812054e+00 1.060185431414615298e+00
2.657024844138151209e+00 1.175467448104996038e+00
2.756716225631112849e+00 1.153186115700168601e+00
2.622043308923598381e+00 1.056836634763502980e+00
2.644856169121338141e+00 1.078491017827497567e+00
2.625883065421754647e+00 1.054301342630219018e+00
2.539854090033305756e+00 1.040617601804758152e+00
2.561710483300108088e+00 1.053070488303696539e+00
2.754609429142436117e+00 1.239078823670449747e+00
2.489744319671949757e+00 9.902250265641593385e-01
2.716818953609526854e+00 1.073007499523794372e+00
2.552856337266077524e+00 1.028835819597866408e+00
2.567494555294552061e+00 9.634134853467696269e-01
2.941034738788649516e+00 1.337324480619027423e+00
2.673661095772967400e+00 1.109588052342098452e+00
2.581646767000790543e+00 9.758504355333706970e-01
2.690786272778802335e+00 1.120066114776345101e+00
2.681352738702696303e+00 1.139256453431838567e+00
2.600762696886697700e+00 1.073847306905608256e+00
2.714265522624458082e+00 1.141234947194957661e+00
3.049056682289244868e+00 1.409266507691403048e+00
2.803734340905077005e+00 1.197357922032285416e+00
2.566343910343126478e+00 1.036159730156616332e+00
2.684808379750721841e+00 1.096012027268022271e+00
2.627533550753805791e+00 1.130570368351781152e+00
2.682748224029567918e+00 1.093878875345879687e+00
2.794812614394598604e+00 1.227925578733308987e+00
2.621217322327855204e+00 1.050552113391245657e+00
2.675935768776821710e+00 1.130758782361849901e+00
2.626778382959852554e+00 1.085990812007370909e+00
3.192566080271892925e+00 1.628783036950944396e+00
2.700583620508095972e+00 1.153357420577993286e+00
2.598436030235158345e+00 1.122010676695183617e+00
2.814316504657828233e+00 1.208436002266161324e+00
2.712160863045498527e+00 1.130678884577956955e+00
2.643305330821601462e+00 1.076215380040513647e+00
2.741462415807801367e+00 1.171372318504814825e+00
2.781862951219359559e+00 1.164742495029348790e+00
2.747826139412889557e+00 1.161487729353162246e+00
2.803394169966752170e+00 1.188046053745779318e+00
2.691669040325877837e+00 1.091826248088234141e+00
2.705379317387105687e+00 1.134776702495426726e+00
2.643967001703418696e+00 1.121466186048446501e+00
2.459305220162681938e+00 9.377012516044479495e-01
2.723385463045108867e+00 1.100771345546328384e+00
2.746964654981918219e+00 1.140210557535434210e+00
2.843461811660709770e+00 1.202841602686463229e+00
2.764554927017692787e+00 1.171436603074747618e+00
2.680190501488162180e+00 1.122822416742867535e+00
2.616946862784084171e+00 1.068226806074619617e+00
2.720895966478427130e+00 1.145390696368564054e+00
2.723836846167309478e+00 1.094628001303628917e+00
2.587586290871676464e+00 1.039975458685680199e+00
2.677019368219001993e+00 1.107511786910058582e+00
2.673427381534946523e+00 1.087727331384196638e+00
2.729827241362805079e+00 1.213701883867167153e+00
2.739379899436992449e+00 1.173682507609586034e+00
2.691433232755664928e+00 1.098726349086117215e+00
2.838499476398415489e+00 1.253137907226702819e+00
2.798605745954032109e+00 1.252835965275081787e+00
2.733926669199542747e+00 1.127679005914951293e+00
2.575059677681998949e+00 1.041199346950835825e+00
2.792809016890235085e+00 1.257496548684984949e+00
2.710567763429050370e+00 1.142566598376977272e+00
2.580570174090692781e+00 1.091654416623226265e+00
2.715223115148455602e+00 1.148552204716583258e+00
2.774527085594909348e+00 1.150830988018963108e+00
3.131477099205522752e+00 1.560517114289024843e+00
2.552584709687626408e+00 1.010374888020244111e+00
2.902326831474532298e+00 1.273920698868445722e+00
2.824067687771117274e+00 1.194164071663988524e+00
2.795956221535161657e+00 1.217051527925759657e+00
2.608627968437864375e+00 1.034862370690986744e+00
2.715435166749480711e+00 1.114229072739640891e+00
2.771419020904510422e+00 1.150173107827894725e+00
2.712754061169901032e+00 1.126588587337050473e+00
2.598489560654062558e+00 1.101733842783355843e+00
2.468176834968779598e+00 1.003953958071461816e+00
3.398872316110508329e+00 1.767170747430100608e+00
2.630801219586932582e+00 1.063103234238327088e+00
2.966164793455684734e+00 1.345000609119298307e+00
2.921031529445210939e+00 1.317097075374612292e+00
2.788043760480647837e+00 1.206057312912634849e+00
2.622874873048747890e+00 1.033184454740450064e+00
2.818911814439586383e+00 1.221552927787594500e+00
2.736844287963016153e+00 1.141218783302701212e+00
2.822464464621941005e+00 1.182181903735232797e+00
2.727915740790845422e+00 1.152480606270780861e+00
2.688398496248989744e+00 1.079390317380924724e+00
2.654997162040010128e+00 1.070692163807224873e+00
2.538218133159799716e+00 9.427826900810788446e-01
2.857730686746504212e+00 1.281730557127175762e+00
2.872147764800790704e+00 1.286519532520923326e+00
3.137911014214807004e+00 1.497254710672077493e+00
2.771575745082776265e+00 1.170225547123545429e+00
2.763935115042892132e+00 1.185210731432352116e+00
2.688207168572633865e+00 1.160695602354392397e+00
2.517746238180525342e+00 1.000598058855297179e+00
2.650516172915212465e+00 1.104837957766869216e+00
2.406075497697038656e+00 8.573136074484402069e-01
2.709283386250894043e+00 1.167321374384849619e+00
2.718440643567686443e+00 1.154355987322045696e+00
2.584437421184495598e+00 1.028292667020089368e+00
2.675967189996276030e+00 1.172880488745623673e+00
2.684022109220396857e+00 1.113042963043520572e+00
2.783781351915661340e+00 1.190278728451933832e+00
2.833979494040137048e+00 1.176713089629789266e+00
2.728075434989128301e+00 1.107849759334011086e+00
2.799339665563721713e+00 1.201531973778005247e+00
3.201818365918618792e+00 1.587105698826392963e+00
2.500875325939905025e+00 1.006550209981069921e+00
2.833631775608111969e+00 1.227968198759257668e+00
2.580666941631101885e+00 1.080587524690675094e+00
2.883453390945480699e+00 1.298654118268625979e+00
2.671952485368325192e+00 1.088090398541943893e+00
2.901490176913945174e+00 1.301179892793910886e+00
2.659630051909950499e+00 1.184647193355076844e+00
2.724571710403679070e+00 1.210568052595448751e+00
2.498603649765264834e+00 9.803917093712284370e-01
2.743742532801756617e+00 1.190694847048459515e+00
2.502846235624300419e+00 9.918265684792761938e-01
2.570104287622089867e+00 1.066985784461532250e+00
2.641023576387191429e+00 1.012079365386029606e+00
2.592818792417102891e+00 1.065315852005224606e+00
2.694218878281684049e+00 1.155903988759524159e+00
2.600753774212863689e+00 1.035590807371199684e+00
3.110261968044051084e+00 1.507231584749667563e+00
2.613683350829047569e+00 1.138325153559815339e+00
2.588950429793499985e+00 1.056357278712265924e+00
2.836793861327391753e+00 1.191821958551169791e+00
2.569226818624154252e+00 1.020052763124871698e+00
3.001001631557724814e+00 1.356910839232100763e+00
2.805096000487556474e+00 1.234408521931091851e+00
2.631820862385179094e+00 1.075920823641042023e+00
2.508731896391398042e+00 1.021813759385628018e+00
2.828407697332965043e+00 1.238555301863847324e+00
2.690940625816101051e+00 1.144824178404482140e+00
2.723926249828017454e+00 1.136523345819391295e+00
2.636076219719281521e+00 1.061855349885929778e+00
2.670144820895765658e+00 1.095082015695193034e+00
2.716686704131064278e+00 1.181765441290642205e+00
2.458831161425438783e+00 9.700107242503958060e-01
2.766232586972701135e+00 1.145849254720558985e+00
2.791786506244929189e+00 1.206577558274313011e+00
2.699089868738053344e+00 1.186733959948369277e+00
2.784293404933170013e+00 1.196555483969209188e+00
2.695633300817434463e+00 1.120646823198156339e+00
2.593053313990188347e+00 1.059032370921354715e+00
2.670821776230111855e+00 1.096937127216843999e+00
2.785645983026681982e+00 1.181610946541392426e+00
2.712861919631892604e+00 1.185529000647890907e+00
2.770418656443541572e+00 1.264036380354594202e+00
2.638897914490789809e+00 1.048246938961322039e+00
3.068341980512824474e+00 1.483381031896936264e+00
2.654332788542308919e+00 1.126803287536655152e+00
2.670265814807034843e+00 1.144805515225340908e+00
2.786903213666483747e+00 1.233082339637238789e+00
2.900475235524873074e+00 1.349053291432058543e+00
2.653969930290131174e+00 1.102781992298308866e+00
2.582123037415822164e+00 1.029913025061850451e+00
2.786643968571573371e+00 1.134804904386171653e+00
2.653306838910650445e+00 1.091026014115833664e+00
2.682753135198125527e+00 1.091061103262346510e+00
2.582268068935094085e+00 1.051147067168668459e+00
2.577306559143375253e+00 1.011760497353389354e+00
2.552873646965226229e+00 9.978310413797863987e-01
2.712787123831330582e+00 1.113597455446695417e+00
2.807745785815430661e+00 1.215793090626118955e+00
2.643887272476791228e+00 1.072109190334111783e+00
2.606105744713018701e+00 1.034368962251440260e+00
2.708628045492350367e+00 1.130663613345457952e+00
2.691112538244047947e+00 1.076530836662848989e+00
2.566644068865977513e+00 1.034856873021915424e+00
2.820835808307990078e+00 1.231382605961162779e+00
2.753144547533067588e+00 1.152488769570821248e+00
2.590052609646527504e+00 1.008805428695528583e+00
2.683258383293500415e+00 1.129011915382813314e+00
2.612970039918249832e+00 1.027967344551944384e+00
2.806511329392602949e+00 1.205830033613814800e+00
2.982736531455832285e+00 1.395170726156289787e+00
2.603239562371378657e+00 1.038574892639700264e+00
2.706946292653535480e+00 1.138640842390993058e+00
3.131925489243359007e+00 1.509924715825347041e+00
2.736995864343482410e+00 1.178236089544450582e+00
2.754941596080424659e+00 1.194984982618681801e+00
2.650840998124942338e+00 1.105561730092631034e+00
2.699754636886718018e+00 1.119450855983026072e+00
2.684442070466284136e+00 1.134927777929344295e+00
2.643208908514908639e+00 1.095206308257488770e+00
2.590418948613708583e+00 1.050866796302926343e+00
2.779197570887609547e+00 1.138441133446209896e+00
3.624052322611008847e+00 2.190530714699282733e+00
2.636685100424014827e+00 1.105887227048860444e+00
2.555084681794543400e+00 1.022332863851992846e+00
2.637450707601835198e+00 1.102817445535919205e+00
2.666098045609710532e+00 1.140257511162549475e+00
2.750818805407005740e+00 1.141154706737529390e+00
2.722819407712291806e+00 1.145096584577304233e+00
2.629712518788294151e+00 1.058720801612891504e+00
2.730773247057907582e+00 1.129336578116892920e+00
2.529372695961774387e+00 9.980988649423925274e-01
2.843402950484046343e+00 1.238773029348183119e+00
2.678668753147171788e+00 1.086257868028855933e+00
2.638924068912916976e+00 1.118176024037816241e+00
2.645884075071158303e+00 1.125879750156430603e+00
2.731086485632222338e+00 1.162836542491044067e+00
2.648825059941570359e+00 1.112343253255373421e+00
2.693031073152727384e+00 1.111160583883841646e+00
2.737130954482990930e+00 1.167759148743821918e+00
2.731060952153205879e+00 1.097016578281406529e+00
2.618960762971379808e+00 1.082193369600408017e+00
2.985041846063367199e+00 1.353364483012738928e+00
2.637568775819371325e+00 1.054793781359561144e+00
2.816316104292261535e+00 1.208946691999548184e+00
2.647914646668263927e+00 1.118053180119318313e+00
2.657833826094043950e+00 1.130203900467925848e+00
2.613895702423587153e+00 1.059491461623222497e+00
2.793581584722021116e+00 1.215682704302614381e+00
2.796882431271851210e+00 1.265754595977311991e+00
2.521576183805714244e+00 1.003744759177433332e+00
2.728012166996325760e+00 1.201120334675959356e+00
2.763547919887202386e+00 1.180935377660632390e+00
2.711694668040374179e+00 1.137270492723670534e+00
2.696103939157370011e+00 1.164658138252916864e+00
2.633893050027484861e+00 1.075915595971230987e+00
3.136924194753965889e+00 1.576568297112824091e+00
2.579963550446073839e+00 1.001018851623140415e+00
2.787504256432856486e+00 1.204318454114061909e+00
2.757838876981589582e+00 1.165357065869160547e+00
2.654889147725295384e+00 1.117726949246802048e+00
2.611014767620590149e+00 1.022261275092172017e+00
2.522107549350535383e+00 9.835452448898359679e-01
2.739974599428374180e+00 1.150731260192733529e+00
2.497415620091699928e+00 9.700142512776975812e-01
2.602122657282668339e+00 1.048321689092724718e+00
2.705950116754630042e+00 1.135138877586495454e+00
2.756499959066949224e+00 1.176100209327524793e+00
2.696156139633719473e+00 1.158571381572179204e+00
2.696561701127238475e+00 1.126208609830231078e+00
2.573945451675081930e+00 9.872694729794477819e-01
2.704736461163755212e+00 1.154436857691034657e+00
2.574234271684033182e+00 1.026652100409293222e+00
2.715218214572048705e+00 1.112191185319200581e+00
2.670783265109443860e+00 1.102785119077821285e+00
2.820042208059092559e+00 1.248764317422528469e+00
2.620112008237289292e+00 1.104026752254858135e+00
2.675158512634868035e+00 1.159833697707121969e+00
2.424710465276596061e+00 9.320608749256273917e-01
2.675608612871355430e+00 1.050916554173043416e+00
2.920776465798910149e+00 1.389993295214931424e+00
2.759972328076257586e+00 1.157953170084817573e+00
2.554264569076604818e+00 1.018009199738760806e+00
2.670688296306080289e+00 1.096516904861831954e+00
2.721842437645380475e+00 1.125505391953314893e+00
2.502947089698110528e+00 9.838526741425314137e-01
2.892674127835384468e+00 1.279046458073104020e+00
3.336728645797278681e+00 1.820115640533779278e+00
2.706700123352384413e+00 1.132484269957694467e+00
2.614063552072635410e+00 9.947960102913426805e-01
3.532316201297268421e+00 1.958011657544934225e+00
2.728068731237656586e+00 1.182155651790752326e+00
2.618661876392556209e+00 1.059972067121726313e+00
2.660765872472373950e+00 1.092546592722534626e+00
2.821837630169213629e+00 1.182401023114679095e+00
2.696137723223730909e+00 1.163090897814945679e+00
2.694012577765348304e+00 1.156901191566465092e+00
2.622829118861220277e+00 1.017586869247767423e+00
2.717435307539735057e+00 1.169537136596977778e+00
2.644891998710195757e+00 1.089690244059268842e+00
2.596311944417218243e+00 1.074545845464159655e+00
2.674695750552677609e+00 1.079006782145450538e+00
2.674618682745419918e+00 1.042762917621649743e+00
3.349402122130259229e+00 1.853183046716485372e+00
2.691740337668435235e+00 1.088254908543282440e+00
2.646591693341393547e+00 1.074278419086910130e+00
2.568393591286148858e+00 1.013494116469640938e+00
2.677500180278099773e+00 1.103004802167354415e+00
2.700376090100066406e+00 1.085285971247417214e+00
2.631780410837649242e+00 1.104304382803431350e+00
2.684047199630542391e+00 1.170520458265724928e+00
2.699964463356208100e+00 1.145391352047189892e+00
2.629156279020296694e+00 1.078132047683385109e+00
2.740580773584403218e+00 1.196128740345457242e+00
2.692348024298465869e+00 1.165939751292479176e+00
2.526200625775700814e+00 9.925002787153217598e-01
2.578971142279688156e+00 1.038706008654929347e+00
2.786621206490516478e+00 1.164758902486342951e+00
2.675583916265277029e+00 1.119374597147072548e+00
2.609835531385990226e+00 1.087792933993487976e+00
2.708407755925699156e+00 1.128670556145589643e+00
2.711218780910720216e+00 1.145563914336494626e+00
2.671411863444322243e+00 1.133439569785263279e+00
3.142503283497573019e+00 1.557676003695529499e+00
2.631688262129127320e+00 1.083787047094627809e+00
2.601661421429329213e+00 1.092932078738333201e+00
2.639289469149933343e+00 1.100264817491100278e+00
2.687405054037947494e+00 1.152601417829310471e+00
2.668288133989262345e+00 1.112304355755177721e+00
2.628256178254167796e+00 1.075310640530642514e+00
2.647050934550643220e+00 1.020659245257044434e+00
2.677071032950642859e+00 1.147513797527077717e+00
2.565126107742888628e+00 1.039384920594591533e+00
2.578601884405855582e+00 1.058216369424135994e+00
2.606132454453909286e+00 1.045804951031971797e+00
2.572333099694356751e+00 1.075913849241788123e+00
2.665883678295275949e+00 1.104257252706147607e+00
2.659171514790423796e+00 1.078828269564118481e+00
2.661798318205619740e+00 1.038470644492900163e+00
2.811536978414056698e+00 1.225202061495689554e+00
2.674658467792517147e+00 1.101006947480822618e+00
2.653745207930665817e+00 1.081916253661119987e+00
2.764527679752372347e+00 1.133552516946685129e+00
2.425138454677389976e+00 9.322552109739785653e-01
2.869889035394967980e+00 1.274679474092661691e+00
2.649303096996236562e+00 1.133518250368127145e+00
2.736637353148759111e+00 1.177940731914200345e+00
2.493116631996579624e+00 9.785142439012334270e-01
2.657865034056208220e+00 1.085096605511870038e+00
2.613796703646799724e+00 1.102224998469540251e+00
2.654435222239040826e+00 1.093329955764514194e+00
2.720459413582286157e+00 1.149992124367008373e+00
2.697864082596377777e+00 1.139458538673338017e+00
2.809824771455576631e+00 1.180812782705894071e+00
2.713545435811143047e+00 1.158251073840530054e+00
2.728041314232735992e+00 1.171512464498606354e+00
2.581595811063591039e+00 1.050685428829561952e+00
2.590456201681099913e+00 1.023509571074017854e+00
2.652779882145504420e+00 1.099154426542186647e+00
2.629325623453638627e+00 1.060491588158804399e+00
2.682149901890665600e+00 1.094498630277970452e+00
2.581800675828416658e+00 1.008726155747505349e+00
2.678229448512601252e+00 1.103469299169609341e+00
2.737800242503367620e+00 1.144104729952407640e+00
2.717345835132578991e+00 1.118398144753482537e+00
2.835473347975877800e+00 1.299727213184840968e+00
2.724706480810787923e+00 1.123022133418368762e+00
2.677724775666766366e+00 1.121250024335182394e+00
2.787370890170480564e+00 1.207232374873635328e+00
2.748096193088436223e+00 1.150007199273436420e+00
2.707857116857073532e+00 1.102639990201662368e+00
3.116516353054382016e+00 1.547159268559519241e+00
2.809742941481162770e+00 1.230779808210916038e+00
2.576220245147359922e+00 1.028869437986731361e+00
2.746616396927437531e+00 1.209024947189910382e+00
2.690327860126567217e+00 1.092813983296487601e+00
2.890360406327395992e+00 1.300456139081995754e+00
2.707471945563876492e+00 1.071081848656431967e+00
2.742471456711176980e+00 1.153564863044147737e+00
2.793344833648236936e+00 1.177985963733746200e+00
2.608275090154269282e+00 1.074383260827654230e+00
2.531199179078712280e+00 9.902962539613696658e-01
2.675465202235063789e+00 1.103207153323731537e+00
2.573288356245301944e+00 1.054268859717766516e+00
2.666928068439539778e+00 1.053193320748827766e+00
2.791070724153298599e+00 1.212920856591825469e+00
2.864027890136404686e+00 1.257686621817200257e+00
2.719847037477630902e+00 1.110456063034857443e+00
2.375861724151844712e+00 9.427154419042931277e-01
2.738670171123172015e+00 1.111288555588612725e+00
2.630901556691573884e+00 1.099740700588816233e+00
2.720445132979009362e+00 1.148522605787323903e+00
2.673805352416713355e+00 1.101894927587518058e+00
2.869613400040396112e+00 1.239615228916463474e+00
2.651695539166388116e+00 1.042335615827752138e+00
2.779786682509648443e+00 1.255410511907149473e+00
2.501515975508249667e+00 9.725404399906505404e-01
2.738623890799089189e+00 1.186751489519947800e+00
2.569776653479149520e+00 1.002596825524076918e+00
2.796382542010765970e+00 1.156776699507606310e+00
2.622862463123964094e+00 1.040360452653005030e+00
2.700431210422745032e+00 1.143561839163756311e+00
2.715566921752306850e+00 1.114171555596684016e+00
2.612923456660462662e+00 1.038191800520720909e+00
2.671992973367375512e+00 1.112104459190675909e+00
2.748218513184155665e+00 1.201473733767958629e+00
2.564739265244076805e+00 1.023622141406537844e+00
2.639747199785936083e+00 1.110861294770483454e+00
2.626475490967980164e+00 1.016680332948149301e+00
2.716755472249651859e+00 1.187809956388050647e+00
2.612618465137451551e+00 1.012225534307536146e+00
2.714573527161519451e+00 1.204411009580194536e+00
2.695479754900169667e+00 1.077123041713883955e+00
2.768321154730323919e+00 1.146169206547113628e+00
2.775005889436914952e+00 1.139359600682888551e+00
2.772882839006884481e+00 1.164938503836111305e+00
2.695915712853838464e+00 1.118770186288805535e+00
2.739506316009066467e+00 1.067583468836183380e+00
2.608592361046288222e+00 1.046914920455765063e+00
2.520182272353583386e+00 1.011711838279618414e+00
2.483565552706290980e+00 9.892864551903582937e-01
2.684129731810778186e+00 1.156453864234897155e+00
2.696943015045525804e+00 1.095267698946800206e+00
2.546243580429542686e+00 1.046548990206803253e+00
2.567322690746308922e+00 1.003637535036432382e+00
2.620035319349130365e+00 1.029341319580998171e+00
2.904999066654488260e+00 1.373760172424172366e+00
2.591352709330041915e+00 1.039328401862677609e+00
2.857687141320465418e+00 1.201227461097253313e+00
2.784359455378252246e+00 1.193099666734096509e+00
2.765201196359113212e+00 1.201754446200297810e+00
2.706267129080316192e+00 1.121333683110146806e+00
2.589134275108373018e+00 1.037310421708063091e+00
3.006501013233866093e+00 1.381692313016016360e+00
2.645527551848138703e+00 1.035603150970635156e+00
2.591667702678857044e+00 1.039240874247547186e+00
2.644897799144407813e+00 1.089561858100366987e+00
2.713073008953075682e+00 1.129501919519378728e+00
2.838481449289039116e+00 1.208243211048539933e+00
2.577913635258005876e+00 1.007147383090595483e+00
2.737571865737437715e+00 1.105432644642463602e+00
2.609847643938569828e+00 1.043340808398878439e+00
2.452813989760331825e+00 9.339116862877231418e-01
2.598007589495811676e+00 1.035730472907446575e+00
2.533017274318919654e+00 9.885007541877729453e-01
2.778532824339953855e+00 1.173351089861436103e+00
2.660834642518743021e+00 1.102648382647495318e+00
2.598123773509034340e+00 1.077572268368921726e+00
2.688580521317003313e+00 1.132330139181400019e+00
2.647075141633085771e+00 1.092423430282160268e+00
2.631293942300563238e+00 1.110396479174703854e+00
2.707907543594324729e+00 1.078951447117527440e+00
2.612088851863385131e+00 1.065015580626191394e+00
2.698575678128339206e+00 1.145801227405672362e+00
2.911006283676022655e+00 1.255485187243127854e+00
2.550438821855021132e+00 1.050351295353889158e+00
2.555558898170985582e+00 9.998650565491569164e-01
2.661982935318274013e+00 1.043979122221355027e+00
3.201096107764943799e+00 1.578908405232659184e+00
2.408712287154060938e+00 9.443203502427555129e-01
2.667446616717715102e+00 1.097481096606805373e+00
2.719638659464176822e+00 1.135975020552751458e+00
2.682616008666019347e+00 1.119035731375836118e+00
2.767381222463884960e+00 1.115699837750991463e+00
2.829388597144645523e+00 1.159784153565087905e+00
2.795474950328591390e+00 1.253043096267548062e+00
2.578472099583671184e+00 9.674822477459195103e-01
2.753785260724153527e+00 1.212571337905571145e+00
2.532918607320810089e+00 9.742277805503908317e-01
2.985714311571215251e+00 1.432062026675233524e+00
2.838671804871415461e+00 1.216980097855230536e+00
2.653991769864150196e+00 1.094999882568438165e+00
2.838724790389770547e+00 1.222840918333928828e+00
2.641933359845307638e+00 1.062374591608064467e+00
2.804951223947808270e+00 1.216853242970337812e+00
2.522386318895989188e+00 9.852509025329455605e-01
2.666314151245686492e+00 1.128682633608625974e+00
2.704368494579664439e+00 1.132598945711353444e+00
3.121239516420172944e+00 1.490460874648871448e+00
2.786648273279066501e+00 1.175400633537534878e+00
2.694951119369391801e+00 1.106051876996622108e+00
2.672387168335675689e+00 1.080708763843356124e+00
2.694378631953118663e+00 1.054595395947248937e+00
2.628163752309991885e+00 1.066851649504586996e+00
2.695416261011213788e+00 1.129081715960887689e+00
2.548554784210094404e+00 1.008871666757570118e+00
2.638852059997120580e+00 1.098886955193741244e+00
2.784814996638417917e+00 1.124907565173305812e+00
2.635019806124855979e+00 1.068602385626229889e+00
2.676483133396286185e+00 1.078253368031512283e+00
2.816795384917024858e+00 1.176510582403432315e+00
2.850323345414667031e+00 1.238006911749859773e+00
2.696498633560964642e+00 1.186637181988405620e+00
2.655318601155971070e+00 1.102127169756549119e+00
2.738778340331254224e+00 1.174514889467259238e+00
2.722246993584349628e+00 1.100726715931635402e+00
2.581326846808449371e+00 1.069433979688391378e+00
2.758704345132039659e+00 1.174615708723193652e+00
2.629492757192508634e+00 1.031533202656010451e+00
2.739195727351613652e+00 1.116412195669769236e+00
2.722910951523935807e+00 1.203847350833367136e+00
2.674199143407208989e+00 1.164193841395678275e+00
2.614084763741431061e+00 1.021526990902648313e+00
2.574699431449190890e+00 1.069944614183652165e+00
2.565594991960996385e+00 1.030897490466379018e+00
2.710033166249269154e+00 1.161166896299543616e+00
2.726959855787308928e+00 1.185332953402001399e+00
2.685619514493481574e+00 1.148357086769993485e+00
2.664591932808173969e+00 1.101250200128734980e+00
2.570974266017752363e+00 1.074811782356515089e+00
2.823508306191059969e+00 1.186422595297637050e+00
2.649454250511789066e+00 1.116321261149928912e+00
2.637547063590175433e+00 1.107518510561662506e+00
2.579104819260655823e+00 1.013676672597307871e+00
2.687986324781689973e+00 1.107532285180561127e+00
2.750735564965788083e+00 1.188236544425038677e+00
2.696136872018516595e+00 1.163678197621904609e+00
2.739301061964925399e+00 1.180868415901526802e+00
2.656252684830510358e+00 1.122483694365990825e+00
2.667414136601673480e+00 1.083854741121824006e+00
2.594268634657610040e+00 1.083572205129279098e+00
2.658687101756187499e+00 1.083424900191020335e+00
2.873900856117932445e+00 1.292039476432504497e+00
2.561533906297249974e+00 9.707835966834975627e-01
2.709213821922329846e+00 1.072017011101938477e+00
2.878503833130462208e+00 1.221675374922396751e+00
2.791502171672907817e+00 1.196682510990984660e+00
2.692009358400254015e+00 1.154415056963245423e+00
2.682959540446926194e+00 1.175383673174356769e+00
2.617224905810414004e+00 1.102201712143923151e+00
2.695365150503079121e+00 1.142391680435991486e+00
2.830566199149870954e+00 1.237203613215200448e+00
2.622568817643019301e+00 1.079674030043077382e+00
3.168369451500641087e+00 1.553160407664599729e+00
2.863270551847471257e+00 1.301891195107405030e+00
2.843040560359244573e+00 1.251807265981449868e+00
2.564793920360044943e+00 1.005240706238662129e+00
3.302722946443839458e+00 1.810874505496498532e+00
2.719314246664465973e+00 1.162806877820011131e+00
2.669260047282229209e+00 1.073042517809002838e+00
2.691770663700833399e+00 1.090108969476166756e+00
2.767242346180181833e+00 1.181661518573129399e+00
2.685982508077507713e+00 1.102793287450372972e+00
2.601776433124982635e+00 1.070494085522629035e+00
3.087999940160076395e+00 1.456340133013028337e+00
2.604092733020369366e+00 1.076558821798473842e+00
2.817533255176737139e+00 1.172529741533266057e+00
2.634537029293106958e+00 1.066407255651469876e+00
2.685672948802832138e+00 1.126875774983699730e+00
2.665821187164061357e+00 1.122921466576019212e+00
2.634667460463245625e+00 1.072526241340455933e+00
2.739786448925563889e+00 1.172596707408881000e+00
2.709930418640794425e+00 1.150819750413682785e+00
2.693782958633237357e+00 1.119701814257595629e+00
2.880755859560871102e+00 1.315723759078148758e+00
2.627130715070445710e+00 1.033153046437492506e+00
2.589107842673585846e+00 1.042963905835233795e+00
