2.260713821232098741e+00 8.524154358316503588e-01
2.261663072863932200e+00 8.878180573911726992e-01
2.217867178593737609e+00 8.133696379845049007e-01
2.349054823917879453e+00 9.100006570019246732e-01
2.386989327050018428e+00 9.013031326551829148e-01
2.191098848997679038e+00 8.529495124940211781e-01
2.263834923459213222e+00 8.786236512700851264e-01
2.313660563527557557e+00 8.880837971966264455e-01
2.163865526959311225e+00 8.250817479905685481e-01
2.097115700949041095e+00 7.818139814943956267e-01
2.174020148957912291e+00 8.431422473961669439e-01
2.385139514300279817e+00 9.479932034308425903e-01
2.247027517495070015e+00 8.827897663129459227e-01
2.234016999629844236e+00 8.880124197848527912e-01
2.264900413273664981e+00 8.614496354558967006e-01
2.273422685948082833e+00 8.813765068232318756e-01
2.283367356618728028e+00 8.868697463571761919e-01
2.125409709575317940e+00 7.823178689974928934e-01
2.076049425214672617e+00 7.480534220379232435e-01
2.240247029664782730e+00 8.184508475008001049e-01
2.196675235371936985e+00 8.623052583348512767e-01
2.214660476473583994e+00 8.549655591474929484e-01
2.350664606856693428e+00 9.365344164984661379e-01
2.233509286170193064e+00 8.362074333327204068e-01
2.283037008125780254e+00 8.727446070988453819e-01
2.445082512879757974e+00 9.568172212304817403e-01
2.265838266780205057e+00 8.608706642901778894e-01
2.227244046887482121e+00 8.800462248012047572e-01
2.142728499293093058e+00 8.082547375676256696e-01
2.332947558364239171e+00 9.449449699974302730e-01
2.397921674191049402e+00 9.667191428997818914e-01
2.307620405823795018e+00 8.670547333161447989e-01
2.311455066681072701e+00 9.042442988371933721e-01
2.366578158789863551e+00 9.638635882206223471e-01
2.326066777142703934e+00 9.412642660718194554e-01
2.314090224871849344e+00 8.613071653358334023e-01
2.256012516536768597e+00 9.035122632210561555e-01
2.175807234513247757e+00 8.623714827669993754e-01
2.658306287258491718e+00 1.156410727657682491e+00
2.192380685944114393e+00 8.149350543229253452e-01
2.357052600332238956e+00 9.800073370846379417e-01
2.333442447566938860e+00 8.793859054888637505e-01
2.327450281711314517e+00 9.655190798521224860e-01
2.335336432400112461e+00 9.035969192183027632e-01
2.325993362769986472e+00 8.860248181631964481e-01
2.262573310270134641e+00 8.690688432528503871e-01
2.367963100600135817e+00 9.122620063143819236e-01
2.378120232082194807e+00 9.557224660821095341e-01
2.223172877858823338e+00 8.850375730069819369e-01
2.225881594001734687e+00 8.244544813071147393e-01
2.228767827256683098e+00 8.483147667190039654e-01
2.359819974394659070e+00 9.400419726420812250e-01
2.068123971152685314e+00 7.380558641517662721e-01
2.208591284349221695e+00 8.534621785566652852e-01
2.315960146499864702e+00 9.123521403235941296e-01
2.511183206325582784e+00 1.005829418077642146e+00
2.237190691033330570e+00 8.325339819626872417e-01
2.196284645609654973e+00 8.401944333012981714e-01
2.263432040765166242e+00 8.557736256257724161e-01
2.162905149252887682e+00 8.266372661033125624e-01
2.366401898042271856e+00 8.839785359356090444e-01
2.197665114671379705e+00 8.209902861199211976e-01
2.377205346567607069e+00 8.859158983271067100e-01
2.301254151940022030e+00 8.801595109691222607e-01
2.299374741065069561e+00 8.858867323143524430e-01
2.283650141135630474e+00 8.735192385976215945e-01
2.206500182245814123e+00 8.575061789482041341e-01
2.280226937189034242e+00 8.691100432666778453e-01
2.280871881626368669e+00 9.048371039427470786e-01
2.155956899200280219e+00 7.948840562758890949e-01
2.283948411306519155e+00 8.556418877614313523e-01
2.371240145348132433e+00 9.021935083105226960e-01
2.210591386153886617e+00 8.578766627188604277e-01
2.299352287369160308e+00 8.974576201972737088e-01
2.318057173007529670e+00 8.754180208684202436e-01
2.260853952552673185e+00 8.587185251740220293e-01
2.196336698127605125e+00 8.179163874198455142e-01
2.152923804485977310e+00 8.074053474008313636e-01
2.241537722594229898e+00 8.564416656421893759e-01
2.312978045289869833e+00 8.675139194652777830e-01
2.228428055970656629e+00 8.498007409009784574e-01
2.462805343800716251e+00 9.546008017430070991e-01
2.311653788492444406e+00 8.652388031945965619e-01
2.264767216886352852e+00 8.521029456662563284e-01
2.528381919453619897e+00 1.045357847617972125e+00
2.158242285199917010e+00 7.958446453964667100e-01
2.277885659272935293e+00 8.692510693647423903e-01
2.301511662959460747e+00 8.918391214856493665e-01
2.210908847621797069e+00 7.937434171839989894e-01
2.296207253712340357e+00 8.900958720302759586e-01
2.276411981227805192e+00 8.929253262462878427e-01
2.208010628820204602e+00 8.331044552162324424e-01
2.219763977491698625e+00 8.388124798330017784e-01
2.056856523207821752e+00 7.740424641892275082e-01
2.205002137839725762e+00 8.525242418278875522e-01
2.381929300236544034e+00 9.726968846974809457e-01
2.384199382572275816e+00 9.127010258268155596e-01
2.175887571808352572e+00 7.799250477390058389e-01
2.312231765991753729e+00 8.941881789272174696e-01
2.362763068386680487e+00 9.234387366570728783e-01
2.319768220849180107e+00 8.537497026878987372e-01
2.250125904585542624e+00 8.777744433042918848e-01
2.301123633462130780e+00 8.846895144226453178e-01
2.336848624531525420e+00 9.075357792481147934e-01
2.400866320010238919e+00 9.409976855584930577e-01
2.317735115918453381e+00 9.232104083101115855e-01
2.242792237349092055e+00 8.260788475929270458e-01
2.194728629314918855e+00 8.273572369129990056e-01
2.288928557778096451e+00 8.745928813699272997e-01
2.291577916540299409e+00 8.841234059669286216e-01
2.247419424452412606e+00 8.774161526128704258e-01
2.353206994431639831e+00 8.814102211718588542e-01
2.146383797669972449e+00 8.241988368026239575e-01
2.446316446289808599e+00 9.433365045930385273e-01
2.193090283957443098e+00 8.531570691116555638e-01
2.418742252815362814e+00 9.014323849783386633e-01
2.235580097578011571e+00 8.217478208393319550e-01
2.225347065294561055e+00 8.836665747260676884e-01
2.265466994877924023e+00 8.438904783245512187e-01
2.182544709220327395e+00 8.436073607597088797e-01
2.284714394523593040e+00 8.830456597198819146e-01
2.141392190333810230e+00 7.770743708154745910e-01
2.343606517352407437e+00 9.527637633875359890e-01
2.322380794405433324e+00 8.484270764507072515e-01
2.234634803419711435e+00 8.421116798187187058e-01
2.268097940003381385e+00 8.507029016819900313e-01
2.357019575907084441e+00 9.029150771986823587e-01
2.379638498332853125e+00 9.022061967515908609e-01
2.332308821661361442e+00 9.230397745844655111e-01
2.164113553973897375e+00 8.170601344508183761e-01
2.170105115804860318e+00 7.887304458046323630e-01
2.268907678218831325e+00 9.037597330393414286e-01
2.316586832246395389e+00 9.236760207593265326e-01
2.318260246119292045e+00 8.594386926528138071e-01
2.335778167880757206e+00 8.883460568379637490e-01
2.356310582021641675e+00 9.388169435624026393e-01
2.117995109378610685e+00 8.348507767775690258e-01
2.402878042935857383e+00 9.284974791594803323e-01
2.363786088206300651e+00 9.023926250803652183e-01
2.508338268165511753e+00 9.724765715225136553e-01
2.284735707456558629e+00 8.765093884727934714e-01
2.091820760786427869e+00 7.815372544253111897e-01
2.221989091123496518e+00 8.559667727703972329e-01
2.220015925046153082e+00 8.389921634630553848e-01
2.340170696763420821e+00 9.139810036120591397e-01
2.308987190681304202e+00 8.796002751007176990e-01
2.248397493314969076e+00 8.900606995912659913e-01
2.331968671121310788e+00 9.164369909274148185e-01
2.240795812012436716e+00 8.776508468733973389e-01
2.305649679967923138e+00 8.988528443775847254e-01
2.239170168774830216e+00 8.549803639472038919e-01
2.304506336038830483e+00 8.838785554967935054e-01
2.308993033170307019e+00 9.355668064839326448e-01
2.228440635346656151e+00 8.166281201613773133e-01
2.267429446330308185e+00 9.145088279997614089e-01
2.279697854690881265e+00 9.203373972870754205e-01
2.290297783675631305e+00 8.692908793244659149e-01
2.339475488059112873e+00 9.242988758556472950e-01
2.245103624530945918e+00 8.637580116692852306e-01
2.231841015214653279e+00 8.119681602256558772e-01
2.094929709423375197e+00 7.959928705884051769e-01
2.366218345784040888e+00 9.008177854015110286e-01
2.183137632780485227e+00 8.318623459244101070e-01
2.340015289169946833e+00 9.103133527679486692e-01
2.254498689080278950e+00 8.633808343275547470e-01
2.226863613583226265e+00 8.391233713222658874e-01
2.328841126393116134e+00 8.773307117588783344e-01
2.367495968844271381e+00 9.041998831603952347e-01
2.163603887291826400e+00 7.970095806480127498e-01
2.370934131946335288e+00 8.928151910068922170e-01
2.256148880206779950e+00 8.821584461477854910e-01
2.369390879818117579e+00 8.930107080812086373e-01
2.224795240402553720e+00 8.428844041378750207e-01
2.344955674509169530e+00 9.140761093446337915e-01
2.366882664264669422e+00 9.245487277964363759e-01
2.082812896197283159e+00 7.465649206258917481e-01
2.286629914731762359e+00 8.822524960993323173e-01
2.287692865285156252e+00 9.225186845487480802e-01
2.255454617221587910e+00 8.638613871012306156e-01
2.157275481326943023e+00 7.939158211638172036e-01
2.286875642274177167e+00 8.813061879651579167e-01
2.331840712284328987e+00 9.049665314931568671e-01
2.202637194238290075e+00 8.332840942202295320e-01
2.294097203293004483e+00 8.829481553046019116e-01
2.219754999771095694e+00 8.236221890356218989e-01
2.231688415510189039e+00 8.798912741389637304e-01
2.296900025457435657e+00 8.475985497992422069e-01
2.296906573494945203e+00 8.931088044705852713e-01
2.312630104467147785e+00 8.924125060864155357e-01
2.204261214884894571e+00 8.080531353937970840e-01
2.218494651950717156e+00 8.383292261130674827e-01
2.241277684053609054e+00 8.908015383123955022e-01
2.180196589991052480e+00 8.045584498239249926e-01
2.253166765393018078e+00 8.633240355797904275e-01
2.218519811636258332e+00 8.337867981877772339e-01
2.281365792453468710e+00 8.645344557562010257e-01
2.262585169692248321e+00 8.826101888814760210e-01
2.244725452066031579e+00 8.666700634255790625e-01
2.387562222980890603e+00 9.431427959178978471e-01
2.361700435691470368e+00 9.205761469224782445e-01
2.129466736019998585e+00 7.808761852010802640e-01
2.265421145190118946e+00 8.812052551230448172e-01
2.310444585601831413e+00 8.685833077949151049e-01
2.276928661852555713e+00 8.817732065060441826e-01
2.309525966470939107e+00 9.017075366494319288e-01
2.170303532317134465e+00 8.217387930550291708e-01
2.293243956570978348e+00 8.756434268803191534e-01
2.263948507418534373e+00 8.435650387887569934e-01
2.180516996574056954e+00 8.197370225561645407e-01
2.304001160952103167e+00 8.937492618528674049e-01
2.177309182081430539e+00 7.872323092503716868e-01
2.240938786494599544e+00 8.177646447840817290e-01
2.248258225943156052e+00 9.237098691378345938e-01
2.318045567530495621e+00 9.738337817710746025e-01
2.249254920954071313e+00 8.786588113659332677e-01
2.232634699434360659e+00 9.251040287047318511e-01
2.408894793365790488e+00 9.067115263346930965e-01
2.412326550110114987e+00 9.486378622463440546e-01
2.269009101491198166e+00 8.489024031871130749e-01
2.219695425187571125e+00 7.922124352571682238e-01
2.176326704590412664e+00 8.165110931747993073e-01
2.258409521393874630e+00 8.666814564960811929e-01
2.288153541015577108e+00 8.534892421672576335e-01
2.308617885850814844e+00 8.800828247792373826e-01
2.317836724439148899e+00 9.003686796228198563e-01
2.290216495734121782e+00 8.569976404989729790e-01
2.408575405026498029e+00 9.388787304140681078e-01
2.218148890639882520e+00 8.732161974141079419e-01
2.365732907265636786e+00 9.501108008049591325e-01
2.243505669916802781e+00 8.875120658655575312e-01
2.268816878404595005e+00 8.737938268704630307e-01
2.343245354521041435e+00 9.053192184124707609e-01
2.292708925907863460e+00 8.681541602541065217e-01
2.247013215865520941e+00 8.277299060512085527e-01
2.261200799297142350e+00 8.746736689582982338e-01
2.196226725951149650e+00 7.899779051348827519e-01
2.194072923428825206e+00 8.070530133163302811e-01
2.356792597518268639e+00 9.522740102798089579e-01
2.178354618224343398e+00 7.913125666319434925e-01
2.364874554032528220e+00 8.701408339731067088e-01
2.147447382785532266e+00 7.998085260016734033e-01
2.291826423259767598e+00 8.647319982872176958e-01
2.325753819186799021e+00 9.134487492912202189e-01
2.273703186091741379e+00 8.373610174934993378e-01
2.321111384452198667e+00 8.584731366076833181e-01
2.219447917293739359e+00 8.706981070554349333e-01
2.289279359288073135e+00 8.922749185543631389e-01
2.191176350415450003e+00 8.379222667797976420e-01
2.366044298613875441e+00 8.960949965974407405e-01
2.323870711249657717e+00 8.722833479718717919e-01
2.168886004799707390e+00 7.806170420450635472e-01
2.310886833190846090e+00 9.061620948310028512e-01
2.312610392014696981e+00 8.759465713184683144e-01
2.172803236331892318e+00 7.959309950034486603e-01
2.179767931408671089e+00 8.506221344388892325e-01
2.297028805535665796e+00 8.753113404085803850e-01
2.162182152599626317e+00 8.336076345193151882e-01
2.097356100106963606e+00 7.651869948243366082e-01
2.270269639900655889e+00 8.333206267044750426e-01
2.340406101256716109e+00 9.325721225262041392e-01
2.334515108776647363e+00 9.610109892118644526e-01
2.381088625314973672e+00 9.388541226082260938e-01
2.327296426163346421e+00 9.084393996374455771e-01
2.204047744130776199e+00 8.082797271788092486e-01
2.345591363089801540e+00 9.050751731005136635e-01
2.294591535153469586e+00 8.666295091584528265e-01
2.178202363956762699e+00 7.895508793810422921e-01
2.348417541492049398e+00 9.023434388884756796e-01
2.327960557691864718e+00 9.152009748291440872e-01
2.368317716670547579e+00 9.503965506917355643e-01
2.273300133795156608e+00 8.518550802860060944e-01
2.264691677369548461e+00 8.642306611420927931e-01
2.289161322957173006e+00 8.812879247406436578e-01
2.246141602169144047e+00 8.676134274646424283e-01
2.304726942593333217e+00 8.169312549344494023e-01
2.332891180593881675e+00 8.942057123812172659e-01
2.336712468092355888e+00 9.495237040882448243e-01
2.234656850055662503e+00 8.658364720743647602e-01
2.153520513201077957e+00 8.211457235983093961e-01
2.292088312703061792e+00 9.137459224786531609e-01
2.190849473772719769e+00 8.326219673197320370e-01
2.237450903640215039e+00 8.649308429210731397e-01
2.336363545813488152e+00 8.860240452443312043e-01
2.277178267410421064e+00 9.441182640554652838e-01
2.199927769942190192e+00 8.213313662636654300e-01
2.353579011845702951e+00 9.153128527399985170e-01
2.244507745026650625e+00 8.698868974535539644e-01
2.139918637858068351e+00 7.885458352124828929e-01
2.287571546601768979e+00 8.548850297668912912e-01
2.314789519590706668e+00 9.056082947200041477e-01
2.195998562821610545e+00 8.327590710391929996e-01
2.291959742575145675e+00 8.678200626246430627e-01
2.297154049021677746e+00 8.820420863400247891e-01
2.194742704490197038e+00 8.061791619815988907e-01
2.276078085420286001e+00 8.566431371991805044e-01
2.221438330028750130e+00 8.607789152678412270e-01
2.361791133139898857e+00 9.354970458099306496e-01
2.308171127002965672e+00 8.748515948276277543e-01
2.293959877390950641e+00 9.201518577459744108e-01
2.210269818367623262e+00 7.780885216573416585e-01
2.285971222267135783e+00 8.964013133216597318e-01
2.226576900468696607e+00 8.564412908429008819e-01
2.216653403501434028e+00 8.376224336550941452e-01
2.243654714850300991e+00 8.692728587020135400e-01
2.365630803270278193e+00 9.634753354335460207e-01
2.219434993928887767e+00 7.976474219922015108e-01
2.273592567920204921e+00 8.723798777571726282e-01
2.399160621571023722e+00 9.989192418842149923e-01
2.232001893564564465e+00 8.483870924552625592e-01
2.149869684870393982e+00 8.076917496447371114e-01
2.251335822041557133e+00 8.639766101663308717e-01
2.156777249513919692e+00 7.886294792613519622e-01
2.249715225453631451e+00 8.766555291049008547e-01
2.280077415368937377e+00 8.634061724452012365e-01
2.150833431333098567e+00 7.925437323887308816e-01
2.316451365609816460e+00 8.934055256433280912e-01
2.167880862891055305e+00 7.926296336487543837e-01
2.341298319420780150e+00 8.972309841264487495e-01
2.283221322117392482e+00 8.778458309341427013e-01
2.216749477472098828e+00 8.537212245845682279e-01
2.381758962302021221e+00 9.732268120756444318e-01
2.304751683324695044e+00 8.779443675741380737e-01
2.306439229183601558e+00 8.882952512216446550e-01
2.570456312758513828e+00 1.090859398951336656e+00
2.244126413617808069e+00 8.497788712132208211e-01
2.330419413146322949e+00 9.131689030035180510e-01
2.136982924259441585e+00 7.719758706603347953e-01
2.228944747543736504e+00 8.527598736161438042e-01
2.427026650196343560e+00 9.153882464179423639e-01
2.264980404328009289e+00 9.290174128470992665e-01
2.256097308345411445e+00 8.563095420153545856e-01
2.239113934584899823e+00 8.192353148090283366e-01
2.285233585887233687e+00 8.692073060352395464e-01
2.399091941306663589e+00 8.947717154892916858e-01
2.281867460707312389e+00 8.400003376543323519e-01
2.274378742368904138e+00 8.535985584861314202e-01
2.254598547679574683e+00 8.740894537466497027e-01
2.288429230289889649e+00 8.539286950488838013e-01
2.222957050814692526e+00 8.763058745415535089e-01
2.357588506262853656e+00 8.966841759877589579e-01
2.267123659838312211e+00 8.850335932116651927e-01
2.190927634317562767e+00 8.269620357193723237e-01
2.235227324724399001e+00 8.870347676415958338e-01
2.210288675838112837e+00 7.958707276518095508e-01
2.233514294698740965e+00 8.888339941370365649e-01
2.229252346325112377e+00 8.414670112966700088e-01
2.354446826241360480e+00 9.061668431655809375e-01
2.355347946210188947e+00 9.542904116364691047e-01
2.294825443672943610e+00 8.994863894908406987e-01
2.291936922871932403e+00 9.051707318581115880e-01
2.223100105125339176e+00 8.280285731672138994e-01
2.142149365549331552e+00 7.814434023171120680e-01
2.173978192305889845e+00 7.992445450979299704e-01
2.284747516656159938e+00 8.600932026161318689e-01
2.233617864232314787e+00 8.625522603968918123e-01
2.379879532170349421e+00 9.211088179022447475e-01
2.243877855751945205e+00 8.286990533280204074e-01
2.398451802265469279e+00 9.551385825995404311e-01
2.361862669829815076e+00 8.893266070649344934e-01
2.327429305713352825e+00 9.199594639235574300e-01
2.277774501565825727e+00 8.246214044409633237e-01
2.283070588373405929e+00 8.909441745647642685e-01
2.166270678362245405e+00 8.251960190404975526e-01
2.372499109550467278e+00 9.701310630983966954e-01
2.353065895793918116e+00 9.351829399632711759e-01
2.179203517707365201e+00 8.243061197895119596e-01
2.180150930353093042e+00 8.227990497628689948e-01
2.265680638347624676e+00 8.279070344122766434e-01
2.141425062830684567e+00 8.007056554625054945e-01
2.263676691357783266e+00 8.951892681309805422e-01
2.278737144270264192e+00 8.738916339710246506e-01
2.051584911542077894e+00 7.553041712282733133e-01
2.207415634912917035e+00 8.799115803016205328e-01
2.316576162449289100e+00 8.672903865148131608e-01
2.178421732376980557e+00 8.423803850619533407e-01
2.283351098821079894e+00 9.291355506919840579e-01
2.304646915843846511e+00 8.459962109162590949e-01
2.293263132579026475e+00 9.080328614740503790e-01
2.260921277152383890e+00 8.441071541051825555e-01
2.191619198274254110e+00 8.602062081731153276e-01
2.196924442036825909e+00 8.523923118899324747e-01
2.247627893286760159e+00 8.396166745841698864e-01
2.186333654091331180e+00 8.516117715885134221e-01
2.093276396201943612e+00 7.355247726089151339e-01
2.425920938019355599e+00 9.600763549874967717e-01
2.173250256224831034e+00 8.125409040649879122e-01
2.377595599994025921e+00 9.236296604794047571e-01
2.233914106268759969e+00 8.294792841730808108e-01
2.248509049614914268e+00 8.836595885961421315e-01
2.251964087287678051e+00 9.030702350292560965e-01
2.323679968450629740e+00 9.144502734623866091e-01
2.431177351579610679e+00 9.485382658701396741e-01
2.338173568512682987e+00 8.879738001090378141e-01
2.289389989836839501e+00 8.774768214369308428e-01
2.328941669368430833e+00 8.788399195210737647e-01
2.353769610418810831e+00 9.174449475211536864e-01
2.236824770054628431e+00 8.818647723494706936e-01
2.264133161418830475e+00 8.310511296715518137e-01
2.218056590389860805e+00 8.332996050704253310e-01
2.374106180677819644e+00 9.367792213947638835e-01
2.245704914518268591e+00 8.017767496953079887e-01
2.297810407388433784e+00 8.776775453799470217e-01
2.293480351409475038e+00 8.799906133954090715e-01
2.245667159131695456e+00 8.639050845793945221e-01
2.166374721287246174e+00 7.516662053791348663e-01
2.225932269304991440e+00 8.309698998927641522e-01
2.337269521403434247e+00 8.668496627245976249e-01
2.255499819744569923e+00 8.721639642460128350e-01
2.250106507678202750e+00 8.780488271579713899e-01
2.152624487106655327e+00 8.130806710031628359e-01
2.150218934786261471e+00 8.170792218632439985e-01
2.219623881115046160e+00 8.311357270398264108e-01
2.339785680813637025e+00 9.343547045052243982e-01
2.428040057118269424e+00 9.404113835645890873e-01
2.303475418363188254e+00 8.996940402916363544e-01
2.390609720894795398e+00 9.273324807035688844e-01
2.234635363408937980e+00 8.403727481647793596e-01
2.346303199945809492e+00 8.802442824299184787e-01
2.126165481110573907e+00 7.638033588482200376e-01
2.177607325937425120e+00 8.432923672827433714e-01
2.246809089060303855e+00 8.712312030011246655e-01
2.337489078865642611e+00 8.817136391990965105e-01
2.330647774990422860e+00 8.859555515261872127e-01
2.274784331491559453e+00 8.948026727275093517e-01
2.368287196472843803e+00 9.011180486523104882e-01
2.439075464208940502e+00 9.866490127728321236e-01
2.281816398436288917e+00 8.709864840491148286e-01
2.189898106524110766e+00 8.440080071754946234e-01
2.214466947228334703e+00 8.352095907979091294e-01
2.122025543924476398e+00 7.551559130492583316e-01
2.185285750393354043e+00 8.331586795753325170e-01
2.209956972670910957e+00 8.248318847792979192e-01
2.365565255600068806e+00 9.096725842824723296e-01
2.236629442955289537e+00 8.991690780561839569e-01
2.151462742430714670e+00 7.748397134914346562e-01
2.274448893582402320e+00 8.830858521141653483e-01
2.268746017040488283e+00 8.498846373592258141e-01
2.330294452413212092e+00 9.146389790145665888e-01
2.408929967359519697e+00 9.360085108994867786e-01
2.332850668313605880e+00 8.991954741926175831e-01
2.158579131104384263e+00 8.091111796175053383e-01
2.256056876858384186e+00 8.638487309311970730e-01
2.177835005496202125e+00 8.087716033078674593e-01
2.197480259429771099e+00 8.608569470755652597e-01
2.172054625831358443e+00 8.033969521238701894e-01
2.393846194186437959e+00 9.629767282436664244e-01
2.410332460705477686e+00 9.421510206754170058e-01
2.292893096890239235e+00 8.521442714002614993e-01
2.230273341563678180e+00 8.526128058332448356e-01
2.232502243043012591e+00 8.280186402408277191e-01
2.214812675250872775e+00 8.519209759252223124e-01
2.328417260390051702e+00 8.616123964020674375e-01
2.238659491243122801e+00 8.242015634393149437e-01
2.411474971212321350e+00 9.773680761419593077e-01
2.292895774552378363e+00 8.767940003609050459e-01
2.329157628313779149e+00 8.659934651519880511e-01
2.240627366029568357e+00 8.625702236093685249e-01
2.220876308686305478e+00 8.186944495869598049e-01
2.209244431628969441e+00 7.796278325765312323e-01
2.352072141286710494e+00 8.628051729569858885e-01
2.371493697138337797e+00 9.275594320939151149e-01
2.318664091500800772e+00 8.847528938764017692e-01
2.215811860285573864e+00 8.363080615644926663e-01
2.272682204592587851e+00 8.734620290757719729e-01
2.239680946362763159e+00 8.445962185196623784e-01
2.232201793979390558e+00 8.764558416454479861e-01
2.181442138542062814e+00 7.903917468178771610e-01
2.411053593307228127e+00 9.541648468290016005e-01
2.504893567845279279e+00 1.008939878952736846e+00
2.217011892287778618e+00 8.045777119843189329e-01
2.144712152279238726e+00 7.761422012325940312e-01
2.277831984438962287e+00 8.581643085652551628e-01
2.402490267189879347e+00 9.224505014285200311e-01
2.275382919043889451e+00 8.655487357598022902e-01
2.253843986702859681e+00 8.785687554165663160e-01
2.207642477799571790e+00 8.570675413412532917e-01
2.335895000064801330e+00 8.654457332906277944e-01
2.291317594490573484e+00 8.451071205306084355e-01
2.362473972147392409e+00 8.938188257208340426e-01
2.198611867236708317e+00 8.539830643275254651e-01
2.311470337922776785e+00 8.830508662744340764e-01
2.300634076758403701e+00 8.934866338323972368e-01
2.280861579105135650e+00 8.399704073511999880e-01
2.330110008736641092e+00 8.874204266286322973e-01
2.219293041830235680e+00 8.396164780923328630e-01
2.233123394490486024e+00 8.405989070679519282e-01
2.186091915909820660e+00 8.014866706325444179e-01
2.330768860119468933e+00 8.856865214443637724e-01
2.366217583503886335e+00 9.476849746409338193e-01
2.338121459775787336e+00 9.152367370077028053e-01
2.279924924675106102e+00 8.745296663879266186e-01
2.176310305300752201e+00 8.272833400345617205e-01
2.179211971646974000e+00 8.180737010372114426e-01
2.344994227622087202e+00 9.289972165758421108e-01
2.158853794107669977e+00 8.423557424985224085e-01
2.480757698035517489e+00 9.958666098569269876e-01
2.276089625360866897e+00 8.901093021972962260e-01
2.211615428528097116e+00 8.226791660511340032e-01
2.434191587360968523e+00 1.012072493636893444e+00
2.274340373537974802e+00 8.559816436113800719e-01
2.379021764913013204e+00 9.803390873001460726e-01
2.322530007056061940e+00 9.109796042863567145e-01
2.312417463253930716e+00 8.874499711934392687e-01
2.327757381742355580e+00 8.581840258974551272e-01
2.407103232806630633e+00 9.471228376855509445e-01
2.267543147375303825e+00 8.580168156339506025e-01
2.329527688137294827e+00 8.994727097651374903e-01
2.239633827950830547e+00 8.241462723981624050e-01
2.332912480296377211e+00 9.213079910826736940e-01
2.340037390868105138e+00 8.763667061269515557e-01
2.468183124903382986e+00 9.990335902529429157e-01
2.166144824764490551e+00 7.972725485809617485e-01
2.398655518111830975e+00 9.533557963502293786e-01
2.410022927425492067e+00 9.264581818763442111e-01
2.026967367728573777e+00 7.328310599402001468e-01
2.165786403198115995e+00 7.991496515792072541e-01
2.249592514435089452e+00 8.405819004680125106e-01
2.156065805142055591e+00 8.108606875201384012e-01
2.285655904520858428e+00 8.545467747822215188e-01
2.108479954943083268e+00 7.687287023689448606e-01
2.254417941028142636e+00 8.885984479280983894e-01
2.324756569138070272e+00 8.772700686211858390e-01
2.288758338617833399e+00 8.587400991168901987e-01
2.119005350579211910e+00 7.948491667642111347e-01
2.188696093642376717e+00 8.384217342482780388e-01
2.254841036331805437e+00 8.522423124183112764e-01
2.243700892642181977e+00 8.240788793815250202e-01
2.240456320173330962e+00 8.402602506911983626e-01
2.306815746347009810e+00 9.045808863107084319e-01
2.219788871505737671e+00 8.528802942305930834e-01
2.270721783554449758e+00 9.199926681748156199e-01
2.302272555906489604e+00 8.675689728347726337e-01
2.425574599962726285e+00 9.360300639994828531e-01
2.351258390090583905e+00 9.366683105757193095e-01
2.185290048115029027e+00 7.974760207484434815e-01
2.387310790765533763e+00 8.994283839695150773e-01
2.243928759425912745e+00 8.884064410280244628e-01
2.254100058938712792e+00 8.667895960194521576e-01
2.186609754086994872e+00 8.727361472674831644e-01
2.219266203120596970e+00 8.154411075047165447e-01
2.295183007297198596e+00 8.811468116687209973e-01
2.309491533824813203e+00 8.979038030227269873e-01
2.143949080958207354e+00 8.267155103718236697e-01
2.229381336505276145e+00 8.124075553596231680e-01
2.196721194321372472e+00 8.235909354883905742e-01
2.250441096446749611e+00 8.329106743652885392e-01
2.256382490662284468e+00 8.989838563345801115e-01
2.201674038839813718e+00 8.170776653994074046e-01
2.290659489812823413e+00 8.656432512602506568e-01
2.437279155987877033e+00 9.365699003223719732e-01
2.324517574153227795e+00 8.818845210362786791e-01
2.417875110672372596e+00 9.374165623879413545e-01
2.239964378639802689e+00 8.214522526618741605e-01
2.242482490237820869e+00 8.670022774160769385e-01
2.366279357621608348e+00 9.043175303322903424e-01
2.251286619068748163e+00 8.683033936515603957e-01
2.195809116644531045e+00 8.732614058088759013e-01
2.354946673431782322e+00 9.112498895369891549e-01
2.278439176589301507e+00 8.573014988652608581e-01
2.244594916801511353e+00 8.766633553654827882e-01
2.239495087883766278e+00 8.598298447397270117e-01
2.402904603014503593e+00 9.438590769330362784e-01
2.017905919956416660e+00 7.374597067996738753e-01
2.335571153239158093e+00 9.073240572282390559e-01
2.270386200179574043e+00 8.640080754632545323e-01
2.321912661324306182e+00 8.950381726168420427e-01
2.289830973676675097e+00 8.561059977913046959e-01
2.427142129149084226e+00 9.809950074714441914e-01
2.264707519367929134e+00 8.670250832041432876e-01
2.246042521516698365e+00 8.481705754668499297e-01
2.333385455775374595e+00 9.323723114303003046e-01
2.249114413914129251e+00 8.326793104818315250e-01
2.202334946190624088e+00 8.235607295763591740e-01
2.189376563276978160e+00 7.989669859653926176e-01
2.115837387140881098e+00 7.772712630916962517e-01
2.156402812475596953e+00 8.122718827192170199e-01
2.218200241268328821e+00 8.171187580454883914e-01
2.150628122652173069e+00 7.682225890412718305e-01
2.239211011539937068e+00 8.253851363910875705e-01
2.325688668563709705e+00 8.541100292474389510e-01
2.279217949099967999e+00 8.615313219284280732e-01
2.299333114301193692e+00 8.659346764836063359e-01
2.337239326301424835e+00 9.018571829541112139e-01
2.215613747606937967e+00 8.846780325820322588e-01
2.178780677463441062e+00 8.141513050737076984e-01
2.188352527956481719e+00 8.829142736621168330e-01
2.208211095002519553e+00 8.338309997900382742e-01
2.334918988339579116e+00 8.972610538530750857e-01
2.244995243122347883e+00 8.245286510423647242e-01
2.192968635189806559e+00 8.255148544530283017e-01
2.217593568635009227e+00 8.777221586641251738e-01
2.196221078519722258e+00 8.427142844778069408e-01
2.500723941966822128e+00 1.020150596319873371e+00
2.242641290810703847e+00 8.389225254792422870e-01
2.197076190680009145e+00 8.188616777958314108e-01
2.219080078103380593e+00 8.260023452743555650e-01
2.208938005434514906e+00 8.136398783733848061e-01
2.206105351276726800e+00 8.226176683428023662e-01
2.246457136366692087e+00 8.465662080363138831e-01
2.257637815755883182e+00 8.313237508584495616e-01
2.278101268165597659e+00 8.767018652154853209e-01
2.263969399550423311e+00 8.633877473815001480e-01
2.228494136915641466e+00 8.797334895080901607e-01
2.243979749348582686e+00 8.614403100101891697e-01
2.402197785475279623e+00 9.213109038007400997e-01
2.317766378088225387e+00 9.042175225655992854e-01
2.294667141585034376e+00 8.919187860488864139e-01
2.369884607795365028e+00 9.359245541378061750e-01
2.347834908174090351e+00 8.757340906815858084e-01
2.237113252472664460e+00 8.519905360125750171e-01
2.203883226309932386e+00 8.060660861109575359e-01
2.269071002268603365e+00 8.698033885087744776e-01
2.239540345161706636e+00 8.222548998973605583e-01
2.370323177166031581e+00 9.244118441981010736e-01
2.337867367041545741e+00 9.246130420873833744e-01
2.353071914387095287e+00 9.080667907439317066e-01
2.228881565851769331e+00 7.857655049231750954e-01
2.168789707600478511e+00 8.157329453751865911e-01
2.123923822636964776e+00 7.858489572678040158e-01
2.260489596447495586e+00 8.760992100523325998e-01
2.244056228305196576e+00 8.712507018517859914e-01
2.357060393027316625e+00 9.109429573744010078e-01
2.210321064226403731e+00 8.377370059988046291e-01
2.361838142986642630e+00 9.335060384281932411e-01
2.143788155267550621e+00 7.800982682266349721e-01
2.180534928639767500e+00 8.045677091631462385e-01
2.087138897407198712e+00 7.910295172583159395e-01
2.256869880264370298e+00 8.559103426878520438e-01
2.462138043331479675e+00 1.031744816377050622e+00
2.353754160032303311e+00 9.325427027740519348e-01
2.329138544055304294e+00 9.250858924382753257e-01
2.212265331272420976e+00 8.500840509376467180e-01
2.297514211682801122e+00 8.796180337738256361e-01
2.178762957823016766e+00 7.709380695889795909e-01
2.188342280624770986e+00 8.228312031426034956e-01
2.330853115622379512e+00 8.723460307284094384e-01
2.128871409063130216e+00 7.927569959254676668e-01
2.306580657374698973e+00 8.373897462976638284e-01
2.249564655717953165e+00 8.891273925018979840e-01
2.412931790215175010e+00 9.684143208796259783e-01
2.281290855852385668e+00 8.800064045982385341e-01
2.165996653702504382e+00 7.798273869442216011e-01
2.291197567224608989e+00 8.724604349958269278e-01
2.195708018721712840e+00 8.015514444398084137e-01
2.167341474619067121e+00 8.200731465820541022e-01
2.286997120177461262e+00 8.894608192718604922e-01
2.363256895547242831e+00 9.380724362296823937e-01
2.406944290360362171e+00 1.019784661169559570e+00
2.173730439613286602e+00 8.388687957957241537e-01
2.338030024656082340e+00 9.496673606904124654e-01
2.290428296545472087e+00 9.645672860948182326e-01
2.231050392514168923e+00 8.462796828965761797e-01
2.146901924898540148e+00 7.855055305408280564e-01
2.183098684943922674e+00 8.080932802344216181e-01
2.791730065404772088e+00 1.312819163892982699e+00
2.292984046663497644e+00 8.986349745031700920e-01
2.180825213638363014e+00 8.113893599165167281e-01
2.251762462178197755e+00 8.562328020200601353e-01
2.467446755683792237e+00 9.777813767229509567e-01
2.257283191739244632e+00 8.572283342075863732e-01
2.105578777189857309e+00 7.756685677560608561e-01
2.291851387098306159e+00 8.553229777533392086e-01
2.208466067356677609e+00 8.404831062042571466e-01
2.265868002822510885e+00 8.576544118630445857e-01
2.355172249035579757e+00 8.753224895443474374e-01
2.361875852954048671e+00 9.163172903028462546e-01
2.197808538720085192e+00 8.084887204746903366e-01
2.260911150970426053e+00 8.702391163495265536e-01
2.310615187810513227e+00 9.153926457432870478e-01
2.276303407851984595e+00 9.244094197224611564e-01
2.224648865230900885e+00 8.185593035159014486e-01
2.230573398073353530e+00 8.443823080380684631e-01
2.195216337794770212e+00 8.370288098400848753e-01
2.221593006405809145e+00 8.323531417671243826e-01
2.260922994255173180e+00 8.555590182930882248e-01
2.380652138418405173e+00 9.925973903624196737e-01
2.148437645278633568e+00 8.047416632189191565e-01
2.303468803284161481e+00 8.734979725351084134e-01
2.188027889950214799e+00 8.247640730336763815e-01
2.383582005423476424e+00 9.291520857577600934e-01
2.282272928708142246e+00 8.390016582446990778e-01
2.307989872131889886e+00 8.940272994311541099e-01
2.282453101729014833e+00 8.843007184926509057e-01
2.339529769112460134e+00 8.938036763577005273e-01
2.335971550802997676e+00 9.196327810956309579e-01
2.472940122888058756e+00 1.003757839056585777e+00
2.439997090741234498e+00 9.036556197170122484e-01
2.237733376025337506e+00 8.260513798944152386e-01
2.208788698853154653e+00 7.930122049865337974e-01
2.304720695247246542e+00 8.771016530897655095e-01
2.204682479075013468e+00 8.153054175593041908e-01
2.125787144530710826e+00 8.010026688678579809e-01
2.339431211167607216e+00 9.319646272446340252e-01
2.297223339501165640e+00 8.686354206533902778e-01
2.290226913786578944e+00 8.762610399451611354e-01
2.253194422701434441e+00 8.725659695385873382e-01
2.354317822010161265e+00 9.517860776674385015e-01
2.303087441589770190e+00 8.832272270980671136e-01
2.300054987562010211e+00 8.897816594454546202e-01
2.190376927392459816e+00 8.359112849629526387e-01
2.174302510665405919e+00 8.352361198447338930e-01
2.170077753519795927e+00 8.392920763239627435e-01
2.341049581672030921e+00 9.124113292367717065e-01
2.234896562123674268e+00 8.381902338944952069e-01
2.262183573332732234e+00 8.679078247649045785e-01
2.218942947673677057e+00 8.504535435846490854e-01
2.220999293182677636e+00 8.586592959245596957e-01
2.347476186690090838e+00 8.926371925778255889e-01
2.310642225293476848e+00 8.887434378854905948e-01
2.283128042517482026e+00 8.248902862793119350e-01
2.316657117851880443e+00 8.410212134028898223e-01
2.424766061402291673e+00 9.749677222265691334e-01
2.278092370281729728e+00 8.461785691267090792e-01
2.314718860786578514e+00 9.479631844327267576e-01
2.181666091669091756e+00 8.091444680548122159e-01
2.258787625504864227e+00 8.400023501720902397e-01
2.260730247291687700e+00 8.457726864288231949e-01
2.276767767939527953e+00 9.001827620820880282e-01
2.135147570115103477e+00 8.129357332021770466e-01
2.251993122319214446e+00 8.378135676549942623e-01
2.225870431186947052e+00 8.271167943355032248e-01
2.276967497238232774e+00 8.836537311786850646e-01
2.400963109946324447e+00 1.007541146841897772e+00
2.095955489547169037e+00 7.718175586545943379e-01
2.115788581339499874e+00 8.034318615594517876e-01
2.271912905330665478e+00 8.171142122291258358e-01
2.240117037158578572e+00 8.837291108779592452e-01
2.390531121669285941e+00 9.309802684248651428e-01
2.318142533886878631e+00 8.795923925557400658e-01
2.243365332252337474e+00 8.784049674002306629e-01
2.300707768790422936e+00 8.842064649900233109e-01
2.280798858860568323e+00 8.827458082216513846e-01
2.195836971538118298e+00 7.786065497451125639e-01
2.705884076781924108e+00 1.189013807303881842e+00
2.241019262035762072e+00 8.592112889105454343e-01
2.217007845693957702e+00 8.323959244644366651e-01
2.194689689735786153e+00 8.133957489607002156e-01
2.280278472145066182e+00 8.900513250252533037e-01
2.183282076314370990e+00 8.097781994227938318e-01
2.196036203385137942e+00 8.682327641619933534e-01
2.170401801323156743e+00 7.839768671789645316e-01
2.127812780165699635e+00 7.973888270124627198e-01
2.342491583516072673e+00 9.479109705675254904e-01
2.340809870619537048e+00 9.287930893352022155e-01
2.216774161814970334e+00 8.325847686555196692e-01
2.209587908969851799e+00 8.291114856704763225e-01
2.233123529597185630e+00 8.564260134172432259e-01
2.308981963021561334e+00 8.647251984076578246e-01
2.182608834199195602e+00 7.931600353321841546e-01
2.292747389185207929e+00 8.912488581797569642e-01
2.237691802710059186e+00 8.323154500026878067e-01
2.260480664094381975e+00 8.869892735998887723e-01
2.223467856515893182e+00 8.165516573410079859e-01
2.373896780295069231e+00 9.189967011599020630e-01
2.265310103828384936e+00 8.940918630078085183e-01
2.346408526571366782e+00 9.266141857144161165e-01
2.184629324016329033e+00 8.079783497758884492e-01
2.266745293131119166e+00 8.503574854482925938e-01
2.269653605232002214e+00 8.110602673759649273e-01
2.204590426310528262e+00 8.166920767815890603e-01
2.251973682769923712e+00 8.713920096836751394e-01
2.290916776583307612e+00 8.507367279086029965e-01
2.177483599277910020e+00 8.223079328236413410e-01
2.298611075334905163e+00 8.970772421739801050e-01
2.372116816296046427e+00 9.245374080648729453e-01
2.327659500329271047e+00 8.662400202193040188e-01
2.259153576887293902e+00 8.730239019765139163e-01
2.373100687517241791e+00 8.927814699203642235e-01
2.188605301661514346e+00 8.423317558757410506e-01
2.229702876659906519e+00 8.191545850858408251e-01
2.165399278833040952e+00 8.035640989442159876e-01
2.241293032883444614e+00 8.824505964827461524e-01
2.237631504557335838e+00 8.553992038277203891e-01
2.302923079476720147e+00 9.173657233990695214e-01
2.182376749381194081e+00 7.851497634870702180e-01
2.200296381068160834e+00 8.171044202831755365e-01
2.384589001556433718e+00 9.596784367544676231e-01
2.365306276618826420e+00 8.878382040185295310e-01
2.216363037332362396e+00 7.975120729712092960e-01
2.353360797785851499e+00 9.072189560379936291e-01
2.176169857214703018e+00 8.039044959999029905e-01
2.318696102527525227e+00 9.033874200821196965e-01
2.210237638845053088e+00 8.228813023669961924e-01
2.337358646810111296e+00 8.989290520125137185e-01
2.223788898161453531e+00 8.226223871729694270e-01
2.269216300907425321e+00 8.894803190920714808e-01
2.243225206573803643e+00 8.363312077253884924e-01
2.380554409854641396e+00 9.271734427033767600e-01
2.137019708569985355e+00 7.972679744919187739e-01
2.296890587916764037e+00 8.860842591475036611e-01
2.105702097026166175e+00 7.376320109898714117e-01
2.333629638211997204e+00 8.967691020579198202e-01
2.167316273627850620e+00 8.246065680031938738e-01
2.532865847169966322e+00 1.022231683087281073e+00
2.235882003627230219e+00 8.399501192183669307e-01
2.249491848392207505e+00 8.520692780226710727e-01
2.263013993041290473e+00 8.810903752537000422e-01
2.316806522971399662e+00 8.961832230535849986e-01
2.333412835216798431e+00 9.305709843512683932e-01
2.310545726139352052e+00 9.078978124622107959e-01
2.324008833661530549e+00 9.148776778144920296e-01
2.261420648168118053e+00 8.598575736914558787e-01
2.175949850812138209e+00 8.181203625727034856e-01
2.172345892440434412e+00 8.037233751929071524e-01
2.291226581146646790e+00 8.605820875798260161e-01
2.193453544608332972e+00 8.185112940135680359e-01
2.284590702879250479e+00 8.488253944123320682e-01
2.162845174019503158e+00 8.350793012552170103e-01
2.214852372992812235e+00 8.311497507824177067e-01
2.309463763368567513e+00 9.129413502160180771e-01
2.265107345550251061e+00 8.918532520030278965e-01
2.340308369568780300e+00 9.165664827833471806e-01
2.293520963058376161e+00 8.638236030775038321e-01
2.149514938209187154e+00 7.893073866397729565e-01
2.252425984925970237e+00 8.607391363036797083e-01
2.186204261224542922e+00 8.347777557164293150e-01
2.245675531912690648e+00 8.563343835785511837e-01
2.292556839758626452e+00 8.481556359858677396e-01
2.306822258786931812e+00 9.038526901872173669e-01
2.270914848260924490e+00 8.557549904741783564e-01
2.199636416621070900e+00 8.212537674938389376e-01
2.188321202909996099e+00 8.333724828058636236e-01
2.182467104401891955e+00 8.189277083014974146e-01
2.312162160160320834e+00 8.802570466795825999e-01
2.413292312856151867e+00 9.987617399434457477e-01
2.273836256767390207e+00 8.437035378419873721e-01
2.243171456264941188e+00 8.173126977655434944e-01
2.196329694282270761e+00 8.540788477584591032e-01
2.240800114304764001e+00 8.115562768522927017e-01
2.166795543364372634e+00 7.946002677200435516e-01
2.221053118853172137e+00 8.172098984906404073e-01
2.191506069509363108e+00 8.516152864347528162e-01
2.335556302876882206e+00 9.061454790639448253e-01
2.319436338226481542e+00 9.448199910907754129e-01
2.088761137530994905e+00 7.210817045601320974e-01
2.712754447610665753e+00 1.160774659861016911e+00
2.425091503985713715e+00 9.360691326742424101e-01
2.262492480873233180e+00 9.090296105453063991e-01
2.215093149113747550e+00 8.394123672520202861e-01
2.144856373180527687e+00 8.042278298116143365e-01
2.447770781697029108e+00 9.716131679640451768e-01
2.210216565684352652e+00 8.652694754032770330e-01
2.233581940918856645e+00 8.316987104405070275e-01
2.267877331574492228e+00 8.405194174797572249e-01
2.335508585962554839e+00 9.212544651840125498e-01
2.105091138585837740e+00 7.746298785574688983e-01
2.292066533514765858e+00 8.834399213121812977e-01
2.414793990021396386e+00 9.794243583991379953e-01
2.326443106977564845e+00 8.978033618958575213e-01
2.303046191749159366e+00 8.252847028014952402e-01
2.182046973282455227e+00 8.006424256076468682e-01
2.261775390544375153e+00 8.610581848767524527e-01
2.376338492408293757e+00 9.425719758245274527e-01
2.372005302195717480e+00 8.829371262640516305e-01
2.232925582288558530e+00 8.198423598672524015e-01
2.165136196366099774e+00 7.982923561388970413e-01
2.319555920133242743e+00 9.056112482343265935e-01
2.210919298390795262e+00 8.256020298218174069e-01
2.271862327017296845e+00 8.770585188865839266e-01
2.311568144871863684e+00 9.178256930245529688e-01
2.250158694081748401e+00 8.896074390472812343e-01
2.364772386096524848e+00 9.395266649697368022e-01
2.283311710688931129e+00 8.259061058638730302e-01
2.408722794104052767e+00 9.162871013723089542e-01
2.381968079039123332e+00 9.365627394474439482e-01
2.262252025773734410e+00 8.251759760105946695e-01
2.252012768202423132e+00 8.822396378106447390e-01
2.320622104255336549e+00 8.983725315711453829e-01
2.261401290672407693e+00 8.558402237886957309e-01
2.220352070351637508e+00 8.310832457218505498e-01
2.397261698204798730e+00 9.449117147167884756e-01
2.244040905402158170e+00 8.498728958395140864e-01
2.263525073016346312e+00 8.733836722353363058e-01
2.341931259928065501e+00 9.163278475292151448e-01
2.271425186855009049e+00 8.596349833115098926e-01
2.319038138864742304e+00 8.837632160491398770e-01
2.232450876147920926e+00 8.778251670518900651e-01
2.201697301757905567e+00 8.256007949652216515e-01
2.131763272678321552e+00 8.246996606043518474e-01
2.233286418282609986e+00 8.040682229125180047e-01
2.244437828085499298e+00 8.974787928865881614e-01
2.231975627392830841e+00 8.616619760095006741e-01
2.264977044914731064e+00 8.841695741444423051e-01
2.168698206827195829e+00 8.468998584067175539e-01
2.294502396617115192e+00 8.919710120349265692e-01
2.450478441683238362e+00 9.841437696165007409e-01
2.149395888959894751e+00 7.936382321477013502e-01
2.357967513952888616e+00 9.453627384766715158e-01
2.255650361107702118e+00 8.714460279505573670e-01
2.211368272283718461e+00 8.430063786839917528e-01
2.270612868166860920e+00 8.476862764407206985e-01
2.293406707446723924e+00 8.790126061463779950e-01
2.392419852068285557e+00 9.448558661972552564e-01
2.289904775317664232e+00 8.781226113861915206e-01
2.768309899111753403e+00 1.185924777792972229e+00
2.388879158630183408e+00 9.333698447115282848e-01
2.296186589082715113e+00 8.706199346029860342e-01
2.266876453971299554e+00 8.385974558041917604e-01
2.350115901531731666e+00 9.011513480081275729e-01
2.257579585964339497e+00 8.200628282433316540e-01
2.277374673876725542e+00 8.821225510527981317e-01
2.413137235938617398e+00 9.559061279917230314e-01
2.260854270553529055e+00 9.000529755238761975e-01
2.224489443597972294e+00 8.551313010418052363e-01
2.168544854125716181e+00 8.071955612085864873e-01
2.318714435387349226e+00 8.718774567718993174e-01
2.202141526065815480e+00 8.372250693815400657e-01
2.282634592563087761e+00 8.460664021084765007e-01
2.146270923849457724e+00 8.348071422420402232e-01
2.245063415286332908e+00 8.591029950704873741e-01
2.156819950447831591e+00 7.560817332294356152e-01
2.264454035787776487e+00 8.688930615727634699e-01
2.319793490658815571e+00 8.665015358654237776e-01
2.167925693387098285e+00 8.301545485534457258e-01
2.181424388947564630e+00 8.429107598694356440e-01
2.257022902277797005e+00 8.531541297991994677e-01
2.356174617355227596e+00 9.127689167732102593e-01
2.344107220433227834e+00 8.896102406759014425e-01
2.282477766207983816e+00 8.994962524519524161e-01
2.302281404715898372e+00 8.418252249296357403e-01
2.244702877627216875e+00 8.445200209430326899e-01
2.253082030014714299e+00 8.522510739184394613e-01
2.217369384035180691e+00 8.614835086760428418e-01
2.423946738695359482e+00 9.434589641169627283e-01
2.264226607437646699e+00 8.715759541305604374e-01
2.439884517357933547e+00 9.688192147298939627e-01
2.231561548216559387e+00 8.386708171489049013e-01
2.249647276689131115e+00 8.415713732850095274e-01
2.346827167454647700e+00 9.047341739888887790e-01
2.245863396633493991e+00 8.851307641237591284e-01
2.347717543815654562e+00 9.234984494765693386e-01
2.311541897568417436e+00 8.874485707072292673e-01
2.347168684301113473e+00 8.865152991071371114e-01
2.310058166234533417e+00 8.722011681878869549e-01
2.238753753889387799e+00 8.810728249371405640e-01
2.180835562891930923e+00 8.310242322997213327e-01
2.236300343890013753e+00 8.802753875176440035e-01
2.844583160865067573e+00 1.219730376007126305e+00
2.181366395648492773e+00 8.127582832545323654e-01
2.185763069296639660e+00 8.223444487275065606e-01
2.286700656951126565e+00 8.793321367867540372e-01
2.437543612856035047e+00 9.802833624455641326e-01
2.171895821425659623e+00 8.291717809244995019e-01
2.269288900476422288e+00 8.226930080328122008e-01
2.297934127945708394e+00 8.526261996242823216e-01
2.198382208651231462e+00 8.236775645332605755e-01
2.371589852895120476e+00 9.761606591799991683e-01
2.288514411781656044e+00 9.043614280238072567e-01
2.185852370544377088e+00 8.240341202627885497e-01
2.160556172170851941e+00 7.901819855296221551e-01
2.328896350203663257e+00 8.810813088136074667e-01
2.129592865116579414e+00 8.452690104163805840e-01
2.214795374277524598e+00 8.564133833217715264e-01
2.155083905406961708e+00 7.937144123546744368e-01
2.186081741222142050e+00 8.556457837066218097e-01
2.365973820648751502e+00 8.974385946095269073e-01
2.296781027320393687e+00 8.841704685452351775e-01
2.288865110875958120e+00 8.910731568769364452e-01
2.274673470843838974e+00 8.802333671230485601e-01
2.292333621244979636e+00 8.402941522681013353e-01
2.183476249406007597e+00 8.199770638096196551e-01
2.266771225081908092e+00 8.506954140704515721e-01
2.188572271952307524e+00 8.479322367297685847e-01
2.394213721422848717e+00 9.303694333711330922e-01
2.166557663558303926e+00 8.163113170087501480e-01
2.257657075039763317e+00 8.523007654729159999e-01
2.298518543745772025e+00 9.008938949038989286e-01
2.302524398885368750e+00 8.895193504726754963e-01
2.120675972861621794e+00 8.109863289475485182e-01
2.301374645878270009e+00 8.778292081637837363e-01
2.234183242695883198e+00 8.728382416206188488e-01
2.280239566281725860e+00 8.525638557169633591e-01
2.243497626951656443e+00 8.222438089579724441e-01
2.275920299080937514e+00 8.870009997220745790e-01
2.254662336976347881e+00 8.348838436985646094e-01
2.237453466866239360e+00 8.034320218061156149e-01
2.271336165613024427e+00 8.572672664606352244e-01
2.251561393481706030e+00 8.530096152772814744e-01
2.228824053934499894e+00 8.746373646693471615e-01
2.048572664064186366e+00 7.604869203001974887e-01
2.361687328910799355e+00 8.937176523610134149e-01
2.488168730771139980e+00 1.013645437861160348e+00
2.290311685134057473e+00 8.321140144385121840e-01
2.424740524890758753e+00 9.440518811575886460e-01
2.267083038236692882e+00 8.548244947257092052e-01
2.264545458147204648e+00 8.367192398486832383e-01
2.382891787114983284e+00 9.358256518860025297e-01
2.238862917583998691e+00 8.403835297282948869e-01
2.233275929256135051e+00 8.370410027306333101e-01
2.204958466778355941e+00 8.251980049566440822e-01
2.317793842525362802e+00 9.117590964803216069e-01
2.067288207794624189e+00 7.692599440017887646e-01
2.241812546399281292e+00 8.455039110604620767e-01
2.236839016449070350e+00 8.954973232109865178e-01
2.255299050417975515e+00 9.241339320624287756e-01
2.239384135619463034e+00 8.622708084520265270e-01
2.406832877249156066e+00 9.641778468017697667e-01
2.231555103458892297e+00 8.737414538204584247e-01
2.227180072741074657e+00 8.417343432080349741e-01
2.170043592105458163e+00 8.154236059480558518e-01
