3.067792235961510183e+00 1.173753811016760462e+00
3.026247276782050744e+00 1.151371630083323661e+00
3.025028723671420394e+00 1.163516590927178518e+00
3.083234400258789698e+00 1.170222975309815672e+00
2.985423002965156059e+00 1.072250489044337618e+00
2.841583674823382477e+00 1.049035687449579424e+00
2.987025437598648026e+00 1.118908141562865222e+00
3.004125371496669583e+00 1.109735758873101386e+00
2.983950514164344536e+00 1.163337078499866450e+00
2.881844446237556756e+00 9.709233780152876081e-01
2.905185019502665167e+00 1.064299728396027378e+00
3.109726128643647503e+00 1.171605160269056256e+00
3.076375079955092851e+00 1.171757384019841641e+00
2.963653620813496925e+00 1.129903919138713686e+00
2.921429276356354965e+00 1.006030007423398986e+00
2.921359300201270326e+00 1.035878497028043688e+00
2.882590723011492884e+00 1.046806475573159423e+00
2.799931013801160162e+00 9.445361971387068456e-01
2.974188550300119083e+00 1.097490403094635525e+00
2.953753750348279361e+00 1.059313201058417420e+00
2.921438339932982409e+00 1.084950945182830306e+00
3.018777143619190362e+00 1.092746958307616589e+00
2.922824436077805732e+00 1.058560254672024081e+00
2.881523246055036847e+00 1.022274232020519813e+00
2.847738656860593132e+00 1.102018786328125444e+00
3.045877954157840239e+00 1.112699708349608851e+00
3.037201680019954608e+00 1.106428544180195095e+00
2.997633923132791089e+00 1.080917874879280038e+00
2.942038408937115879e+00 1.088648526920613202e+00
2.942502640426734040e+00 1.075637202013319138e+00
2.883431986897046162e+00 9.748075707158420089e-01
2.976447623709605139e+00 1.036919035316347770e+00
3.045659108486356903e+00 1.058700459292892582e+00
3.004078886260935999e+00 1.047354275290843351e+00
2.936083240568929220e+00 1.096553924679281478e+00
2.981327977853292399e+00 1.047539689259918694e+00
2.991339440605401911e+00 1.139149155232545230e+00
3.485506521531935409e+00 1.453272921425458941e+00
2.874822012844602703e+00 1.009297850489611514e+00
2.889495397923739883e+00 1.068101259995417607e+00
2.995995551410762125e+00 1.140267754605476913e+00
2.991234079512631983e+00 1.074171628005113455e+00
3.130050711579901890e+00 1.152207358573204221e+00
2.875605198125080531e+00 1.046283914034226825e+00
2.946365918998080868e+00 1.092340150808534860e+00
3.046184572036496174e+00 1.151891871079488538e+00
2.986134659438482775e+00 1.072448174872578264e+00
2.937589136878578255e+00 1.058829355651932591e+00
2.841716334203257865e+00 1.047410727843538281e+00
2.887669851387063336e+00 1.033255493441816331e+00
2.977188478844776665e+00 1.071944916659372637e+00
3.011112342881169024e+00 1.091126570489394654e+00
2.860465319965660669e+00 1.018733908109250574e+00
2.905018918043909881e+00 1.069189974690002876e+00
2.855439917385867776e+00 1.003460911615905671e+00
3.083252570793022507e+00 1.192420333619069961e+00
2.894628063394430573e+00 1.042608541509503661e+00
2.959245558274696819e+00 1.073308933233934059e+00
2.941194463765992584e+00 1.028510185554345036e+00
2.907183513134565356e+00 1.062780017368218921e+00
2.871434340797849760e+00 1.037828198212819242e+00
3.014833011586773193e+00 1.095679193180028488e+00
2.971950433858944418e+00 1.078144203897576148e+00
3.283030202606772363e+00 1.251510995187489650e+00
2.966781321620825196e+00 1.045117596814219674e+00
2.855925671321875914e+00 9.824944034830509487e-01
2.925675764637669651e+00 1.032974873234214774e+00
2.987368827628123835e+00 1.144378121731244313e+00
2.823423025127016484e+00 9.562498685855833624e-01
2.906653261873278993e+00 1.015958546138034935e+00
2.913252015391014638e+00 1.078786316896655162e+00
2.840224531084269532e+00 9.904644911425445342e-01
2.814969990554710311e+00 9.764207478986036692e-01
3.020068104916341589e+00 1.097472640775732255e+00
2.900372606679824106e+00 1.012367176755393672e+00
2.967507599353559566e+00 1.092572883854975085e+00
3.114408679604117935e+00 1.172704976357025641e+00
2.855215650613774248e+00 1.015682369093596549e+00
2.916751846476634658e+00 1.056420777310411729e+00
2.970762393384963396e+00 1.079035369271240885e+00
3.023415989086721822e+00 1.143149748623891515e+00
2.839895011625012344e+00 1.007774935114864379e+00
3.115977379715276108e+00 1.179776252173975415e+00
2.887903088840458210e+00 1.031913037021038981e+00
2.962697534106124131e+00 1.067400421201699201e+00
2.964451869140402707e+00 1.060151959156479640e+00
2.941656384489697906e+00 1.074306997842121802e+00
2.884611392086405601e+00 1.094598520837614997e+00
2.934081784539847693e+00 1.074582303091758950e+00
2.883068341635405041e+00 1.037294279084404192e+00
3.669257674956952098e+00 1.544829696654808293e+00
2.890697884094252323e+00 1.001797322840752846e+00
2.851476567413832708e+00 1.023305102760094565e+00
2.861346823798423866e+00 9.549539074521600224e-01
3.512366779638071090e+00 1.496634390099317535e+00
3.001431765054950684e+00 1.085184571395090281e+00
3.002478397428674839e+00 1.062325145111209013e+00
2.959751233115823332e+00 1.102339799642042983e+00
3.087527991298788077e+00 1.154315769772432887e+00
3.001624244243419781e+00 1.092819460713069235e+00
3.116907070631303345e+00 1.193495042815456486e+00
2.949095914689065179e+00 1.134286518380979158e+00
3.002877956115744151e+00 1.099300618468081581e+00
2.887407739726344236e+00 1.027101717844952189e+00
3.038347194394652284e+00 1.153305857398201573e+00
3.083708811071230294e+00 1.169811310130781656e+00
2.955035338371291065e+00 1.053034019910188190e+00
2.845880066845805967e+00 1.106924830737932686e+00
2.976782629484221232e+00 1.093806664191973699e+00
3.034438176126001974e+00 1.147668606304927508e+00
2.768767730626152002e+00 9.449332421068125099e-01
3.179671463254699848e+00 1.260777774654905148e+00
3.037668156169896605e+00 1.140784320611916147e+00
3.000074973630569630e+00 1.117275079793663028e+00
3.005171249200164318e+00 1.094484519256577082e+00
2.901164494997818810e+00 1.044891483951581490e+00
2.969011401797416738e+00 1.113272961834937735e+00
3.194985976253885696e+00 1.165449778421496330e+00
3.016348319253147725e+00 1.139299783924875298e+00
3.086894067174005940e+00 1.104055680632845204e+00
2.936023965432817295e+00 1.067592023412941238e+00
2.888466205109607277e+00 1.080002385433446177e+00
2.938985260791995291e+00 1.103734750478815085e+00
2.994078303840562061e+00 1.123573383589044905e+00
3.050265623673804161e+00 1.099720349318018320e+00
2.958794075789951794e+00 1.050067356937683716e+00
2.903867297171635276e+00 1.128766466537587831e+00
3.087900374119086244e+00 1.161899086964335526e+00
3.102044038427157702e+00 1.176550939656376027e+00
2.948462241001371886e+00 1.054585798132019914e+00
2.999825557178730673e+00 1.093466601591697396e+00
2.885557987084475862e+00 1.023220247681088546e+00
2.985864976800881809e+00 1.134120596891898147e+00
2.974656646425994033e+00 1.015108744086636650e+00
2.931905244698224777e+00 1.044295417882910026e+00
2.915932133703738049e+00 1.066726167311618845e+00
2.836856596592090440e+00 1.014563111899906112e+00
2.911323276093094936e+00 1.001505381745442902e+00
2.815326882500054584e+00 9.719098554483587282e-01
3.042059554790843556e+00 1.168017258567040972e+00
2.869524088560991171e+00 1.002119695638741037e+00
3.471841945282017949e+00 1.471202622117681047e+00
2.858236147553996798e+00 9.685127079400180916e-01
2.798385832406265372e+00 9.771869482557291597e-01
2.954799939460330815e+00 1.077547249040207378e+00
3.033048731732460812e+00 1.072664207549928195e+00
3.097636177604251806e+00 1.079125587678876341e+00
2.937023318086251500e+00 1.041707890364688582e+00
3.050018472574949513e+00 1.154476813038609162e+00
2.934737139818597296e+00 1.038737662801869632e+00
2.863595883637577444e+00 9.866304315802937319e-01
2.865932589604653025e+00 1.031588954173155548e+00
2.960873345907265364e+00 1.007826997319882567e+00
2.773130394847973079e+00 9.251143968559973896e-01
2.975996124440084767e+00 1.077119035640782707e+00
2.915200000263239666e+00 1.065976215974427932e+00
3.308041729454689772e+00 1.329768684734901063e+00
2.856923298331778494e+00 1.040567406026474240e+00
2.918386358092481814e+00 1.007366501830752048e+00
2.870115397086425713e+00 1.016598211080437242e+00
3.010177427547989115e+00 1.136532028050923682e+00
2.944517602590331240e+00 1.068583584754560389e+00
2.923692487231503101e+00 1.058270478255402214e+00
2.976402733102938569e+00 1.065774506296812696e+00
2.976941240714996439e+00 1.106255875068970163e+00
2.880171902506762027e+00 1.051281211047370379e+00
2.952219115462889398e+00 1.076838706359007025e+00
3.001985854319261904e+00 1.066971517643618750e+00
2.975924899999310203e+00 1.107627451044703504e+00
3.107800745135566256e+00 1.221067547697193723e+00
3.080670177190051096e+00 1.115025647295336597e+00
3.033140113698713058e+00 1.165112025876033686e+00
2.910902633447818300e+00 1.048940243621350188e+00
3.013383474778095206e+00 1.119377335187453415e+00
2.969551390327912710e+00 1.068671283874517819e+00
3.094488746921070454e+00 1.196121478507118363e+00
2.915365604629031271e+00 1.062758366069243898e+00
3.059186012321822190e+00 1.149946099088886786e+00
3.027605029518349866e+00 1.121503028390919532e+00
2.843580215095021568e+00 9.742404392983193828e-01
2.830148003284863822e+00 9.828374861108840621e-01
2.928516218598379517e+00 1.060637524500514184e+00
3.334611614365884602e+00 1.371408823518351694e+00
3.109768191266038873e+00 1.137694789307100773e+00
2.862092419111346153e+00 9.973581168555698540e-01
2.939109542404130693e+00 1.005304394987786232e+00
2.950908488701723176e+00 1.024444877357812533e+00
3.035256545372257087e+00 1.137715704966395514e+00
2.941200579137319249e+00 1.052250089984814174e+00
2.722598586395752474e+00 1.031343015467789392e+00
2.788336847613763769e+00 9.297584018567107700e-01
2.992768733691669958e+00 1.091625309966603563e+00
3.058138397914321072e+00 1.089083059440248746e+00
2.832141721536468815e+00 1.011990287754419127e+00
2.882012396967373657e+00 1.019075814399148738e+00
2.926535315808950877e+00 1.025357739107420896e+00
2.950771892639614258e+00 1.058425624582064239e+00
2.975439594560285617e+00 1.065455356339625181e+00
2.837410639727630191e+00 9.743530730146776619e-01
3.044652010462836955e+00 1.119827685768529868e+00
3.014606669517847948e+00 1.115466327242151001e+00
3.051723338761722193e+00 1.193718788484676274e+00
2.942680855175980881e+00 1.069964623846518359e+00
2.887958342259491218e+00 1.024109155071007971e+00
2.916941202967911373e+00 1.012166888194483416e+00
2.987295041896914860e+00 1.108682673460066104e+00
2.925570431991348030e+00 1.049212887874824363e+00
2.955479930317476800e+00 1.080120364942056987e+00
2.981116645037228174e+00 1.119846112815167105e+00
2.870003448025029158e+00 1.046608655391182419e+00
2.815982587579232810e+00 9.710882354480565581e-01
2.931302062987342083e+00 1.065284644499687738e+00
3.053622940234444361e+00 1.117055907076807353e+00
3.143917692523852558e+00 1.176637749237097852e+00
2.998208223474873702e+00 1.071959493118430862e+00
2.831401520601616095e+00 1.034098491217897431e+00
2.941227805013953756e+00 1.055853664328795016e+00
3.030369732084276180e+00 1.145047334497127922e+00
2.853864531069256749e+00 1.020403326745523476e+00
2.901118899049834443e+00 1.065546856765975381e+00
2.932111054975188313e+00 1.029245448079251446e+00
3.015872576950116457e+00 1.087408863321247976e+00
2.888498578705386954e+00 1.076429253667804620e+00
2.986046220571144438e+00 1.072684133947576779e+00
2.963033943309469898e+00 1.081771999614718816e+00
3.106312880577787539e+00 1.117651540609056804e+00
3.048879834421774238e+00 1.125423712959688904e+00
2.949034045923554004e+00 1.123486849524355513e+00
2.876817400158823368e+00 1.053981885308856503e+00
3.021747618062519347e+00 1.099380051440554285e+00
2.881257121750465888e+00 1.025669221382356389e+00
2.901149201173874648e+00 1.041741540706279112e+00
2.829180813742738110e+00 1.017471070484605722e+00
3.278176680239804242e+00 1.409943526904245514e+00
3.040404437345470168e+00 1.126709565257609347e+00
2.955554857525313217e+00 1.099429337882565694e+00
3.069951829172956614e+00 1.167542503956091826e+00
2.903981755927066644e+00 1.071876452458468520e+00
2.875389305170330534e+00 1.069960691247932694e+00
2.949007500187863950e+00 1.084134840042063397e+00
2.922657899419547789e+00 1.067736414621449192e+00
2.889565749936175099e+00 1.029711015538310015e+00
3.085319077137071542e+00 1.139309260693410319e+00
3.042519664582040040e+00 1.137001504595319457e+00
2.979371082665875026e+00 1.062317613952347140e+00
2.982958950259238851e+00 1.047798757954766735e+00
3.044392971872214915e+00 1.112860675531651689e+00
2.999138725111449855e+00 1.208292856558430550e+00
2.970616258113052410e+00 1.086008709895040836e+00
2.974169979934754071e+00 1.096891888243961111e+00
3.039336645115958024e+00 1.114291131536302659e+00
2.951081296180282365e+00 1.109176355098038913e+00
2.852183720060196048e+00 1.003498020315465977e+00
3.117950130783175844e+00 1.204108550621724838e+00
2.960630933964869982e+00 1.077231817808091741e+00
3.007880167586519882e+00 1.131535637904215852e+00
3.017685983350335999e+00 1.098949907037886087e+00
2.869041648848997372e+00 1.026395239441025176e+00
2.925558637464930278e+00 1.028162033213718463e+00
2.905684840469595187e+00 1.052889664051379182e+00
2.959124482748958229e+00 1.112178815558814149e+00
2.966176306431797194e+00 1.113715964175818085e+00
2.906087938708612040e+00 1.069226104748911998e+00
2.939776253906166481e+00 1.055529914567017169e+00
3.028600245269783997e+00 1.076892699520910712e+00
2.997401053574122454e+00 1.142690502348656656e+00
2.889524793324219853e+00 9.623137100039480529e-01
3.063369184236422349e+00 1.142343346427178163e+00
2.842387174230968316e+00 9.971537845824436364e-01
2.992571724247423237e+00 1.059581864035810561e+00
2.970655344748824422e+00 1.115989218967669672e+00
2.854902293977730654e+00 9.679731360931501660e-01
2.785631531375732273e+00 9.424443644860260871e-01
3.051011088749882028e+00 1.150592790181313996e+00
2.977746223144949411e+00 1.051816119124974858e+00
3.110246962586004749e+00 1.183308300052984485e+00
3.047327128461720047e+00 1.181275918420055415e+00
3.086847635822273617e+00 1.161363289714984370e+00
2.800273785322645370e+00 9.795661088426964591e-01
3.136086737921899736e+00 1.219940887313683442e+00
3.003743359190601314e+00 1.077080034123218288e+00
2.954076770440820177e+00 1.032072433252382293e+00
3.100148725171384623e+00 1.098255158031584244e+00
3.183527943577430186e+00 1.229111527664929593e+00
3.117728177802565170e+00 1.110286016048904978e+00
2.919493721177043977e+00 1.094785573024361636e+00
2.921062142674935469e+00 1.056991138090527471e+00
2.887016473256687643e+00 1.022732757507965218e+00
2.855676428461650485e+00 1.003239652031573170e+00
3.543365134652577186e+00 1.451382753702443740e+00
3.030555853072318229e+00 1.141978621625705514e+00
2.807123079566895552e+00 9.420025076317567470e-01
2.782008291521889998e+00 9.811415811860172420e-01
3.141790441959193547e+00 1.203574938745505474e+00
3.010994948462474063e+00 1.091917694653206761e+00
2.903641961309014530e+00 1.047745389105748215e+00
2.829618272860453754e+00 9.795710846000372785e-01
2.813459314976142878e+00 1.031574531071030032e+00
2.858329329021755516e+00 9.703770183728458454e-01
2.896181111641954686e+00 1.015518124095781349e+00
2.895265719310033514e+00 1.041465260688899663e+00
2.920805235469482675e+00 1.025758751306553584e+00
2.987503667460504442e+00 1.123347442500605586e+00
3.087039440101191357e+00 1.156737109380930661e+00
2.909282140626697544e+00 1.053515564216368050e+00
3.003729737335202543e+00 1.117379075976454805e+00
2.897604030864086688e+00 1.025370543353407049e+00
2.819132281176980559e+00 1.035410582866580054e+00
3.040520705584693228e+00 1.116576039852363644e+00
2.887712524835546635e+00 1.026299892261511193e+00
2.961493092590747445e+00 1.098939712634214638e+00
3.035611804844942530e+00 1.106649846300103324e+00
3.061609269531476496e+00 1.146907331404662944e+00
3.031517762102652558e+00 1.118876570290967987e+00
2.901592720233794331e+00 9.817130175822330607e-01
2.874249762946121667e+00 1.045554029004251539e+00
2.979907581056774113e+00 1.091666062972927786e+00
2.794481198063649252e+00 9.613756896102790828e-01
2.895822345968145584e+00 1.040700000209064058e+00
2.856349565632240406e+00 1.027058144975756093e+00
2.945115966321734113e+00 1.068981736870995514e+00
2.840312766446922321e+00 1.019321511084821053e+00
3.010690177620526597e+00 1.076766595171240848e+00
2.941759152952224454e+00 1.013721521892818389e+00
3.083506620501235140e+00 1.209028609779554175e+00
2.860348171714838017e+00 1.011240770195245497e+00
2.939765408123123258e+00 1.066145614211959414e+00
2.857151921456839272e+00 1.006758484914700880e+00
2.850483751472912886e+00 1.064349490762698247e+00
2.752747636416785326e+00 9.257670710206976628e-01
2.926760523263284952e+00 1.099537990409736210e+00
2.949337547194069042e+00 1.049272371746303278e+00
2.771943794107436521e+00 8.939704672834192234e-01
2.865449488439728132e+00 9.927599147447542238e-01
2.908287744251313089e+00 1.060314545238195683e+00
3.319366457680376303e+00 1.304911748631185420e+00
3.100423044809656137e+00 1.185676036713232406e+00
2.910784562606988146e+00 1.064468265306036665e+00
3.023652758807684471e+00 1.152492422029091523e+00
3.004664294872417596e+00 1.086077055844510530e+00
3.041515295519475970e+00 1.192465538605903541e+00
2.890382178061532414e+00 1.048688025980834215e+00
2.912043827595441670e+00 1.071907180018083938e+00
3.047521466603871243e+00 1.135577314861509146e+00
2.951105621204260121e+00 1.091009430991222828e+00
2.886982521260986090e+00 9.961066212482481141e-01
2.896698001112583132e+00 1.000330798923033671e+00
2.830395095120854521e+00 9.944657149778874938e-01
2.922360005969139696e+00 1.047300693535085703e+00
2.854426883609775256e+00 1.025487892083605246e+00
2.926541222405488973e+00 1.066802426339883647e+00
2.831408084232382105e+00 9.617666583701520722e-01
2.919994849978119866e+00 1.098698135052627700e+00
2.822692943843619684e+00 9.666031890968858065e-01
2.909698645243227411e+00 1.031912627506291980e+00
2.792771708231142291e+00 1.007589351119947185e+00
3.007979084846345685e+00 1.075587424803632786e+00
2.903709875271604179e+00 1.014729725453453302e+00
3.027032537904033926e+00 1.118143527467435616e+00
3.003730938763525593e+00 1.047474210991309107e+00
2.811320114786386437e+00 1.023412225766707762e+00
2.863652527250463820e+00 9.606581959014193206e-01
2.935018888714753249e+00 1.040022677128799256e+00
2.950385774795772242e+00 1.105606510369118611e+00
3.023874171515462894e+00 1.105260548521484143e+00
3.046765211424820485e+00 1.117483447369376659e+00
3.088613698315163081e+00 1.150012554281810706e+00
2.875100075676304545e+00 1.053270193614202821e+00
2.775841322078203444e+00 9.545822590318665535e-01
3.029506256052302060e+00 1.086652660112373381e+00
3.127857891279588465e+00 1.179529987237089683e+00
2.968398086120122237e+00 1.085429621396373667e+00
2.987488902695939696e+00 1.076535711452917488e+00
2.970215210561942154e+00 1.069896809084545097e+00
2.851799708370954978e+00 1.099689582188897452e+00
2.931306018903421240e+00 1.027814191695486157e+00
2.949332886263782871e+00 1.116163952739819276e+00
3.287097948472980313e+00 1.338970742565993799e+00
2.904411846735374336e+00 1.054561075782318058e+00
2.889010923846753176e+00 1.038043514601519002e+00
3.011790955571476136e+00 1.157766921885225786e+00
3.015037250115256029e+00 1.097963221902459763e+00
3.008142353579990935e+00 1.103431778821287956e+00
3.077982181548135632e+00 1.129559468933104105e+00
3.080874075014958358e+00 1.187795154643755513e+00
2.912145584723491165e+00 1.015196497238601392e+00
2.871441119779231332e+00 1.052207814763071125e+00
2.956799741203239851e+00 1.081361720810699145e+00
2.944368285114312034e+00 1.059832128282126806e+00
3.016876174354236717e+00 1.093825383635429693e+00
2.894707868191183309e+00 1.064291606527791201e+00
2.985094414019566766e+00 1.114568761736075553e+00
2.979035868317103208e+00 1.049201876489678664e+00
3.038408459963531261e+00 1.107751936471437659e+00
3.375275449388860149e+00 1.431435624366460102e+00
3.090814811725191014e+00 1.170449926713790223e+00
2.951735632878507598e+00 1.079268249958997172e+00
3.043941957950296207e+00 1.102425153499569266e+00
3.082906418796433456e+00 1.114223545736535925e+00
2.895224648541543822e+00 1.031544050120734912e+00
3.065996465915465929e+00 1.142770353288315777e+00
2.925194780389030580e+00 1.100251303879456355e+00
2.883479047505025150e+00 9.890933132090496960e-01
2.866645497641148399e+00 1.013183536682390695e+00
2.949008937202024505e+00 1.034091724953793312e+00
2.966447704342098923e+00 1.091505225054407280e+00
2.937159446590898781e+00 1.108421590609908636e+00
3.358660220651372708e+00 1.353561943532961109e+00
2.983217007528747189e+00 1.113992270409617014e+00
2.979849284801779241e+00 1.093479227884347038e+00
2.861041270941415693e+00 9.824699408867335615e-01
2.974029411130834077e+00 1.097533919852753614e+00
2.914447789325358862e+00 1.044417224791357679e+00
2.932880802517695784e+00 1.067996960745940971e+00
2.923566719354597332e+00 1.063876221334846051e+00
3.002850773863238842e+00 1.135014755068343373e+00
3.020578657252154020e+00 1.124122507238831004e+00
3.194595587602699904e+00 1.205806931533159654e+00
2.921009222535621230e+00 1.022080694829287317e+00
3.040124784880127606e+00 1.108085113318279635e+00
2.945058932899327520e+00 1.065673021132335307e+00
3.010169428105709422e+00 1.086673681025957405e+00
3.136826594132850587e+00 1.195091089066101286e+00
3.024521893656743288e+00 1.123337352118153554e+00
2.895151541840408349e+00 1.051726275859753867e+00
2.984175296861470539e+00 1.118887146266137389e+00
2.975414801801418818e+00 1.107713063602564496e+00
2.856503442896913825e+00 1.041949019373169971e+00
2.922289343333968947e+00 1.047300057329203948e+00
2.962677510976483131e+00 1.107822861474804021e+00
2.917168658707993689e+00 1.051908037723165545e+00
2.883495370941925540e+00 1.012165687923624491e+00
3.025667913496858930e+00 1.102713915959852020e+00
3.047991745975492162e+00 1.153626440448957569e+00
2.847994222610477522e+00 1.076491167245680503e+00
2.968928292728085783e+00 1.085754386840932062e+00
3.008631767295900872e+00 1.155117903940836355e+00
2.971983225185985678e+00 1.109112741940414315e+00
2.959842217673294584e+00 1.077284779292500438e+00
2.903727053430664284e+00 1.015064521631558137e+00
2.863217689072865113e+00 1.033441484015521938e+00
2.892049238234612130e+00 1.052249659451763852e+00
2.846824530043388979e+00 1.017116269344926494e+00
2.908468539799017538e+00 1.120271823204601835e+00
3.074658364752630213e+00 1.185035078496007754e+00
2.929472453905912488e+00 1.043019251961608829e+00
3.039879335212426703e+00 1.182315944080342351e+00
2.947420524450305113e+00 1.068799865496045998e+00
2.827881003303630347e+00 9.754093730167744392e-01
2.999378889153291539e+00 1.092193847931426376e+00
2.972699606774408920e+00 1.137852635228849607e+00
3.004684490894057980e+00 1.109015424894903123e+00
3.374132224667009350e+00 1.388351443941886920e+00
2.959357207832539860e+00 1.076725773294354038e+00
2.964242523749504254e+00 1.061619259577440300e+00
2.956831927763052370e+00 1.049166206906711585e+00
2.911308640938362835e+00 1.077529806021123582e+00
2.855501826466830373e+00 1.049294742377491430e+00
2.896208933883373415e+00 1.080314619414921351e+00
3.008933508544883839e+00 1.164868605858534689e+00
2.911873998681301590e+00 1.037522002690785872e+00
2.927369560205456800e+00 1.018806035912259489e+00
2.913248525049549453e+00 9.966918471298494842e-01
3.015378532045762228e+00 1.083380344304448517e+00
2.962998611169577412e+00 1.081260386743891688e+00
2.985645922740368441e+00 1.124841962618436497e+00
2.975099241244728798e+00 1.090316532771339109e+00
2.868595008085058407e+00 1.004989964493618659e+00
2.932737663442748222e+00 1.106070696136227438e+00
2.915521402354073643e+00 1.085351710225942901e+00
2.991001157143191147e+00 1.086519751973847425e+00
2.842250704691001051e+00 9.994875161953022946e-01
2.932201281470159238e+00 1.041984443311413600e+00
2.859709098562408069e+00 1.013474727386948437e+00
2.949697754733481503e+00 1.111919388573861411e+00
3.036130525778500733e+00 1.136950171757823425e+00
2.930818045099059521e+00 1.058820850346716913e+00
3.041273833422422079e+00 1.071219609329033817e+00
2.935016768148012822e+00 1.034796287479533339e+00
2.956886315331371140e+00 1.088868324135014554e+00
2.923406262231407204e+00 1.044448901517945671e+00
3.024311226999930380e+00 1.066247576790389395e+00
3.022954218513258073e+00 1.092016225334287771e+00
2.924743987718397165e+00 1.058800269986013287e+00
2.822774094814495704e+00 9.951890810881202087e-01
2.989705856992916022e+00 1.063105434127307847e+00
2.811407618572291156e+00 9.224012941743804372e-01
2.936540711422083838e+00 1.066861360923285540e+00
2.915415554453950175e+00 1.063087028179794613e+00
2.910805694251002329e+00 1.038134930654987187e+00
3.061772076214684724e+00 1.187104712361382042e+00
2.925692622548938360e+00 1.110993476796670043e+00
3.062820740588244828e+00 1.130641628562211176e+00
2.843212558755292108e+00 9.752064669132864960e-01
2.965902801684781043e+00 1.023809302268561705e+00
3.058158046002272812e+00 1.177472068488689239e+00
2.920687911216364174e+00 1.054339444461215303e+00
3.019498102808319207e+00 1.082238904546399816e+00
2.929524815599672927e+00 1.037866225476027138e+00
2.838882659255246743e+00 1.022658890963630718e+00
3.002274145649567849e+00 1.085822714019275548e+00
2.875102587458656878e+00 1.000725713271866324e+00
2.888245207215797805e+00 1.038581585320958789e+00
2.893633944537877145e+00 1.041662863111026738e+00
2.993708027680481276e+00 1.099080229562330979e+00
2.883229434799268187e+00 1.045120352712257006e+00
2.977151199380424718e+00 1.082783139709657450e+00
2.957892805225568633e+00 1.036254505578967366e+00
3.094055649371391326e+00 1.196898841778962552e+00
2.903253116720227123e+00 1.069877497702877545e+00
2.893920092237932895e+00 1.117790239525223495e+00
2.940405803062525969e+00 1.022451404875710956e+00
3.083815889763015683e+00 1.118807216049540143e+00
2.949285232481416941e+00 1.092294477391947405e+00
2.963870150397132530e+00 1.093338301407866142e+00
2.903929356418840424e+00 1.059178562997280526e+00
2.897065083792389917e+00 1.029618593425744022e+00
3.003791587227480075e+00 1.098076824647875371e+00
3.071526632283614777e+00 1.164796088299852483e+00
2.845207353209127543e+00 9.674525142396220856e-01
2.909710095648211592e+00 1.016939570248225344e+00
2.878474954453656309e+00 9.917025308601684630e-01
3.070363047432552506e+00 1.174385666781498472e+00
2.933917949371263045e+00 1.024469881947909888e+00
3.039468098321112866e+00 1.126246263611788034e+00
2.834858382108714547e+00 1.001258854726548631e+00
2.983205119739043010e+00 1.080783973328297343e+00
2.940272860553511336e+00 1.069699633132627614e+00
2.935684443282066791e+00 1.106883926649918637e+00
2.926499063555255464e+00 1.070866515905676275e+00
2.997325614097924529e+00 1.081886733911268328e+00
2.972379705833966490e+00 1.067525778593588548e+00
2.950164187652882575e+00 1.115871753121021159e+00
2.938111281424702348e+00 1.053123671441011711e+00
3.012729984578392362e+00 1.078680300710535667e+00
3.674368362607125071e+00 1.640689151442304761e+00
2.903019859240935308e+00 1.022210393707836174e+00
3.062004930400887837e+00 1.122737317495301923e+00
2.930330944304879726e+00 1.034405551108699139e+00
2.996512795608209156e+00 1.126436094712832237e+00
2.831845807345267918e+00 1.010774103942915447e+00
3.143269998871594861e+00 1.172496907862546456e+00
2.774598821395751536e+00 9.702518049482061757e-01
2.781726472319863142e+00 9.930500630677596696e-01
3.079956448154970161e+00 1.180941451039568379e+00
2.776233449468748393e+00 9.443693772097416783e-01
2.954427863140590471e+00 1.089886885907381808e+00
2.953046044534271886e+00 1.059812120815287306e+00
2.986197249126341990e+00 1.098174964911701190e+00
2.864743891885757954e+00 1.015389111252704257e+00
2.871579995510929351e+00 1.023704816171808751e+00
3.035070769906424104e+00 1.146653262119697425e+00
3.035426494568903788e+00 1.131738351310622281e+00
3.026505728299722975e+00 1.138073857497491792e+00
3.485296759108190034e+00 1.485859925130211368e+00
2.915610980542670649e+00 1.044626876116348413e+00
2.896305588039282508e+00 1.064982432860456019e+00
2.936738287828612570e+00 1.049881361908818977e+00
2.984164407732163404e+00 1.048206548276576333e+00
2.883420646070941284e+00 1.009934122370314880e+00
2.911336222002630869e+00 1.064877689782845582e+00
2.935430014953051003e+00 1.037036542947397111e+00
3.037899110005661374e+00 1.052720081947265740e+00
3.017494841907544689e+00 1.119880042889031424e+00
2.814829772543400832e+00 9.657272592792803811e-01
2.919535855514521661e+00 1.041682384766641212e+00
3.107221711488818983e+00 1.208760058412936989e+00
2.839541640020353253e+00 1.006664375479933593e+00
2.884309617962100614e+00 1.014482856360283458e+00
2.915269684728384103e+00 1.019510851319517908e+00
2.979477469391526245e+00 1.078191873535117695e+00
2.937765253066828564e+00 1.011826377909997632e+00
3.007706354683671979e+00 1.105552149475112822e+00
3.004140584451390428e+00 1.117172289443844724e+00
2.822506805193382373e+00 9.799611379426604874e-01
2.876302034082024672e+00 9.802721656632189529e-01
2.988080136919873286e+00 1.078548051370008087e+00
2.898107354151539639e+00 1.049149149736014364e+00
2.927039287393112588e+00 1.040899203621326929e+00
2.840929085782680108e+00 1.040546036558004817e+00
2.981284139317324833e+00 1.100247707231449823e+00
3.007786428578945959e+00 1.103759536971669952e+00
2.949927655565449669e+00 1.169207527609589015e+00
2.880835194255912945e+00 9.748610251122107329e-01
2.830783011822963324e+00 1.017607638939798775e+00
2.992269625610675110e+00 1.101641171933154251e+00
3.056781414132614394e+00 1.143126249421385188e+00
2.917048537395100283e+00 1.019348008392274130e+00
3.338963227323006322e+00 1.343803107530346708e+00
3.040847170391268506e+00 1.089755031426341780e+00
2.971087674292942626e+00 1.057403166437280495e+00
3.119794674948868085e+00 1.087946153545858996e+00
3.114999972866724587e+00 1.198949715406793848e+00
2.934369623765393342e+00 1.032891451658076276e+00
2.869150321183045804e+00 1.081161591975357883e+00
3.040512924823413954e+00 1.130796603517513432e+00
2.992329223387742321e+00 1.059152609250756383e+00
3.001824761148919940e+00 1.158133788587790036e+00
2.866131688353911411e+00 1.037783852943902518e+00
2.966113561276123356e+00 1.058522804587195054e+00
2.874946693938708275e+00 1.034882202953884445e+00
2.916883282389786558e+00 1.107672851536853909e+00
2.976988592378431608e+00 1.140269140709558426e+00
2.961379031067202572e+00 1.077490962385920348e+00
2.974198041569007245e+00 1.083555873419839610e+00
2.889762956651991122e+00 9.750150359494291763e-01
2.980413512150026811e+00 1.106295261803685426e+00
3.274199306063648063e+00 1.302116102437572032e+00
2.932154855546931671e+00 1.056927588377302607e+00
2.943429968266642494e+00 1.047452203326722620e+00
2.864615651519008210e+00 1.020495710563092073e+00
2.834249902547929079e+00 1.008801538803097753e+00
3.022562946761658154e+00 1.074048793518035838e+00
2.955104218357786028e+00 1.076078065048848176e+00
2.969138884214614027e+00 1.073156032061546750e+00
2.886722660346795255e+00 1.006020726776816199e+00
2.892616163771335014e+00 1.049034199976950354e+00
2.800507539040428817e+00 9.645628558893939442e-01
3.003491396241624312e+00 1.111359292516943986e+00
2.961836643166381400e+00 1.065400949333002112e+00
2.954331609795350921e+00 1.084800004602257228e+00
2.974892922603248113e+00 1.082965464678294021e+00
2.876684750052136419e+00 1.034408693431446258e+00
2.895990358723365521e+00 1.042506892496087190e+00
2.891837368641899886e+00 1.039712134112512620e+00
3.001394107940150491e+00 1.161853405856408950e+00
2.990372728590963813e+00 1.106215842802636740e+00
3.520297329700027067e+00 1.550704705733908284e+00
2.933270697380694791e+00 1.065715143489779138e+00
3.581214252714175483e+00 1.502675493507147797e+00
2.960693755290876084e+00 1.081362831930755997e+00
3.086199497920818935e+00 1.149253782908317589e+00
2.998397468336535088e+00 1.128502150363739132e+00
2.946772639075899924e+00 1.079200704731916982e+00
2.970277842733619611e+00 1.081361786173105521e+00
3.022898585564514295e+00 1.115499691998312226e+00
2.914535427843597759e+00 1.046651053092493733e+00
3.007091521321099137e+00 1.104123688655776148e+00
2.878511493445275349e+00 1.004874327471749318e+00
3.050231939215040544e+00 1.215536524286273679e+00
2.959876979667048325e+00 1.058338689187672932e+00
2.902947004443635404e+00 1.040411027998145332e+00
3.053121082564441036e+00 1.142633387372715914e+00
2.929428484274360311e+00 1.093217210779414694e+00
2.935522355283035623e+00 1.047699229281428668e+00
2.925443934579769589e+00 1.003469258513469242e+00
2.892773175558610355e+00 1.042721274368308526e+00
2.944166129412626454e+00 1.094404521813514553e+00
3.063971261008302527e+00 1.245769292920478888e+00
2.969884615822399265e+00 1.061032495077562032e+00
2.941342692990669416e+00 1.059042215128004560e+00
2.940721478634191310e+00 1.080848101506914016e+00
3.032286666160874500e+00 1.125284310704456336e+00
2.906390740228329328e+00 1.041365893618978244e+00
2.966390618769596088e+00 1.061624327573030158e+00
2.792378491754550662e+00 9.906290418569796419e-01
2.932671791520311544e+00 1.044256339514820553e+00
3.017749570613920351e+00 1.080069531976708630e+00
2.913247864403645693e+00 1.081463741364227182e+00
3.047435668105265894e+00 1.124776007000198641e+00
2.894553907929667158e+00 1.052105128816991142e+00
3.153344623099870514e+00 1.164929209259729204e+00
2.911950239801950335e+00 1.097093246440357994e+00
2.956686942883832270e+00 1.132977476520439897e+00
2.943446936485365040e+00 1.057664100729010626e+00
2.715699597337330573e+00 9.882581050698530101e-01
2.975353917243243274e+00 1.055584985112634211e+00
2.956462378902880328e+00 1.061232431699325351e+00
3.083337224812675359e+00 1.168602924369649187e+00
2.906311714790186684e+00 1.077589030433279138e+00
2.992231183418231577e+00 1.113130729912312544e+00
2.946349637846081393e+00 1.018954873988097365e+00
2.937428252913889981e+00 1.052137791907880260e+00
3.010592516754951653e+00 1.097566353797824634e+00
2.913688366742837044e+00 1.080069309215459405e+00
3.035056245169798661e+00 1.172528229437484137e+00
2.841639315529094656e+00 1.033380422467410131e+00
2.988919282928938603e+00 1.071836759913192827e+00
3.243778778618380709e+00 1.341858112281770099e+00
2.931110885932379784e+00 1.058862088217779274e+00
2.946467691576621029e+00 1.033210484335082668e+00
2.803354255710984955e+00 9.823911531190658852e-01
2.870601058245270565e+00 1.028706976997037836e+00
2.893521271923445770e+00 9.934872545226542950e-01
2.905823344541047515e+00 9.966805274798054004e-01
3.025609785786097738e+00 1.120136515215587547e+00
2.943378598648024091e+00 1.099394332865728074e+00
2.996648084506116749e+00 1.077087294054701383e+00
2.941638197946199185e+00 1.094789735907221173e+00
2.816082603621730129e+00 1.035181934466443909e+00
2.827201420079366034e+00 1.036180889064907573e+00
2.868265282597818988e+00 9.939353861402269175e-01
3.007490406031141372e+00 1.082114420693645940e+00
3.339589132601311849e+00 1.340752127953081851e+00
2.917234464883912359e+00 1.056282935441041682e+00
2.820198249398398360e+00 9.519489096437429021e-01
2.907718672617825906e+00 1.066188163511992526e+00
2.828705235548736319e+00 1.041074418665935086e+00
3.019185773088289171e+00 1.143993465724603587e+00
3.041440909598282616e+00 1.095577260837775846e+00
2.945911612128505830e+00 1.052065996768028588e+00
3.017756105742956052e+00 1.082365008169794862e+00
2.863327165575928923e+00 1.042206128060628734e+00
2.836027867444683714e+00 1.011491290200090321e+00
2.981996284500702199e+00 1.076794370496455988e+00
3.241858793536815053e+00 1.295520141764206601e+00
3.079817708663526332e+00 1.152408508801038067e+00
2.893016145746656331e+00 1.048609120546407647e+00
3.501613586977982084e+00 1.570239362581590914e+00
2.858768371191374502e+00 1.022933481222283225e+00
3.073679039443089955e+00 1.145216566390696133e+00
2.918782748099496338e+00 1.081297179702609412e+00
3.024148927814417576e+00 1.091469615806397675e+00
3.043769693757152339e+00 1.058314797455183642e+00
2.959159883908538902e+00 1.062706675483100049e+00
3.094778849426836231e+00 1.160268324423131103e+00
2.872329061210897816e+00 1.024993405154245973e+00
3.014785626781518513e+00 1.111227084297478074e+00
2.881526794880990394e+00 1.028511625533117257e+00
3.007982508426899848e+00 1.130241310101289365e+00
2.895542614676486437e+00 1.024422179029332858e+00
2.859262898688114340e+00 1.018003615232378811e+00
3.013376210691990131e+00 1.113739163494799955e+00
2.981322758193300615e+00 1.041795161955412663e+00
3.049011706825517365e+00 1.162070092134340760e+00
3.033395551310323235e+00 1.076718700764674796e+00
2.897973800944102951e+00 1.059754475052306688e+00
2.820702075822099086e+00 1.049861666436269880e+00
2.973788010363802581e+00 1.048175499159104795e+00
2.942997381932194401e+00 1.078474556386434413e+00
2.892179224683448346e+00 1.045837940328725235e+00
2.995784495914753265e+00 1.073173913512632138e+00
2.875412207538948994e+00 1.008388506100148296e+00
2.969121144189087236e+00 1.090601201816941090e+00
2.876662016106413144e+00 1.046805251359903322e+00
2.890867196596100808e+00 1.037595351969788693e+00
2.839902235446457368e+00 9.764854024156720547e-01
2.937813084674754993e+00 1.076140509747051999e+00
2.835582280939846989e+00 9.946040576521614218e-01
3.111265521810600898e+00 1.161924392008813367e+00
2.919654917244977721e+00 1.051511993075428197e+00
3.007962596037743186e+00 1.136559786646221815e+00
2.980161335111505938e+00 1.108214848381266160e+00
3.069441250558433421e+00 1.187170888478429331e+00
2.823857987952662629e+00 9.469273360911549808e-01
2.958030507678252707e+00 1.057675481818898477e+00
2.863556069729274789e+00 1.013582964228569638e+00
3.045590359248470325e+00 1.130930474479027836e+00
2.886795081450269418e+00 1.021541181195776193e+00
2.923002558353886560e+00 1.016921068348120238e+00
2.936820360862554491e+00 1.106300031720591548e+00
2.991624792995042803e+00 1.055063886325277922e+00
3.071289853346070409e+00 1.129560655901675092e+00
3.041721726890196820e+00 1.143693507955898303e+00
2.982204513277983082e+00 1.095316546939701485e+00
2.954747592677056556e+00 1.093577930035870782e+00
2.926517951657387595e+00 1.011398698582342437e+00
2.879809464040258948e+00 9.822621987434135837e-01
2.955780552449317256e+00 1.001099813835657049e+00
2.997808836245130504e+00 1.097393114896507926e+00
2.845167105425622900e+00 9.727527946582923413e-01
2.983754328101718034e+00 1.067350147934966076e+00
2.994166804604013077e+00 1.134795001934063352e+00
2.781536417287573393e+00 9.801122662682130171e-01
2.879793148059678565e+00 1.015542734651842416e+00
2.864899455848931353e+00 9.868631809266751320e-01
3.039927871385591729e+00 1.137433906890809476e+00
3.309443968354530252e+00 1.367832455351620569e+00
2.834770990774175381e+00 1.050801652732241243e+00
2.943597751829102993e+00 1.064485349865051500e+00
2.951336481056959116e+00 1.045042591237787644e+00
3.098692690621603685e+00 1.184323008378737052e+00
2.963768525622621830e+00 1.100866615511127300e+00
2.905296197451509244e+00 1.022352638816511838e+00
2.748612852199622480e+00 9.318135153261845049e-01
3.066411130826254272e+00 1.138903444879708626e+00
2.983128282749234028e+00 1.101060987971370864e+00
3.037228689224180656e+00 1.057342582272301712e+00
3.103702073825269192e+00 1.160835901723444197e+00
2.968641300667936633e+00 1.075586748185132668e+00
2.959743832597508284e+00 1.089975472618610386e+00
2.825591129284263925e+00 9.770658775817495645e-01
3.032832767410445385e+00 1.135663622513075843e+00
2.902628762547626362e+00 1.026488160342866607e+00
2.929038331507331172e+00 1.050479877043134724e+00
2.968355415038709921e+00 1.046669015097321465e+00
2.876185968155269279e+00 1.046095998273036676e+00
3.020083014191514703e+00 1.133745795272206314e+00
2.659540536668571153e+00 9.011455943935841040e-01
2.956204100937758206e+00 1.122312810973312258e+00
2.952111319587278793e+00 1.104119827022247424e+00
2.985124584619372357e+00 1.080648422035987100e+00
2.872345340623336796e+00 9.790820228967982430e-01
3.004289008525361293e+00 1.090377354327874304e+00
2.846704821270603869e+00 1.021853288092959611e+00
2.834505261606010684e+00 9.933533264243221694e-01
2.857464137429451156e+00 1.055061572195501007e+00
2.910112222393168580e+00 1.034763404493735939e+00
2.915647940016049766e+00 1.059675248035593764e+00
2.986423071350805536e+00 1.112684642728286377e+00
2.981040608526176250e+00 1.086554232204740122e+00
2.923803380045076672e+00 1.017629996029038475e+00
3.012644369635287589e+00 1.138051038513399504e+00
2.924537511345513430e+00 1.051511083358651844e+00
3.049241541243957965e+00 1.059290279658235301e+00
2.947828270150329999e+00 1.101164854994717501e+00
2.832048649233040560e+00 1.039645169018411863e+00
3.128643489391280230e+00 1.165758842676192675e+00
2.959245082359000190e+00 1.043033885938113858e+00
2.966314108312424036e+00 1.102729040562772989e+00
2.906035046966474855e+00 1.067304549918251189e+00
2.850213847924909061e+00 9.883374646381437589e-01
2.908493946034778510e+00 1.047450512997984973e+00
3.003250791991038948e+00 1.087898353645202487e+00
3.044445827779129310e+00 1.162152170126555140e+00
3.307944295072688945e+00 1.310938215056182354e+00
2.934891927908423792e+00 1.058542838988584034e+00
2.809827753050545329e+00 9.807178959824605080e-01
3.018487749544319421e+00 1.097486773164196849e+00
3.124240560857916460e+00 1.178960456028400161e+00
3.049089587447908922e+00 1.165198285994130778e+00
2.947144983507954397e+00 1.075188332568209004e+00
3.275916961820825257e+00 1.287303660742448397e+00
2.939744197434174033e+00 1.040958956622644704e+00
3.057405035251394843e+00 1.195412394728112337e+00
2.952558347563461805e+00 1.106199688135355075e+00
2.932149327530617633e+00 1.062551442430788251e+00
3.113361159616558016e+00 1.216147290119208302e+00
2.929539057147851011e+00 1.062163535055888230e+00
2.842587807952677181e+00 1.050956723569078655e+00
3.048337613392929857e+00 1.077119094332759763e+00
2.964192397657614553e+00 1.084358587562964438e+00
3.021008196221364628e+00 1.129919608446530388e+00
2.909150905608846926e+00 1.035688198549408190e+00
2.940842504725511564e+00 1.130754375709989823e+00
2.997314082197509499e+00 1.116588350115751638e+00
2.830245229970667520e+00 9.828272896972659600e-01
3.032589068911046848e+00 1.136222136785668635e+00
3.037089309237222423e+00 1.167996695075545377e+00
3.071681069177859325e+00 1.138799305957668651e+00
3.068301503069954972e+00 1.153282771889761138e+00
2.828315749711642457e+00 9.948883552550934484e-01
2.979045501671107488e+00 1.122158238754073167e+00
2.912367355048041784e+00 1.088114792244562867e+00
2.938993032113866199e+00 1.107489773044665560e+00
2.919071655024055190e+00 1.095021538165094954e+00
3.068111349927821863e+00 1.123703097274757923e+00
2.939323109081966923e+00 1.059116144782799029e+00
2.940382659310502689e+00 1.077047770946468752e+00
2.941097465259011390e+00 1.062757329031257969e+00
2.883414818956837600e+00 9.870308520795345597e-01
2.838894891506858809e+00 1.026355753667219872e+00
2.996718856611756188e+00 1.105698827561628628e+00
3.030793499864947282e+00 1.152500080231279256e+00
2.838682558308090353e+00 9.792335087688104345e-01
2.941523912886861769e+00 1.131821722546602071e+00
2.934897485840831877e+00 1.070368630094152174e+00
2.810111325136897431e+00 9.636651145707978428e-01
2.829444651714525527e+00 1.009850638440533688e+00
2.939998277385308612e+00 1.094495273320728490e+00
2.811282851538122962e+00 9.680327947151424750e-01
2.908131971238507862e+00 1.082496264427899924e+00
2.976753327119541215e+00 1.083482591867852340e+00
2.902969005258345003e+00 1.108414541451279378e+00
2.959487751271721034e+00 1.101316766072073294e+00
3.013794851775888350e+00 1.137760087976722456e+00
2.934830139863643605e+00 1.032121283208316642e+00
3.070079280906119035e+00 1.157391624240065919e+00
3.047109176110192053e+00 1.163631323252072081e+00
3.021457822362536572e+00 1.148292712913917102e+00
3.003456282335657868e+00 1.126124617656404592e+00
2.937114903746797623e+00 1.040380895826374497e+00
2.768828801874835488e+00 9.490425462274960644e-01
2.856807546148377952e+00 1.017932823025374356e+00
2.911607244087733193e+00 9.931359000177104601e-01
2.793279539071168660e+00 9.900524219732612652e-01
2.847045318128429425e+00 9.702857774629287668e-01
2.848114789845856976e+00 9.757325418787247129e-01
3.018192925787042569e+00 1.085337621485947146e+00
2.859915782846585763e+00 9.932250582616328760e-01
2.890762769938085341e+00 1.024931268646886995e+00
2.772621798148178218e+00 9.860894336186241116e-01
2.995885254035263401e+00 1.105583536759370489e+00
3.066614436331270621e+00 1.139482671815891912e+00
3.006572598075557323e+00 1.189878861553589351e+00
3.038803665315773728e+00 1.162024372137983930e+00
3.070531381123829728e+00 1.160320593554964530e+00
3.661196159637744696e+00 1.613520474079133571e+00
3.005649207126432021e+00 1.081918690492404300e+00
2.969920665437616680e+00 1.078419223825241913e+00
2.992159590796062751e+00 1.064072192151766183e+00
2.900844596752006677e+00 1.005398764541813872e+00
2.924149493562127056e+00 1.063686601420524402e+00
3.107172693458469581e+00 1.203478726253760289e+00
2.906096491727220954e+00 1.025439179603536699e+00
3.044925504170803876e+00 1.136956981125037291e+00
2.818998434026319444e+00 1.042546309160762075e+00
2.815541922534080310e+00 9.720988502773101336e-01
2.836699965699074788e+00 1.016386779338894764e+00
3.450943276403313664e+00 1.498168037989805912e+00
3.195627485483395258e+00 1.225008069767224317e+00
2.922317990215042904e+00 1.020066149146564127e+00
2.895919726029254182e+00 1.045396355063555660e+00
2.837714163063427719e+00 9.466877980143716398e-01
2.872802173950103732e+00 1.047185580899670843e+00
2.828695586311927190e+00 1.007406823331470580e+00
2.886102490701463630e+00 1.012855284147659907e+00
2.892053734658389441e+00 1.046384944139024720e+00
3.585702774399086579e+00 1.695486102504826453e+00
2.962522941483320515e+00 1.161125905545029147e+00
3.020992166533974732e+00 1.107798483571335257e+00
2.957619488884787096e+00 1.050145946766308125e+00
2.944868312637024310e+00 1.021549477625817159e+00
2.838983148944997925e+00 1.022871094809195469e+00
2.822391615535825959e+00 1.008753279189618102e+00
2.992067622892841339e+00 1.091854456845827270e+00
2.905775331510199955e+00 1.056964190016555838e+00
3.008820130863037789e+00 1.123323857415831295e+00
3.011728045026867751e+00 1.057987217737722530e+00
3.251723579866021119e+00 1.276908497279513277e+00
2.904688642169678037e+00 1.017879339682757234e+00
2.945305864014593045e+00 1.089105655225925728e+00
2.984339353551462626e+00 1.087953759618257132e+00
2.997371304577034046e+00 1.114923265184670997e+00
2.963860466651029313e+00 1.074932535699999914e+00
3.034589928062202180e+00 1.138739728969386134e+00
2.981820922979151245e+00 1.090591801449706244e+00
2.938786631165825280e+00 1.068463770089939979e+00
2.775196679144003920e+00 1.005257680205302151e+00
2.960141978217123437e+00 1.114716347781706807e+00
2.978202250054965194e+00 1.089891907719780173e+00
3.061200922328894958e+00 1.135588848408667584e+00
2.923330944787693841e+00 1.061835838982317037e+00
3.003851613309969526e+00 1.048641599533211233e+00
2.967698791711544715e+00 1.087115593691417192e+00
2.884851789038816783e+00 1.087249286670768367e+00
2.855676028991753768e+00 9.657550152829054158e-01
2.879899681302187542e+00 1.025450839522292323e+00
2.972372200705767131e+00 1.124689399003811152e+00
2.966705403376584282e+00 1.118224519750831369e+00
3.023038931334809387e+00 1.080597343157354562e+00
2.935659486305774113e+00 1.038201281170673340e+00
3.075092297763068583e+00 1.151793755966118438e+00
2.866920119633498576e+00 1.037862787972911871e+00
2.887874606061196836e+00 9.889525741320412955e-01
3.055158016414297517e+00 1.128295225872315344e+00
2.986615134220317103e+00 1.086696400748607738e+00
2.850131866992729801e+00 9.993823539007965495e-01
2.959864144301484146e+00 1.099086834585902617e+00
3.037792914238998776e+00 1.103878450770523045e+00
2.949116657766638117e+00 1.104188639875738120e+00
2.978774577928185341e+00 1.067011125335605826e+00
3.058126385842176997e+00 1.088592153364499771e+00
2.966437928391346457e+00 1.087792006019455471e+00
2.961965294015423744e+00 1.056701340969316671e+00
2.920728117773375487e+00 1.025160685013596362e+00
2.969957160857118694e+00 1.078680222286998669e+00
2.968696544583307784e+00 1.116738305056885983e+00
2.940130362855783552e+00 1.078686455257286569e+00
3.130649247230079979e+00 1.156544300327546848e+00
2.909936711609643734e+00 1.056910870921078160e+00
3.050680682451864634e+00 1.156266943489234533e+00
2.980116807815290425e+00 1.034376011958722419e+00
3.013232147786890192e+00 1.100636614782268818e+00
3.363565101883791986e+00 1.381526941738639991e+00
2.904214757715988249e+00 1.047507707921913722e+00
2.911919534968022916e+00 1.077080624604583869e+00
3.023307177062600992e+00 1.086473121730616276e+00
2.770657545767688745e+00 9.678139378210478538e-01
2.949426294269212434e+00 1.095829701969815329e+00
3.538281497717275847e+00 1.477018594628689341e+00
2.974288117370462725e+00 1.081101682866743019e+00
2.893094115296702018e+00 1.011801280796546632e+00
2.937723686190520489e+00 1.062283197206251195e+00
2.972168113326759009e+00 1.115238018561466316e+00
3.065473861063067407e+00 1.094657836041610599e+00
2.945184676150067293e+00 1.052133307925584127e+00
2.871841827404479464e+00 1.029275488123667870e+00
2.962392499082154185e+00 1.082954248571873279e+00
2.918195158564391267e+00 1.017152259761792799e+00
3.425717104041096750e+00 1.434632699775691966e+00
3.021195461822004713e+00 1.122664530919743164e+00
2.877123649162033558e+00 1.039421869924861852e+00
2.923965777137953914e+00 1.043606795730314341e+00
3.001135822891460414e+00 1.063092309828942428e+00
2.981083669606596764e+00 1.081611514813867636e+00
2.733596670991627953e+00 9.487659178419433070e-01
3.165437660948605902e+00 1.206690449782251262e+00
3.039608617574105942e+00 1.126479770488534982e+00
2.871424610350309159e+00 1.042763266072379791e+00
2.883153884439457304e+00 1.068244102480738533e+00
2.974500796184709195e+00 1.096279342333026596e+00
3.001628089327550875e+00 1.106235982687148400e+00
2.910855208931245386e+00 1.049337107292273474e+00
2.918281518800326602e+00 1.071664724587112705e+00
2.824436144300672691e+00 1.010811448952310121e+00
2.906072704815390928e+00 1.064696652242761443e+00
2.921015900961711154e+00 1.063682565236657496e+00
2.857165554539772501e+00 1.005504243208713122e+00
2.898058162318605468e+00 1.046591391781174885e+00
