3.106396202856116506e+00 1.766327803536650087e+00
2.983290340923178352e+00 1.567525993828560171e+00
2.974449810770920521e+00 1.489567615943860668e+00
2.946580580315701692e+00 1.452341941839977002e+00
3.000087569943065358e+00 1.562182304545550737e+00
3.073683143425461672e+00 1.612284410759136977e+00
3.205624838347111094e+00 1.690778160699752286e+00
3.080648959659385788e+00 1.674143357129442622e+00
3.202545199747342419e+00 1.774482680617455177e+00
3.025453975975739507e+00 1.593637595255456674e+00
2.962511133794146101e+00 1.543044635189012803e+00
3.080504281399035538e+00 1.655240559062590711e+00
3.105192423749933539e+00 1.639405606651102021e+00
3.149785499215015605e+00 1.706390311576330587e+00
3.112785886262381396e+00 1.643155613891591038e+00
3.171895127932715663e+00 1.685817696067884564e+00
3.289931225856254304e+00 1.804654772468952562e+00
3.187961673989372802e+00 1.660837643157739407e+00
3.102468535389499849e+00 1.628904967441957563e+00
2.976756486417974301e+00 1.562722513129253699e+00
3.162060367623496848e+00 1.689943855257991512e+00
3.070261774654313047e+00 1.608679322319851446e+00
3.214917229018918299e+00 1.804581415082430196e+00
3.098345561649507918e+00 1.687104777220564733e+00
3.050338880144370268e+00 1.628841524490271642e+00
3.038975766807864520e+00 1.616660475442559974e+00
3.005151441755925745e+00 1.571569935140634255e+00
3.072897160404595596e+00 1.547396093083232449e+00
3.088316640722590822e+00 1.701838471096023042e+00
3.050880434542011965e+00 1.614340605309107390e+00
2.977143555323884971e+00 1.582525418903762526e+00
3.049104724100059727e+00 1.640795468681385483e+00
3.120312573421844871e+00 1.624353018926097736e+00
3.076518210750693871e+00 1.608645065982058142e+00
3.179910322956267521e+00 1.783792806156869304e+00
3.132938251196468293e+00 1.575382041890017071e+00
3.032677341771809587e+00 1.606822646075806160e+00
2.994727959598305400e+00 1.521001553492456804e+00
3.191566749729487285e+00 1.733231013220162708e+00
3.092971725917760040e+00 1.661952371578377718e+00
3.178026802508268744e+00 1.699653521202605821e+00
3.110118415023211291e+00 1.573161615545741077e+00
3.000944355730022384e+00 1.495628516921490014e+00
3.033854943478703436e+00 1.570137895627152114e+00
3.162403404047988253e+00 1.690354838736240373e+00
3.134032022699528852e+00 1.668409765919034005e+00
3.055227714851855847e+00 1.659352081184761518e+00
3.100865187051313754e+00 1.625477960118511200e+00
3.154139143733480477e+00 1.739195033322969763e+00
3.127862885210857424e+00 1.654965535552644917e+00
3.019753526999787496e+00 1.646322819529225212e+00
3.217428967106360282e+00 1.778746425301239942e+00
3.030033380710690505e+00 1.543087710866697604e+00
2.998418804621107991e+00 1.534016625523275668e+00
3.087411149898999341e+00 1.642809243833336152e+00
3.075281857646794403e+00 1.613507668257250005e+00
3.247674663721028310e+00 1.893330051122446234e+00
3.046168402366707273e+00 1.586202778373857480e+00
3.253188926916879442e+00 1.824916323945272589e+00
3.155382743144853563e+00 1.619515808576202476e+00
3.212871282086248392e+00 1.804902332745953464e+00
3.038292329646876677e+00 1.612329708754089541e+00
3.063271001838758778e+00 1.602224620286105461e+00
3.112158686937660512e+00 1.610999427306478049e+00
3.140098470294476307e+00 1.723275202436679088e+00
3.005898139819503267e+00 1.577029635763053328e+00
3.242670140946442903e+00 1.732060198554604691e+00
3.078342457836358737e+00 1.579195573568186628e+00
3.043263368770015020e+00 1.544146495299570709e+00
2.952271339067272127e+00 1.509644115219682226e+00
2.966007691243313538e+00 1.531832852582978965e+00
3.063661881919085062e+00 1.591939965635555065e+00
3.009053416302272854e+00 1.581897269250172489e+00
3.022872427052908595e+00 1.566326459724056264e+00
3.030982740192883274e+00 1.574650769951160045e+00
3.042102689291859452e+00 1.537996187785193536e+00
2.990316812803767377e+00 1.576742234257022979e+00
3.086016617385740624e+00 1.639932137331494122e+00
3.197714922003252358e+00 1.709798704130934821e+00
3.162090079963670863e+00 1.710016090338873029e+00
2.978060040341821590e+00 1.493592731230075410e+00
3.193500325997511435e+00 1.781038021992128240e+00
3.031877120181702523e+00 1.620990204146462998e+00
2.938754703809379087e+00 1.503468915984293552e+00
3.069209345560683921e+00 1.542076628073183464e+00
3.178063582493356076e+00 1.774813647103053338e+00
3.078082331510121783e+00 1.626368047720706089e+00
3.072127914168521379e+00 1.640674570016051215e+00
3.110726723656557002e+00 1.586914392158971232e+00
2.930026069878078232e+00 1.456601873568786676e+00
3.048396563774783630e+00 1.640588132414365630e+00
3.149656629432219024e+00 1.704184933932921364e+00
3.026966890698740809e+00 1.518947721372442494e+00
3.511882445426996568e+00 2.069349733390409618e+00
3.199265461485063078e+00 1.802811746400775794e+00
3.218383741928143138e+00 1.739304170556773332e+00
3.051807272822913308e+00 1.539085440640558966e+00
3.083756190640608796e+00 1.635823507170976132e+00
3.062941786651982579e+00 1.596785470515668326e+00
3.040248486068933165e+00 1.503755071412245847e+00
3.067161344254258015e+00 1.567592236167191899e+00
3.170821408099812722e+00 1.685562941341259835e+00
3.208681975345195170e+00 1.749032288624758458e+00
3.108851021381910051e+00 1.657186425038264854e+00
3.060406334851975441e+00 1.626601455372514993e+00
3.160810768064482801e+00 1.714717340208482099e+00
3.184716328901163518e+00 1.779498414301460718e+00
3.037065484984537100e+00 1.531319033048897049e+00
3.041530940394749472e+00 1.661443922800971640e+00
3.115397961739001964e+00 1.604596290072635156e+00
3.005691785694140528e+00 1.562610465657523040e+00
3.068606757349642056e+00 1.682063934896418589e+00
3.006662943074299932e+00 1.533098878729250991e+00
3.040498343312548091e+00 1.592610140824432197e+00
3.113227084311047665e+00 1.680272854836950769e+00
2.985420386138394111e+00 1.544018043620520642e+00
3.093231638000934147e+00 1.697082624444973042e+00
3.375134510984411307e+00 1.939501694581334146e+00
3.060118292741184298e+00 1.653513802897093932e+00
3.097264676546965134e+00 1.615935110064275371e+00
3.143529427789484743e+00 1.765067619048360070e+00
3.005218483598110613e+00 1.570366283559708531e+00
3.122366718765706484e+00 1.770889545210746929e+00
3.103832634770643306e+00 1.623607403280661110e+00
3.254232276007258395e+00 1.851619187606531325e+00
3.160368374136953040e+00 1.738569663067423221e+00
3.085338212375697609e+00 1.604308126775777943e+00
3.181180310622841123e+00 1.710705030751535016e+00
3.216684258305959165e+00 1.809411846937977852e+00
3.129461039997203375e+00 1.752692734487338866e+00
3.015866446918363142e+00 1.610773443238549207e+00
3.244665304585136578e+00 1.671896451708993148e+00
3.027149532976595836e+00 1.527542927104989623e+00
3.120214146603714322e+00 1.680270376545621058e+00
3.216083574182660776e+00 1.675217094049674005e+00
3.019092800596170356e+00 1.589123809817248212e+00
3.051601430965405815e+00 1.664260609451481132e+00
3.130813961598288842e+00 1.663954621472282014e+00
3.136315599103345786e+00 1.617381952484823193e+00
3.090296431595209281e+00 1.578164171403563909e+00
3.064227861251393570e+00 1.576368762011470803e+00
3.160360628797154625e+00 1.736873460794199575e+00
3.114590219456278675e+00 1.685407736334071371e+00
3.039419535144146423e+00 1.594538054998786647e+00
3.110345934072595853e+00 1.622332021034550875e+00
3.174344393595385672e+00 1.711389326582599457e+00
3.042997271009227234e+00 1.626900952658524302e+00
3.007574357679809740e+00 1.575074103590882180e+00
3.045189488837133585e+00 1.618415200193328740e+00
3.239491488646192074e+00 1.798519913011510152e+00
2.912070550316557149e+00 1.457151598102181200e+00
2.956041367447360457e+00 1.447214583721843750e+00
3.232309063455102827e+00 1.758408652101996372e+00
3.245623607028707003e+00 1.844406004607139105e+00
3.079726397614827249e+00 1.581333736413406355e+00
3.155083912233576537e+00 1.592578437691805515e+00
3.193945643163726977e+00 1.701567960080168973e+00
3.212282496485770356e+00 1.749232310958070746e+00
3.072253318156035196e+00 1.653507275621161288e+00
3.038867044760318326e+00 1.616180151018151934e+00
3.027097445239387952e+00 1.569062148602886619e+00
3.149319250175847795e+00 1.623379511406671583e+00
3.189581475015021539e+00 1.731168575291818224e+00
3.005687678713389932e+00 1.584111706175202139e+00
3.146187720499179274e+00 1.729934747341743240e+00
3.017657554402000120e+00 1.650398761395031055e+00
3.112511257870425929e+00 1.697576473622714355e+00
3.014193673292022702e+00 1.523161922883979225e+00
3.212987828039434390e+00 1.822853937999115770e+00
3.150742378396787391e+00 1.640910483696103261e+00
3.120053820704823622e+00 1.685549880505305520e+00
3.197135181205478016e+00 1.780283224213343507e+00
3.087608092484764200e+00 1.676429691361286167e+00
3.118883554008129000e+00 1.694032004714455475e+00
3.094657427627936386e+00 1.673406518345309513e+00
3.024231299940114859e+00 1.572376488190995181e+00
3.175181240599274979e+00 1.764786255243381285e+00
3.062589809289093079e+00 1.611666511518569544e+00
3.183914324902987314e+00 1.729811879072163050e+00
3.178819813071777300e+00 1.743794580125836768e+00
2.974795706490522385e+00 1.449798001311432438e+00
3.401574203659794904e+00 2.055742528546923076e+00
3.154258264501688114e+00 1.765853938159501313e+00
3.124998996015244668e+00 1.671710757654220725e+00
3.186126634970032789e+00 1.755863753964315155e+00
3.239756924233605950e+00 1.787247544581154202e+00
3.099051336446136506e+00 1.624016169232194606e+00
3.270451526186193725e+00 1.876294251481882336e+00
3.150135606900933638e+00 1.637751071754620646e+00
3.220371748475905349e+00 1.666775949985262573e+00
3.161136998825098132e+00 1.714307769875541343e+00
3.159839155676320566e+00 1.641699788803911986e+00
3.203812682139243417e+00 1.728317797488902130e+00
3.218375538510316325e+00 1.787870980566807599e+00
3.029407022181936693e+00 1.586024194665891285e+00
3.086015422315904200e+00 1.654279652644766951e+00
3.124116979825773299e+00 1.646750891173306419e+00
2.997699969785548646e+00 1.596548554398657505e+00
3.064648443229969210e+00 1.656928285342579299e+00
3.139165862654077266e+00 1.682926886034194824e+00
3.042937004770460252e+00 1.594868247125909022e+00
3.205724986440375623e+00 1.666122057595110117e+00
3.318485607851653363e+00 1.712417031438967729e+00
3.274858003459752975e+00 1.724447911602358108e+00
3.031768557101905959e+00 1.600721571937091747e+00
2.960278208713898351e+00 1.474180110594634385e+00
3.172317299262485957e+00 1.657748123056008271e+00
3.239073270327591736e+00 1.738401436869183581e+00
3.122240452300829361e+00 1.669434204432565183e+00
3.209970056931246596e+00 1.747952499911372692e+00
3.063642563958382858e+00 1.659297189383885485e+00
3.172681226473029525e+00 1.710026587304891876e+00
2.999925198363711409e+00 1.495088339265639998e+00
3.098428647612847087e+00 1.667036545320204288e+00
3.158535540617339432e+00 1.668304804106663042e+00
2.973025766857244623e+00 1.486845931642271079e+00
3.123379625059021780e+00 1.663827524362330168e+00
3.043726718022451649e+00 1.610791606137229603e+00
3.180931244735718533e+00 1.744725751366400734e+00
3.140191353880223968e+00 1.682909778655523603e+00
3.183790731952035102e+00 1.774078417278835751e+00
3.277817413531602497e+00 1.947949931568460524e+00
3.144454465554580302e+00 1.655094895553528289e+00
3.048355360692522886e+00 1.555230215165044338e+00
3.095523815208691687e+00 1.670329473500593132e+00
3.224087106277726988e+00 1.836767868061134346e+00
2.998049094893185718e+00 1.484221462190700169e+00
3.212063150225333619e+00 1.868587186657249655e+00
3.029343819603499632e+00 1.645865034036292140e+00
3.131438351208245319e+00 1.685825712116609587e+00
3.161742142712694381e+00 1.825219864815891491e+00
2.982570897884604832e+00 1.548900906363062546e+00
3.125110208043985427e+00 1.607725655968754497e+00
3.018039275144576816e+00 1.530937095153207528e+00
3.131709028492975833e+00 1.682920844369294233e+00
3.076815055655352182e+00 1.559857056533852981e+00
3.093343024443660827e+00 1.694389797845860857e+00
3.005305648426289444e+00 1.477783052731356461e+00
2.973237807154963885e+00 1.516509189723917794e+00
3.069556050906919964e+00 1.622235010095226748e+00
2.982598980037389769e+00 1.523184530288445693e+00
3.071427189226635157e+00 1.625418544220518013e+00
3.142922118372627693e+00 1.660590223544376798e+00
3.145523601751364140e+00 1.630003271989256985e+00
3.312391020778290507e+00 1.787735374326258730e+00
3.179486489952414896e+00 1.621358589959485119e+00
3.070203268458220336e+00 1.612301318012759443e+00
3.063868771579866923e+00 1.573287669764828589e+00
3.004114245447421450e+00 1.502547019064170986e+00
3.106318165682360188e+00 1.684049820377753637e+00
3.070589266714404353e+00 1.586855908254539260e+00
3.182277548895506847e+00 1.688100468256428677e+00
3.231595382923208692e+00 1.749763287252360078e+00
3.097184915202310762e+00 1.578278654296507266e+00
3.301891784739728219e+00 1.841407310497295668e+00
2.894058493385810227e+00 1.457546916394478087e+00
3.100788963155691302e+00 1.640997962548350619e+00
3.157848532618559467e+00 1.707483537102417293e+00
3.716025043992967625e+00 2.231071931193757685e+00
3.169966365229156313e+00 1.701732626453107633e+00
2.904900311834367699e+00 1.527307197119053939e+00
3.077822661238449165e+00 1.559165287776154818e+00
3.048540425182303615e+00 1.592049698207708586e+00
3.032958799188098631e+00 1.605105608791885352e+00
2.927109118578965052e+00 1.496567091473191224e+00
3.151549509637740165e+00 1.629688408685443957e+00
3.142878569564287794e+00 1.677033986608752691e+00
3.214481052756007262e+00 1.773905454488317268e+00
3.192947999212536025e+00 1.678335329713543267e+00
3.106746293676190707e+00 1.700837823563943862e+00
3.054928864597629357e+00 1.515487217261230146e+00
3.133884061695235257e+00 1.613940936900273959e+00
3.064810913060091568e+00 1.604122311774246690e+00
3.137285591750508473e+00 1.646975570832317493e+00
2.978603785810455928e+00 1.552029844771398270e+00
3.182568831045832436e+00 1.779576899389807787e+00
3.164219135311920450e+00 1.838848723453460954e+00
3.064103450614903412e+00 1.645734899964411468e+00
3.177443211547212432e+00 1.738604800758547508e+00
3.054199472423134942e+00 1.590775332465844238e+00
3.116657770909363467e+00 1.756311927105081327e+00
3.100802741196043044e+00 1.665985417386908640e+00
3.016570727932414986e+00 1.680084238788110973e+00
3.152982481951680516e+00 1.672767750161320954e+00
3.041226617884505767e+00 1.622361910945643526e+00
3.088268665111762346e+00 1.704370027658827391e+00
2.986123787709746402e+00 1.595624695191929066e+00
3.173971656888639803e+00 1.677193615978199936e+00
3.126997309877290743e+00 1.628326694993847079e+00
3.081900341310895630e+00 1.578544980981757329e+00
3.024372096757595774e+00 1.570847612383682090e+00
3.056670513180182791e+00 1.584936044701810820e+00
3.045332475818253393e+00 1.717330721704987351e+00
3.046524859755503023e+00 1.551792907633113172e+00
3.175003771580928280e+00 1.755335756097867295e+00
3.088083654741105022e+00 1.686701959886647062e+00
2.948250356587096110e+00 1.508876024466756505e+00
3.120841272841877068e+00 1.624454638797057981e+00
3.510419387933822577e+00 1.955302895134043428e+00
3.089761630678650839e+00 1.597655730461870149e+00
3.090781917534628942e+00 1.548692026994674675e+00
2.970115788846589222e+00 1.503953373788879277e+00
3.045193369045346987e+00 1.630094973009503789e+00
3.024111229317999250e+00 1.562131480013582374e+00
3.084967762917318002e+00 1.604351105605569705e+00
3.088743407908023375e+00 1.650386122437844882e+00
3.133810335683494319e+00 1.686642389467942094e+00
3.071718007696814023e+00 1.545941421464023247e+00
3.088259763607279051e+00 1.684940122402311058e+00
3.080773826557320572e+00 1.594052408865942905e+00
3.029355947831760432e+00 1.656596269543159305e+00
3.111273869712769979e+00 1.726547666066479580e+00
3.114110346807316354e+00 1.593389017754589299e+00
3.023584708958004352e+00 1.543377654156947054e+00
3.129591386431932687e+00 1.728028655158974081e+00
3.000405086742202965e+00 1.517422691903886456e+00
3.193874240128131259e+00 1.726215185551179143e+00
3.092717164218926396e+00 1.707799292688871873e+00
3.044646260390392101e+00 1.583711255554341113e+00
3.122497257033109541e+00 1.690344702944566846e+00
3.061809872371170194e+00 1.614274451729328153e+00
3.102587210985762400e+00 1.651000991038924948e+00
3.100535965483386391e+00 1.574661365310211281e+00
3.106170609168637409e+00 1.682147211294989120e+00
2.990222789735676123e+00 1.510382074920915363e+00
3.094190905379869072e+00 1.603413463300297437e+00
3.220016831615205799e+00 1.716148883765579614e+00
3.113455662937233193e+00 1.675300299281866190e+00
3.089893234085010487e+00 1.628268805886688764e+00
3.257672923959877398e+00 1.794344413023816198e+00
3.111467918371025210e+00 1.651092036006691188e+00
3.056920647400157787e+00 1.652222081000477516e+00
3.154628271744022605e+00 1.672948527503139937e+00
3.031678294705830723e+00 1.482818400005837089e+00
3.151606174630517732e+00 1.767629592151130913e+00
3.108865316908578258e+00 1.656123387312865569e+00
3.083224631758439749e+00 1.569083149730465809e+00
3.155296677673673500e+00 1.734689022986445561e+00
3.091941676615068690e+00 1.722059601408460150e+00
2.996705807692371604e+00 1.583387488889254069e+00
3.080569509002858197e+00 1.681699082316174154e+00
3.025305250182024785e+00 1.594572213135801331e+00
3.089427052846635213e+00 1.570841003523446133e+00
2.993739141834506068e+00 1.590939512491277741e+00
3.196989458277188945e+00 1.662504679239182659e+00
2.935350560503072526e+00 1.519653802486103489e+00
3.077738466026789688e+00 1.562003581790269102e+00
3.044684911644644387e+00 1.606782211505842106e+00
3.031029514427546090e+00 1.665331258183392116e+00
3.111227315517843817e+00 1.608994446514537824e+00
3.185446631537565576e+00 1.726280382037351568e+00
3.102102515287274098e+00 1.603107259695593090e+00
3.099952865377141986e+00 1.667291911552666317e+00
3.135680835754968587e+00 1.704677797691003915e+00
3.182800375216743305e+00 1.696166610908572236e+00
3.224572656716092389e+00 1.689350781820953440e+00
3.146249501886850375e+00 1.726873938035355716e+00
3.039674982930204994e+00 1.562972252746060553e+00
2.948375883749063675e+00 1.434853413262906940e+00
3.033012123845819641e+00 1.580758129881409291e+00
3.206263670629485141e+00 1.759430815300041528e+00
3.176965016997685964e+00 1.682799811312203797e+00
2.987670752592488377e+00 1.534474204208116754e+00
3.037647571967526883e+00 1.701670935746957491e+00
3.007450991148848285e+00 1.526621931373478125e+00
3.051018686539034519e+00 1.644686816046490474e+00
3.112815464550069855e+00 1.659921690182205367e+00
2.961473407570136995e+00 1.541796389425093450e+00
3.135426562953453899e+00 1.706618126717328598e+00
3.037804681469255641e+00 1.551609766815072566e+00
2.945597501851954458e+00 1.531468508298637454e+00
3.107851712373777442e+00 1.684194822185154594e+00
3.122456108386166385e+00 1.611919004438154834e+00
3.115140080622816665e+00 1.701717408090926309e+00
3.105545821573819865e+00 1.719160230600144113e+00
3.026296118009498493e+00 1.517131521360654434e+00
3.214328887680385272e+00 1.730191271969284461e+00
3.247717858258119872e+00 1.816276452891417703e+00
3.019476927941146638e+00 1.582575885102604829e+00
3.081163117308135746e+00 1.694046226011847622e+00
3.088801312095935447e+00 1.612696569623271570e+00
2.980269304154523624e+00 1.554059870894897610e+00
3.052690658426235881e+00 1.640015808979237377e+00
3.262799656011065252e+00 1.764539063617502679e+00
2.986220238444230013e+00 1.637060300233914800e+00
3.045250409619042475e+00 1.583586349571222573e+00
3.070147439380388477e+00 1.634515521594094523e+00
3.110241501775553807e+00 1.639785675818766997e+00
3.077386732568860417e+00 1.647602708938523230e+00
3.085154115216458326e+00 1.661914605749224672e+00
3.217905452072407524e+00 1.843694094718435039e+00
3.023613817838166629e+00 1.610656366983979515e+00
3.089249477751810247e+00 1.661043095289176819e+00
3.208118908137995717e+00 1.815886405431083483e+00
2.998997496378857708e+00 1.511041148584158167e+00
3.069718870806656064e+00 1.735280379421380914e+00
3.268396518445037646e+00 1.761728056004656207e+00
3.063049420120083521e+00 1.668594059873622193e+00
3.123550701469786528e+00 1.669067234221174756e+00
3.082646449450527459e+00 1.613068471048538566e+00
3.025094229070780294e+00 1.545720687374743552e+00
3.339068071449030395e+00 1.945993796580172130e+00
3.106303936520307118e+00 1.559724862013565527e+00
3.051537595361327515e+00 1.516269692040074890e+00
2.998367262781687970e+00 1.557154149781604602e+00
3.081348940552323779e+00 1.641707286976202385e+00
3.109127966161879808e+00 1.672654523435194829e+00
3.143819045326361916e+00 1.651139689883821760e+00
3.086822640187485867e+00 1.660211312584891852e+00
3.049343346987046122e+00 1.607224086620839154e+00
3.120740714252097092e+00 1.681301831230795463e+00
3.125756791155414493e+00 1.632424011835352129e+00
3.135398312148212518e+00 1.692774910212952566e+00
3.212601756347218895e+00 1.765340979684102862e+00
3.220501943865041294e+00 1.821156535562495238e+00
3.057492200913071390e+00 1.641505706995758151e+00
3.137414999577795793e+00 1.639401453541649456e+00
3.105733645346319349e+00 1.631210054852510138e+00
3.091484259704236681e+00 1.708843338070770379e+00
3.130484104508724830e+00 1.665233923091022250e+00
3.069643902806213021e+00 1.666105821971559209e+00
3.237191949982038519e+00 1.782312366691772620e+00
3.033573818230622887e+00 1.647043455410944768e+00
3.082753897429774792e+00 1.673441669512878871e+00
2.952527672929848634e+00 1.541572598801503879e+00
3.087418989753817122e+00 1.633866539828179754e+00
3.171001077663587964e+00 1.650911192282995321e+00
3.249132861897678470e+00 1.814452062003147015e+00
3.080010799838104329e+00 1.583991562846489343e+00
3.197976445321247585e+00 1.672498456994933269e+00
3.048264087449745308e+00 1.543732295810170907e+00
2.989543974810819460e+00 1.541917155099343129e+00
3.226559817977626032e+00 1.872973895307064263e+00
3.038828721249710263e+00 1.652029623488244559e+00
3.179114658644753622e+00 1.742962216682927057e+00
3.069938974664648601e+00 1.637125898516997635e+00
3.111244981741333682e+00 1.743131212700604449e+00
3.128972227555737007e+00 1.646391214524186131e+00
3.038112155463648101e+00 1.619756499765743207e+00
3.074674266056629524e+00 1.578707575514566752e+00
3.172184507105662021e+00 1.644385974842374809e+00
3.190377533030374302e+00 1.757224934260215088e+00
3.015500561054409445e+00 1.576550485726084583e+00
3.117607815574169994e+00 1.586970688975818611e+00
2.984546571902928491e+00 1.465731039656440471e+00
3.075808656056417068e+00 1.553900228529053074e+00
2.985552131496457928e+00 1.521376902749963289e+00
3.156982019417168495e+00 1.677838930082953706e+00
3.193164884229426459e+00 1.726395658344835438e+00
3.115218953026555493e+00 1.694886724833707170e+00
3.074784121288940408e+00 1.659477633425869181e+00
3.089584867862591455e+00 1.645369212711004669e+00
3.057694382493107099e+00 1.609103104217992852e+00
3.324535597526053987e+00 1.904695774442547673e+00
3.161435766268789305e+00 1.764210979734437190e+00
3.290109067427333667e+00 1.823499837862875506e+00
2.911586440008048449e+00 1.467395425948893051e+00
3.024901474285841108e+00 1.561425676123425310e+00
3.135009418207373333e+00 1.671223279966352226e+00
3.001310948696215064e+00 1.539673353947908163e+00
3.162023218483214659e+00 1.680829739877100160e+00
3.102845138391193469e+00 1.629321032238207900e+00
3.138563375807794653e+00 1.691303596612202309e+00
3.067528761653974367e+00 1.549509317063735292e+00
3.119621050830023723e+00 1.627528781271092129e+00
2.984845491017938723e+00 1.549697920269399676e+00
3.022145122251371774e+00 1.632252843511627249e+00
3.033383362491357982e+00 1.489735855760093042e+00
3.067553555977245772e+00 1.594370224172085404e+00
3.218369976447754244e+00 1.817949699973373745e+00
3.249216696777823987e+00 1.872520078621410233e+00
3.048830893077512982e+00 1.583768744499163050e+00
2.993961970194438216e+00 1.512809460018259111e+00
3.112233100765062321e+00 1.699948094255225417e+00
3.014681014743945120e+00 1.474382695127277820e+00
3.174323444750578371e+00 1.717661111707305954e+00
3.077533840296434953e+00 1.642468387709106636e+00
3.105166004891028564e+00 1.650096235527221289e+00
3.063515713789963790e+00 1.622203617859919289e+00
3.193719426061512490e+00 1.689966337447045941e+00
3.124339731504246043e+00 1.673084963314389828e+00
3.095328919757831088e+00 1.669558098262654111e+00
3.087323606797200970e+00 1.598430700856984243e+00
3.135720745589627878e+00 1.636207954640877205e+00
3.128615756852827889e+00 1.699406606962360344e+00
3.110879164657216922e+00 1.650661053994455729e+00
3.061872708459788317e+00 1.690826513090869510e+00
2.974222678757935778e+00 1.546898446284388440e+00
2.979556375445434391e+00 1.531523591427786712e+00
3.100596710067017536e+00 1.738066378272820955e+00
3.153940567811511997e+00 1.668917974195745391e+00
3.179820292764817147e+00 1.720069643874702736e+00
3.090517195089738767e+00 1.607433200202958101e+00
3.118973513020904420e+00 1.645228175505268009e+00
3.077320251383806049e+00 1.540102310980303368e+00
3.138673556854885582e+00 1.685295973472321851e+00
3.039611162976185721e+00 1.615371634189763927e+00
3.109678981649372620e+00 1.672958435496900487e+00
3.108046754566507364e+00 1.641474675011691531e+00
3.098222010611891175e+00 1.644939637708510816e+00
3.234474391488279199e+00 1.793652719182901922e+00
3.125743205288082915e+00 1.719219425313335048e+00
3.156589764131782605e+00 1.653972218722327581e+00
3.139020041824037932e+00 1.632574783143216690e+00
3.460230178914315058e+00 2.011563348683706565e+00
3.106601737173879219e+00 1.723019232658392186e+00
3.226432936277574104e+00 1.730421169118310232e+00
3.094361194085656130e+00 1.642893819802440536e+00
3.138998004874942627e+00 1.637784611236449361e+00
3.137246932280251865e+00 1.648630129398603206e+00
3.147595277790217416e+00 1.693972037825234089e+00
3.073397140091754132e+00 1.637436653848371337e+00
3.149464893888413553e+00 1.760302137481183804e+00
3.127890561102053102e+00 1.692171097158726489e+00
3.101420574799272689e+00 1.682442639400914430e+00
3.039218832738618925e+00 1.581142188928990278e+00
3.247439818571215664e+00 1.875720652524855314e+00
3.046892745973301508e+00 1.632489313939972986e+00
3.092249181515997591e+00 1.604053468905141333e+00
3.014152461405277705e+00 1.661537998422762730e+00
3.133660725319856954e+00 1.666075106396567529e+00
3.181856085833291825e+00 1.690706236474152746e+00
3.120580857107508432e+00 1.569243572047891888e+00
3.168005684397358301e+00 1.776102918371396999e+00
3.081491250430000495e+00 1.626368822552775262e+00
3.035206307670651693e+00 1.583629084896684747e+00
3.159355902153602624e+00 1.668918448319154368e+00
3.127503531079857346e+00 1.663466617308627660e+00
3.118877501464122570e+00 1.741362975836015625e+00
3.125304705006372696e+00 1.682639746760933308e+00
3.101323870423676965e+00 1.678314352340447124e+00
3.074160370848457280e+00 1.659699096075289315e+00
3.039237815061353043e+00 1.536535813374662496e+00
3.262336803615802250e+00 1.792090552001194492e+00
3.166293149375050131e+00 1.697152137443660891e+00
3.169223433519100741e+00 1.820589317801829088e+00
3.139389033289545328e+00 1.636951353687901456e+00
3.275289892901079636e+00 1.805995726042288974e+00
3.034530889075798044e+00 1.565724771243373725e+00
3.086363043502458936e+00 1.688591515776513452e+00
3.175126550410830806e+00 1.765316057947975192e+00
3.119747937377053137e+00 1.719643910306449364e+00
2.989576610224899955e+00 1.563772415245642700e+00
3.178033630644261365e+00 1.672334278558854637e+00
3.073264523482386767e+00 1.584439312901436026e+00
3.290191283185198934e+00 1.783516752489442858e+00
3.030103034670859952e+00 1.641661063450666980e+00
3.097207000828876566e+00 1.563666403712526520e+00
3.146525740598771659e+00 1.768068920867762683e+00
3.047092505908155058e+00 1.569925421829357681e+00
3.270008353420098768e+00 1.826214062327241150e+00
3.086361578587564214e+00 1.523601103164816895e+00
3.068758402094242665e+00 1.673608778492683413e+00
3.024019317642206328e+00 1.606036925060526199e+00
3.127487578206337826e+00 1.785090960558745055e+00
3.229752073816417379e+00 1.791820015495183105e+00
2.903124201207818889e+00 1.456067560882045031e+00
3.005105181581725571e+00 1.643406334778104272e+00
3.133112736076333338e+00 1.688976098484625821e+00
3.035552636747725241e+00 1.582136407900067931e+00
3.003646726989709137e+00 1.542925604513715854e+00
3.048107120374360601e+00 1.556912165894150935e+00
3.092561692385001226e+00 1.588601817417581108e+00
3.023912611617249002e+00 1.558597003981175178e+00
2.966035600874298073e+00 1.575347724173268960e+00
3.098950438197457746e+00 1.644809256299343714e+00
2.958277007804379188e+00 1.527133618416258720e+00
3.080666632112535996e+00 1.589838619252599283e+00
3.038414045268684749e+00 1.550229595126053406e+00
2.989252067096840104e+00 1.564181061407777573e+00
3.092364973222678781e+00 1.589097307162610884e+00
3.066856118571456236e+00 1.618150708225023715e+00
3.014536943032540606e+00 1.632193062449878829e+00
3.050730280203773681e+00 1.523189885182409498e+00
3.169378460602545911e+00 1.691481742048594361e+00
3.058450784826892033e+00 1.624335154154625593e+00
3.065520853890602915e+00 1.608250915326198571e+00
3.143118280834571454e+00 1.636949636591825463e+00
3.097926491183763620e+00 1.706184732571198071e+00
3.062839504979848471e+00 1.603168626321010981e+00
3.014067610842237954e+00 1.528473254366697009e+00
3.208099090498423678e+00 1.706778714482540149e+00
3.083699204212953404e+00 1.591029519107234114e+00
3.610513299734311232e+00 2.320752149083862292e+00
3.106709299434434524e+00 1.674246213033783626e+00
3.072765730988916921e+00 1.655392509854554994e+00
3.024031351759662645e+00 1.626876365445566686e+00
3.137092178205016513e+00 1.673581360282466957e+00
3.154135094709850762e+00 1.673503102999089664e+00
3.038520145030046749e+00 1.564074234732207191e+00
3.097500501295226805e+00 1.607089524857732821e+00
3.079393770749324410e+00 1.606414227737253508e+00
3.136266609155851537e+00 1.644146547697593608e+00
2.960815417765685353e+00 1.511072259459032230e+00
3.062957667210814972e+00 1.592416725738446504e+00
3.058624619489410001e+00 1.584627843828535054e+00
3.007412386412697369e+00 1.527475821237282538e+00
3.161665603008388725e+00 1.695996678994480700e+00
3.155898980506689266e+00 1.777807221508486801e+00
3.023975382363754960e+00 1.558669489064538727e+00
3.052762856694085425e+00 1.708215753526711733e+00
3.157293038168028865e+00 1.701845899602216328e+00
3.110178959585324865e+00 1.595452065788380835e+00
3.057074717478521109e+00 1.583286809536473605e+00
2.997260848585741044e+00 1.567336236853358544e+00
3.175451145157144772e+00 1.679750077878176873e+00
3.096083267817366647e+00 1.617108940735039857e+00
3.063524121184527438e+00 1.526291928483901605e+00
3.064436181842561613e+00 1.570881043127846377e+00
3.064293206011717174e+00 1.599178702204215208e+00
3.097910123926360004e+00 1.563679569782429724e+00
2.964761121897621976e+00 1.581396793513462073e+00
3.144131314206911387e+00 1.760161489253644129e+00
3.050995701102535929e+00 1.661290161261149700e+00
3.106076956866513417e+00 1.546929131228192311e+00
3.160576137966768950e+00 1.715696636958788712e+00
3.136895931384714675e+00 1.629120848853423453e+00
3.113026529964995071e+00 1.618965170926236707e+00
3.149948874362644258e+00 1.687570482414667117e+00
3.214863767162095876e+00 1.740084793294090604e+00
3.162684070097915079e+00 1.675786437759545056e+00
3.125114994951389669e+00 1.629593109701698017e+00
3.127027592777691378e+00 1.559676209832335791e+00
3.060336581449671023e+00 1.634777154050500503e+00
3.154824755908706369e+00 1.771258189675556149e+00
3.284845310299008059e+00 1.868361058425740850e+00
2.939780636927577184e+00 1.590845128719593271e+00
2.993712396325120206e+00 1.572315625516108595e+00
3.100406584914241037e+00 1.572646998303168786e+00
3.159164926979187271e+00 1.666370159715778954e+00
3.038078259332250397e+00 1.633524029252627408e+00
3.049121097111543666e+00 1.627475917770670355e+00
3.002260790324996709e+00 1.564780129394182095e+00
3.083608094791284948e+00 1.632648322250624062e+00
3.081728923199611003e+00 1.648857973244026054e+00
3.208584728658443463e+00 1.760766743302353943e+00
3.094784985761835472e+00 1.656669726086440253e+00
3.085546839941007313e+00 1.664704688391218657e+00
3.000609893680013407e+00 1.536246394877534005e+00
2.932023137619604203e+00 1.555691754513417013e+00
3.168776889414556930e+00 1.671397100608672526e+00
3.023530673402258451e+00 1.523566109251005107e+00
3.187473750188170918e+00 1.812383602159183704e+00
3.141069626315426078e+00 1.656738113185342476e+00
3.096536826866445047e+00 1.637317515486212072e+00
3.147140660620331154e+00 1.626584903555637007e+00
3.075434267765076779e+00 1.539298588254183642e+00
2.979814857644755399e+00 1.475926815751564591e+00
3.204848801268224801e+00 1.781026990018477196e+00
3.104516964328462691e+00 1.666409191941475854e+00
3.086797971334088508e+00 1.626887791987399856e+00
3.063826521536221925e+00 1.536433396632356452e+00
3.082231349979895008e+00 1.684186086106731040e+00
3.201137068091106652e+00 1.762757966449697289e+00
3.060861623974318046e+00 1.605104744724863641e+00
3.100549187978476340e+00 1.645487205183210566e+00
3.076818116539764780e+00 1.686908127452252160e+00
2.944811160793261884e+00 1.477952703172334070e+00
3.062262158591022132e+00 1.580894277462647990e+00
3.104494151999189988e+00 1.631779095512075894e+00
3.113475048838949100e+00 1.755192776812569022e+00
3.391410061672357035e+00 1.945542049354049619e+00
3.026067655642518783e+00 1.583519411984176450e+00
3.207202256273436358e+00 1.648234783344692422e+00
3.114707513466053346e+00 1.644258486754780035e+00
3.018868074642518273e+00 1.588780377970250290e+00
3.157221644134758254e+00 1.708671660772317580e+00
3.038120953428844473e+00 1.551507880930964145e+00
3.083276890438161111e+00 1.578433036005673973e+00
3.191678014142279807e+00 1.801076103548575169e+00
3.144726552720881418e+00 1.704513706504379833e+00
3.079049330906298287e+00 1.728518032427434514e+00
3.144255289835343525e+00 1.623439055352184690e+00
3.152701075993613156e+00 1.731850972321280935e+00
3.145523689438493697e+00 1.683390410861703046e+00
3.064979620147893602e+00 1.611836828893012497e+00
3.092760449653918275e+00 1.573699929188230762e+00
3.190535234901970885e+00 1.732912357032372785e+00
2.996643071653768420e+00 1.546070156665110273e+00
3.139536801574263070e+00 1.686913645711500598e+00
3.126962546528617271e+00 1.643170602874701069e+00
3.137741402125629353e+00 1.612358167839773815e+00
3.184182432245562744e+00 1.740152795311479483e+00
3.109105113036378931e+00 1.612743730778423590e+00
3.099436971061383161e+00 1.596741682909237348e+00
3.083132205832598505e+00 1.642344560858109093e+00
3.146525043311588998e+00 1.695221998947549880e+00
2.968702471168394474e+00 1.484943056011685192e+00
3.217275922117099896e+00 1.746525583238600410e+00
3.074079003874355731e+00 1.503301844124946607e+00
3.088736374742523605e+00 1.711408378274294151e+00
3.150632703779327137e+00 1.710192453056738060e+00
3.029478923229477427e+00 1.616227361075818880e+00
3.078585451321074196e+00 1.571161547656147128e+00
3.290540398348330342e+00 1.854288049606441335e+00
3.091308662260488838e+00 1.627406362791649519e+00
2.979902297948696877e+00 1.548803412279510017e+00
3.005820936554746137e+00 1.538483110119261976e+00
3.015766102856980435e+00 1.542480808256865510e+00
3.019136547179980035e+00 1.519284256181463677e+00
3.220141576743681622e+00 1.769895526920599149e+00
3.127707914543331302e+00 1.674009977433509544e+00
3.147947787774307393e+00 1.682427421869465478e+00
3.496533583964712033e+00 2.099157717326303185e+00
3.051075013709762640e+00 1.608366324573569317e+00
3.101713406603766376e+00 1.688611822715311517e+00
3.085321241928885350e+00 1.597801734467098944e+00
3.159304243830348025e+00 1.720704833347138196e+00
3.156849419038648907e+00 1.636999310545538933e+00
3.125300303874464003e+00 1.628035491599495899e+00
3.240049869108386549e+00 1.760722073943835619e+00
3.056244159269953187e+00 1.590405714875893217e+00
3.055441551235600794e+00 1.597454184604161220e+00
3.140799534210270583e+00 1.676085537726008878e+00
2.965977263008730880e+00 1.570899946857344354e+00
3.169160144596764095e+00 1.712016452952422441e+00
3.117315013183942440e+00 1.699623554337260201e+00
3.116220467588086684e+00 1.692558855199603363e+00
3.118271421485298234e+00 1.770259890122507507e+00
3.062459259729271022e+00 1.539367991921379186e+00
3.185420557410638231e+00 1.777699098993263949e+00
3.179902512800254932e+00 1.732612672543618393e+00
3.006050026365646222e+00 1.519437667049441609e+00
3.067264558336990632e+00 1.629386933851584507e+00
3.219401206167769036e+00 1.752714215162383571e+00
3.105083200790153874e+00 1.702533763307184422e+00
3.152245740033236654e+00 1.737377814311849455e+00
3.265322216393362176e+00 1.774601702730655983e+00
2.994163303583723845e+00 1.565843511776655150e+00
3.032789685533405777e+00 1.543991433545900627e+00
3.073402025377113045e+00 1.564036258278042490e+00
3.147574466749310851e+00 1.674533393336918419e+00
3.240374783216873666e+00 1.744305527091837726e+00
3.142311897732203985e+00 1.675302736550297711e+00
2.991681477994109439e+00 1.515606666374215816e+00
3.246241506603638527e+00 1.792530604951832585e+00
3.034323659364121628e+00 1.592731668851595561e+00
3.123522947405004579e+00 1.645334631074688359e+00
3.158460767898574773e+00 1.687673805720764753e+00
3.070674477411672765e+00 1.597328845377298912e+00
3.171889810700602830e+00 1.733026916918243066e+00
3.220432115339811663e+00 1.748224439510867478e+00
3.039314611196790583e+00 1.595594897543111790e+00
3.122321193092504554e+00 1.645722529839809045e+00
3.194901225811384471e+00 1.791290445185977909e+00
3.144452014329536915e+00 1.672571178289592453e+00
3.081642197994296950e+00 1.631747517627366806e+00
3.080905951879033822e+00 1.572824438552974602e+00
3.105383314384556837e+00 1.666792767344479564e+00
3.070353258098084570e+00 1.564488348220488767e+00
3.094961335546591918e+00 1.667112412336273941e+00
3.506599451688699354e+00 2.051757475986976331e+00
3.022163710083347610e+00 1.625441941633188891e+00
3.168868309680711093e+00 1.764783477570345482e+00
3.068061648767114846e+00 1.604044896892454108e+00
3.256028325612633001e+00 1.840648574867554510e+00
2.968855790556319985e+00 1.499781186900377428e+00
2.998680875939903068e+00 1.564117226715614262e+00
3.040165845231078023e+00 1.504914463596856100e+00
3.025388749944222688e+00 1.644490398031154710e+00
3.180349304939886323e+00 1.754183584424073405e+00
3.019459606666782481e+00 1.516778453433528684e+00
3.162052692570633372e+00 1.600891709718351930e+00
3.186296425462523896e+00 1.727820640429566623e+00
3.092900625572478024e+00 1.657341958159631812e+00
3.195445730464951950e+00 1.682654136111055632e+00
3.027956294143746785e+00 1.550100423905853786e+00
3.128335077068691739e+00 1.759878508402245023e+00
3.040090530118515488e+00 1.584646603488470085e+00
3.041458472836713334e+00 1.602337083772740423e+00
3.018399192909245077e+00 1.581517271574098382e+00
3.092051918374188357e+00 1.677768953852083911e+00
3.014737218371356331e+00 1.534012565894117275e+00
3.151386693685733320e+00 1.715944920846601329e+00
3.173461515837560309e+00 1.720709277538866155e+00
3.080169628741677990e+00 1.645214019069153988e+00
3.068354085030556178e+00 1.622419687712932657e+00
3.082080681758839091e+00 1.614252588354066154e+00
3.137081657964828629e+00 1.806090177653776108e+00
3.128684856044424478e+00 1.702854862821775450e+00
2.959492060546286663e+00 1.589634128374430189e+00
3.057093668306118062e+00 1.620263905878682520e+00
3.106077425943960968e+00 1.569817876862803718e+00
3.048910318476329540e+00 1.720248805238623779e+00
3.088730012435683125e+00 1.631880486332356162e+00
3.000940878434380288e+00 1.561361075435241386e+00
3.071781714179690148e+00 1.661015599014121769e+00
3.141819231750226926e+00 1.737672616842004469e+00
3.141300295967140777e+00 1.633306918244444184e+00
3.124605691432941867e+00 1.628878786399845735e+00
3.048885797983253987e+00 1.561773579044046123e+00
3.086673507892391921e+00 1.609652428419069192e+00
3.051029431953755200e+00 1.541997428459288999e+00
2.978588273956808585e+00 1.521953159201006711e+00
3.192948753488325853e+00 1.707177056605198251e+00
3.201458330458775148e+00 1.716688929856757806e+00
3.125319120706878895e+00 1.730198723567122565e+00
3.192353429800951048e+00 1.749955957603360757e+00
3.144929440096346784e+00 1.720394681120898106e+00
3.038183173964680073e+00 1.556239680254096758e+00
3.066681904688379756e+00 1.638161501218091010e+00
2.971286468601936015e+00 1.488824228854950249e+00
3.036665466773915245e+00 1.575239729394448451e+00
3.103126917351880731e+00 1.620852322309520144e+00
3.094250214309415714e+00 1.636171380721723967e+00
3.073518390758609886e+00 1.565584438196934380e+00
3.095856117052867340e+00 1.607839645139623075e+00
3.079652019102660621e+00 1.632293046124734692e+00
3.157743655550102613e+00 1.681243723554784131e+00
3.088150836719493864e+00 1.600552511612583606e+00
3.127138877152378704e+00 1.664525102887045582e+00
3.120761314525180463e+00 1.694913177311343944e+00
2.983956203141217678e+00 1.465424330099013517e+00
3.068542735227760776e+00 1.569826379877042433e+00
3.090538124156779975e+00 1.661165421891890981e+00
3.088851940457522982e+00 1.689221910247950209e+00
3.206460441742463807e+00 1.708976519497706903e+00
3.240934981015824778e+00 1.671119546375238407e+00
3.191537511851402886e+00 1.816959555950972804e+00
3.191258072946353330e+00 1.737463778342115184e+00
3.130267898581347019e+00 1.708364696360703539e+00
3.046534607972619213e+00 1.612082122987726684e+00
3.141430300555431376e+00 1.658673489583393668e+00
3.089001180328678320e+00 1.657283143579731277e+00
3.196442684479309460e+00 1.746535462421802798e+00
3.068746829258458320e+00 1.592554757061513060e+00
3.155349616982124683e+00 1.673768736241107336e+00
3.111985582988626486e+00 1.681672151315972918e+00
3.095602973013525272e+00 1.633452909842136647e+00
3.310183544699427216e+00 1.913759382764860684e+00
2.957058054136442404e+00 1.499955266717984070e+00
3.069885629704802277e+00 1.563697749792455127e+00
3.293544438339056413e+00 1.824927354271196345e+00
3.201573169596472646e+00 1.756925880054158950e+00
3.022104309470958317e+00 1.597235481306304550e+00
3.125883249881529213e+00 1.691245632113317798e+00
3.171156019421867978e+00 1.718078029687694741e+00
3.060292203669329858e+00 1.621883793758463588e+00
3.180583901818010872e+00 1.748229363905893674e+00
3.133219958502914348e+00 1.634832683698868472e+00
3.332512172629895186e+00 1.957751513166194224e+00
3.030351071360115611e+00 1.613157610991903024e+00
3.180881490820047564e+00 1.750303823701482742e+00
3.237805995131166181e+00 1.718783224884049332e+00
3.282767338366500809e+00 1.798210395223179159e+00
3.242906087445435848e+00 1.785083139908510752e+00
3.123099093643097568e+00 1.617424002324127974e+00
3.117312057927771107e+00 1.682168330980249538e+00
3.103434090648121035e+00 1.640963794940490050e+00
3.156370581662103714e+00 1.647042388035309335e+00
3.190726687120678307e+00 1.690442350521289105e+00
3.072930397085441356e+00 1.682558306952455895e+00
3.176459549959261608e+00 1.714901690106910292e+00
3.134742545391707935e+00 1.630397466872489209e+00
3.075188802523831200e+00 1.577102219240909209e+00
2.995426184117264690e+00 1.534152719061008030e+00
3.526653293628244867e+00 2.009039216891248536e+00
3.080198658229789110e+00 1.663200848046758162e+00
3.075995839903675755e+00 1.686056224843541562e+00
3.088573834068947477e+00 1.664754476680749606e+00
3.066798026509650388e+00 1.670289340976123471e+00
3.086307734716986939e+00 1.617620767476287469e+00
3.258384965482303386e+00 1.753328784591544398e+00
3.075945856694473513e+00 1.632961850649142121e+00
3.118503182311664901e+00 1.676215083638978420e+00
3.215424667476408871e+00 1.719556139994145250e+00
3.222395699004234615e+00 1.816552114384649697e+00
2.928143629878052767e+00 1.549849584993331142e+00
3.000899813524122273e+00 1.545037080601007862e+00
3.228754484504119393e+00 1.795409011070887129e+00
3.010314353508018126e+00 1.439231090130586921e+00
3.098819299894760793e+00 1.669488571488467299e+00
3.280417767584292488e+00 1.815297912380637646e+00
3.579973439275635272e+00 2.243660903941455231e+00
3.083632424612401390e+00 1.636074593781305264e+00
3.203316284700149286e+00 1.748660361799265095e+00
3.087336960430668409e+00 1.631045353777020868e+00
3.190455083396213087e+00 1.732622928552541630e+00
3.072748003722280075e+00 1.668303088907592269e+00
3.184058423458194564e+00 1.716755098938635982e+00
3.160997814937296813e+00 1.774594668673247222e+00
3.186389253453266956e+00 1.812630758255637131e+00
3.063971247411669374e+00 1.596517699840978466e+00
3.011741997689207029e+00 1.499661294528173983e+00
3.168108702546213795e+00 1.684347259770344385e+00
3.010541362393106990e+00 1.532642153395130880e+00
3.234487355580694334e+00 1.783884994036102345e+00
3.053504595697057677e+00 1.568457203398344380e+00
2.895192404557878962e+00 1.474287435830892390e+00
3.057042487188405211e+00 1.664062760257622120e+00
3.144789091985197960e+00 1.741915945542976907e+00
3.106933217957894122e+00 1.618383394339204084e+00
3.129902712104860818e+00 1.658305653292633686e+00
3.047022539024221377e+00 1.531889928424288838e+00
3.281134247559443828e+00 1.868515641713516029e+00
3.066809372798553923e+00 1.532525977492469771e+00
2.974655092562617398e+00 1.434965802258491907e+00
3.142350964280784975e+00 1.735004367552779758e+00
3.108667202508518024e+00 1.612039104997021299e+00
3.109675527662332239e+00 1.655031747873876080e+00
3.114654929380021642e+00 1.609481443258912847e+00
3.046328601036938810e+00 1.634274869302569488e+00
3.204426893720601743e+00 1.800332610165656488e+00
3.041572303695110779e+00 1.623613932407982796e+00
3.079139208328881328e+00 1.627137507238193281e+00
3.040247794315012797e+00 1.638700711609244465e+00
3.056789939606474160e+00 1.565490503515086118e+00
3.127610677960043439e+00 1.625476053004498489e+00
3.071845545032752423e+00 1.637965486714002994e+00
2.923549947540520222e+00 1.490779871404072310e+00
3.483839641995952530e+00 2.027900472646607888e+00
3.237286193769556952e+00 1.792396772504837532e+00
3.029120284701617205e+00 1.588529028425333500e+00
2.965726290582110458e+00 1.478431862390469087e+00
2.988416079221473787e+00 1.619261217955553445e+00
3.071895667949203990e+00 1.639098108637003337e+00
3.374552052631482280e+00 2.078757836108269696e+00
3.193270981302408718e+00 1.781240941694628210e+00
3.111058006165908107e+00 1.640058593076052507e+00
2.987003078158419367e+00 1.494520548112789227e+00
3.012543581668167381e+00 1.516923029946751544e+00
3.153263868888177335e+00 1.752065388482101138e+00
3.037440424637312120e+00 1.564789002054462363e+00
3.127358832343156703e+00 1.724592873356241673e+00
3.225322468456905511e+00 1.795744840619591720e+00
3.097522762049426781e+00 1.658671349190795175e+00
3.109998790153830850e+00 1.713712761478312085e+00
3.148565588047847807e+00 1.842102656025178309e+00
3.050020037216729651e+00 1.615271370818615049e+00
3.089215353810718767e+00 1.656531183658377815e+00
3.063581257856428319e+00 1.671902119266129638e+00
3.122508519479616051e+00 1.666511468882508895e+00
3.037423345595570812e+00 1.573252059300443984e+00
3.060206945507808030e+00 1.612148148652098767e+00
3.158983528403910057e+00 1.710749423232938771e+00
3.091200836395776363e+00 1.655619230611193871e+00
3.199125820030045642e+00 1.736079699528106257e+00
3.061829975571464857e+00 1.583212570829482191e+00
3.232762643145233650e+00 1.835982747922963565e+00
3.113854164981339157e+00 1.663878129526539462e+00
3.135175319282453632e+00 1.692753511038173286e+00
2.971022073125861418e+00 1.527284197623768769e+00
3.063153064017424043e+00 1.604784834634422896e+00
3.074392959413628112e+00 1.661897198786143726e+00
3.074950765468342784e+00 1.668301225342233574e+00
3.012679600595267182e+00 1.561423832400886447e+00
2.943882200268407523e+00 1.511524259096677980e+00
3.167224297515900400e+00 1.585385661305112270e+00
3.121292732790622360e+00 1.696736230706781257e+00
3.032080607055181343e+00 1.585306781728662573e+00
3.226491138033375172e+00 1.763317408192395019e+00
3.076767351788791682e+00 1.690468759357747652e+00
3.166575367159408572e+00 1.699702407868613596e+00
2.945822596085074352e+00 1.559071070264536063e+00
3.231340383701266195e+00 1.785431054458790578e+00
3.091124270683736519e+00 1.641066942435190246e+00
3.032682384851867141e+00 1.594832903063183371e+00
3.144868610015377097e+00 1.711101516041380499e+00
3.159022471006556643e+00 1.744767540985062704e+00
3.127993763828168294e+00 1.616984396716833361e+00
3.445548879009330712e+00 1.993937835681102166e+00
3.103205724105888130e+00 1.663006869312040559e+00
2.984978929199781916e+00 1.573192542923130155e+00
3.132645177636396383e+00 1.646259118271209188e+00
3.054836191608937934e+00 1.625460828964643945e+00
3.099820993907364208e+00 1.591448475599773760e+00
3.003631501585414920e+00 1.583623397791065424e+00
3.089886300910046124e+00 1.609485502539972135e+00
3.183401059112992648e+00 1.709409118242218639e+00
3.023302283910885180e+00 1.563694831995527057e+00
2.940704559431298382e+00 1.518257568652483958e+00
3.099897106968262150e+00 1.667728769255123700e+00
3.108914293501430226e+00 1.603945717947919514e+00
3.029650390384672765e+00 1.567330841038651723e+00
3.058964513106661176e+00 1.567057093141158708e+00
3.139301262709299767e+00 1.699093214137470609e+00
3.129681379136672881e+00 1.637165801555122480e+00
3.023877802037060469e+00 1.589388400236427801e+00
3.049360537158669615e+00 1.620580876146935356e+00
2.923311165252688859e+00 1.522961825913878853e+00
2.946332354190967617e+00 1.493571931072847248e+00
3.041816188812596966e+00 1.742932497012600779e+00
3.103360767909943974e+00 1.625436443177417534e+00
3.057987961014908329e+00 1.564975998392263978e+00
3.161870242327617930e+00 1.720353919382946239e+00
3.190570904720514189e+00 1.814282539798746985e+00
3.060736621471366714e+00 1.610594755452753768e+00
3.114617978680187971e+00 1.696129001486551768e+00
2.956756675458736883e+00 1.547094910569052573e+00
2.968735072144506937e+00 1.487654124870142924e+00
3.145843674946404711e+00 1.737792885587173819e+00
3.163979115674047105e+00 1.655570307496460503e+00
3.057791678967232141e+00 1.599645292844892763e+00
3.348560073234557066e+00 1.863969726401602411e+00
3.158218174531236322e+00 1.655239287120532810e+00
3.006166187665499478e+00 1.534111056592036171e+00
3.031486533769665037e+00 1.558871051483261327e+00
3.185497025780434921e+00 1.704486651223959148e+00
3.189790984433965360e+00 1.697659157137584751e+00
3.054485747881470648e+00 1.588502136344195126e+00
