2.547402959604177397e+00 9.789679012714596062e-01
2.534722353442810050e+00 9.671921571724393374e-01
2.410969403096790753e+00 9.132271187515771382e-01
2.537792826802306223e+00 9.909541051371716369e-01
2.410850093829696839e+00 9.030054408296638302e-01
2.537029838406573035e+00 1.019370437272814733e+00
2.561062916333643358e+00 1.038366084348806062e+00
2.520505517050267486e+00 9.861360596118473598e-01
2.526874529681921278e+00 9.790154351523655540e-01
2.431938181145087974e+00 8.711308980279461878e-01
2.647614523637265016e+00 1.103094750459954643e+00
2.470590667542769570e+00 9.781715707023083128e-01
2.441802885512138754e+00 9.064269289933372109e-01
2.373986749761133108e+00 8.248095326001283478e-01
2.525749878165804319e+00 9.885766983971447930e-01
2.466452112343292313e+00 9.410986345918620488e-01
2.600495328642171255e+00 1.025889133647241103e+00
2.532180810479450095e+00 9.619075989815538685e-01
2.530109687929144702e+00 9.683636661940268064e-01
2.588279572878135593e+00 9.354028855905167639e-01
2.537976044548315713e+00 9.272898470220330980e-01
2.540222270111904379e+00 9.347235537956286588e-01
2.612130641199323922e+00 1.044413783249835026e+00
2.484034806549892060e+00 9.261175781240214011e-01
2.451905536121928630e+00 9.383639867437461035e-01
2.558847074745679517e+00 1.037838260322013095e+00
2.562909959022737549e+00 1.029402520229046436e+00
2.529034366439847581e+00 9.789513029451998305e-01
2.479701698182302128e+00 9.770189373124176235e-01
2.511027144738153360e+00 9.830304693918205938e-01
2.389946974775755351e+00 8.756231230049984493e-01
2.524685200080182046e+00 9.530032764835310033e-01
2.532044123453665918e+00 1.008832786697044792e+00
2.638883803425457586e+00 1.015601573243855249e+00
2.485602189961514608e+00 9.551209712923204309e-01
2.603926714728128200e+00 1.056342355274024980e+00
2.530716888767735817e+00 9.751013083960390349e-01
2.389151593405492768e+00 8.971034515859044323e-01
2.648412298834865286e+00 1.072058055252204767e+00
2.601886465630197875e+00 9.594843348864253718e-01
2.469027542538240638e+00 9.164261562696383034e-01
2.525709079874791207e+00 9.102968956800291389e-01
2.567174953812195515e+00 9.467876122077154566e-01
2.497369118476019612e+00 8.986692671070672933e-01
2.446446856313553742e+00 9.313650289015944495e-01
2.740360550189456568e+00 1.170306760165780391e+00
2.329381963424183688e+00 8.597011354097374713e-01
2.552984038137696476e+00 9.350177277983975355e-01
2.484146298000558417e+00 9.545630991664805221e-01
2.371828775259485766e+00 8.897759168275092279e-01
2.380528808572422328e+00 9.395377438328720299e-01
2.458698903311677508e+00 9.317373946446949606e-01
2.653125079270749698e+00 1.050963384080136231e+00
2.437462227048180718e+00 8.990444418865906062e-01
2.534575253858268873e+00 9.957359816461269775e-01
2.552704518493258856e+00 9.735199519830698422e-01
2.502700017767069074e+00 9.247180418165761306e-01
2.547717064641028983e+00 1.034437627098452550e+00
2.371682968680139059e+00 8.557683533096627215e-01
2.555142115924984303e+00 1.023490967302923105e+00
2.550206911880694260e+00 9.610183314422597878e-01
2.681591991047535650e+00 1.108965157136816870e+00
2.567440626900125977e+00 1.041931700448705200e+00
2.671536903734614832e+00 1.069339347385118488e+00
3.340596649474798063e+00 1.666573261552981133e+00
2.359536040803206447e+00 8.622852925848717431e-01
2.373886485716583561e+00 8.690128499618531288e-01
2.549477170596440523e+00 9.505072974791110019e-01
2.516551946241817106e+00 1.015213617502241705e+00
2.576664689594064583e+00 9.825941760237518752e-01
2.567124057154862360e+00 9.225047265725531132e-01
2.531393645692055383e+00 1.003440257198500607e+00
2.516317331484062336e+00 9.868265507455404872e-01
2.519203662771065222e+00 9.987486356390764541e-01
2.509404539133453849e+00 9.890470119876398902e-01
2.484427453991896240e+00 9.429351059990802586e-01
2.564708243387326281e+00 1.009785165524469175e+00
2.574748818064984235e+00 9.895993588990498191e-01
2.539859167017798569e+00 9.197972280556780955e-01
2.489517231944194275e+00 9.685725819363156797e-01
2.364356834814564934e+00 8.578153043018708068e-01
2.312382661880374890e+00 8.503120765201765963e-01
2.511453258751520146e+00 9.465561732694882657e-01
2.520810533266574449e+00 9.894683507635880781e-01
2.505848079578218535e+00 9.642681578796186148e-01
2.595023690802626515e+00 1.000632284979105391e+00
2.448109560421892983e+00 9.356051762094538260e-01
2.448153828745053051e+00 9.429644503831340341e-01
2.620210314044222333e+00 1.030961847936435971e+00
2.542875454656789103e+00 9.757403701192892687e-01
2.525917556492562444e+00 9.674442661219404549e-01
2.329690206233030025e+00 8.076888024597735916e-01
2.410442501950619931e+00 8.683532537880005453e-01
2.641777185387460314e+00 9.997328045421689513e-01
2.362227185326712942e+00 8.626618497830433885e-01
2.499950459859672680e+00 9.381500793155733708e-01
2.487808511682476631e+00 1.061705006096527182e+00
2.442074940333833322e+00 9.856273670939491582e-01
2.610850412315892655e+00 9.928763974339918086e-01
2.566356672862156962e+00 9.762520911028839121e-01
2.654284873743392392e+00 1.080021422970476097e+00
2.613088342738445036e+00 1.052518853636106311e+00
2.532928274905854593e+00 9.386154706961238325e-01
2.639219792392535791e+00 9.759472079085006468e-01
2.416062596886686453e+00 9.300638221010248952e-01
2.425501864295761756e+00 9.013485407350890766e-01
2.546192741394058157e+00 9.641581811802233393e-01
2.485122388948717287e+00 9.370631569937725169e-01
2.563159639219064978e+00 9.789180816835608701e-01
2.444015600367263730e+00 9.053513079813335640e-01
2.446554446983683739e+00 9.476025865639648993e-01
2.475692133249045135e+00 9.422890920433505402e-01
2.424608117020909059e+00 8.946692166348820807e-01
2.550091831759106586e+00 9.638117627625569783e-01
2.466919773264562465e+00 9.238701917071361347e-01
2.485686895598932633e+00 9.451448727012539130e-01
2.382433981582441795e+00 8.608521173624250622e-01
2.369696282627142825e+00 8.094173240977006190e-01
2.632454480306188671e+00 1.068663550632516390e+00
2.541754086309015115e+00 9.682579177402705906e-01
2.579256564115295358e+00 1.029440957265358891e+00
2.583835843591008263e+00 1.081509675862891706e+00
2.506811640543589625e+00 9.539868438592916666e-01
2.504084145011671758e+00 9.182161630106837613e-01
2.558034956773429958e+00 1.022931734833218975e+00
2.599629335481456138e+00 9.927784360367655214e-01
2.624023596266710445e+00 9.829112760332634480e-01
2.367785719772220521e+00 8.839293152122499331e-01
2.579526636276233464e+00 1.030875673454964891e+00
2.429847397055962421e+00 8.851981453433135361e-01
2.663932083007402252e+00 1.105561733183549888e+00
2.418704067860695694e+00 9.330405313880707485e-01
2.374739260151552234e+00 8.664368525874051041e-01
2.406999184550332682e+00 8.369597049998452887e-01
2.485461922705666016e+00 9.243072849271479763e-01
2.738365476744422544e+00 1.083227714301426392e+00
2.572448366551030929e+00 9.963679358388025653e-01
2.469018015806187183e+00 9.162454618505719850e-01
2.388397344578280901e+00 8.533589150552063352e-01
2.431643565827668052e+00 8.711246077493208784e-01
2.387267905057119055e+00 8.340968283265425276e-01
2.514595470986697112e+00 9.739490035355945485e-01
2.763164103239688529e+00 1.174749499333250125e+00
2.606507736709498424e+00 1.020344887539850864e+00
2.680506354425486126e+00 1.057096662157788858e+00
2.579551544196744928e+00 1.017905708745285187e+00
2.646500455816134245e+00 1.031103439538359146e+00
2.465194309262561667e+00 9.282989531666139271e-01
2.422932538821487292e+00 9.426203744115940752e-01
2.428235804903717376e+00 8.846985818011414704e-01
2.496312077675218788e+00 9.743547304020790945e-01
2.410997098888914003e+00 8.891274449753032716e-01
2.498324409176477801e+00 9.148161574527510220e-01
2.693024839878197518e+00 1.082282143652775197e+00
2.533940444061223651e+00 9.331834082459249391e-01
2.375906774463611537e+00 8.769600621004952634e-01
2.661733477334357723e+00 1.096603884053086064e+00
2.498563798805098823e+00 9.276163929441509914e-01
2.616128477818040476e+00 9.821893154170260321e-01
2.547222148989489732e+00 1.032804338334090799e+00
2.580797588266037224e+00 1.000264076333930330e+00
2.606978658669065307e+00 9.724475477541032475e-01
2.472645871645729798e+00 9.316871692501805802e-01
2.480361447692547294e+00 9.902812403067888791e-01
2.573506138891565431e+00 1.043768828478706112e+00
2.585573393113349550e+00 1.033186161063653463e+00
2.451833814513491028e+00 8.945580204703771354e-01
2.408785275446394536e+00 8.928925943336233351e-01
2.540652248454633000e+00 1.016933617290686875e+00
2.545992921383275931e+00 1.023284707472442046e+00
2.700472956414464942e+00 1.110193619635518658e+00
2.546843736986882156e+00 9.882313028450584458e-01
2.936649812933699089e+00 1.269183599045546895e+00
2.482239898022275071e+00 9.755921606916519995e-01
2.532550716386954281e+00 9.885826798006660532e-01
2.316703763518471071e+00 8.634524798741155527e-01
2.505608347438327499e+00 9.953624768840060311e-01
2.544281316875879106e+00 9.902975906759148295e-01
2.432722937403446473e+00 8.765649667101207410e-01
2.401016011649486082e+00 9.146558745187346462e-01
2.612810810675449069e+00 1.039442044985570135e+00
2.330147355030149914e+00 8.441454269223767071e-01
2.394409882787545296e+00 9.058900422290976362e-01
2.557744206175622370e+00 1.000451575793168457e+00
2.443931724921639237e+00 9.283438904516069234e-01
2.492136126332703761e+00 9.296564404285259098e-01
2.665583173031403241e+00 1.073594085632332051e+00
2.438582723922461781e+00 9.144764203553776838e-01
2.448833295364321483e+00 9.766921535424353262e-01
2.615114717752291984e+00 1.015046944665213724e+00
2.563294837675842430e+00 9.938474165378374803e-01
2.552823925878841660e+00 9.813729130245997245e-01
2.523086812686071045e+00 9.726017835838549619e-01
2.462057935185775648e+00 9.092569149722015132e-01
2.561980038011367089e+00 1.024095968039829385e+00
2.423027943043750909e+00 9.275518770449677763e-01
2.448016544858987231e+00 9.177405506561631121e-01
2.680703916841645995e+00 1.063548751741243192e+00
2.343519790607431208e+00 8.728193629952760713e-01
2.462826924466086087e+00 9.342308931122517146e-01
2.512210096113680624e+00 9.300970993932730080e-01
2.962797696354447119e+00 1.311457696071539170e+00
2.454052616383358476e+00 9.048983948661561971e-01
2.460864869885351247e+00 9.141812042064685340e-01
2.547415041736628361e+00 9.915585346258303234e-01
2.505151005679217224e+00 9.756546066721613064e-01
2.571201202857553714e+00 1.028747188374842469e+00
2.426216435390362136e+00 9.044302468912072124e-01
2.410727412342192455e+00 8.699433497089961165e-01
2.490010951606827838e+00 9.386275837207977979e-01
2.469966237035271295e+00 9.459407807056094963e-01
2.537675933751077029e+00 9.204381366475408166e-01
2.563445515875404812e+00 1.007143835746498794e+00
2.506673791254599770e+00 9.075972936375701350e-01
2.592563584239516938e+00 1.002050089655931897e+00
2.519549838738601721e+00 9.638922624509611570e-01
2.611794987281980784e+00 9.617831320405142437e-01
2.351172162572161550e+00 8.259489276925325862e-01
2.599695761812373274e+00 1.067954758638509194e+00
2.579388117342463982e+00 9.624899354093037207e-01
2.699993214726173374e+00 1.148898460464294002e+00
2.493408064675659119e+00 9.661927993699811479e-01
2.449370200106643303e+00 9.896859070167491890e-01
2.483843176239503681e+00 9.847968463704676045e-01
2.427206689502623416e+00 9.426381444019047429e-01
2.549115562039581118e+00 1.002114861863272255e+00
2.600016020595603106e+00 1.069612653520557011e+00
2.373891161545897521e+00 9.047672009898650725e-01
2.620128800009369208e+00 9.832208972642331180e-01
2.418807256572082398e+00 8.977394684997288543e-01
2.402881211919202897e+00 9.278940330792330160e-01
2.574403002226488546e+00 1.062642523210614032e+00
2.486085062674425306e+00 9.119619861308829734e-01
3.189952645565858447e+00 1.490462090939315365e+00
2.628525419478959346e+00 1.063746048595599625e+00
2.962543972928824321e+00 1.301418660526083348e+00
2.391726371677860730e+00 8.357974704513650988e-01
2.433584403869267110e+00 8.576002185220692464e-01
2.623573528852236603e+00 9.884795935811646617e-01
2.662154235099683852e+00 1.078261218013999656e+00
2.578762162003220837e+00 1.043350203715231794e+00
2.405682786998445177e+00 8.428196427278809022e-01
2.423320882481731164e+00 9.256925183203541518e-01
2.434901421512317476e+00 9.286249660278395046e-01
2.472874701934753006e+00 9.815146009386684911e-01
2.411068705769192189e+00 9.060899967062320259e-01
2.778950034117622980e+00 1.149936014555611230e+00
2.515759445755475276e+00 9.337679201842127297e-01
2.638511190815420182e+00 1.102584400951253540e+00
2.370921515297644167e+00 8.962797180389352469e-01
2.472958194539721433e+00 9.374782347075262257e-01
2.531971958374599208e+00 1.008646351112644224e+00
2.343324444399118800e+00 8.439330201732631043e-01
2.499104507502881933e+00 9.715615988310907225e-01
2.495061996319007047e+00 9.284811825891141623e-01
2.555571699812750008e+00 1.015086810908888193e+00
2.609672165898127894e+00 1.017515171729794332e+00
2.461821165916436183e+00 9.377934207955238577e-01
2.475489962996618054e+00 9.264296002021743526e-01
2.459856339485287258e+00 8.635535328146669576e-01
2.468989442710524340e+00 9.320465126801874556e-01
2.561160774604283041e+00 1.013625404113716488e+00
2.350472432436715220e+00 8.687479191900814302e-01
2.671895767376929243e+00 1.071738709445398730e+00
2.566870931811308321e+00 1.031036413735972657e+00
2.652651882558950014e+00 1.021555564247130121e+00
2.363779120223952201e+00 8.524547306862265694e-01
2.599235684955380155e+00 1.032505342963577988e+00
2.465621573406625355e+00 8.984359540140677280e-01
2.480205472291800994e+00 9.959721855287639869e-01
2.531111935185192063e+00 9.602497069571381827e-01
2.422901124780043602e+00 9.360740129873754700e-01
2.480650958846324361e+00 9.553513952021276401e-01
2.488656940605636692e+00 9.938817171354968893e-01
2.461945565795395474e+00 9.533230563562683502e-01
2.497681091748127358e+00 9.380004992028770916e-01
2.456997261547198885e+00 9.534704144063618214e-01
2.525439733146539023e+00 9.262493395404065577e-01
2.415261583259343148e+00 8.974879516607751073e-01
2.559458466883309136e+00 9.823718862640534732e-01
2.644625847406318009e+00 9.794127172193792807e-01
2.528771762469358642e+00 1.009593946444244272e+00
2.496006707164927452e+00 9.847628447186507206e-01
2.409169727972052755e+00 9.208376752863982606e-01
2.496443589677227681e+00 9.706559155823113461e-01
2.419531564243862842e+00 8.803822639382131721e-01
2.558299892196395309e+00 1.016668729420715733e+00
2.467146460432055211e+00 9.824726660459083272e-01
2.453696135285519553e+00 9.523377312845296983e-01
2.528254868598909688e+00 8.802162842151161071e-01
2.452210547248498074e+00 9.531803372965077514e-01
2.498987960081102688e+00 9.137222020075977946e-01
2.785974556932893975e+00 1.096769857423381955e+00
2.412143361074647441e+00 8.855835327431669235e-01
2.510428814740290449e+00 1.019069989079383065e+00
2.479488928373938084e+00 9.830695169682274193e-01
2.408645079688155111e+00 9.015164454484427825e-01
2.631113962956708185e+00 1.035033090894588836e+00
2.400355532747653342e+00 8.784571653504603672e-01
2.698339161319449175e+00 1.116789697920187230e+00
2.622541766623865733e+00 1.043351652670901020e+00
2.333748665000216604e+00 8.128714651623377696e-01
2.434532303069771864e+00 9.631003988533963778e-01
2.659379016284707298e+00 1.053964444086132435e+00
2.554391207933437435e+00 1.011588256724397450e+00
2.546356096805482139e+00 9.746086706091549035e-01
2.586525207423700845e+00 1.003053460999749680e+00
2.387480768005496579e+00 8.775641465037153921e-01
2.534498251151499737e+00 1.090152485636659563e+00
2.568978635547041645e+00 1.010252038484029669e+00
2.508618345631451252e+00 9.276631768400096512e-01
2.489260863665345713e+00 9.517484845934108817e-01
2.470695248302516855e+00 8.998932199392408737e-01
2.573172404562708238e+00 1.047011430927812681e+00
2.460724821186976552e+00 9.413800162112474501e-01
2.324013199187055179e+00 8.587667257143672961e-01
2.406872447951832861e+00 9.088427725780320321e-01
2.575761218186973789e+00 9.370519343850378657e-01
2.370395552088030655e+00 9.172322828729152500e-01
2.474884669778178115e+00 9.293241458346834794e-01
2.506825659427015740e+00 9.715933454606825448e-01
2.496630812703743985e+00 9.569895651163015105e-01
2.457077907896930480e+00 9.214002836395301932e-01
2.496033039935180664e+00 9.805897710939621703e-01
2.512929650818882976e+00 1.025755589361790232e+00
3.118558649770316826e+00 1.416940141541999543e+00
2.488076568687802137e+00 9.011992763006024809e-01
2.360238491940005456e+00 9.364238411854511890e-01
2.658347049790373617e+00 1.040578218406521538e+00
2.984365110590188941e+00 1.252572361712245064e+00
2.470770858082430355e+00 9.244807706223443500e-01
2.595242597355771341e+00 1.020372745884249976e+00
2.512100378252658306e+00 9.959751985882595582e-01
2.400081382665479879e+00 8.509515605416696493e-01
2.514614763514121609e+00 9.650637468505974814e-01
2.482631754000260926e+00 9.657534370029995374e-01
3.099168892336409797e+00 1.481863331472237144e+00
2.702849862087804311e+00 1.090149113443368956e+00
2.616228940792417745e+00 1.047404592313545546e+00
2.486335945067172037e+00 9.140775768121915945e-01
2.440615705102827881e+00 9.174321724849164861e-01
2.424951427728628151e+00 8.345009046995143231e-01
2.569205244658211207e+00 9.632434377981534679e-01
2.457739606126102760e+00 8.952425604606329967e-01
2.465323078172877214e+00 9.573857019928665446e-01
2.549963555230747136e+00 9.494715587480149210e-01
2.314271761548637674e+00 7.635948640974244972e-01
2.485210194289229069e+00 9.480047322530374965e-01
2.622218508840422402e+00 1.042300200213031047e+00
2.576773551153377806e+00 1.035132208264409881e+00
2.441553520246523501e+00 8.555625816049147181e-01
2.502207426589643902e+00 9.554426662803298109e-01
2.494112677465350814e+00 1.008264478254533802e+00
2.552199381022931313e+00 9.969471178955628954e-01
2.576330750578188056e+00 1.007116435999421133e+00
2.546820909089846374e+00 9.812935889740705964e-01
2.497443751115568045e+00 9.471586307655259773e-01
2.532379437242235465e+00 9.595898148895684043e-01
2.542977755323351463e+00 9.891043696503035720e-01
2.430508671064608439e+00 9.273151978762756986e-01
2.987860516454714954e+00 1.378875619177505119e+00
2.488295641580551276e+00 9.794150822465657047e-01
2.464740677908870303e+00 9.479463023067443705e-01
2.500676092014685103e+00 9.839351673716446589e-01
2.430716277210652088e+00 9.323052838109090468e-01
2.463270438703764054e+00 9.581072814377917801e-01
2.542524486516066773e+00 1.019599476238965519e+00
2.436765510563528192e+00 9.372442981300592724e-01
2.480937258030469827e+00 9.394104006751542446e-01
2.498702163431278933e+00 9.634479676037287499e-01
2.575453964386883676e+00 1.005776398474480082e+00
2.492413681017444205e+00 9.325358968118545588e-01
2.395259109931016983e+00 8.755134849103608508e-01
2.622709384886903194e+00 1.034406098012547570e+00
2.458642147554228607e+00 9.342680498717317317e-01
2.492842331301198477e+00 1.005413854910492732e+00
2.458249438532130071e+00 9.453436828467431940e-01
2.524481177244584540e+00 9.327557437740137125e-01
2.546612435696648635e+00 1.003413956972087240e+00
2.683769299934176455e+00 1.045848018096127818e+00
2.482018811348487564e+00 8.932314765820447144e-01
2.674132181897785010e+00 1.109129977987592497e+00
2.660271608368421692e+00 1.051535259459681626e+00
2.486993637199779172e+00 9.413259986163752258e-01
2.929602139223586477e+00 1.331043913416903646e+00
2.667200526238677760e+00 9.970312186397316534e-01
2.474731212278073134e+00 9.309912401298238160e-01
2.460081007563877709e+00 9.428109592467553979e-01
2.398381684610302766e+00 9.259694920387824268e-01
2.505669003014932006e+00 9.419167964252566083e-01
2.474460689398697344e+00 9.458320696548840889e-01
2.464694619698695632e+00 9.803991433189993554e-01
2.325049128758734707e+00 8.317321139140007036e-01
2.375503215229022302e+00 8.654064518768739278e-01
2.900691569635192479e+00 1.301506474978931349e+00
2.392620887460476187e+00 8.586039180325363285e-01
2.556116959798876209e+00 1.010062755364924625e+00
2.597676522405142130e+00 1.029750871128430889e+00
2.469116517865288074e+00 8.821870679083936295e-01
2.425152890263106986e+00 9.009428471130392913e-01
2.415114576470350549e+00 8.618848241477599093e-01
2.337462770939287893e+00 8.436530576502403456e-01
2.521742242686765056e+00 9.770826523063145252e-01
2.541635839698552335e+00 1.008999791627086973e+00
2.365942091163457661e+00 9.047962940598905934e-01
2.496701077649979172e+00 8.868994292362178955e-01
2.495213893874694389e+00 9.173962829129157504e-01
2.377431920739210724e+00 8.885854127007859482e-01
2.462727241167273373e+00 9.974064765628669615e-01
2.445024479850569588e+00 9.544576000680601302e-01
2.467678945470456853e+00 9.007878364433997698e-01
2.449812616373569618e+00 9.077701513379290432e-01
2.431705721462215752e+00 9.414604991783065424e-01
2.332716191724688137e+00 8.114939110646364195e-01
2.547131933940154802e+00 1.000302903537882315e+00
2.564099881148750537e+00 1.039953954979411455e+00
2.459016369236038724e+00 8.850220274947364629e-01
2.372200722878349044e+00 8.550926769759498169e-01
2.547325495770143000e+00 1.000856200871617974e+00
2.651814232360104384e+00 1.033714512286577847e+00
2.434092850041551959e+00 8.615616273013564363e-01
2.703370942743912320e+00 1.056404585994560996e+00
2.483508690155463938e+00 9.617288273530326670e-01
2.441276578865117397e+00 8.858872275378034677e-01
2.520246621038535917e+00 9.705352097276350731e-01
2.599953421428534472e+00 9.994512896067276886e-01
2.536326566734681265e+00 9.898258578770557925e-01
2.565326064119156868e+00 1.021398827456023950e+00
2.367520451997857656e+00 8.566007512719218120e-01
2.524037911433670622e+00 9.900108387060790882e-01
2.611653953932807415e+00 9.968214033943954000e-01
2.461619375384157760e+00 9.330621855848798551e-01
2.558953990761027253e+00 1.014055941366932778e+00
2.508812365003532552e+00 9.171053970794067478e-01
2.540020830316378486e+00 9.954630188914501687e-01
2.474213409947614739e+00 9.195502774105780430e-01
2.416140903465032075e+00 8.940540470544240392e-01
2.523943245575506644e+00 9.705928713372742322e-01
2.373590017899975368e+00 8.529561736474343681e-01
2.565615151588801712e+00 1.017204575156315904e+00
2.408400436989552418e+00 9.554429645132760385e-01
2.615533336485976967e+00 1.018443958303941521e+00
2.519902444250374796e+00 9.810696151619744398e-01
2.470042288471572700e+00 9.503408706729666866e-01
2.823394186846943210e+00 1.189686534267063056e+00
2.352208511483357078e+00 8.666995398361376779e-01
2.461281101427424289e+00 9.545255003524717452e-01
2.475461052871616108e+00 9.650371919736838722e-01
2.537189079963872551e+00 9.445380347568644863e-01
2.446940795941439539e+00 9.531353022845256984e-01
2.635963790583134347e+00 1.065292328412300149e+00
2.571905579868880576e+00 1.033292919376953778e+00
2.472341048748270875e+00 8.861399775122570377e-01
2.594222082890210945e+00 9.890619529343527283e-01
2.518024808380250334e+00 9.650234100201554588e-01
2.400249850028175924e+00 9.148508659250195185e-01
2.531079746785513507e+00 1.012731240607277483e+00
2.620816437235941265e+00 1.021052729186405328e+00
2.438125824396337293e+00 8.811021463850025048e-01
2.452692789837160436e+00 9.269572879844736324e-01
2.635058160000981697e+00 1.066438144286412149e+00
2.570282541745224414e+00 1.012608641450569058e+00
2.514778523738052218e+00 1.029178800129514793e+00
2.361805526605932570e+00 8.402483229576775958e-01
2.561745830404706492e+00 9.995138144917996570e-01
2.422223368995823911e+00 8.995639320590909094e-01
2.869448569964787588e+00 1.274124321841430652e+00
2.389910291343516402e+00 8.510601937360062763e-01
2.591792051230175531e+00 9.960195037474320889e-01
2.488348005917571548e+00 9.814565007370527061e-01
2.436122022598586234e+00 9.045268907869886688e-01
2.385773823469345523e+00 8.460090739849831509e-01
2.481997926487411021e+00 9.378876834270286622e-01
2.541390626608377890e+00 9.820276032078252282e-01
2.566411051869238236e+00 1.001687891827705679e+00
2.527551486633327738e+00 9.472274851060742407e-01
2.704295245139816561e+00 1.063370553455619705e+00
2.499659356826271939e+00 9.522561496713416451e-01
2.571663496856465780e+00 9.321216032173149646e-01
2.632276983368833534e+00 1.070939212683299058e+00
2.546283269061280219e+00 1.000233848179785889e+00
2.549756578248899341e+00 9.866099374034632552e-01
2.591894469875241747e+00 9.937063290019114703e-01
2.459609568688695180e+00 9.204548954730503718e-01
2.427351173412052532e+00 9.353529157171412978e-01
2.514517176215002703e+00 9.746801057615998021e-01
2.606660591553739970e+00 1.053719064256670723e+00
2.805019757893718158e+00 1.247645699597628388e+00
2.517125720688152324e+00 9.477062293693798711e-01
2.534453305671336310e+00 1.032164245929407809e+00
2.561066577156674295e+00 9.621249769249838879e-01
2.592333641511499476e+00 9.987206497984389975e-01
2.360675770551779795e+00 8.407025683090834089e-01
2.574871212252049624e+00 9.693567681392302182e-01
2.629348504586094037e+00 1.050060724409761503e+00
2.510360626715737897e+00 9.584086430107807697e-01
2.514732444023795033e+00 9.707447041134900090e-01
2.661404231747569238e+00 1.080427085571741941e+00
2.375591721051634408e+00 8.728287629080448973e-01
2.339340032244428880e+00 8.805799443497914769e-01
2.479289432071083876e+00 9.720472934653368036e-01
2.364223250903615625e+00 8.782702032476239484e-01
2.612376306965130457e+00 1.044377974235260353e+00
2.271295664569431327e+00 8.341513132109411588e-01
2.557234848084189327e+00 9.791309413232042180e-01
2.449658376850738062e+00 9.043848180869622500e-01
2.541902284529466094e+00 9.604674049942296676e-01
2.484666166006627819e+00 9.221176065429755875e-01
2.473201936792157163e+00 9.409734038467122419e-01
2.608486579143538986e+00 9.448822494717007414e-01
2.578046730704746992e+00 1.001941712105465676e+00
2.586743156249081910e+00 1.044188809478344915e+00
2.488554542235386080e+00 8.952418515687798894e-01
2.532288380687455653e+00 9.794457598939352305e-01
2.418354225399176105e+00 9.025890852188966917e-01
2.532502213241031974e+00 1.018950384993992930e+00
2.444721681102794975e+00 9.240093225540869648e-01
2.483604978130164564e+00 9.628978021333240989e-01
2.423132989924621672e+00 9.271780955552706427e-01
2.340651158628384021e+00 8.236027584436896865e-01
2.485992811709099914e+00 9.476568024426521575e-01
2.643775603029303145e+00 1.064104129746807903e+00
2.378202501189002227e+00 8.326799458232567730e-01
2.546107933837816972e+00 9.388683170676691558e-01
2.562901340203727507e+00 9.860172587508978514e-01
2.475999867253224185e+00 9.177880932293236427e-01
2.551408068833779019e+00 1.015444322312756498e+00
2.476278921584209591e+00 9.351173663959305715e-01
3.004288279186505761e+00 1.324642632299072309e+00
2.539933223907106630e+00 9.701077650737999214e-01
2.506263593237091580e+00 9.843327548999845078e-01
2.456812467307543990e+00 9.399729051299020588e-01
2.557440100823630491e+00 1.004664703217375887e+00
2.381594046430481892e+00 8.978551062792768933e-01
2.595686472556588242e+00 1.018678285248129312e+00
2.389441620336196337e+00 8.519818714934159765e-01
2.500237994694959998e+00 9.072711659664745021e-01
2.459142779374507537e+00 9.359695134209800038e-01
2.634731669431293888e+00 1.031211454433435426e+00
2.589250228140425492e+00 9.701525116212834643e-01
2.469431214752959569e+00 9.348530498718641280e-01
2.486584391357288482e+00 9.631075264661204116e-01
2.604953629535664117e+00 1.017666058855776878e+00
2.574994460400084950e+00 9.866183259943204220e-01
2.425122482340627439e+00 8.965966271998226933e-01
2.397267035554486281e+00 9.342267522903365817e-01
2.474044015928538620e+00 9.618172444863991588e-01
2.445564116871446370e+00 8.917071512745361472e-01
2.435325194384883485e+00 8.803527688310524013e-01
2.449868260131351949e+00 8.857096500115412274e-01
2.580034723100002925e+00 1.001693430291181741e+00
2.432109338751455407e+00 9.631892586688273195e-01
2.528685525441106474e+00 1.020678899920603566e+00
2.784391380953451289e+00 1.119747525666518140e+00
2.350863903679383693e+00 8.841361010383972374e-01
2.666631309927770310e+00 1.088989313763533140e+00
2.595126414948905502e+00 1.009929531948600578e+00
2.561828327799795080e+00 9.493168997325397429e-01
2.460999674635898860e+00 9.296985487570387230e-01
2.449130955795916442e+00 9.531766225119583380e-01
2.605104536527343306e+00 1.047819120809563742e+00
2.417656287775335588e+00 8.891774928083523433e-01
2.679740782996220538e+00 9.902077780456589595e-01
2.588818548801249175e+00 1.070054277416786936e+00
2.538635783919720890e+00 9.889078406570298574e-01
2.406708196424800494e+00 8.975517943927341369e-01
2.494809268965898941e+00 9.536092603686103786e-01
2.387622505444637167e+00 8.933932174128247361e-01
2.424311573030390132e+00 8.525673103354446392e-01
2.418390282025142390e+00 9.188963198391226772e-01
2.684696052028495039e+00 1.130281348798205521e+00
2.591495306002831178e+00 1.007299788822498599e+00
2.482107301403598143e+00 9.578690513883932889e-01
2.640778150889908193e+00 1.084754220094875654e+00
2.464972891705460079e+00 9.517545134234868254e-01
2.506205336812277196e+00 9.680375180468597796e-01
2.385601250635580151e+00 8.729397190128985740e-01
2.539332968334774510e+00 1.013325457698417864e+00
2.582345450089662986e+00 9.586685914306257716e-01
2.656862579022707838e+00 1.034255063351807280e+00
2.451885378187733000e+00 9.649985842734781771e-01
2.682991849556743968e+00 1.014549324908033734e+00
2.500068102944167148e+00 9.082423959402105007e-01
2.411566690636025356e+00 9.047753509888648571e-01
2.607012245219666458e+00 9.861033151850361334e-01
2.489740483933316817e+00 1.005893105756122674e+00
2.583415110185448782e+00 1.019852856570221400e+00
2.579280335920190126e+00 1.048867502286618736e+00
2.543331952090192694e+00 9.475970403737529191e-01
2.441032011213350117e+00 9.354637153315769060e-01
2.435624645705810831e+00 9.707436982943936643e-01
2.494839182872280681e+00 9.094006727350296693e-01
2.478027730506796811e+00 9.366273337930225429e-01
2.411884191670763844e+00 9.043670356666755339e-01
2.405882614513426443e+00 8.268818620846090095e-01
2.462352298706873999e+00 9.086351236482750338e-01
2.526447767961596647e+00 1.021075749730489646e+00
2.444039576584073892e+00 9.354301865276973826e-01
2.358838213547545859e+00 8.735507875457211302e-01
2.481894290861662800e+00 9.417573672272980811e-01
2.547697778900414711e+00 9.984818315639660824e-01
2.564254455044758796e+00 9.884658291655935569e-01
2.553747242898404046e+00 1.036625557633900963e+00
2.448706278266353120e+00 9.332085883669338777e-01
2.622241721956663163e+00 1.037892039451608905e+00
2.532622589791946766e+00 9.630047074117329409e-01
2.362402867779140436e+00 9.018101096983187626e-01
2.554930512295860545e+00 9.770832914891411924e-01
2.533507014547181413e+00 9.733918804963823668e-01
2.537673739430386988e+00 9.848695177997377481e-01
2.507437270555700426e+00 1.005389312164151505e+00
2.547864084628490566e+00 9.848088995802858348e-01
2.474061732606187558e+00 9.639004053466074806e-01
2.305734283253244143e+00 8.000839725029980087e-01
2.529616756431494196e+00 9.662253491494653401e-01
2.464838537051080358e+00 9.925979039237439183e-01
2.512412995293942686e+00 9.396306749855917184e-01
2.565568593105399309e+00 1.008960833366139065e+00
2.464146744946292600e+00 9.330892905619793121e-01
2.351875014575120826e+00 8.194513024436679283e-01
2.727684675385668278e+00 1.113400998703884870e+00
2.600025230066017379e+00 1.027034939277473136e+00
2.413778697434382892e+00 8.864938425043215053e-01
2.350487137223388867e+00 8.275502222484892867e-01
2.588242226942063517e+00 1.027122806932553090e+00
2.379285865218200069e+00 8.077463890135004876e-01
2.819392578531461524e+00 1.168743888261438046e+00
2.530828242139396167e+00 9.307574707964948457e-01
2.469095409113732043e+00 9.261989289983635354e-01
2.499145874815400514e+00 9.573314528392889988e-01
2.467422203100802403e+00 9.587866887447865638e-01
2.504783002006755410e+00 9.518885021136699320e-01
2.436612363620800359e+00 8.826910552717476266e-01
2.592143946208095961e+00 1.097081564798549902e+00
2.445463013297589416e+00 8.964098467605736698e-01
2.416376823479433611e+00 9.067661180790054232e-01
2.541461445645618156e+00 1.006105934873831043e+00
2.517020300865880245e+00 9.258828153781188952e-01
2.556650925554188269e+00 1.006459384442268457e+00
2.516428377953813023e+00 9.205674189661068318e-01
2.563050028692275273e+00 9.990814948392678918e-01
2.480350616097084515e+00 9.197011279684528251e-01
2.507524129330814144e+00 9.679919536656815815e-01
2.574540585244548652e+00 1.000044508940669763e+00
2.467409973545792390e+00 9.198974006711555518e-01
2.626036991774393758e+00 1.039197043662174469e+00
2.542886046578968440e+00 1.002762622841100626e+00
2.502461676398680002e+00 9.460175929735691325e-01
2.426909426805924586e+00 8.773423330986276358e-01
2.526110506018612423e+00 9.371359430283957570e-01
2.429984730055432696e+00 9.019052553128971139e-01
2.342035054671329775e+00 8.000958392685868503e-01
2.470439504672199860e+00 9.119471981685219886e-01
2.425127288705823947e+00 9.112668880835855800e-01
2.514431692772936877e+00 9.571078403606544382e-01
2.553848447819045298e+00 9.886232879212222269e-01
2.792155812023546346e+00 1.134132441245427003e+00
2.592918530618145034e+00 1.014255403575666792e+00
2.484289290737621947e+00 9.113591494432052853e-01
2.785382772989774658e+00 1.180601211245703386e+00
2.520763585429838916e+00 9.258432007373469386e-01
2.350310249670527263e+00 8.751832417955626164e-01
2.284041275112771885e+00 8.315904303374600515e-01
2.496289892592661541e+00 9.182256662546536274e-01
2.361872611873323535e+00 8.412933805598706849e-01
2.562722346189986400e+00 1.026084150085045499e+00
2.493208209133527919e+00 9.180973797972444839e-01
2.431636998561442553e+00 8.638009271386043464e-01
2.704673672109228377e+00 1.091415159376083910e+00
2.589304755634776356e+00 9.664997718484923395e-01
2.594801009503694633e+00 9.269288578687053803e-01
2.610653218958834287e+00 1.064538694332710200e+00
2.517198497791091061e+00 9.713203187256100879e-01
2.498008015824528805e+00 9.138475229469595895e-01
2.670472837619264350e+00 1.121799362960670843e+00
2.518070074469820785e+00 9.777116359675149804e-01
2.409497618598559043e+00 8.699712599292128701e-01
2.568864615099955007e+00 9.731266799254788546e-01
2.619348083353298051e+00 1.046731415888626060e+00
2.606545038935752068e+00 1.014104476569199997e+00
2.429624031925117666e+00 8.815616691722789611e-01
2.698150389196973808e+00 1.051581297220957278e+00
2.705973632225639580e+00 1.059585715660983141e+00
2.456613581463733098e+00 8.890271876026955011e-01
2.451854655277168504e+00 9.203896337098232960e-01
2.496330753310922024e+00 9.661391549799908107e-01
2.455763493119581309e+00 9.260701301981939526e-01
2.604470178104523193e+00 1.042047944349176802e+00
2.578908795614909710e+00 1.044530954847322723e+00
2.561629579677251911e+00 9.899844699307819296e-01
2.476259624763570422e+00 9.248588591395396907e-01
2.395438338732125416e+00 8.848623510770426970e-01
2.296430568808609074e+00 7.973821644327888647e-01
2.574314469415889484e+00 1.090900527935659392e+00
2.543763434542629653e+00 1.008098599270774720e+00
2.486669405253641330e+00 9.191600132442871995e-01
2.437034514354483594e+00 9.166824262232234899e-01
2.609430474707547187e+00 1.026797965772121346e+00
2.552340677324295370e+00 9.282659976052178852e-01
2.428937991744817282e+00 8.933551478345884700e-01
2.536510621816976396e+00 9.791774178126044781e-01
2.484173033203871395e+00 9.904149399126912501e-01
2.403532413289040548e+00 8.748740229042654137e-01
2.451987954026185523e+00 9.327168900534532625e-01
2.519807848672259709e+00 9.477798415433965618e-01
2.608005607730778941e+00 1.033953486774763508e+00
2.531802595057955241e+00 9.877737972018594270e-01
2.503835445945409077e+00 9.528993161820513702e-01
2.345516874254894191e+00 8.420374013790087320e-01
2.431133338010301959e+00 9.438730361749877451e-01
2.548661332486580999e+00 1.005125500317173293e+00
3.047003869866843573e+00 1.449944984694809591e+00
2.717255774853525985e+00 1.103852355833207843e+00
2.493438667898614902e+00 9.781733022656513565e-01
2.454669139770061292e+00 8.507929398083561301e-01
2.417810848076929808e+00 8.931877660537208552e-01
2.638685101524607557e+00 1.100764444486708182e+00
2.467438933160440051e+00 8.392497468944141170e-01
3.147307050805102424e+00 1.543497828885497025e+00
2.562702438117616222e+00 1.016653348447672078e+00
2.455846525414996595e+00 9.588406411235428362e-01
2.494445874030010835e+00 9.716082777370700363e-01
2.446853520793624615e+00 8.982440434674718865e-01
2.569295152107230251e+00 1.045538424631966334e+00
2.436460893177433196e+00 8.466465424432847442e-01
2.652793005208501587e+00 1.042558172436083508e+00
2.611968319164481578e+00 1.038063806710895820e+00
2.537958322551626011e+00 9.861553824247475397e-01
2.567379650209983044e+00 9.751887391547864326e-01
2.550911545168960348e+00 9.424203228383828401e-01
2.563731937382210280e+00 1.025040415383770886e+00
2.447941729565528579e+00 9.253339306323322688e-01
2.405118610451645100e+00 8.547588453200914982e-01
2.589088539067505135e+00 9.481073358146917540e-01
2.453481956230026295e+00 9.227216022503592630e-01
2.570480648202392082e+00 1.025949905927605377e+00
2.497681266919641541e+00 8.790305632487990239e-01
2.357488630556992426e+00 8.164315690848509277e-01
2.486881880248241750e+00 9.767454370874002478e-01
2.476265200288285229e+00 9.741512408984254190e-01
2.437786788556053796e+00 9.202896999041276782e-01
2.350581677261069924e+00 8.418522500180064538e-01
2.535161611836600493e+00 9.626862714175010716e-01
2.436461323930825706e+00 9.004574237413696114e-01
2.606006190127245326e+00 1.038630224622873577e+00
2.845028783308293896e+00 1.194284924037420925e+00
2.488365523345799080e+00 9.294685283513344221e-01
2.371554679646165287e+00 8.446266155399422271e-01
2.487548663029224283e+00 9.549240621867558509e-01
2.680348068459198263e+00 1.146415523475256215e+00
2.583398414419494582e+00 9.797487121880085192e-01
2.526823734428143009e+00 9.380695672551850883e-01
2.422397635113087144e+00 9.240108956572705701e-01
2.594257834233055782e+00 1.073552407637742512e+00
2.508285714749551421e+00 9.171910956729982800e-01
2.722873526158501978e+00 1.106619855173862410e+00
2.563408253381617818e+00 1.006643065176233032e+00
2.413545332930129295e+00 8.850997627195036355e-01
2.443397696887053439e+00 9.399338568108634995e-01
2.475450427606069592e+00 8.817489834904524981e-01
2.571346790133418825e+00 9.780997445464242324e-01
2.462257484078461900e+00 9.580141164127293774e-01
2.504680306562937275e+00 9.155083336716701714e-01
2.438277645164839136e+00 9.371263835355170269e-01
2.424636515978638496e+00 8.963264308596693430e-01
2.476872871846092394e+00 9.353972214765479132e-01
2.412003037898822644e+00 8.896570595389693414e-01
2.493183596525906154e+00 8.996851879622081993e-01
2.386701402575190478e+00 8.973293082529522069e-01
2.386638228281049656e+00 8.654343007028703072e-01
2.394092355785522486e+00 8.719198344555008084e-01
2.308928903504850361e+00 8.335857589430198944e-01
2.519538426279811727e+00 9.465691467547442395e-01
2.523149776369902675e+00 9.735535859051588359e-01
2.519641934524676330e+00 1.039151321713452925e+00
2.369141192919757444e+00 8.649399488043809647e-01
2.555810739542265342e+00 9.728853341430635515e-01
2.396717509052450179e+00 9.131859632838909002e-01
2.426682924341275083e+00 9.298783869253652856e-01
2.404750813118571084e+00 8.808852871148789010e-01
2.521625730401225951e+00 9.158003894726663985e-01
2.630102137429260356e+00 9.783869359799605148e-01
2.500716144788366346e+00 9.370643492871003621e-01
2.542779589643994864e+00 1.003798669136505506e+00
2.616145886297975398e+00 1.074647435415384766e+00
2.588056139699938196e+00 1.032385896822358484e+00
2.532572079032888723e+00 1.019059520387797235e+00
2.456939905052244910e+00 9.394906144331990339e-01
2.334559392907773923e+00 9.075475804401831326e-01
2.567000130247852230e+00 9.614969104873984929e-01
2.657308962832038990e+00 1.021137711702673867e+00
2.366962877077165128e+00 8.710089786066823603e-01
2.457216871233614430e+00 9.053065659431218659e-01
2.493645845017960383e+00 9.491167685368860907e-01
2.412419020701434658e+00 8.887511844552157259e-01
2.378688929236131955e+00 8.807177671275571162e-01
2.454569047325202202e+00 8.866368598940029822e-01
2.495706475993489715e+00 9.115667501001752937e-01
2.547921929606503877e+00 9.789668092919635578e-01
2.467203924064969023e+00 9.408013497036450401e-01
2.514107386619226503e+00 9.440688857778273269e-01
2.495463936590283982e+00 9.697209553831523943e-01
2.535745110703267802e+00 9.308659165761005161e-01
2.458690908968920841e+00 9.368497449452961590e-01
2.465183395371490338e+00 9.586927867739162279e-01
2.469383999643666616e+00 9.009089719344473002e-01
2.427311799804449333e+00 8.964707037109300725e-01
2.429932473452950603e+00 8.833887181274496792e-01
2.410290086549143229e+00 8.670575048212032510e-01
2.877731243296530295e+00 1.175080982006354358e+00
2.532560732936817605e+00 9.331080069376076480e-01
2.666331852397828328e+00 1.061685044241883258e+00
2.521255297030732478e+00 1.010507009411843793e+00
2.622276930816857199e+00 1.055012117270265559e+00
2.478110995793472604e+00 9.369075101290351704e-01
2.611529849634355749e+00 1.053757189900953906e+00
2.449783252356980245e+00 9.465093187333710745e-01
2.496046711368950177e+00 8.945052821981926972e-01
2.228679119866018965e+00 8.078602593331395409e-01
2.573893138289490068e+00 9.597522391361270611e-01
2.536291666928949251e+00 1.010586959462789425e+00
2.512529351966006796e+00 9.637598433852131441e-01
2.471127098407682965e+00 8.846297754240340927e-01
2.583622982159056392e+00 1.083535731347160969e+00
2.627352239894370722e+00 1.072005682812685601e+00
2.406923087354392532e+00 9.161869558908198874e-01
2.488803939528519305e+00 1.024447128178658017e+00
2.538255954452242946e+00 9.671275715170248866e-01
2.548347409583771928e+00 9.650849520810423909e-01
2.425699600653834054e+00 9.080186409140325043e-01
2.433246125710115226e+00 9.295484456545596297e-01
2.648284180380456654e+00 1.092988676417856908e+00
2.640135166535306332e+00 1.018078758317566557e+00
2.450776612457539638e+00 9.214245706361957611e-01
2.422604724821427524e+00 8.840242558272531914e-01
2.689162068566717245e+00 1.013365636894207888e+00
2.377120641882109364e+00 8.550324914063419657e-01
2.535210248092771401e+00 9.668994979624373487e-01
2.538423647301906616e+00 9.556867493638413480e-01
2.516208206726626262e+00 9.300300237681766724e-01
2.513591238047947041e+00 9.973795649710701650e-01
2.552453968005141238e+00 9.757440813315070294e-01
2.531792666539193881e+00 9.647092076400972660e-01
2.594563580733157515e+00 1.007825426597795726e+00
2.521318104713015984e+00 9.867736915356338789e-01
2.417127965917872157e+00 9.013547496315092999e-01
2.556355772210877841e+00 1.033854565676548765e+00
2.494871495848816512e+00 1.004905287050632978e+00
2.717151931598405845e+00 1.146595679289681424e+00
2.442984980900784642e+00 9.307348278393292595e-01
2.473422479205666935e+00 9.111289235786002028e-01
2.455202394335944227e+00 9.463024009966635175e-01
2.474727280547150521e+00 9.242695929980103697e-01
2.493840686679343666e+00 9.592323712441861439e-01
2.434913724296916104e+00 8.973466183601539470e-01
2.436295749424146617e+00 8.990672523162095420e-01
2.513178420457988338e+00 9.878794007823731294e-01
2.553444555903781055e+00 1.019970358255544163e+00
2.456380951470969354e+00 8.865497107250255304e-01
2.468451114509168764e+00 9.119957294743269438e-01
2.769016516150092144e+00 1.110000622183410890e+00
2.483177216771014884e+00 9.082532690741280668e-01
2.439328159480479208e+00 9.085619850879019799e-01
2.439823388727544895e+00 9.235575910051638804e-01
2.404369632996647521e+00 8.608207950273738529e-01
2.614867013293447950e+00 1.049864505585288654e+00
2.450243643351415201e+00 8.765730545251160244e-01
2.845225401509736241e+00 1.210755451313969777e+00
2.413268617666691540e+00 8.626433938457762629e-01
2.645924590054081094e+00 1.110598163173444952e+00
2.330466889079918946e+00 8.306656874521516354e-01
2.362739098784450764e+00 8.487594530784438041e-01
2.525674964923520172e+00 9.936703653297447314e-01
2.521054916899799991e+00 9.772647980059210315e-01
2.619896288381688532e+00 9.848668316682525070e-01
2.477961751699809589e+00 9.600215524308456372e-01
2.463563681248497339e+00 9.387305741687019811e-01
2.465937185596476677e+00 9.015640791825250133e-01
2.482644763755751161e+00 9.015003898310298691e-01
2.633858532454196322e+00 1.046200171267063439e+00
2.544188473864569477e+00 9.677084809400983145e-01
2.566753827275645605e+00 1.003935533364050725e+00
2.549065170993271234e+00 9.955059190390002088e-01
2.518171756332818756e+00 9.576154876266891325e-01
2.275383740207865380e+00 8.093659165250908227e-01
3.371395810982058538e+00 1.838204342768128940e+00
2.518255186011670421e+00 9.498920484504133066e-01
2.567672622302862084e+00 9.614135692583976045e-01
2.618116057515309958e+00 1.001431996675913982e+00
2.522305144026248502e+00 9.651935861357803237e-01
2.576437429349340391e+00 9.768519974571554521e-01
2.579895557850108823e+00 1.000658623304914174e+00
3.032499472609523572e+00 1.330571166487107160e+00
2.659494162098865022e+00 1.056612824097547421e+00
2.692241301578757628e+00 1.089534781647316208e+00
2.468457386544381738e+00 8.937347087270326451e-01
2.529917929291596757e+00 9.563522519589795490e-01
2.594723918381596217e+00 1.080928986501371591e+00
2.442646504267601770e+00 9.442482301555472635e-01
2.654055634250299889e+00 1.096750784870762718e+00
2.413100901733555848e+00 8.917941075032173037e-01
2.596123836692905140e+00 1.037227116347198219e+00
2.482673029227296269e+00 9.324435431140499775e-01
2.477903462538819657e+00 8.790322332845038611e-01
2.543293857442390671e+00 9.917162222232769331e-01
2.473946184112757241e+00 9.731505363590778890e-01
2.459701647923493883e+00 9.318689315135261220e-01
2.557040173946201200e+00 9.053604450532303227e-01
2.459208111912771777e+00 9.167981882611091482e-01
2.352541181307575613e+00 8.344159530129995339e-01
2.581396995859346344e+00 1.032595168066290592e+00
2.468222752077569027e+00 9.075590061962918176e-01
2.446101159943665504e+00 9.363550249944034842e-01
2.395611880187034526e+00 8.806268517962478892e-01
2.599389947526891564e+00 1.012047810237004297e+00
2.570323493523617220e+00 9.880519402574551302e-01
2.433599125208218528e+00 9.075408791690368071e-01
2.492523622442757159e+00 9.902615349157759539e-01
2.503354275233246717e+00 9.460903549080851294e-01
2.563780651286105439e+00 9.948814540217002511e-01
2.377010245295918089e+00 8.554022974929350598e-01
2.666242212911868137e+00 1.084416208908863144e+00
2.602377222499973275e+00 9.754751955154586929e-01
2.620901900825505226e+00 1.020243179173836001e+00
2.513772905724088513e+00 9.848482019608104654e-01
2.457673368054804630e+00 9.122805572120830098e-01
2.423939552061938674e+00 8.839769932274799125e-01
2.418722468115082957e+00 9.467618517963160008e-01
3.423468391682637169e+00 1.806992074147370841e+00
2.482888620282590608e+00 9.303687056999067062e-01
2.543329298838373553e+00 1.033231092326057032e+00
2.622993733642149383e+00 1.084562114194436599e+00
2.292602214813615813e+00 8.164021252530482275e-01
2.416514320687990214e+00 9.579564682789556418e-01
2.413139766587155233e+00 8.717794184117533263e-01
2.667219077156589346e+00 1.046293147185347161e+00
2.438059029958782098e+00 8.749760868287053128e-01
2.472850621269669702e+00 9.419447043110998896e-01
2.414650873682235410e+00 8.977998971781009363e-01
2.792448510198881184e+00 1.147040682127356437e+00
2.517638743744956997e+00 9.443522702578005523e-01
2.541550469647542609e+00 9.765754715413753617e-01
2.474129298222505824e+00 9.445544583924899706e-01
2.447646677477000043e+00 9.445184254168107474e-01
2.653601134768694525e+00 1.025103149736115382e+00
2.497391026006626991e+00 9.366259634142919399e-01
2.670231890253352613e+00 1.120959753669149350e+00
2.429462835780078489e+00 9.097100026760851499e-01
2.465247925315908084e+00 9.445034501412743477e-01
2.605244182361895255e+00 1.027913853159885704e+00
2.379230057712463875e+00 8.916357033202190197e-01
2.451216327811689411e+00 9.946265673958107900e-01
2.415107657324605306e+00 9.566874026075083970e-01
2.353700839490577401e+00 8.750277023516643826e-01
2.465050466965458487e+00 8.981758152329336609e-01
2.463416001069699046e+00 9.007616636271231769e-01
2.456092561745268910e+00 8.952416879501089442e-01
2.527399813558596886e+00 9.729727558257539322e-01
2.414338498310999892e+00 9.352484040942216081e-01
2.535690591421797091e+00 9.988773530817822710e-01
2.384322142540885814e+00 8.819267500070511190e-01
2.591524941811409910e+00 1.071546658919498407e+00
2.460113089841446055e+00 9.344197896734071085e-01
2.493775112157363694e+00 9.743279355787367590e-01
2.372138775206956485e+00 8.749280902222889011e-01
2.428151038306467058e+00 9.076927060154772464e-01
2.534295015014806474e+00 9.968599285287866874e-01
2.536498379050189378e+00 9.857716914729752755e-01
2.583844583409941720e+00 1.051085735075446559e+00
2.448604719534597685e+00 9.012724711442089420e-01
2.464879624942662328e+00 9.561930702565509810e-01
2.304611077881410175e+00 8.224462728825162605e-01
2.534117204279940694e+00 9.939510630105335975e-01
2.341490741429018918e+00 8.342579044533636745e-01
2.342262682312097777e+00 8.489629638827682623e-01
2.401605860302164164e+00 8.505708864380131518e-01
2.363896161051231903e+00 8.185901290869116442e-01
2.415550052330124320e+00 8.931978119040767661e-01
2.466982530513026628e+00 9.172323108906995648e-01
2.571281159536661587e+00 1.015439114431407441e+00
2.616691559862604155e+00 1.032572259899410705e+00
2.449711809021128950e+00 9.500863799438805657e-01
2.624318615278793843e+00 9.790675258109095003e-01
2.495243087546210159e+00 9.823386121610786503e-01
2.477096870953006125e+00 9.367564622209616498e-01
2.521139080323086201e+00 9.953861543117227262e-01
2.636266152939787943e+00 1.064560032845059512e+00
2.549153570773015520e+00 9.905137157718069130e-01
2.766072667594049683e+00 1.121007810124415194e+00
2.429087584709631820e+00 9.121737087422959744e-01
2.568986486526230184e+00 1.063804731549067073e+00
2.549301952952358619e+00 9.781715611263432919e-01
2.498733466389401858e+00 9.381561316907021109e-01
2.443345319974562724e+00 8.891990602423230916e-01
2.594863357820090144e+00 1.031068385004078047e+00
2.625896678640144533e+00 1.077878897992084362e+00
2.469413643398841618e+00 9.227476148991717864e-01
2.550424128450274441e+00 1.009184866455834051e+00
2.572408270847132972e+00 1.082956974579927012e+00
2.517465983165425580e+00 9.743000542817136234e-01
