2.981059828908724452e+00 1.210419247138325272e+00
2.828813475966803992e+00 1.133221030053674472e+00
3.089880737058397386e+00 1.296115754010517263e+00
2.891245952357382354e+00 1.146225813531959403e+00
2.952657025083615494e+00 1.210340335124726163e+00
2.845674126503490164e+00 1.196042113779324900e+00
2.843193579445645991e+00 1.175989360498003844e+00
2.838298714474132733e+00 1.155235177437896166e+00
2.921625499438356588e+00 1.184634956115849125e+00
2.870897655685096694e+00 1.172911404408489400e+00
2.875334214323221893e+00 1.138854825962439365e+00
2.830355635560811933e+00 1.189301719676079561e+00
2.855367031869131544e+00 1.179359351666748879e+00
2.960947017803697623e+00 1.229311328121859725e+00
2.827017782057513529e+00 1.143633031684770263e+00
2.686984202342731720e+00 9.874977363994641433e-01
2.809604656647941123e+00 1.132980701655648570e+00
2.831508357844505497e+00 1.154723426013684717e+00
2.861111010874858973e+00 1.126671661779667044e+00
2.992314235619712992e+00 1.234115431458398415e+00
2.857582835798077259e+00 1.209141051845085357e+00
2.914461835122242661e+00 1.153546938527374000e+00
2.868597488648953142e+00 1.122120922289831180e+00
2.899081040803417775e+00 1.155200240152230995e+00
2.803204499179439146e+00 1.155945830356873483e+00
2.864266085791319139e+00 1.120404916490480796e+00
2.829439586127306061e+00 1.159182443534124030e+00
2.876725411466265037e+00 1.226067918828009917e+00
2.952499082667657593e+00 1.279497120405902022e+00
2.766389145069907851e+00 1.080830214688939916e+00
2.789058083675679089e+00 1.099913374367137875e+00
3.082253524824011937e+00 1.331879193746499768e+00
2.916609472321430641e+00 1.207343370850537001e+00
2.757370721832768545e+00 1.120048717519957382e+00
2.859158991043173614e+00 1.202937484469152718e+00
2.844639965321984043e+00 1.181813858166828490e+00
2.878283732143758211e+00 1.155272556446381049e+00
2.883297563112331652e+00 1.123019017622823190e+00
2.854740912275918863e+00 1.127005616619432882e+00
2.780427007783949911e+00 1.095379353911679843e+00
3.006892059939971773e+00 1.264027055098554397e+00
3.014493357863749612e+00 1.231232895558702189e+00
2.853592724020896032e+00 1.067482900376880428e+00
2.883452622145469935e+00 1.157790616543741491e+00
2.834091803728707060e+00 1.150988290862289931e+00
2.965475138797601495e+00 1.220112784678067941e+00
2.907324820465824633e+00 1.231289003983184749e+00
2.837369438155691537e+00 1.127725195909863753e+00
2.876736988662232708e+00 1.127744531822199248e+00
2.747576007561916445e+00 1.038500739998034383e+00
2.811741384517919773e+00 1.128123092576301056e+00
2.945682656032118985e+00 1.211607380204006379e+00
2.810237555378332974e+00 1.076472549538810775e+00
2.872422404392982465e+00 1.129657533671253100e+00
2.887074442643881689e+00 1.134399685937274249e+00
2.772035253534178789e+00 1.064947809404466428e+00
2.750487575197404500e+00 1.089174963984320677e+00
2.829673287947460647e+00 1.133082246692884043e+00
2.810435062181753985e+00 1.090592336185975952e+00
2.741303017131230924e+00 1.049186221089487114e+00
2.819821491873204078e+00 1.139427324194004720e+00
2.878330654635332220e+00 1.106329927575259164e+00
2.854125255094830838e+00 1.129781083980327061e+00
2.788073100747641586e+00 1.112489981110138526e+00
2.866071843493689819e+00 1.223855843387570141e+00
2.935758109691311901e+00 1.185217422726955627e+00
2.949059202653979028e+00 1.295372681550711613e+00
2.818602942739619088e+00 1.129601640597038381e+00
2.947245815801919466e+00 1.185642027167550516e+00
2.904940961396560883e+00 1.136673510488184879e+00
2.801340498837852078e+00 1.106888961614921341e+00
2.979208187794842644e+00 1.228090229554818835e+00
2.845026649779436756e+00 1.122016988985092834e+00
2.844674942268221152e+00 1.119707793608521351e+00
2.932611158231796633e+00 1.199277002000616932e+00
2.839771290019615702e+00 1.160996085106261733e+00
2.933463786615344127e+00 1.267743745519309684e+00
2.914910720636446406e+00 1.169613951370845450e+00
2.947646256632448392e+00 1.204028459991695055e+00
2.809657153227408610e+00 1.098166661274393885e+00
2.870268527048728480e+00 1.104744884772458358e+00
2.866214354212933024e+00 1.115756532424184932e+00
2.885252311516058654e+00 1.255739793719505615e+00
2.946064881557369119e+00 1.234028512990456017e+00
2.884075033760952866e+00 1.212500299022247541e+00
2.775659112302334641e+00 1.095983421538033298e+00
2.882057758851410245e+00 1.174068754549392413e+00
2.829507320981833107e+00 1.100168418016132410e+00
2.862747986257731192e+00 1.156912049835083334e+00
2.922434937366156227e+00 1.196450997251207404e+00
2.708538661823395977e+00 1.075434360233722186e+00
2.864336598094272990e+00 1.179168860381098805e+00
2.715460980506172461e+00 1.093939342906188106e+00
2.852969603676442478e+00 1.125379156765939692e+00
2.934884958299352142e+00 1.216461047177911148e+00
2.882483748727359352e+00 1.177595860135036032e+00
2.931510024357852906e+00 1.199688687229530260e+00
2.919310573591481273e+00 1.205839467749387106e+00
2.838038681992930190e+00 1.149822016590111184e+00
2.845429582257165357e+00 1.152798492689661947e+00
2.858497478945189574e+00 1.186030828666372106e+00
2.905702629213510413e+00 1.209722616733062139e+00
2.839402183805107782e+00 1.130889864807534950e+00
2.723187226373549041e+00 1.050553739471788983e+00
2.887687422661796788e+00 1.193057150695825630e+00
2.867302643706294507e+00 1.157415439641879651e+00
2.769284877254559962e+00 1.074442406944855266e+00
2.984327042136330377e+00 1.240560906805609376e+00
2.777879628120788702e+00 1.115006579337202375e+00
2.940003782710061131e+00 1.176978721044891429e+00
2.946372224254290906e+00 1.179189619023647273e+00
2.870206986766461021e+00 1.175593665777511898e+00
3.026796017509898462e+00 1.238367276494244384e+00
2.773143935011904926e+00 1.090475942147631772e+00
2.935996500687306554e+00 1.245535559485490218e+00
2.941902536969801307e+00 1.210895139864615055e+00
2.785818907472342953e+00 1.154325414243267511e+00
2.789802309643742095e+00 1.113934277551065222e+00
2.955910962698248490e+00 1.209315273364348409e+00
2.854687468924385296e+00 1.152420877632593488e+00
2.842851423844691805e+00 1.155858902353800399e+00
2.903015776726584729e+00 1.140931891658676811e+00
2.807164110227611253e+00 1.171910978420869442e+00
2.943777234270803067e+00 1.191057452038663866e+00
2.865658109604786397e+00 1.136127602719182672e+00
2.853386050782764638e+00 1.168779012877769974e+00
2.899207151902756241e+00 1.243853867029224292e+00
2.827715374513177782e+00 1.184392387954124271e+00
2.789653165112899291e+00 1.057764437980667882e+00
3.052808128203267302e+00 1.257815476998217497e+00
2.873651094084574531e+00 1.153326772272888379e+00
2.950209093381974679e+00 1.162838156375510357e+00
2.958835694667437899e+00 1.267323774215261878e+00
3.047774706801865019e+00 1.260324155333588436e+00
2.829535566631848909e+00 1.141518664036908159e+00
2.717117818604280366e+00 1.054647103116375551e+00
2.766807394735041559e+00 1.088582049272881269e+00
2.860755951405984376e+00 1.148392583533105915e+00
2.804941091945010179e+00 1.181563811564239286e+00
2.974162873156034337e+00 1.248851456953837813e+00
2.867497798757717486e+00 1.179232711122339294e+00
2.914295498426130671e+00 1.191791596547747911e+00
2.923700858316017115e+00 1.240675734942913166e+00
2.805495347124981720e+00 1.178000979811880899e+00
2.974962102619145732e+00 1.224869361043130711e+00
2.852258296619908151e+00 1.166388423541430575e+00
2.948846665921851518e+00 1.215161580216273185e+00
2.778350750364096733e+00 1.062835076551566171e+00
2.898210040958355549e+00 1.156437546438698671e+00
2.869384606188291276e+00 1.161132067770108023e+00
2.886872599732589251e+00 1.151563519495676591e+00
2.915469896236911218e+00 1.214494979383252016e+00
2.791408914796287277e+00 1.117792871008973066e+00
2.886744812084577116e+00 1.163936671424551372e+00
2.889736345120739180e+00 1.200771229141265772e+00
3.042267474235817115e+00 1.311379960693613178e+00
2.907819619599501415e+00 1.139181418053431649e+00
2.796902405284238835e+00 1.127478470118950415e+00
2.954532629136860766e+00 1.199521338211216204e+00
2.781664479999896855e+00 1.119570136984871400e+00
2.946697473710725212e+00 1.226669266395030711e+00
2.974219448643310670e+00 1.235837656680645047e+00
2.718180141180306375e+00 1.063101162991454851e+00
2.889238047147345778e+00 1.199024580085193303e+00
2.935708247631362511e+00 1.227840672704316072e+00
2.942873939752138845e+00 1.213845935713098401e+00
2.817982052841865759e+00 1.119288503805312862e+00
2.734145690882208601e+00 1.120872169925125617e+00
2.817708516923709272e+00 1.119271098098955752e+00
2.756156661060339186e+00 1.120113150411451208e+00
2.811191733713549912e+00 1.176830162406565350e+00
2.925343961401420056e+00 1.228064890471118220e+00
2.849173467082363853e+00 1.193068345575573064e+00
2.873383342630173587e+00 1.189391595684470060e+00
2.903786025135648430e+00 1.155961078103082684e+00
2.853974193024415573e+00 1.120850716968026184e+00
2.806816506794712840e+00 1.115975617949710674e+00
2.961189515968922770e+00 1.234015249160242300e+00
2.868539071449052624e+00 1.148814482803693693e+00
2.719630028776449215e+00 1.081580313700049700e+00
2.947630550319442655e+00 1.240573798729871946e+00
2.851191463028069695e+00 1.179284747243177334e+00
2.833241435260274166e+00 1.120256325694792165e+00
2.884195175815415180e+00 1.177502447254209494e+00
3.083863104046587811e+00 1.354815869310683318e+00
2.889091942885784192e+00 1.203304739542397694e+00
2.875952548587051627e+00 1.208630288063857305e+00
2.824868095152324621e+00 1.168981022861033559e+00
2.832235458250955684e+00 1.116911646449381790e+00
2.828634690732229728e+00 1.135766325481104122e+00
2.878475615977115432e+00 1.143859981244818247e+00
2.930044640498920661e+00 1.192668430022101544e+00
2.867991895563044569e+00 1.147811923549929558e+00
2.827278657361992131e+00 1.093385572042139486e+00
2.962646355527079223e+00 1.236539034048830255e+00
2.815375880997951441e+00 1.118593896410191135e+00
2.818226238804524275e+00 1.095027199139784191e+00
2.891396613203405241e+00 1.224990736540365610e+00
2.856576979368800728e+00 1.148223539190680986e+00
2.936382270818551188e+00 1.165897204527647224e+00
3.009086575348338677e+00 1.274851719076519174e+00
2.918531172979731636e+00 1.198585623126392941e+00
2.905568702476551746e+00 1.227652875388546949e+00
2.795124001777583356e+00 1.100175675571604117e+00
2.807080892659596039e+00 1.157603206411294883e+00
2.915077257269496513e+00 1.146302452259128524e+00
2.800315333929516370e+00 1.099814950980676498e+00
2.751337684466837352e+00 1.091160347564751554e+00
2.840254360298953618e+00 1.130872309755164062e+00
2.801345219677062293e+00 1.122089571217569803e+00
2.806224311830122886e+00 1.100606362658736348e+00
2.791589625556920584e+00 1.128255552745641932e+00
2.930433712996768136e+00 1.209537103861468177e+00
2.781089387598373541e+00 1.097456789992480308e+00
2.842193289998775185e+00 1.126985619948345674e+00
2.880633707935892573e+00 1.148213680508856527e+00
2.629145353092582127e+00 1.048552516979545546e+00
2.852303040841686066e+00 1.155880055824663577e+00
2.806685459198054566e+00 1.130259108321945316e+00
3.439395050679789900e+00 1.616586744151005783e+00
2.883812092171260666e+00 1.132978149489897168e+00
2.822843061175631885e+00 1.131098072749586958e+00
2.865381183193580039e+00 1.178990283129085270e+00
2.776978149920160455e+00 1.097444202368765609e+00
2.873347739753258079e+00 1.183787566625917442e+00
2.782916258120707198e+00 1.047310779422419014e+00
2.909030223745894261e+00 1.171635921522671042e+00
2.879580165505011280e+00 1.220681377686835489e+00
2.870169318009048176e+00 1.205614867621616071e+00
2.865500231812085907e+00 1.077738702797217840e+00
2.852766169421677933e+00 1.182742387830087560e+00
2.947474097942522686e+00 1.206661072971598081e+00
2.901331196908653709e+00 1.207089029930173307e+00
2.876817735077337179e+00 1.178185929561494261e+00
2.844633018734002317e+00 1.137114942540015772e+00
2.892673128370787605e+00 1.178665523820980221e+00
2.962422820556880776e+00 1.235734659155082626e+00
2.878803557294346227e+00 1.118469843623837390e+00
2.712364676828390664e+00 1.054062554445767130e+00
2.842619978694944649e+00 1.092520601737211328e+00
2.822329233515977531e+00 1.161261867132309167e+00
2.845396706956506261e+00 1.102498702436219169e+00
2.815537318883013729e+00 1.114653745126740425e+00
2.826237969455631216e+00 1.119728171861544386e+00
2.762048378620819200e+00 1.077554511943622506e+00
2.888612615966267061e+00 1.197157207353593655e+00
2.882935546547251704e+00 1.165274022429037659e+00
2.912326476663632757e+00 1.221604870155004408e+00
2.963328635088698704e+00 1.224929728025045739e+00
2.909323707296968653e+00 1.169575474676416649e+00
2.930552969115291173e+00 1.210208166758989679e+00
2.864139933798215409e+00 1.113118283409774811e+00
2.848770978432022094e+00 1.145857107751713455e+00
2.915508792892337553e+00 1.172737792267311896e+00
2.954508209875912339e+00 1.306106828742886083e+00
2.875178035439936330e+00 1.253236970782846571e+00
2.911524179034627569e+00 1.113807942889771807e+00
2.927640014180658223e+00 1.161840015574777008e+00
2.825214285739068742e+00 1.122983685356100825e+00
2.850946978793343245e+00 1.122529007401290135e+00
2.819653980180945041e+00 1.139106664880671804e+00
2.831772956123174367e+00 1.127295820133095816e+00
2.913251233343501667e+00 1.162839469297393791e+00
2.902556728197313696e+00 1.167094654949501820e+00
3.041600279700833465e+00 1.275113247880848899e+00
2.800423601173822608e+00 1.155550844098708785e+00
2.997730589354715480e+00 1.168910575938306273e+00
2.868392180147766091e+00 1.146663193134281444e+00
2.865149222853160538e+00 1.103349127420665265e+00
2.878337610809531100e+00 1.175604932443962802e+00
3.193130591900368298e+00 1.433021146561759940e+00
2.764329602542015429e+00 1.100255363260101094e+00
2.880440323089012100e+00 1.120139662352465537e+00
2.917122751164934247e+00 1.223630056890950835e+00
2.811902557233878497e+00 1.162408051539798981e+00
2.830120787357621293e+00 1.144480561880033775e+00
2.875781937240561525e+00 1.190646917275002270e+00
2.935523853728403409e+00 1.223508133083067717e+00
2.750674106093677906e+00 1.126225466406969966e+00
2.871926276621842522e+00 1.149650880948964726e+00
2.799426379999088610e+00 1.103200051980855134e+00
2.683208681438626897e+00 1.077729213286230170e+00
2.970622887944121437e+00 1.263930672244146791e+00
2.966396143860471568e+00 1.208263290043782412e+00
2.858740183072308927e+00 1.128357209763444446e+00
2.844583022817343654e+00 1.137754051449056503e+00
2.934750165354659046e+00 1.196571231883019948e+00
2.903321259663947718e+00 1.165511297608988528e+00
2.781919672775535091e+00 1.038143845758583650e+00
2.909172137517805901e+00 1.245184268668740213e+00
2.836831714244451685e+00 1.179217676895416789e+00
3.075749355249449923e+00 1.319078213481181816e+00
2.840654589424711052e+00 1.105431937872788595e+00
2.951797267766621324e+00 1.192611045573130024e+00
2.818480940852878369e+00 1.108102803306481920e+00
2.901540525363386802e+00 1.150855642731298589e+00
2.863320773264464325e+00 1.149619101561552004e+00
2.887842101125297045e+00 1.152948536865102458e+00
3.263444662937269758e+00 1.503243240553806093e+00
2.902984816730805662e+00 1.217009068047195441e+00
2.827404207047570672e+00 1.124868037998363102e+00
2.836587617521019400e+00 1.167344344844083004e+00
2.799443757074258077e+00 1.099556905006710661e+00
2.892158950219816838e+00 1.187133533250120498e+00
2.867121940062193453e+00 1.215145365797649202e+00
2.909648470386403396e+00 1.215642999496421517e+00
2.877758370827702805e+00 1.179925054707916532e+00
2.879606861108664706e+00 1.166352118345236777e+00
2.758681446353039579e+00 1.078786890716475266e+00
2.786915451868261062e+00 1.099690246668336480e+00
2.987043740366751354e+00 1.200408507494083121e+00
2.762713414629650810e+00 1.109161977732655568e+00
2.833815730461610727e+00 1.171261189479372300e+00
2.833765508801374011e+00 1.169478719004537481e+00
2.796902764709413347e+00 1.166073409276856321e+00
2.946037242084813546e+00 1.210582590112317281e+00
2.996921090430572754e+00 1.207946135024391188e+00
2.902280026750064579e+00 1.210805978142985628e+00
2.962987743556285913e+00 1.154331686715421412e+00
2.854438663418764843e+00 1.122756660048350952e+00
2.924739571100247737e+00 1.210847088256788773e+00
3.007915302159656079e+00 1.244112020537983199e+00
2.975113252784306717e+00 1.256579370147010044e+00
2.854286725949200410e+00 1.178351577037378251e+00
2.892614870052165443e+00 1.142037722750148365e+00
2.856993699743321180e+00 1.195476769890038149e+00
2.863293332269441382e+00 1.165583651926741071e+00
2.865775969279791724e+00 1.114874876680738369e+00
2.814278850280714117e+00 1.085735027437124023e+00
2.891014536846255645e+00 1.174387204206657875e+00
2.867992056908883480e+00 1.129570566642014162e+00
2.868272721948709858e+00 1.165263261734377886e+00
2.824687206348175827e+00 1.160935189354259656e+00
2.776217562399479366e+00 1.095199472753719760e+00
2.951597990142358796e+00 1.290704705756004600e+00
2.872516204833519549e+00 1.134778602820663229e+00
2.833744780135311725e+00 1.150817306364157577e+00
2.852054222667908867e+00 1.130442537077387177e+00
2.870090748747315512e+00 1.158171465968756086e+00
2.812148414667257068e+00 1.078734318316029173e+00
2.889656955055521781e+00 1.186950464593680810e+00
2.838903180359606093e+00 1.091455327204978065e+00
2.870799334947825798e+00 1.151149055046486014e+00
2.762884030920735867e+00 1.098587751443044436e+00
2.820966969807941371e+00 1.112910339392837455e+00
2.831148060402997491e+00 1.124657934389682978e+00
2.923796246566396473e+00 1.212277978743612206e+00
2.851968300071649143e+00 1.131017924365297800e+00
2.864189853672389319e+00 1.099413499692571738e+00
2.791144823816927190e+00 1.113079859571953323e+00
2.825789398537658315e+00 1.109093159860468525e+00
2.836104919484436326e+00 1.114738848789332382e+00
2.745724455938380881e+00 1.109659500093091111e+00
2.868384459483223736e+00 1.174436140476514678e+00
2.872728872966144209e+00 1.148404533237212366e+00
2.829287542603654337e+00 1.128600417471453676e+00
2.730610969775989716e+00 1.120035455949812020e+00
2.875568056390993554e+00 1.197215130665997274e+00
2.872861580790459612e+00 1.205785127993125316e+00
2.822694758549904925e+00 1.162952426534149764e+00
2.892954413185738094e+00 1.198009444867520923e+00
2.836822021894216395e+00 1.128089864295420908e+00
3.006404383608169528e+00 1.219225742649884925e+00
2.879284260525461825e+00 1.172923735325470007e+00
2.792327335249685127e+00 1.102974786792869200e+00
2.947607636158989575e+00 1.227662069750824259e+00
2.982533033424024982e+00 1.205227255119271534e+00
2.958422786064152099e+00 1.205546479158597473e+00
2.813182361551173738e+00 1.128285487611144555e+00
2.925092069480474510e+00 1.216068274565761387e+00
2.800185736398650871e+00 1.123414565205615112e+00
2.873075271295856936e+00 1.135031184112696989e+00
2.846332973610902428e+00 1.157059155616277923e+00
2.901459734770664323e+00 1.187423429144397025e+00
2.702790859287424130e+00 1.084862362931616309e+00
2.876164891810757407e+00 1.142677657081656140e+00
2.912561915647938537e+00 1.153294976076786105e+00
2.828784132805076901e+00 1.117089873666999633e+00
2.897699162530565697e+00 1.193131464584572754e+00
2.835903201118615158e+00 1.165556771241331946e+00
2.909881382656942517e+00 1.163420650543727231e+00
2.948850607629366571e+00 1.211672957079202639e+00
2.840888701869472399e+00 1.176994441384961343e+00
2.886793836513317224e+00 1.164200360302023451e+00
2.905764868452455740e+00 1.177688324902473438e+00
2.873338937212861932e+00 1.162651408852654278e+00
2.810054730857878713e+00 1.198669694175770184e+00
2.828647617232405320e+00 1.157437778559804453e+00
2.766951367843528242e+00 1.070060305372325660e+00
2.857197752949725000e+00 1.107441459452482846e+00
2.903045243328683078e+00 1.237298640911001391e+00
2.820366608990152457e+00 1.070601787461120225e+00
2.795479907378941142e+00 1.108235281251295890e+00
2.793313850371304863e+00 1.088705996943215570e+00
2.863686764848996535e+00 1.127167204039877912e+00
2.831734483688140624e+00 1.118460731104493844e+00
2.786766429258403122e+00 1.041127622861503399e+00
2.887609915381892822e+00 1.099345460633525784e+00
2.723965961879293296e+00 1.075621840225698733e+00
3.059879467411820375e+00 1.298225877592875666e+00
2.932003027207804369e+00 1.202177348082105413e+00
2.841674635952918138e+00 1.121155177623055499e+00
2.853984714123836586e+00 1.136472512325515050e+00
2.893462875081652452e+00 1.175110848420769960e+00
2.805036119276415718e+00 1.109934301960854519e+00
2.886170288306106890e+00 1.176725376447430138e+00
2.915600065658220608e+00 1.170797095382863473e+00
3.124557546527642060e+00 1.358636850604641122e+00
2.811690517517821508e+00 1.058273541149558072e+00
2.846840254489073629e+00 1.150850815999982846e+00
2.809960805525841820e+00 1.053101839146860952e+00
2.826550442649837791e+00 1.185338109944293450e+00
2.791232713011305933e+00 1.126787524440305832e+00
2.817786525922434393e+00 1.130577749602676985e+00
2.861102446148924727e+00 1.096206957937227111e+00
2.828587936426623983e+00 1.114645455386797046e+00
2.951441771506435163e+00 1.222325071563840293e+00
2.796239064631982796e+00 1.162635490778099578e+00
2.844373286464607187e+00 1.099400523288110110e+00
3.104873559929152371e+00 1.354741144260172891e+00
3.020159842414209539e+00 1.264407782484550768e+00
2.801418035008682139e+00 1.133386266237509821e+00
2.739683555862017617e+00 1.033542223125310189e+00
2.741758475276269369e+00 1.058994842225110089e+00
2.845113020428938988e+00 1.188510362552318123e+00
2.969865380165910285e+00 1.260424432722816679e+00
2.820044506784764593e+00 1.104530145311646727e+00
2.827709107462649918e+00 1.124956961157259183e+00
2.921702477562168276e+00 1.216421194329199151e+00
2.884713485641376085e+00 1.167278586082055813e+00
2.851778151894090563e+00 1.196615547623634868e+00
2.871432159443914500e+00 1.177180390166458146e+00
3.020321068802353182e+00 1.283658237362301557e+00
2.932714018284816593e+00 1.170939539438621280e+00
2.883557365792543514e+00 1.157887999869765316e+00
2.930494341758612897e+00 1.226687268597790315e+00
2.757045791341915741e+00 1.072610253782123602e+00
2.838295333391851916e+00 1.173140329310520702e+00
2.807025517660116876e+00 1.190834500067606161e+00
2.791882531336923545e+00 1.111482691223653951e+00
2.859804391655783373e+00 1.157157991026448451e+00
2.734277349424521830e+00 1.104196218488033399e+00
2.742096126231444941e+00 1.075117847838039875e+00
2.776799167499922394e+00 1.109006770528276231e+00
2.873818255338221217e+00 1.180995384744192744e+00
2.878375185682472193e+00 1.217705823434883206e+00
2.986694800233419489e+00 1.178545656897979521e+00
2.768321613944585646e+00 1.095677763662709081e+00
2.802825674136514511e+00 1.053214423616627204e+00
2.995721806190287495e+00 1.245084675374346084e+00
2.833575234779641683e+00 1.158578979183723989e+00
3.004143315640330325e+00 1.279054803274837671e+00
2.907334079470826893e+00 1.168609082571458346e+00
2.996273353934448380e+00 1.228695696387721137e+00
2.895264498792097907e+00 1.156523329536425004e+00
2.797318469094635773e+00 1.079794216792264283e+00
2.756804476875772014e+00 1.095292153769515497e+00
2.776813153127536626e+00 1.081864204159471265e+00
2.892735596464921510e+00 1.155281157390681601e+00
2.680728121972223654e+00 1.057521502610177633e+00
2.725131279668120854e+00 1.044513941213329522e+00
2.882320542423874699e+00 1.180004838402139322e+00
2.817100732045990430e+00 1.113636507589287561e+00
2.921309301277287940e+00 1.224647057829572283e+00
2.921634053550175913e+00 1.252714486651311132e+00
2.998904429287610363e+00 1.307837865911745778e+00
2.857909905700927844e+00 1.194835763251479888e+00
2.814796642765816426e+00 1.095492939080031647e+00
2.752633417458607124e+00 1.058538748820521347e+00
2.853465618064384923e+00 1.192501534787355544e+00
2.875909620619147233e+00 1.185815740716110955e+00
2.878594303388568587e+00 1.157861014000705513e+00
2.847789149774623940e+00 1.195600546112918661e+00
2.926414138014139965e+00 1.194663779062359321e+00
2.795450426946028522e+00 1.145114074118649405e+00
2.944906508023100056e+00 1.263337330058923680e+00
3.006810939700859553e+00 1.245718383375342020e+00
2.780630849908523938e+00 1.162316605520252955e+00
2.761126388456313752e+00 1.097354672552743660e+00
2.852677900258449473e+00 1.156276881419052716e+00
2.940222651435020929e+00 1.197395451659532428e+00
2.841727429926065085e+00 1.160922987802503359e+00
2.886705222023290940e+00 1.155688150412902626e+00
2.906914147359715539e+00 1.191105456530736184e+00
2.761451848044165214e+00 1.074941856999960699e+00
3.005495252972319786e+00 1.213105994788514774e+00
2.921337155129510421e+00 1.174959473752831052e+00
2.951841150320339224e+00 1.191457956616697400e+00
2.815401606619808650e+00 1.108937560686975576e+00
2.888385854499103456e+00 1.178711662187970077e+00
2.905781338719842566e+00 1.124475735248527508e+00
2.823694100762184522e+00 1.136616139853781959e+00
2.895244388892796117e+00 1.204379805317477237e+00
2.849074798668774111e+00 1.128202692437193067e+00
2.906205709947950577e+00 1.156890201731487045e+00
2.803257646501672529e+00 1.148868475269779532e+00
2.730055124708973491e+00 1.084125656430391160e+00
2.783684232186711238e+00 1.087442787906867991e+00
2.782156585373420477e+00 1.122229767695946734e+00
2.915586808385706608e+00 1.140216295619603137e+00
2.801582596728963814e+00 1.111634751840375746e+00
2.806347964276970863e+00 1.131285691226717072e+00
2.875417876221894264e+00 1.161328028645145061e+00
2.809764452941775126e+00 1.177575320855984042e+00
2.800459206556272562e+00 1.115342244876108557e+00
2.982064286545730969e+00 1.229084168354285467e+00
2.794193221895864720e+00 1.102478718075150077e+00
2.944702341021965708e+00 1.274794325774430526e+00
2.753532379455571277e+00 1.107906000738888785e+00
2.768629788645873280e+00 1.077854831883016784e+00
2.855731109429170633e+00 1.190283445522601680e+00
2.943811271661409990e+00 1.222829175392611711e+00
2.783357501556527502e+00 1.129532402265367885e+00
2.918449644730909842e+00 1.240294131993628701e+00
2.765344124058150221e+00 1.075592543372524856e+00
2.872737646558443547e+00 1.143577567020827690e+00
2.825455649285836479e+00 1.053589528359355709e+00
2.813319617579097986e+00 1.088921103969408222e+00
3.036272695169270452e+00 1.279226238825173390e+00
2.884654353342518629e+00 1.129266295083126703e+00
2.913995287992392935e+00 1.227941764537348712e+00
2.737588687993382841e+00 1.073550912433323790e+00
2.825458626264047979e+00 1.124735528924907246e+00
2.898261275980695384e+00 1.156800086644425241e+00
2.868389078184057972e+00 1.179443378895574490e+00
2.879208317680387097e+00 1.198408202029010550e+00
2.766844713060814698e+00 1.077816663668978547e+00
2.901284725975749712e+00 1.149627846872803838e+00
2.961952022151414621e+00 1.252323638205781853e+00
2.852885993281328414e+00 1.137696545266893677e+00
2.782849197130333962e+00 1.092700953609272663e+00
2.846544547685302184e+00 1.134874058703932542e+00
2.926362757788985469e+00 1.150714940049889279e+00
2.894027495105769621e+00 1.179411858382542810e+00
2.925263984863581079e+00 1.152976966988389584e+00
2.804452327598647265e+00 1.157590499536148787e+00
2.864990342319495564e+00 1.163001381830788716e+00
2.850813065120165746e+00 1.206916751165697077e+00
2.954873303318765299e+00 1.149796873351382587e+00
2.870176641102310633e+00 1.168667290596393959e+00
2.891966702192751537e+00 1.201647308290191951e+00
2.909484564990997058e+00 1.176551832518549778e+00
2.858112625450329958e+00 1.145621821454497313e+00
2.866821855789326801e+00 1.186924862747521736e+00
3.035000589919493397e+00 1.258179507115426476e+00
2.883705034918429444e+00 1.189528402332813650e+00
2.872778241528024523e+00 1.186681485553676030e+00
2.810549802284564080e+00 1.122109598626640503e+00
2.935941743749262756e+00 1.124728617281658849e+00
2.940532429389187907e+00 1.167670267970252862e+00
2.845780641697901459e+00 1.190503287553289047e+00
2.930336545491098565e+00 1.275691741989370964e+00
2.874275804309014415e+00 1.107783313158111849e+00
2.967651699440332802e+00 1.259523031247074654e+00
2.942574678162850343e+00 1.165303501976691969e+00
2.829714217685754374e+00 1.149060041881562855e+00
2.825129784289837964e+00 1.185088398350977679e+00
2.872743839287652534e+00 1.181341938768538657e+00
2.883385028982678566e+00 1.221320431310879417e+00
2.897130178519243593e+00 1.165490422684036798e+00
2.893447214591957639e+00 1.117801873696828041e+00
2.764890041093257089e+00 1.134824232260525312e+00
2.824396399615038966e+00 1.124864170343128134e+00
2.905710262732114746e+00 1.152089586208869809e+00
2.852732648699672691e+00 1.114236939443738805e+00
2.892631522694089519e+00 1.188103941160104204e+00
2.837352822115285722e+00 1.167494231875837674e+00
2.744263209600696918e+00 1.077896915460131666e+00
2.902290741589646839e+00 1.163166892690847609e+00
2.899393694274849498e+00 1.264352420785497033e+00
2.892698699889757030e+00 1.138286103930870707e+00
2.955360716544926714e+00 1.256934551230793451e+00
2.902494396120067766e+00 1.215498957446811579e+00
2.915288967076044901e+00 1.207409515940015554e+00
2.925499397160523429e+00 1.225564371292841459e+00
2.841640695092326308e+00 1.123861084381883257e+00
2.853570218880397302e+00 1.135178711038033583e+00
2.961248574958123658e+00 1.218775221303733725e+00
3.045982057919970565e+00 1.250716274727167621e+00
2.889583347690967141e+00 1.174287288177456423e+00
2.882941673346224754e+00 1.159985457580294810e+00
2.795850304747800497e+00 1.135719795085363026e+00
2.828546461378850463e+00 1.114121604462658288e+00
2.790624092086940067e+00 1.145687846691242573e+00
2.908668368811438754e+00 1.175457600670367864e+00
2.815750367349385552e+00 1.087723572277251582e+00
2.774420133877117056e+00 1.116993593133770224e+00
2.790882223518408090e+00 1.102872693944975557e+00
2.804014582547601275e+00 1.130932524329928190e+00
2.925205632219164631e+00 1.196710520510578801e+00
2.841725943557216638e+00 1.150589383532888865e+00
2.832122590973965792e+00 1.141601408864773237e+00
2.890319091212071534e+00 1.148816457838179872e+00
2.905846712523212361e+00 1.203168922965702548e+00
2.867275191487973274e+00 1.155637420841161056e+00
2.837201705595956192e+00 1.142746559932063644e+00
2.837000822064025929e+00 1.155435375922322150e+00
2.882964122396583395e+00 1.198912657608322219e+00
2.900254796599937901e+00 1.186700001655083714e+00
2.939087257712709178e+00 1.247924937360280984e+00
2.981022554655462287e+00 1.278633894212470867e+00
2.854513291395536445e+00 1.190561393209553787e+00
2.799323633740111283e+00 1.144159326805574972e+00
2.785768597916759237e+00 1.066817360876155529e+00
2.901592116837736768e+00 1.196300522846241110e+00
2.927877957473606241e+00 1.201636416288733633e+00
2.856544582130144061e+00 1.240723800124549747e+00
2.780639977911833149e+00 1.134980063395518934e+00
2.818722277544329469e+00 1.149149640610073630e+00
2.842315785180644205e+00 1.106267465899383851e+00
2.896295669851811194e+00 1.198123952311267892e+00
2.839789202614003472e+00 1.131327964971941435e+00
2.814895684388345032e+00 1.094360340839010126e+00
2.843698579912985913e+00 1.142335675744363899e+00
2.861390180810734485e+00 1.134066492716234942e+00
2.732727239713529599e+00 1.094624361851512573e+00
3.105446619418072984e+00 1.316077019382843716e+00
2.891658627714938756e+00 1.079971366411798250e+00
2.684331375456683322e+00 1.050680161886814012e+00
2.908981842449647193e+00 1.194123022253702038e+00
2.846370302357968729e+00 1.141702442633048431e+00
2.863078545821820864e+00 1.185228892739144557e+00
2.831368161446373932e+00 1.157591780519847680e+00
2.995940144930026694e+00 1.224564038330470339e+00
2.947763596271213871e+00 1.215049035712923331e+00
2.876841559106106505e+00 1.144129189185418838e+00
2.849587297256160667e+00 1.150800988050851403e+00
2.808483776100219931e+00 1.161428938445796533e+00
2.932486618438161941e+00 1.261127075608539316e+00
2.934462551805005592e+00 1.195028392336607848e+00
2.909081493528139273e+00 1.180245933644800349e+00
2.833841995921765999e+00 1.100220391753033100e+00
2.859156567525501735e+00 1.188268305420407289e+00
2.810920635103028697e+00 1.107224157037584256e+00
2.830418361159868113e+00 1.108410589389329459e+00
2.989910910646477848e+00 1.234971969181146267e+00
2.720848611512770354e+00 1.067678210063784494e+00
2.796385852063261179e+00 1.137136984164291986e+00
2.818025151991276012e+00 1.093930956753178751e+00
3.014356376566601714e+00 1.232745516397520724e+00
2.990901045769343014e+00 1.265414243012387141e+00
2.830643889028257476e+00 1.094139486485540269e+00
2.839188059177675694e+00 1.192056037423292691e+00
2.995491736572647223e+00 1.273574973052837622e+00
2.889321333986589746e+00 1.157163551915502575e+00
2.850243302814321034e+00 1.087900300382483865e+00
2.937718320203581257e+00 1.178839713190875882e+00
2.808157144259031845e+00 1.140600356056303610e+00
2.765842146457124340e+00 1.075620066060727131e+00
2.934303931225580975e+00 1.172038463131610975e+00
2.865767212908741701e+00 1.141996637910026369e+00
2.997927801947364745e+00 1.268110769626641599e+00
2.928107449648662541e+00 1.193651031546256513e+00
2.830577794275162873e+00 1.111082489159918252e+00
2.697716765309578602e+00 1.051598012846630681e+00
2.803358699723527359e+00 1.163923601605764357e+00
2.764834770607011549e+00 1.091355350185900575e+00
2.950617737162411380e+00 1.201522200517571859e+00
2.821900105874636910e+00 1.129772165188689836e+00
2.993468565041203178e+00 1.216615618519591102e+00
2.882245641550600368e+00 1.158001815771596998e+00
2.880629467916825170e+00 1.165919676084870682e+00
2.823667899796911129e+00 1.125111165244943923e+00
2.957995145077508603e+00 1.168722465490987128e+00
2.874583116217880985e+00 1.152665688836621349e+00
2.797295175535646994e+00 1.155523512871571512e+00
2.891601925240514515e+00 1.154620695016307375e+00
2.855106226506661571e+00 1.161487127645936202e+00
2.832171512453721007e+00 1.160387968640645751e+00
2.750358782563451676e+00 1.065802405906375316e+00
2.843449727727330512e+00 1.167424812068739381e+00
2.848455168387811653e+00 1.125410002515287777e+00
2.837837296172794677e+00 1.096395784398857653e+00
2.881269841596007186e+00 1.148243134220634953e+00
2.915340125019026729e+00 1.194430411995903940e+00
2.774032537866661929e+00 1.098699612061586839e+00
2.970174602638725680e+00 1.248320920189493144e+00
2.934432456506654852e+00 1.217543373124128303e+00
2.746798426336663379e+00 1.103863798548328168e+00
2.796131311207717296e+00 1.133112592864970569e+00
2.802472854600128738e+00 1.083104520950443073e+00
2.751483426664440568e+00 1.008899379633627635e+00
2.778136396154105459e+00 1.063212885316775713e+00
2.726405698683824319e+00 1.093587280238383919e+00
2.908486952873951203e+00 1.203151181048561558e+00
2.844092624257838153e+00 1.166746642334533179e+00
2.864042103621100566e+00 1.167554022146679360e+00
2.847893115405063735e+00 1.151235971088474530e+00
2.987272554443927142e+00 1.276870003448481450e+00
2.911306856526209241e+00 1.127237182274000826e+00
2.897320094837466886e+00 1.140759384633201368e+00
2.839690984635891535e+00 1.109201080103482839e+00
2.965429780219448475e+00 1.261439870526404938e+00
2.758252622948107025e+00 1.083810397389935565e+00
2.875901886089649917e+00 1.184722861332604849e+00
2.852889025394623967e+00 1.190264891509040579e+00
2.837543327240552582e+00 1.131765709936385811e+00
2.972400261930221443e+00 1.281596096412842556e+00
2.800884777496221556e+00 1.125867835750274715e+00
2.962778230151415837e+00 1.230210001242494799e+00
2.804996556366283755e+00 1.163433903303646932e+00
2.858128414346759794e+00 1.162503311425710617e+00
2.933924534169605192e+00 1.185939915881829343e+00
2.777296296847362012e+00 1.070047813748866261e+00
2.732728043896719416e+00 1.059935876177122704e+00
2.753501872077568358e+00 1.092649028468188899e+00
3.102873752823726683e+00 1.343728098486164146e+00
2.894620818948845375e+00 1.177356952340800733e+00
2.788233249033783778e+00 1.158821673810486175e+00
2.897606200593600523e+00 1.122908074287088054e+00
2.828142178510365312e+00 1.137755123456960726e+00
2.911191829540609621e+00 1.153359691837432477e+00
2.810418324485000507e+00 1.161940116186447547e+00
2.894357010332205160e+00 1.222394300741481699e+00
2.820500170927720429e+00 1.099808714022104006e+00
2.995016651857955292e+00 1.252802841540117562e+00
2.774823053631281677e+00 1.157908028212360829e+00
2.863887427377697747e+00 1.157168966436792568e+00
2.948125511639333673e+00 1.185937950708509048e+00
2.891985965001946379e+00 1.240165760526711347e+00
2.900148118842821532e+00 1.216818320775129525e+00
3.076621787246452744e+00 1.295092564227074972e+00
2.784174325584819698e+00 1.115742026397883446e+00
2.822190622781006297e+00 1.153357553774471134e+00
2.872639652102369379e+00 1.155378969980354720e+00
2.780381151956230923e+00 1.104021682771750168e+00
2.920561951804020673e+00 1.239694387103537299e+00
2.809291737434364666e+00 1.130181399021459754e+00
2.955709600120354441e+00 1.192951461427979698e+00
2.843457817962286693e+00 1.127636215608058601e+00
2.960213137757010671e+00 1.206156583419972783e+00
2.912731406780786791e+00 1.179261884202310373e+00
2.896652648514067785e+00 1.178959321805874705e+00
2.893451497719983667e+00 1.226665969467936046e+00
2.751912068558719504e+00 1.084935074198484006e+00
2.839382542686637478e+00 1.113951046110813969e+00
2.795496325695515871e+00 1.134466593331164175e+00
2.830220575349294609e+00 1.140505696433885108e+00
2.857506187296984912e+00 1.234412918445440654e+00
2.881039964398630637e+00 1.188688295473087519e+00
2.845772963556338464e+00 1.197102654470969973e+00
2.834347940932891774e+00 1.120301434617574587e+00
2.765972234244848504e+00 1.163534541635087960e+00
2.926265172120682490e+00 1.126196938680569692e+00
2.912380667783109445e+00 1.186102578886123915e+00
2.902724078311435196e+00 1.132047709969839833e+00
2.890801290000850177e+00 1.203841582392975340e+00
2.849529592985944326e+00 1.206689959963074488e+00
2.880226442647995544e+00 1.136232987811482964e+00
2.900006554009053605e+00 1.229136052170752169e+00
2.875883641162403581e+00 1.141614422854953625e+00
2.755640950339476536e+00 1.103695305008500549e+00
2.768887268604039775e+00 1.089776061811472019e+00
2.994049935343129132e+00 1.238687633416299727e+00
2.881171923964815473e+00 1.182261716047665390e+00
2.772182903238829876e+00 1.124036763386429882e+00
2.979822934571916715e+00 1.219313027471664812e+00
2.742701582537514948e+00 1.147965675164537958e+00
2.760433214617618702e+00 1.089037758988364635e+00
2.908518404090135512e+00 1.187532420702251512e+00
2.825352724227401247e+00 1.144666340388522441e+00
3.283069555752789803e+00 1.600851057517070020e+00
2.944878376341690807e+00 1.165400927210339610e+00
2.800621982126796805e+00 1.141319666760254314e+00
2.888941684633411278e+00 1.189839613552653663e+00
2.629629500810638287e+00 1.034226846835252234e+00
2.808068209300119022e+00 1.133254773365274026e+00
2.785353020930852797e+00 1.146687117444720405e+00
2.860235986671340935e+00 1.135724376505162780e+00
2.868616088442894174e+00 1.145313997841743037e+00
2.835360303241338364e+00 1.165717597805269845e+00
2.932199183083099125e+00 1.253621233639049981e+00
2.917836906738124902e+00 1.209562269535773282e+00
2.878276764117674080e+00 1.242462048511448147e+00
2.901958946676414186e+00 1.174854757439250053e+00
2.865195396407493877e+00 1.204924415981741825e+00
2.795671419234563082e+00 1.127464669192123736e+00
2.847137729271711049e+00 1.192095452287776025e+00
2.907596618287292323e+00 1.211250870503165933e+00
2.909041773197774017e+00 1.157214564690203007e+00
2.865880275214382156e+00 1.137437949636211698e+00
2.949229352013181593e+00 1.281305327222680646e+00
2.853801191511687652e+00 1.127212968445270080e+00
2.849510155624053187e+00 1.142358124736976066e+00
3.008216507807500495e+00 1.250439886299528292e+00
2.984133945139631816e+00 1.188435468706950715e+00
2.927478792238200622e+00 1.267503202624588710e+00
2.796499080005033111e+00 1.069215293049986082e+00
2.819350401086894387e+00 1.107134955446174462e+00
2.913639802307896431e+00 1.187653540021829990e+00
2.953189148398648989e+00 1.182165763054640273e+00
2.787397763097648529e+00 1.095865559450897697e+00
2.828942044955338631e+00 1.117351004821791838e+00
2.868581650014425666e+00 1.225028664932924283e+00
2.853987515704369038e+00 1.176254058195258967e+00
2.792060194454849320e+00 1.069289172146661082e+00
2.990348249075541531e+00 1.260175739523254679e+00
2.801513603795688478e+00 1.135014195118112745e+00
2.867459772812354313e+00 1.152217945818575284e+00
2.888527069940691749e+00 1.113957899465820356e+00
2.879757086965983426e+00 1.174622692092962994e+00
2.947337595414720735e+00 1.224945214834573415e+00
2.897786275799857147e+00 1.224650679537559572e+00
3.241978376108920923e+00 1.451954628348454124e+00
2.787547415473796253e+00 1.112969635039192218e+00
2.899545275493395913e+00 1.188898130385228180e+00
2.793696440977147422e+00 1.101123377618379529e+00
2.864658536751276241e+00 1.138691811488609984e+00
2.879510907392293095e+00 1.195290974555638375e+00
2.944982511984090223e+00 1.149797373176077331e+00
2.871866436737570361e+00 1.124585848127139132e+00
2.855352846726368909e+00 1.190273463135036236e+00
2.876355119229631718e+00 1.138537714231868447e+00
2.859730458268647357e+00 1.151322045648110137e+00
2.915183840345919375e+00 1.117619539349157698e+00
2.851394063729125072e+00 1.133280730741797360e+00
2.903328187169194941e+00 1.221047740030219098e+00
2.723335023041918657e+00 1.017997560697626147e+00
2.868745124299319826e+00 1.142370688524382727e+00
2.818390616496690981e+00 1.099143031798816450e+00
2.986948039969331781e+00 1.235567534184625726e+00
2.838985113346908395e+00 1.091687559788071749e+00
2.894267518639270786e+00 1.169397255870715524e+00
2.849292630898676570e+00 1.140967536206931365e+00
2.802153423431885670e+00 1.100082406528886336e+00
2.857574382400973168e+00 1.142519225609692768e+00
2.952433237959429135e+00 1.238701368837242800e+00
3.005537376520839743e+00 1.260679950322201037e+00
2.688428781130061118e+00 1.043320274383692015e+00
2.765606964734238282e+00 1.119118234863205164e+00
3.006993823953584943e+00 1.296902850649309880e+00
2.940507975792130857e+00 1.206150374759924260e+00
2.874328379156371849e+00 1.216380207229158739e+00
2.803159546101160249e+00 1.154437215359850999e+00
2.820959412352310736e+00 1.150182074077689576e+00
2.924504072126640430e+00 1.184404690162295992e+00
2.893183723948187680e+00 1.202513018897570563e+00
2.828021064141970964e+00 1.100096327671767904e+00
2.776352154211311429e+00 1.093560906462804683e+00
2.854284952558821864e+00 1.185953576349779048e+00
2.889631640781903599e+00 1.151442419525801730e+00
2.908364078664059882e+00 1.207462745623066658e+00
2.804155666321698881e+00 1.056395000696628506e+00
2.992228389040437975e+00 1.205503070165317769e+00
2.962909738847853802e+00 1.194078870463593400e+00
2.861492001333208357e+00 1.204985570766781366e+00
2.924988149546009275e+00 1.175105188625262143e+00
3.417084561231598094e+00 1.653857923395225082e+00
2.922466037188105492e+00 1.226846848904238341e+00
2.923529170429525426e+00 1.168913082718760377e+00
2.814797299769636219e+00 1.108560240549727682e+00
2.842159928438751315e+00 1.123608724881421495e+00
2.910818285525171412e+00 1.198759717214100684e+00
2.769159873623026957e+00 1.066273552621193499e+00
2.719320214315630757e+00 1.053413133963751580e+00
2.878157644728804865e+00 1.150019329969743209e+00
2.737904772860710878e+00 1.083732447724451209e+00
2.986276542151451885e+00 1.247085255352226030e+00
2.844437341254673068e+00 1.205831232904507777e+00
2.990340211903826262e+00 1.228389319135646307e+00
2.996683614257153128e+00 1.322241435964833123e+00
2.851092370972712509e+00 1.190767956131513872e+00
2.785733378876705579e+00 1.137385716446732475e+00
2.908278073895987692e+00 1.156541228412378164e+00
2.918527018239745807e+00 1.172595220307776298e+00
2.927637741737756816e+00 1.225094408995498929e+00
2.821910888391829797e+00 1.061189407246059035e+00
2.822500737027551665e+00 1.109175792078322065e+00
2.878891240426289855e+00 1.133521702290972488e+00
2.955416584990826934e+00 1.186478546139447143e+00
2.776667584880218254e+00 1.115066340406296597e+00
2.839383481703745993e+00 1.125226915505048497e+00
2.974439502467483010e+00 1.236799738683197480e+00
2.877108561017404309e+00 1.181649369376105430e+00
2.838535783227323694e+00 1.183520916305334625e+00
2.876312297174325572e+00 1.186303778455808811e+00
2.843915628911917626e+00 1.148748181783837197e+00
2.851768759983469792e+00 1.077001674973744549e+00
2.865559515741702867e+00 1.159064644720502191e+00
2.929863798706522804e+00 1.191340583677281018e+00
2.886031231876670322e+00 1.214621347472561785e+00
2.711397322606707405e+00 9.997886458509078755e-01
2.839739633020223586e+00 1.103348449563676947e+00
2.837197831447727747e+00 1.119604258359241156e+00
2.813121252713083553e+00 1.102214227327362739e+00
2.848213505245040800e+00 1.172566409687911593e+00
2.848745671307653105e+00 1.113927124994139373e+00
2.910095676861317315e+00 1.166358749370334014e+00
2.861756999526189116e+00 1.247682190259514323e+00
2.783901635090864080e+00 1.100720487827389293e+00
2.956005256465113806e+00 1.233718236587988626e+00
2.949847833103049322e+00 1.183789840006503225e+00
3.306769993287029585e+00 1.528201340225834315e+00
2.990362999496359198e+00 1.199868406793244580e+00
3.164767491755973161e+00 1.380900428569001193e+00
2.809019282100295722e+00 1.162290700862503412e+00
2.924834759314620669e+00 1.227928194663400419e+00
2.923704445492189663e+00 1.220704614434778401e+00
2.718846251946695602e+00 1.057310249621827847e+00
2.874348643387962365e+00 1.154369395752435912e+00
2.887138586048699551e+00 1.195938354977589713e+00
2.930415739346452497e+00 1.140183715564769829e+00
2.967234043496096874e+00 1.191892213093644903e+00
2.920230286486439120e+00 1.181086894337044946e+00
2.817161134984822013e+00 1.061822551799106895e+00
2.819895132249529812e+00 1.118192168895638439e+00
2.832857616625987784e+00 1.192876773112353517e+00
2.843463258710912545e+00 1.131931652891945861e+00
2.994444931055740611e+00 1.174337410369553636e+00
2.911603894453365537e+00 1.215500856023634890e+00
2.938610599411339397e+00 1.142896056440887209e+00
2.734606495749230426e+00 1.098104925866252746e+00
2.877982934406791760e+00 1.189048520762619576e+00
3.270972597664407289e+00 1.562304211165755907e+00
2.869793430333336115e+00 1.179373972201439358e+00
3.032398692825436726e+00 1.367833677596713704e+00
2.966099658875697820e+00 1.247481898526830113e+00
2.753979214090211070e+00 1.132511979787328871e+00
2.821011784271043599e+00 1.116489398509345365e+00
2.906177548678910316e+00 1.189429594599321405e+00
2.892725558287648546e+00 1.203644535559333262e+00
2.885051659574848326e+00 1.166258438167625533e+00
2.871292839791744544e+00 1.185369764628485312e+00
2.891828631456118792e+00 1.160495758484357154e+00
2.783246480434800052e+00 1.107030835416671577e+00
2.901019532676555546e+00 1.178209659323344205e+00
2.965818160189087838e+00 1.264148942048403335e+00
2.886818179975951804e+00 1.172922744747126433e+00
2.859999456530790685e+00 1.165245899637540994e+00
2.690652402373246765e+00 1.033268288897226883e+00
2.903623969655215298e+00 1.154905803774909590e+00
2.793428297016738782e+00 1.086996942556154533e+00
3.056705072392381428e+00 1.395270826565505384e+00
2.778790300393582324e+00 1.077894960645777500e+00
2.848390553598540542e+00 1.165452273707604292e+00
2.941013884034886061e+00 1.170087806610731196e+00
2.823643060077252187e+00 1.134950405202054480e+00
2.859719276985722036e+00 1.239267272985947077e+00
3.119134881591351771e+00 1.412542287945675712e+00
2.975527783128273374e+00 1.172388374742891148e+00
2.746429479720029487e+00 1.112360919208597920e+00
2.907456698352473889e+00 1.242515863688870015e+00
2.856139209581418203e+00 1.114340484339642945e+00
2.833760165998154612e+00 1.184302243646332409e+00
2.853836146021117237e+00 1.135069812538791911e+00
2.952211497176417510e+00 1.202760261721890878e+00
2.841151287746355614e+00 1.162381733540062800e+00
2.858636152146635911e+00 1.158550054012227770e+00
2.847839803855372054e+00 1.133970353768437578e+00
2.911148962111864691e+00 1.181193878624466675e+00
2.790333144309344870e+00 1.108331138387474546e+00
2.884925829838406841e+00 1.135421210559812710e+00
2.913944978029296085e+00 1.209294273625666216e+00
2.809094765947034666e+00 1.123900047347498488e+00
2.734030068164531535e+00 1.115755945251739378e+00
2.839709885474866358e+00 1.143845488942007771e+00
2.913127321853451690e+00 1.237196009476748237e+00
2.902168301443829534e+00 1.159708422449485576e+00
2.878693904010241944e+00 1.162407046611565242e+00
2.845741129948344383e+00 1.109807860277429947e+00
2.844356888180556098e+00 1.146373932509489491e+00
2.821826180007937168e+00 1.123604069572086361e+00
2.808905128811434171e+00 1.061511192443322704e+00
2.944982596433156186e+00 1.164399445764688235e+00
2.763859043026802631e+00 1.022266749390620122e+00
2.816680859687962890e+00 1.147341366666452034e+00
2.805089659117254275e+00 1.129929474525305233e+00
2.901997623606802801e+00 1.172709028918841545e+00
2.699210216782443439e+00 1.041136676324381671e+00
2.755611876550173367e+00 1.094355929975182162e+00
2.799946865785375216e+00 1.092112396086236892e+00
2.733225745230418280e+00 1.080973551109689179e+00
2.807540872284444600e+00 1.203562467741774000e+00
2.753436226135284048e+00 1.056378637784461061e+00
2.725277175419830389e+00 1.056644592657973725e+00
2.815658040634128056e+00 1.130561059862059237e+00
2.704983633861077319e+00 1.092911489636735123e+00
2.876686161956391707e+00 1.226526430485210595e+00
2.887683056217185573e+00 1.170585036119924816e+00
2.666337126853519646e+00 1.043592848690383379e+00
2.916846648153110344e+00 1.225617036885731759e+00
2.912302803569412291e+00 1.207072093832793236e+00
2.788378229559405508e+00 1.089056351726763516e+00
2.902894421295049376e+00 1.206814563424756459e+00
2.938550893671060482e+00 1.218182746671931937e+00
2.942767736024053171e+00 1.251352728416457838e+00
2.919639011442669130e+00 1.146803814745927186e+00
2.950742978480130674e+00 1.208391624713983870e+00
2.919106592723076155e+00 1.186955139952602156e+00
2.822738282734539528e+00 1.115108015709123102e+00
3.243238686733528109e+00 1.417912252626873704e+00
2.777296504850212067e+00 1.106309296246823060e+00
3.397383315032708850e+00 1.579033857305442989e+00
2.800077213114702701e+00 1.106709970543144461e+00
2.944426526516619624e+00 1.212737854639131196e+00
2.923235569342965245e+00 1.203661082561078066e+00
2.816779136582145959e+00 1.066870718274679941e+00
2.772833613206829639e+00 1.096204067262182003e+00
2.750770063991591297e+00 1.083875820544333957e+00
2.642401277141097626e+00 1.036090936387604522e+00
