3.209100304563259343e+00 1.522156494199290000e+00
3.299949952264100261e+00 1.503211751513112260e+00
3.671073281452247095e+00 1.917512956455358797e+00
3.581086262927940744e+00 1.777910727317284945e+00
3.502374223389485675e+00 1.675077086781160629e+00
3.545183751534681793e+00 1.783769228066180546e+00
3.391837129810133966e+00 1.626480088953800918e+00
3.714441266478863746e+00 2.039974848142624086e+00
3.310799386456583004e+00 1.557371615469270720e+00
3.799485427573456864e+00 2.142023847621472132e+00
3.612781202307807416e+00 1.921220520001191812e+00
3.479550222325531905e+00 1.771225192677107652e+00
3.589658896493054474e+00 1.838470655644329099e+00
3.379066767397704840e+00 1.605163363504801488e+00
3.514370970415575002e+00 1.687297987027624568e+00
3.557021192278516875e+00 1.758723392472158364e+00
3.337320447314719551e+00 1.547457410284405421e+00
3.664884916819070249e+00 1.849666243990776060e+00
3.586381076578127658e+00 2.000328075556894181e+00
3.384237927559397008e+00 1.614310450503794625e+00
3.422069935730349677e+00 1.541451312596053169e+00
3.494980439243660530e+00 1.723912366060458057e+00
3.554543034748819608e+00 1.857633270288058247e+00
3.362514866021374171e+00 1.557605772489160767e+00
3.417311144451242289e+00 1.626940431219463523e+00
3.306528072149998998e+00 1.541547483286291875e+00
3.278701960113343805e+00 1.522936341825304796e+00
3.543522548151974760e+00 1.683018157046244356e+00
3.417597612242371241e+00 1.582138447883045806e+00
3.505279066351366435e+00 1.852411957253877306e+00
3.251046826294925030e+00 1.448034925138155460e+00
3.340411120928566291e+00 1.562740293591507124e+00
3.416459636891838070e+00 1.642624068289857187e+00
3.386630069740169002e+00 1.632779830559118572e+00
3.379651989488182906e+00 1.538712799907782758e+00
3.559194317392741169e+00 1.767478837954593374e+00
3.679319205833337936e+00 1.974003636574621412e+00
3.465698098366330360e+00 1.783852722277084135e+00
3.455638274809174959e+00 1.677272311539285132e+00
3.460978782347380989e+00 1.691342561602784400e+00
3.599954923652665340e+00 1.843009441896582556e+00
3.669335160893795411e+00 1.996937616933618376e+00
3.423501498816434729e+00 1.576189149092715125e+00
3.755724195731067638e+00 2.027055761579777293e+00
3.484081696906210279e+00 1.746965280598990811e+00
3.334820237729387848e+00 1.590122960957330189e+00
3.471518243754373678e+00 1.727119349599126163e+00
3.674617258345674653e+00 2.012412116472128254e+00
3.774539266259625325e+00 2.403465189827684867e+00
3.397916755949728973e+00 1.570565855620555951e+00
3.333371939007364837e+00 1.507356040842235956e+00
3.570293967560156823e+00 1.829454945607015715e+00
3.434323102023388863e+00 1.643316144200250628e+00
3.228402645910214197e+00 1.466137784660508814e+00
3.301493428783935258e+00 1.602333313318167862e+00
3.357384597216455546e+00 1.593732711623316201e+00
3.548678097132258902e+00 1.733170713617262715e+00
3.309157969582888548e+00 1.483540148722497509e+00
3.640816394225602881e+00 1.911067038726258493e+00
3.315612008898461749e+00 1.565480663165441433e+00
3.647146554934018958e+00 1.877260082892604487e+00
3.639130248556749603e+00 1.856849381284598977e+00
3.359374080267873097e+00 1.554865904913059094e+00
3.359891545171167504e+00 1.603945781209649812e+00
3.645180101395830263e+00 1.896023929715813683e+00
3.509339820108831720e+00 1.756132747414576034e+00
3.591443454218019138e+00 1.824946216284861089e+00
3.445859124917673988e+00 1.633432517769813908e+00
3.560560415879677976e+00 1.885774134612162145e+00
3.301213130285645558e+00 1.501769840145347645e+00
3.725115972888112914e+00 1.933683587508512103e+00
3.319983859293712758e+00 1.604237280042140279e+00
3.497104536402920072e+00 1.858591260894358665e+00
3.357907991850556328e+00 1.564319802934345915e+00
3.655573844968742936e+00 1.811014103189136026e+00
3.300592980644047714e+00 1.571054276006843331e+00
3.578138620095397293e+00 1.866628350167742756e+00
3.596129930753939163e+00 1.862532001340511778e+00
3.210839805912418576e+00 1.508078677255994648e+00
3.365922457264982182e+00 1.541209163176795016e+00
3.460883284571408147e+00 1.560285367418057900e+00
3.542470851085151917e+00 1.698964292559806077e+00
3.518704758121171672e+00 1.726001033474463764e+00
3.349448582884009706e+00 1.544033381369443125e+00
3.340010622693367459e+00 1.575443864472064970e+00
3.580498710537994622e+00 1.905270059789453629e+00
3.606358954226948743e+00 1.896236546895409880e+00
3.407217425191913840e+00 1.597054567001950032e+00
3.669996385655547755e+00 2.051660460830107890e+00
3.294779811126395064e+00 1.498160618877199202e+00
3.821276164109870255e+00 2.128120291855547297e+00
3.324090655100297109e+00 1.592362157169946446e+00
3.343305871706609533e+00 1.509963449138150615e+00
3.549688359843156782e+00 1.836098102070785387e+00
3.449894291342626484e+00 1.568092444144508102e+00
3.736161617336485108e+00 2.019183060150101738e+00
3.201203368944865346e+00 1.343369042516127987e+00
3.402447218671854845e+00 1.634580234571420876e+00
3.414041366371150410e+00 1.636436441902348937e+00
3.471004149265752847e+00 1.692319448949485050e+00
3.625998751014631427e+00 1.803313934208557567e+00
3.372877244596359514e+00 1.595546488644967953e+00
3.885596452774821685e+00 2.209223936125196186e+00
3.325487269597468210e+00 1.593583772657730879e+00
3.400590084540747071e+00 1.661862570224883262e+00
3.840084472633366275e+00 2.075524069730994903e+00
3.482539339688752733e+00 1.847129906461765669e+00
3.825858467130828444e+00 2.388155746748590769e+00
3.344601497343161256e+00 1.568351692935326502e+00
3.562196797921778568e+00 1.888067836068582306e+00
3.363612048193393544e+00 1.587437936559857876e+00
3.489172849746617899e+00 1.709880692673042102e+00
3.545874128619290744e+00 1.794308969230386408e+00
3.617881711744525663e+00 1.928400608573649588e+00
3.482761557355771753e+00 1.751988912445846980e+00
3.313446108544627844e+00 1.467401257081931698e+00
3.616211843626210065e+00 1.805568337841646720e+00
3.395029670608923578e+00 1.567831491100744712e+00
3.365031374636229700e+00 1.586439089323153473e+00
3.198327474695261685e+00 1.504384861155507735e+00
3.523582335550235811e+00 1.650381558279966576e+00
3.338497085033100387e+00 1.598114362903142904e+00
3.669704370498820367e+00 1.906267015832239009e+00
3.668589987909998573e+00 1.943520112876513606e+00
3.662466615401518855e+00 1.825852009212967308e+00
3.342478002927048664e+00 1.596530896057867910e+00
3.440951420036908903e+00 1.738336978813984190e+00
3.385928845766014827e+00 1.610643807378456360e+00
3.273556668091907706e+00 1.504996751500350394e+00
3.383513112924413146e+00 1.603486375390162921e+00
3.699290957832762849e+00 1.951431683938948058e+00
3.599511027893198101e+00 1.848307932771911410e+00
3.592950312290302151e+00 1.816264508498776076e+00
3.338961711905409135e+00 1.644854261128403605e+00
3.573318028877733976e+00 1.934340798196032774e+00
3.454450116944528304e+00 1.702520930227130247e+00
3.480990050245372558e+00 1.740284506453541047e+00
3.527291132362770920e+00 1.794455524744084318e+00
3.434867708864225211e+00 1.713172763328041359e+00
3.385374814735730542e+00 1.534486397515796074e+00
3.460482509299653842e+00 1.663663761393842755e+00
3.472695097020408905e+00 1.646417684391704439e+00
3.568916691459211865e+00 1.764747831950969070e+00
3.389516909415919432e+00 1.611614691350774065e+00
3.313676545693870601e+00 1.521630676484430289e+00
3.616658294329647472e+00 1.744415356585104604e+00
3.403743275914875799e+00 1.657922428831648975e+00
3.776412031358276078e+00 2.070573881030673302e+00
3.600901712690931067e+00 1.835985064263084388e+00
3.573426550928759049e+00 1.890785009361884761e+00
3.528416948524864871e+00 1.817436782247861871e+00
3.458538255064616873e+00 1.681073024385316694e+00
3.800973653895297844e+00 2.199059641947668897e+00
3.460672756031953679e+00 1.732118607142367317e+00
3.376600750985720989e+00 1.609806623787278346e+00
3.402528038536553279e+00 1.628845866755072702e+00
3.825586231339228593e+00 2.143085961159369113e+00
3.643383066734787956e+00 2.000858907712720125e+00
3.552182680500928225e+00 1.751986603801743314e+00
3.564465124234542426e+00 1.669994155977025274e+00
3.490453174419019700e+00 1.712651354143138738e+00
3.495790282099679125e+00 1.689744073234403343e+00
3.680623839372205719e+00 1.920600209168571437e+00
3.562298651561081719e+00 1.828977175734490146e+00
3.906504854223411982e+00 1.998003755064040821e+00
3.357956212800815798e+00 1.552036159033008289e+00
3.639227241111629318e+00 1.885445563040492267e+00
3.321064567478591911e+00 1.559036563180215884e+00
3.453170990299640142e+00 1.624755680386911871e+00
3.491724282508281707e+00 1.863439645936026512e+00
3.728281524431424909e+00 2.204267937770680863e+00
3.469251469715951774e+00 1.640953223331108157e+00
3.364561894551209686e+00 1.569933428213497351e+00
3.310625258693238759e+00 1.542548664093501110e+00
3.845845939819742654e+00 2.081099567335476852e+00
3.419125442120376945e+00 1.533433223254120570e+00
3.506423363253292180e+00 1.728731106600299272e+00
3.829239666541254472e+00 2.082254928092572843e+00
3.690572785454525384e+00 2.035783479244967165e+00
3.373605403916656975e+00 1.650560278644618739e+00
3.286722003029998618e+00 1.415288304675016651e+00
3.787035249819007632e+00 2.236838731700980798e+00
3.307526345854618466e+00 1.491049826383568533e+00
3.650835610762204642e+00 2.024635852605515041e+00
3.225143426741193586e+00 1.405114940188829431e+00
3.550740202523846367e+00 1.883113936737268235e+00
3.401251950643320310e+00 1.625473854968646048e+00
3.297342904467973401e+00 1.473146658085783711e+00
3.546440323054663502e+00 1.917078623276109894e+00
3.803542053147620727e+00 2.407429693082310251e+00
3.541968880858600954e+00 1.716532288356867442e+00
3.448447594620910550e+00 1.649741793572716553e+00
3.278672660657564464e+00 1.520109053060280102e+00
3.597272550232545107e+00 1.804818803608927213e+00
3.494964237172238697e+00 1.760953096619319203e+00
3.476279799911332624e+00 1.647284990022853890e+00
3.842165847304333415e+00 2.218628894698710941e+00
3.573658956798099862e+00 1.930805647400221980e+00
3.546907510090989479e+00 1.726630504530813459e+00
3.486349063782966606e+00 1.819620389485579803e+00
3.323935119489682233e+00 1.496009786791502094e+00
3.578595300724306760e+00 1.784834584297644078e+00
3.925432053338548055e+00 2.249694911389634289e+00
3.563325670701970260e+00 1.703445245284990861e+00
3.301011491618609739e+00 1.530716099089170168e+00
3.437894743046503443e+00 1.617426034260078138e+00
3.730713847812730410e+00 2.037005220590268006e+00
3.466749858505419279e+00 1.620976645201524180e+00
3.394522185578328077e+00 1.790674494883618628e+00
3.599144102128450040e+00 1.792807486516147630e+00
3.448478299085791399e+00 1.834946679625190535e+00
3.408084283576628515e+00 1.581280366110009217e+00
3.347680728315701959e+00 1.560109093741472330e+00
3.472828184691865605e+00 1.671003433316793796e+00
3.442022408604060502e+00 1.629198688754618374e+00
3.466749771851588502e+00 1.759908757557399506e+00
3.401277554822791593e+00 1.520647258896252296e+00
3.542010065604911162e+00 1.947471440778256291e+00
3.636031626316113208e+00 1.873657320839368534e+00
3.717974316414196068e+00 2.110817926125007737e+00
3.495106357491937210e+00 1.659326132300470880e+00
3.336744669319547274e+00 1.559723945308788995e+00
3.742074082973304350e+00 1.987050874088011509e+00
3.763154730728985875e+00 2.097971722635050273e+00
3.293604180196176845e+00 1.504021936128168369e+00
3.395945513611479782e+00 1.512657271226709232e+00
3.516713250709308625e+00 1.746563204135948899e+00
3.604988716991309072e+00 1.833641381488571476e+00
3.521708299404984643e+00 1.745003582786857743e+00
3.539067185550096362e+00 1.734113634443268825e+00
3.546470119303385182e+00 1.644505370875165795e+00
3.479408070845755763e+00 1.735720726894795618e+00
3.745245059473647053e+00 1.994806587978451118e+00
3.363869402984819512e+00 1.529115739209868208e+00
3.577368027795796657e+00 1.824264407172668134e+00
3.288615676451398073e+00 1.490807785348411185e+00
3.940690828235458021e+00 1.941486714363795052e+00
3.423377239532674476e+00 1.686030130151759066e+00
3.724927310334379627e+00 1.981551086060777012e+00
3.401413321177473748e+00 1.559326009053332962e+00
3.459531874240168836e+00 1.624532965199314116e+00
3.353132315064691671e+00 1.641203765284915184e+00
3.482915583425025829e+00 1.728394145956371641e+00
3.468934659390722430e+00 1.751992174348537823e+00
3.492363100746495697e+00 1.757762358222799914e+00
3.381854973197189640e+00 1.557353391827669187e+00
3.580705349985743524e+00 1.900575302488317631e+00
3.484006833190535612e+00 1.724896970131688745e+00
3.522091381259593756e+00 1.818964474279754162e+00
3.885338359688397691e+00 2.271097874548871243e+00
3.260052193731507675e+00 1.555334233110737152e+00
3.388727862761903520e+00 1.601598127530455606e+00
3.645001296291252135e+00 1.905544552448161122e+00
3.179801327965610103e+00 1.422929876008625971e+00
3.216905655727354318e+00 1.454930115251132472e+00
3.486297553503350688e+00 1.661919553575675890e+00
3.488499404075831922e+00 1.717439659948892139e+00
3.426947409479386586e+00 1.697262399891372509e+00
3.449066218532909289e+00 1.677932709933485533e+00
3.704322835367442668e+00 1.965446777477589668e+00
3.390358327981912723e+00 1.623389742372183919e+00
3.368142179379091328e+00 1.618719047951641343e+00
3.717744175471308310e+00 1.951240697789392131e+00
3.424735987428277006e+00 1.593932675505636443e+00
3.319671579680251838e+00 1.515445334815098466e+00
3.373989292434084852e+00 1.668957454337292257e+00
3.540383426934460065e+00 1.802222515947042414e+00
3.306334838228164319e+00 1.553471060443981866e+00
3.328784995164494109e+00 1.525956283990392626e+00
3.520931789856950545e+00 1.762167892125591884e+00
3.685218381740178017e+00 1.855812573460166481e+00
3.753916272982077640e+00 2.058356627613230128e+00
3.686885163666226095e+00 1.960435853347302304e+00
3.577057771529000174e+00 1.817810830904382113e+00
3.746575896074592293e+00 2.057115469356887161e+00
3.349770123345679362e+00 1.538152899726274114e+00
3.333029549192624064e+00 1.513556442146765768e+00
3.477022186811868032e+00 1.708621667385431753e+00
3.332346504711487967e+00 1.600780932117496391e+00
3.368140681414404369e+00 1.575133943535858672e+00
3.616483380298834316e+00 1.893854802459180808e+00
3.196319998461854439e+00 1.438672297309293580e+00
3.574313535021711008e+00 1.943196159093395048e+00
3.305985895739671054e+00 1.513066545956309739e+00
3.644304351674719999e+00 1.872496774077150539e+00
3.508918389795643744e+00 1.796700481015541362e+00
3.332925096580455104e+00 1.616599631386768543e+00
3.741936126291543374e+00 2.052395757444117397e+00
3.786092853052353213e+00 2.149770116402534903e+00
3.526197788868948635e+00 1.805098609584102176e+00
3.191610802225046228e+00 1.412662883813782244e+00
3.556616843286854124e+00 1.833994855513189304e+00
3.857734470601441590e+00 2.218379178700012666e+00
3.538726191982020985e+00 1.781009819024654162e+00
3.419338858110394064e+00 1.575386013438171418e+00
3.420370503065777612e+00 1.577374330509135225e+00
3.525980614392832724e+00 1.919499422085738871e+00
3.510630713178197304e+00 1.803203009702697202e+00
3.651003998170811116e+00 1.852793161282374257e+00
3.625103815624538317e+00 2.044544462369774163e+00
3.478511778942774857e+00 1.636892746981097213e+00
3.614917860530819649e+00 2.027714034341487892e+00
3.412869617739381134e+00 1.523754960034865880e+00
3.624863323933011472e+00 1.863171134384717709e+00
3.599830352508730513e+00 1.752911673918620794e+00
3.568487783267961344e+00 1.787056871504314026e+00
3.408128920287128771e+00 1.634865666234548209e+00
3.363342845205216314e+00 1.574800116433773267e+00
3.806473440283462573e+00 2.332252288482953961e+00
3.345690446595459111e+00 1.461773776911683198e+00
3.462515485946361160e+00 1.658953383666363468e+00
3.459500296891981463e+00 1.602516578558233595e+00
3.483809457063447912e+00 1.736477225384102097e+00
3.143600442711290466e+00 1.364741420881653511e+00
3.605533592904797136e+00 1.824977471421895814e+00
3.298580326789949613e+00 1.578791284012148299e+00
3.470310902727799185e+00 1.704348304477540488e+00
3.292110633281630339e+00 1.440285730936424535e+00
3.666401353775922800e+00 2.098608414473179806e+00
3.530646854244870347e+00 1.598980768328273738e+00
3.553211680329759758e+00 1.810471935579974767e+00
3.904556515843341735e+00 2.281094101800690055e+00
3.690930260535490781e+00 1.915835959781884812e+00
3.316031706569421811e+00 1.543841552546828311e+00
3.594900962484592011e+00 1.789248285707436548e+00
3.309648592986401461e+00 1.510583617079032548e+00
3.585601452950128110e+00 1.721921760990819728e+00
3.443941263005007247e+00 1.686085882377762912e+00
3.269449808541618374e+00 1.552879957853766868e+00
3.451236391400816395e+00 1.646909606272104476e+00
3.480786533936971239e+00 1.753750580311186136e+00
3.517491325140465808e+00 1.768340409878683461e+00
3.559678421483692734e+00 1.887951856818144147e+00
3.317017937894300772e+00 1.560399969439526968e+00
3.691548545456533326e+00 1.929343852262281001e+00
3.694486331954347946e+00 2.038948504868433709e+00
3.757745100935672156e+00 2.181484202252975457e+00
3.668991528132743873e+00 2.021443072733303037e+00
3.667321143501967917e+00 2.005892900282252977e+00
3.420705565724856179e+00 1.620694509039778852e+00
3.382690493602396486e+00 1.620902260705974873e+00
3.269671983102833135e+00 1.496928543317973981e+00
3.270899438454000663e+00 1.483473384806042406e+00
3.593882794317079021e+00 1.892355520082751319e+00
3.900242512290125418e+00 2.173447157458195278e+00
3.344125992435395212e+00 1.530980456845949078e+00
3.694519327964603139e+00 2.011774671060099440e+00
3.481855107557081386e+00 1.741959165234706397e+00
3.651757894254888726e+00 2.029724400575839027e+00
3.635394280271651013e+00 2.047031525024427090e+00
3.406138626756104237e+00 1.632490005814510869e+00
3.447984758169357900e+00 1.607255562965266282e+00
3.804427751565635063e+00 2.150971270417167514e+00
3.870111602376710813e+00 2.217717832255137189e+00
3.399771168862368409e+00 1.530581717425319566e+00
3.501442798738023221e+00 1.834588775096928304e+00
3.528238223414196018e+00 1.725040257127133270e+00
3.331107335367902600e+00 1.583390284207060406e+00
3.253467806905827597e+00 1.521225873621036007e+00
3.475540400014852427e+00 1.669720829462263190e+00
3.790346649207811058e+00 2.011548016790091875e+00
3.399315314654225428e+00 1.605384599382514432e+00
3.413511029589447521e+00 1.634475951132214444e+00
3.453063095294178098e+00 1.631517193449791181e+00
3.327486551056320518e+00 1.504239600039489311e+00
3.383637677240957320e+00 1.626519727654475833e+00
3.339130771194322556e+00 1.547540724064143891e+00
3.411244309494791960e+00 1.533693208473277059e+00
3.609992064942308065e+00 1.867058768745288200e+00
3.295239958475278730e+00 1.551802477727883600e+00
3.373267415347273701e+00 1.471972401096868222e+00
3.351922883625730876e+00 1.523962055653040437e+00
3.630052860084421518e+00 1.843613429974080953e+00
3.460760924984765730e+00 1.667023558275514850e+00
3.387993361661040481e+00 1.578315281970607886e+00
3.206286349853034956e+00 1.406902230814394805e+00
3.631124479683839557e+00 1.870479956106534170e+00
3.413136081760280049e+00 1.608964014312643798e+00
3.330977054497395340e+00 1.558888924264560716e+00
3.459580832306689224e+00 1.605654403320502244e+00
3.347623206214869196e+00 1.603440887672672899e+00
3.510859448233942803e+00 1.660529303327610506e+00
3.673754198258260661e+00 2.202928318477807679e+00
3.552408835478076732e+00 1.654783567233482522e+00
3.277205085840429355e+00 1.448244103528263382e+00
3.477371439784882501e+00 1.667099805721247829e+00
3.807132318734564258e+00 2.384353912889118909e+00
3.589876729516378262e+00 1.929258423898670305e+00
3.327422440364077083e+00 1.522586061579347838e+00
3.526164018649135645e+00 1.722398682031008432e+00
3.608590103277400374e+00 1.782033449580851414e+00
3.601164989868682387e+00 1.826086199473703209e+00
3.500793720623503358e+00 1.803230929878077315e+00
3.252168501138297696e+00 1.447890977844248361e+00
3.642108242282718233e+00 1.926747450347275681e+00
3.395819101613931856e+00 1.584990556471407519e+00
3.836793039022554197e+00 2.178194189436625461e+00
3.419967533223283951e+00 1.757137088876439490e+00
3.528962263962404311e+00 1.788570847897153815e+00
3.493385764221382139e+00 1.801377472855006046e+00
3.720995542240846721e+00 2.005612831366075710e+00
3.587296813780129323e+00 1.831441659076716189e+00
3.273551230834089942e+00 1.535987614076463892e+00
3.889287666491910045e+00 2.151462133188219994e+00
3.421901909275817388e+00 1.623807605950735589e+00
3.612828345240106653e+00 1.773663289511385965e+00
3.477883457744296081e+00 1.764780282735573635e+00
3.425929336177531148e+00 1.640602139563408501e+00
3.604863161551965067e+00 1.889351589955959865e+00
3.475847302238742387e+00 1.645424183172809585e+00
3.520106352697936369e+00 1.865848513127434050e+00
3.401354036143801718e+00 1.600729530513147703e+00
3.779236367267098551e+00 2.179186121048005464e+00
3.414368213321228307e+00 1.621699066615569951e+00
3.414595557372595014e+00 1.595421598499813021e+00
3.435429978946711316e+00 1.610493599840471468e+00
3.392107392391050524e+00 1.635155367381324831e+00
3.455252436307621355e+00 1.789520448527419871e+00
3.495966665689079989e+00 1.653141093174843146e+00
3.553065027041857782e+00 1.769728789041204342e+00
3.299509303108492997e+00 1.616443928469599056e+00
3.285739076771327483e+00 1.514943949873029272e+00
3.628169416402744485e+00 1.912615710205183062e+00
3.615240154452731502e+00 1.864754162609661092e+00
3.441447906093566544e+00 1.569556786649228819e+00
3.449041527861782974e+00 1.591871213795610807e+00
3.824146045229959601e+00 2.085490962035729368e+00
3.598278056103061839e+00 1.864224138191167057e+00
3.168660020325512860e+00 1.414864082237301979e+00
3.636796391332910883e+00 1.994277702149242604e+00
3.558531580887992707e+00 1.737151720499909846e+00
3.295196397112117648e+00 1.464251849170240982e+00
3.324041482899518396e+00 1.517213533659063085e+00
3.499899747854359422e+00 1.788889496735923901e+00
3.435730384502664769e+00 1.649857427593045101e+00
3.484151556833009256e+00 1.700550111356542438e+00
3.459351433911975082e+00 1.722951820274970736e+00
3.487383109616863486e+00 1.630728323720430417e+00
3.366899188206835980e+00 1.600693233525109616e+00
3.661496793779078995e+00 1.920731178795073379e+00
3.491238861094008161e+00 1.716325343654410140e+00
3.469926334822298397e+00 1.742184117904724605e+00
3.607611271386784502e+00 1.920076907605593686e+00
3.641889304145932815e+00 1.828224564710554834e+00
3.446886706732098293e+00 1.720166926276597952e+00
3.538486993388195057e+00 1.794136425353987985e+00
3.526318444999609003e+00 1.846827409647649354e+00
3.452061668842187014e+00 1.756257300812513300e+00
3.640189193869438622e+00 2.019551858449593951e+00
3.604219247924912217e+00 1.850950581352649671e+00
3.686382571554435383e+00 1.992495777445400851e+00
3.523279708170028002e+00 1.746621463953728082e+00
3.373978488212703297e+00 1.639254226317681917e+00
3.521013215557963871e+00 1.810180994742367488e+00
3.631459293945404454e+00 1.792929918209874129e+00
3.161966339141701443e+00 1.337690272461582452e+00
3.480200903111104971e+00 1.725238323521282924e+00
3.266797937659271955e+00 1.502198639780510936e+00
3.540787302886922561e+00 1.882388697172505676e+00
3.543390207753678744e+00 1.758542204704089063e+00
3.098519462543346314e+00 1.373442048643878088e+00
3.437390661282211379e+00 1.630164682318257396e+00
3.472267510628860077e+00 1.648425070788932745e+00
3.524221579673648908e+00 1.824228613508154906e+00
3.539174467021994896e+00 1.854598902204018795e+00
3.476153254210284871e+00 1.697579107608288895e+00
3.194755850205684311e+00 1.447809745774891965e+00
3.721476130979950447e+00 2.080524480422669686e+00
3.642001241455766092e+00 1.853849723096220314e+00
3.435877730160996180e+00 1.596539149448242378e+00
3.583019387118090204e+00 1.995261562088824103e+00
3.552970789028808696e+00 1.872257258502443955e+00
3.697986004039088836e+00 1.937852276306076149e+00
3.493870723456989236e+00 1.799307890093113205e+00
3.695738762360126994e+00 1.968782794075924825e+00
3.456969427198439693e+00 1.772352609505861709e+00
3.529786440738261533e+00 1.878932404587423388e+00
3.746383497703046128e+00 1.987502212685942071e+00
3.676654916876980650e+00 2.119463596286522034e+00
3.445382332785687840e+00 1.812811585992743835e+00
3.432129319492523312e+00 1.594210181090164991e+00
3.645777350610701628e+00 1.911970886413712378e+00
3.562257437188044218e+00 2.018750123824183618e+00
3.424745516876708695e+00 1.598647361485125984e+00
3.884937322110026958e+00 2.035095704071447464e+00
3.516444066811532210e+00 1.672209164107834267e+00
3.409117968998778281e+00 1.660226547263279562e+00
3.269442358677246308e+00 1.435651918157700768e+00
3.504595647561656424e+00 1.738473216660641141e+00
3.535651958871862011e+00 1.849524679058924370e+00
3.436581548308760059e+00 1.747650615991029666e+00
3.517708417148400102e+00 1.850999556180888739e+00
3.479869943662510678e+00 1.769672079560243860e+00
3.294006236500698570e+00 1.505394681587276517e+00
3.396554991332753293e+00 1.599754409892460760e+00
3.356212895033608756e+00 1.566539742857115058e+00
3.559997981348469231e+00 1.805164963120927890e+00
3.582604467905004864e+00 1.948077532774991738e+00
3.458443789778478106e+00 1.764606432143972281e+00
3.503044941299051640e+00 1.781309512844363008e+00
3.664302160575841238e+00 1.863924780071240184e+00
3.651226548482716439e+00 1.932751493343654259e+00
3.437509816670029306e+00 1.522269474550507429e+00
3.548150560749591786e+00 1.826678027525380221e+00
3.456091761535830642e+00 1.612603966472678119e+00
3.496517776710655667e+00 1.574399399781958087e+00
3.513056977284655602e+00 1.677671695705285293e+00
3.421432862964346455e+00 1.605081369454483653e+00
3.448718508862845589e+00 1.672071883918952562e+00
3.605913900208807199e+00 1.872330710409926269e+00
3.503982487900539233e+00 1.639296146789376296e+00
3.554847123746921689e+00 1.912660509504582995e+00
3.657034597882931948e+00 1.955761233951854194e+00
3.212366154910270666e+00 1.412051282815275144e+00
3.487922058561620187e+00 1.691406373068890856e+00
3.263607366678294319e+00 1.498427331065834256e+00
3.366303819855405166e+00 1.515406515312098357e+00
3.752498309646130181e+00 1.985878635091840039e+00
3.623305896937926818e+00 1.888971116536123374e+00
3.350803581581851986e+00 1.633583077855642607e+00
3.691812155639089266e+00 2.011614842861075836e+00
3.388720415891258053e+00 1.652171002223551177e+00
3.510473356205363604e+00 1.742588476860288171e+00
3.301828139415180274e+00 1.607494134794928087e+00
3.316754866048655881e+00 1.658392755435902588e+00
3.760152251563429360e+00 2.124839894614812152e+00
3.577198815796107212e+00 1.727050500049801540e+00
3.341903854041605282e+00 1.536448902342513412e+00
3.542906372887701050e+00 1.802136137356364909e+00
3.708006639103961888e+00 1.922819323677000369e+00
3.457832917374415782e+00 1.769159581988410945e+00
3.485031992294679526e+00 1.691652242635193204e+00
3.229249810748112015e+00 1.450765648820555143e+00
3.334905243497091831e+00 1.507340565328164184e+00
3.457868828067170774e+00 1.622578659920724808e+00
3.423693180599622021e+00 1.735741910399064558e+00
3.602801820680815226e+00 1.728313920345437626e+00
3.569472715374672589e+00 1.766355663858503844e+00
3.402373766795511401e+00 1.568081619388632220e+00
3.481220228443108411e+00 1.655248747386815600e+00
3.492135174266451259e+00 1.703381471873813169e+00
3.481531205862474554e+00 1.602960817549142103e+00
3.682256155556753896e+00 1.910472127782394614e+00
3.632748219332564865e+00 1.913641369490145960e+00
3.263360039850025984e+00 1.547112022268195552e+00
3.584479885355698059e+00 1.933900424870042212e+00
3.644154708925638531e+00 1.874079741194319526e+00
3.701350803271971746e+00 2.031969745083992418e+00
3.394962340143467205e+00 1.612511532338630538e+00
3.316208694977366811e+00 1.551840661065946758e+00
3.698368652254642175e+00 2.010577188444567565e+00
3.668477510042673639e+00 1.824939590711133652e+00
3.413256287750944473e+00 1.546087409451842198e+00
3.215326186048364399e+00 1.417006167888871015e+00
3.865592530028214124e+00 2.250265511993605916e+00
3.654524365729087343e+00 1.956654513363027093e+00
3.571503787923624440e+00 1.890998608248769308e+00
3.633721243221612607e+00 2.080681151424036202e+00
3.635680223186462445e+00 1.916752274501005493e+00
3.561166720939731523e+00 1.814914503037604820e+00
3.383952257471301905e+00 1.552781920314794561e+00
3.429483475074427190e+00 1.644032411212825284e+00
3.681638034028362760e+00 1.905584646022656203e+00
3.746396782027735739e+00 2.141246637047361734e+00
3.499352253284079506e+00 1.789450015861335785e+00
3.695349267415469097e+00 2.009794125965168377e+00
3.455922977250796446e+00 1.765254013288734658e+00
3.384665200431510979e+00 1.577141299921634321e+00
3.437546401211645009e+00 1.599238363827462095e+00
3.588968976912022324e+00 1.715054237311818053e+00
3.407572053274017687e+00 1.505754372724410706e+00
3.385388062902147777e+00 1.629283527891737915e+00
3.563421627923605950e+00 1.987411397435749905e+00
3.473267699901102290e+00 1.598991867576310177e+00
3.702900882839045948e+00 2.078587506996121270e+00
3.523900486270133303e+00 1.791326339277546920e+00
3.646764729605617372e+00 1.778871290343670086e+00
3.680522913169960830e+00 2.015969174018455767e+00
3.676769475459007452e+00 2.000064169980701134e+00
3.427414741486493721e+00 1.612172171890806860e+00
3.424580059251369324e+00 1.709424407795984591e+00
3.499786298826259134e+00 1.796279296971695416e+00
3.332206139553236746e+00 1.594672661601274299e+00
3.290294220108656464e+00 1.539883437239149000e+00
3.266112197541129358e+00 1.492149330657529971e+00
3.246202781345330912e+00 1.479586423896111169e+00
3.157549582222975104e+00 1.442991444052575067e+00
3.213855216458662234e+00 1.414476148536340849e+00
3.713407359636987870e+00 1.995797695467360411e+00
3.277445567945213689e+00 1.525517097124708954e+00
3.621438256323551652e+00 1.919509100525447876e+00
3.605571664073263349e+00 1.835054100556808399e+00
3.427537887236027370e+00 1.691922928336713650e+00
3.488972189397895107e+00 1.748971276489560411e+00
3.241196316062600946e+00 1.499779031290946696e+00
3.496793592695204733e+00 1.744262424597960992e+00
3.381680137873058545e+00 1.641400913746536183e+00
3.320909836756145594e+00 1.508077385400845127e+00
3.439043978426473025e+00 1.679874989476279890e+00
3.340718747529088706e+00 1.544405882623466120e+00
3.861571909706865924e+00 2.260282661962039530e+00
3.250846991185721624e+00 1.534747526702801901e+00
3.379794661464559091e+00 1.518859895120757475e+00
3.467128400744805550e+00 1.700499793493464695e+00
3.603535924813144664e+00 1.883267263414603709e+00
3.372693260878400601e+00 1.617787331558752317e+00
3.664175366005597123e+00 1.983142635792696007e+00
3.594533913888717347e+00 1.902304054937650868e+00
3.803436971425448121e+00 2.093721377480406431e+00
3.274723819430946481e+00 1.475934788697883304e+00
3.325018169838595217e+00 1.510027589799328496e+00
3.530201628879406250e+00 1.840985884913876047e+00
3.378698224250878290e+00 1.560484984632165562e+00
3.345954415814658578e+00 1.548635840839023503e+00
3.672301230759220658e+00 2.057189269212988059e+00
3.610775269358152961e+00 1.968957522717490249e+00
3.728965912117985226e+00 2.047043967441449563e+00
3.342813147279548147e+00 1.555479421417176322e+00
3.567980486011316898e+00 1.833927967991593189e+00
3.569973653923574464e+00 1.740476838577698304e+00
3.436303939279846453e+00 1.718576924940205863e+00
3.543090684303170868e+00 1.823440992999974197e+00
3.529493249859001480e+00 1.772004183765306884e+00
3.605470204751032526e+00 1.877542698595786153e+00
3.268228367045170391e+00 1.481627212794336845e+00
3.370931323151927561e+00 1.560883130242421535e+00
3.741303172510819230e+00 2.057419964899314113e+00
3.317901645712239223e+00 1.479673751813387561e+00
3.228215459145453714e+00 1.619819865812340165e+00
3.640523403181105788e+00 1.852929428274612267e+00
3.497293375514002545e+00 1.778834582373133077e+00
3.516695602789150055e+00 1.787940272076160131e+00
3.421173185506413361e+00 1.583811690385173776e+00
3.449492266046514377e+00 1.620310191321060245e+00
3.340865731270642236e+00 1.607767557865335650e+00
3.591786604290917673e+00 1.881770066729173907e+00
3.421451107146766812e+00 1.596913241318949517e+00
3.659251341805561886e+00 1.957546652575827828e+00
3.352430947750164147e+00 1.586869618783457225e+00
3.318556939880350054e+00 1.474694182979507495e+00
3.323789150630325206e+00 1.488922314714562711e+00
3.374412988571801275e+00 1.578512641023847918e+00
3.316415799618459115e+00 1.516826397758621159e+00
3.452992021378577192e+00 1.736952700851089437e+00
3.888417015340001281e+00 2.241271511659944426e+00
3.369635398994983877e+00 1.619815412766743457e+00
3.358664130832041295e+00 1.486488915528809240e+00
3.340344834597813062e+00 1.491500774690323050e+00
3.446018887891293847e+00 1.614653238826476489e+00
3.287775806017263935e+00 1.568343551616262488e+00
3.165384550994242652e+00 1.371633376558094586e+00
3.675557995322173532e+00 1.902284442750464155e+00
3.381349011034809227e+00 1.519981528873834309e+00
3.316060892842555674e+00 1.475112387926099444e+00
3.544920889113573725e+00 1.757307680957138407e+00
3.375430225175926946e+00 1.615479918785417857e+00
3.638701678243294158e+00 1.872554853639854411e+00
3.503710096811669672e+00 1.708316766356888561e+00
3.421312291173081999e+00 1.661797660127899201e+00
3.572219647663227526e+00 1.769021181317630198e+00
3.330222285212701472e+00 1.509324194881395353e+00
3.591286246054183895e+00 1.846296765479603863e+00
3.631191216396806976e+00 1.960982770244770856e+00
3.493985684598271746e+00 1.798693861587418175e+00
3.539496632811335974e+00 1.702721300696603102e+00
3.709852787111715511e+00 1.981465123948090490e+00
3.616001037540482965e+00 1.896620271012678938e+00
3.538425633878912180e+00 1.778805281571275154e+00
3.453429399496901642e+00 1.644879713650169828e+00
3.338590263735337071e+00 1.556581037657262190e+00
3.494091475841034633e+00 1.685810536370826451e+00
3.323357101054565721e+00 1.514438978076538378e+00
3.433229901889000235e+00 1.628953183766860269e+00
3.609023463314872782e+00 1.882145134916236362e+00
3.407403165448914084e+00 1.611871795017610021e+00
3.628728491555645697e+00 2.037326979318344833e+00
3.426289705106605687e+00 1.613265193133536224e+00
3.832179731866693917e+00 2.065785638484046061e+00
3.370892020900437380e+00 1.782007423653620748e+00
3.800520653826104933e+00 2.100405429939367075e+00
3.539252275176207441e+00 1.873251694884942919e+00
3.215390240177207204e+00 1.404581294958522353e+00
3.259084475838744499e+00 1.527847361048974006e+00
3.421332763834962432e+00 1.701105343622738575e+00
3.557123541454154214e+00 1.780589514199187651e+00
3.449086677391623112e+00 1.599684700689522066e+00
3.576264860988426886e+00 1.822283965857771637e+00
3.448832755876580780e+00 1.583205281713072843e+00
3.465189965512033066e+00 1.683831043733138522e+00
3.482845058583922349e+00 1.651489679704912561e+00
3.369631176616795010e+00 1.513570972654724622e+00
3.423131310088552315e+00 1.636315216653704718e+00
3.362579969390111945e+00 1.646132611471706975e+00
3.631607450488317568e+00 1.863444621672071477e+00
3.371103859359128041e+00 1.502285672664816385e+00
3.627760547648120504e+00 1.881056802639580416e+00
3.314122839067992654e+00 1.597356521414078578e+00
3.629601614317472524e+00 1.878067175507564412e+00
3.520984017740520944e+00 1.676599616070862497e+00
3.313436434800799191e+00 1.442729447419126565e+00
3.466592768594496832e+00 1.594318627103377128e+00
3.475099151644328366e+00 1.779929412582332393e+00
3.245843060022926441e+00 1.468048047221511609e+00
3.500087135143642225e+00 1.751219959963630668e+00
3.670036715034147967e+00 1.914592560519761566e+00
3.406659336121252490e+00 1.777707370808708554e+00
3.538085788414065291e+00 1.800932265548927047e+00
3.310342296720076405e+00 1.489944086761863629e+00
3.226396761922594170e+00 1.423673276137891852e+00
3.366649182248126593e+00 1.588636200579091939e+00
3.430257784491313355e+00 1.780089982252635927e+00
3.679280716894031134e+00 1.886518649094929057e+00
3.446587667895101514e+00 1.619737745898324199e+00
3.296595428528967808e+00 1.573881021826158522e+00
3.399705450887596569e+00 1.570278374620885042e+00
3.356077465191688702e+00 1.565344209632263617e+00
3.317884775363944883e+00 1.613364453487423633e+00
3.653411435444348765e+00 1.969065971091235268e+00
3.351363068553442126e+00 1.533667426505819442e+00
3.556307121329709720e+00 1.821167858340640988e+00
3.482920938574147307e+00 1.705861241712066878e+00
3.545279284823339871e+00 1.739150058830821743e+00
3.286807391940051559e+00 1.518153996418777796e+00
3.756852007174110941e+00 2.087446656009182444e+00
3.305625838200121347e+00 1.481627719447548452e+00
3.435393372683267277e+00 1.713057096428346471e+00
3.261175690366699520e+00 1.445410660821170978e+00
3.307296116842247446e+00 1.463399687418034834e+00
3.585018132683747361e+00 1.930586503703669798e+00
3.376932667177802383e+00 1.608974555522877381e+00
3.478787761201568518e+00 1.710398131669737865e+00
3.494521526035171188e+00 1.792867042170433134e+00
3.784347014826345390e+00 2.129285674596640643e+00
3.366126438259318565e+00 1.574037923827094287e+00
3.933815049965802668e+00 2.167093304608576521e+00
3.483758885179859988e+00 1.772428832800840182e+00
3.594513826052908367e+00 1.748591399923144829e+00
3.497068096759659461e+00 1.700728976703633544e+00
3.386611148342774769e+00 1.624687053188252683e+00
3.281028270632032395e+00 1.424108845871877804e+00
3.353220199294240089e+00 1.493940054515450644e+00
3.712696559699451893e+00 1.992546881336725972e+00
3.615421919422604269e+00 1.924673277699683327e+00
3.675464761559132487e+00 1.955164572373370824e+00
3.572557696536898586e+00 1.949982319443874346e+00
3.743275011298524024e+00 2.053498704932172902e+00
3.623671224862328177e+00 1.833253525932794670e+00
3.393475767365647489e+00 1.692940620155817699e+00
3.505211013898217320e+00 1.810433565488496654e+00
3.648479292115489603e+00 1.895667769728740515e+00
3.503288809511730495e+00 1.689045759829797211e+00
3.212870686957820965e+00 1.462701455819634733e+00
3.664031553443567457e+00 1.933825954271650271e+00
3.594939276534478090e+00 1.770830832276241606e+00
3.506877275852239073e+00 1.669414429275912326e+00
3.414467204279438839e+00 1.627399317423227965e+00
3.500625819339350464e+00 1.763203000589520064e+00
3.378305655040562794e+00 1.560176521105509861e+00
3.452918298031964373e+00 1.704162057084776860e+00
3.826303866541267862e+00 2.304446760166426245e+00
3.349599027023130837e+00 1.532458840486210505e+00
3.420374701449534705e+00 1.692227497427118976e+00
3.657393908751132461e+00 1.912819865387353824e+00
3.492598997120438753e+00 1.700330001454909201e+00
3.468595408055186624e+00 1.563137653856246034e+00
3.262417904122663082e+00 1.457460451048276706e+00
3.608776160810000633e+00 1.769641574267072359e+00
3.565417373395427525e+00 1.802137933404247550e+00
3.738141852591161829e+00 2.087546348899945503e+00
3.565345113589302617e+00 1.967583632181181708e+00
3.387809158193796577e+00 1.581538181139249932e+00
3.492153449809050514e+00 1.828327895017413107e+00
3.353572905176831043e+00 1.573442874087066512e+00
3.421839970110204465e+00 1.625819555668933214e+00
3.468796639064018805e+00 1.731655403462744713e+00
3.661852855806067897e+00 1.922646872075582491e+00
3.437682750178817415e+00 1.691751968258732974e+00
3.649200165373434501e+00 1.863196635088918196e+00
3.408890321732525042e+00 1.515871759152611187e+00
3.321888565874060895e+00 1.580615057531100875e+00
3.504899093513999198e+00 1.781941304169057494e+00
3.298621979049090935e+00 1.473502805288892326e+00
3.436167920784007457e+00 1.628670866470133261e+00
3.469426874979342212e+00 1.693688144899325509e+00
3.300426656019003424e+00 1.456522242372010778e+00
3.480338748463360332e+00 1.867806600241321835e+00
3.574041628297581763e+00 1.982260231373772053e+00
3.661786595814669365e+00 1.946116432603486990e+00
3.465367203606862567e+00 1.667375779498970534e+00
3.562095542150057081e+00 1.968147897860788031e+00
3.613665196991129758e+00 1.772195044151030796e+00
3.550061964847956553e+00 1.677697321462341185e+00
3.596916232377833644e+00 1.808863989313972409e+00
3.365396678637630146e+00 1.528016818659700737e+00
3.253797870699601358e+00 1.518521502464536876e+00
3.284382939608449625e+00 1.475328213897918905e+00
3.567797517969802712e+00 1.793689012924158055e+00
3.182016614280074762e+00 1.414125735246674731e+00
3.364600078310187481e+00 1.582420421714176850e+00
3.397893596656589299e+00 1.671286823260458299e+00
3.445538758212577601e+00 1.695068739975541749e+00
3.543414165495022417e+00 1.797153074179884902e+00
3.552934985409038404e+00 1.800385252197087782e+00
3.606344304073651585e+00 1.881316215106725531e+00
3.282280344829868302e+00 1.524680366090009676e+00
3.512819451930314418e+00 1.727739222878522440e+00
3.712106378867165102e+00 2.015260816144996525e+00
3.417883907704817759e+00 1.721195996016790186e+00
3.650352363677298317e+00 1.832606368954784237e+00
3.375893356851576765e+00 1.560693206165237212e+00
3.415072261142795718e+00 1.610591954434738904e+00
3.424082111118757599e+00 1.732321477342676497e+00
3.581303930829860427e+00 1.863717252273049629e+00
3.878957783217370281e+00 2.217841113556567656e+00
3.624469262126160274e+00 1.865754413528378342e+00
3.296287916758446457e+00 1.438445236891929380e+00
3.573882434476089553e+00 1.897055746959693368e+00
3.514633946475069326e+00 1.838757097731418710e+00
3.736175656246758070e+00 1.991356478683163900e+00
3.270423918108538164e+00 1.462444626072119558e+00
3.362298108563112731e+00 1.475123545075235798e+00
3.341422579961810246e+00 1.525295982197848677e+00
3.700524147473317260e+00 1.989971809119754242e+00
3.542368439450726214e+00 1.675592350366396088e+00
3.177383096026994203e+00 1.443142417645228770e+00
3.459435173142697550e+00 1.652279434507365030e+00
3.401450620409855574e+00 1.639294601728279899e+00
3.437771214719337998e+00 1.724533563553432458e+00
3.645118307960890647e+00 1.881924542693756752e+00
3.700567418365342309e+00 1.966296424154104772e+00
3.507319569945527071e+00 1.700174970769376070e+00
3.567134758548448747e+00 1.852972668747684182e+00
3.276561997457808850e+00 1.497450879483599229e+00
3.625249479203758618e+00 1.931518415231888497e+00
3.439543926869245372e+00 1.582249619630990534e+00
3.551351602865810086e+00 1.847386889699267565e+00
3.372498329898204972e+00 1.638442094196151277e+00
3.583506171138513885e+00 1.795347350492151328e+00
3.721430953514059947e+00 2.103812276419580130e+00
3.262328707048234300e+00 1.477268033094602862e+00
3.517406349426347667e+00 1.757725743843593813e+00
3.373864109702171987e+00 1.630168577601630808e+00
3.515765388389306523e+00 1.772233863078397365e+00
3.445369634902942568e+00 1.688111008002922464e+00
3.514614541795640257e+00 1.787083951824918415e+00
3.661723838411387710e+00 1.889802634957457483e+00
3.594342907963508083e+00 1.804736021064047291e+00
3.239832883476186254e+00 1.445101088006154555e+00
3.535305816160696946e+00 1.757663453205870807e+00
3.575930847508368426e+00 1.807890768410683302e+00
3.550665801913525765e+00 1.857626094100171876e+00
3.359644908910746519e+00 1.642347422477148600e+00
3.463424786701879032e+00 1.599911931602675974e+00
3.864654793739768390e+00 2.012205435657142605e+00
3.428129289805037505e+00 1.718769556871977633e+00
3.339514693475883256e+00 1.519177239053755679e+00
3.538913294527695985e+00 1.768836526018918942e+00
3.444476066458393326e+00 1.657911192922846277e+00
3.309410964896529972e+00 1.526562136884794363e+00
3.239366147859469969e+00 1.493452005406581407e+00
3.749706154925183998e+00 2.176168099450361826e+00
3.519140478957160756e+00 1.698907824726032301e+00
3.674369306045926820e+00 2.053712299414673037e+00
3.246652756678424012e+00 1.447641377327267831e+00
3.377716889343177709e+00 1.546401120056069445e+00
3.354479456618149502e+00 1.565618548249577691e+00
3.465257160960954597e+00 1.724028902723311996e+00
3.455783061838048731e+00 1.587240431267461505e+00
3.578371258637204289e+00 1.941032183516103959e+00
3.624979931271268274e+00 1.827073631179764845e+00
3.312887701481887603e+00 1.503913090643257844e+00
3.397243566286087813e+00 1.623659425369877285e+00
3.536422054369103396e+00 1.801078084268550095e+00
3.318048341777459775e+00 1.581407720245704862e+00
3.515497578285561531e+00 1.706811681739477837e+00
3.658813530711583439e+00 1.944755812942109197e+00
3.714304945248632972e+00 1.974607198835076627e+00
3.732876667397555082e+00 1.998892377443558743e+00
3.706089503647623129e+00 2.029198664196405488e+00
3.611525584429509994e+00 1.839214188073584610e+00
3.454309414551074209e+00 1.864144408835958444e+00
3.461149813836295053e+00 1.810309053390540379e+00
3.589333876974454718e+00 1.778090769407291827e+00
3.532957074788162455e+00 1.952822782547565916e+00
3.145652192367150768e+00 1.365961352886989388e+00
3.376215734344614638e+00 1.547788139142315389e+00
3.384977285973285177e+00 1.664863576088103425e+00
3.509327589240270218e+00 1.693849385172116584e+00
3.574233192857003694e+00 1.829353541401876226e+00
3.485828811061472798e+00 1.767889333682094888e+00
3.869693706857202375e+00 2.135677288175738209e+00
3.657573234672123696e+00 1.875951705582351803e+00
3.558123804000226986e+00 1.777063967286149015e+00
3.513212930446011573e+00 1.766432982313138167e+00
3.270463229507174940e+00 1.516697998186348872e+00
3.444204092900510439e+00 1.844415195882427749e+00
3.296849039276608551e+00 1.426869241352933804e+00
3.632687100802565627e+00 2.043421290894457787e+00
3.484148573326854237e+00 1.814751271509148278e+00
3.582086483239465213e+00 1.890456561165346994e+00
3.503231492779468326e+00 1.750526566101270332e+00
3.549834592579233838e+00 1.861255846014741033e+00
3.607979571831592125e+00 1.903531205767726497e+00
3.461320030701226624e+00 1.624205049876692009e+00
3.502653346792107492e+00 1.819556132453695074e+00
3.392808267058895932e+00 1.537641760796093049e+00
3.246004037572381318e+00 1.474632304399875915e+00
3.382215230320802402e+00 1.531136463304402007e+00
3.897410352881320872e+00 2.191601644295674056e+00
3.417939102463578571e+00 1.574744201531522503e+00
3.502462647728258993e+00 1.767637329010901759e+00
3.623536641762558741e+00 1.850015737683676109e+00
3.622975224086450119e+00 1.911967162588898095e+00
3.313927524555595028e+00 1.613425305090244066e+00
3.716358754596686076e+00 1.917164638527950826e+00
3.784980097218576311e+00 2.233945229400263521e+00
3.242610182154220588e+00 1.457685216009082962e+00
3.569403683389308579e+00 1.892629131753256866e+00
3.325018489606751171e+00 1.552454514433429189e+00
3.325107570488079478e+00 1.504635811683290969e+00
3.487311326885097262e+00 1.774178657476462417e+00
3.532308267633962107e+00 1.690868990701243302e+00
3.826568835360415921e+00 2.220368386406586847e+00
3.387093146381691788e+00 1.519187436862488028e+00
3.508423251671156429e+00 1.744597167149933403e+00
3.431180266911290300e+00 1.626593842233380771e+00
3.511812078186632657e+00 1.714952564703715598e+00
3.592608196877904447e+00 1.940001850762205660e+00
3.457774282885292649e+00 1.681277787415794922e+00
3.631699664681137030e+00 1.838666798575500305e+00
3.473135147034036141e+00 1.729197006964059868e+00
3.448044623428077937e+00 1.643961433020902696e+00
3.652139485712285527e+00 1.782392860431144754e+00
3.500901514047186858e+00 1.766131685246013383e+00
3.500780000498865174e+00 1.640982160003174650e+00
3.236548237019722052e+00 1.447451710030962735e+00
3.289524330438281297e+00 1.537100597880956654e+00
3.613285119461747907e+00 1.911594014228604532e+00
3.546399096946758256e+00 1.801974777555737317e+00
3.416846856967976187e+00 1.568490926691080256e+00
3.412272396847159772e+00 1.714524617112083593e+00
3.415287819661493973e+00 1.671223404533340284e+00
3.388597654121786373e+00 1.640348490990034547e+00
3.703505769596882935e+00 1.949212831053938277e+00
3.337245031366280923e+00 1.477766434310946009e+00
3.479659191466121460e+00 1.564718930288112153e+00
3.263017256750830875e+00 1.501396970587415725e+00
3.460463962035726926e+00 1.617978047367500283e+00
3.720242486778323254e+00 1.939796553473836394e+00
3.206807832177432260e+00 1.355606158178230158e+00
3.507236195450095462e+00 1.703496258663204310e+00
3.631393711541341940e+00 1.898866085281969429e+00
3.337023591301537362e+00 1.486603336305068357e+00
3.464103956758543212e+00 1.706334761965495384e+00
3.390115101266582442e+00 1.556337616449145811e+00
3.308854083297978477e+00 1.526184806900146462e+00
3.725852544321898829e+00 2.031955762376768782e+00
3.385405411069897674e+00 1.555276340117910605e+00
3.425673567641919881e+00 1.762194854663021948e+00
3.402507745889669977e+00 1.611466703069494244e+00
3.588670915006142881e+00 1.829842069729578080e+00
3.556177639374916932e+00 1.914536823849015468e+00
3.490412588240495495e+00 1.723129710043650009e+00
3.361061570309331170e+00 1.619498532273745850e+00
3.369848722940119945e+00 1.503529215690750931e+00
3.334214194391772690e+00 1.605784959193249595e+00
3.417865048514479032e+00 1.617493297199635860e+00
3.272996344065101759e+00 1.460330759122520528e+00
3.189261475865776241e+00 1.441517849468354928e+00
3.568089240276723917e+00 1.838084128164481301e+00
3.392887573233402509e+00 1.701322157853956796e+00
3.487256296857662363e+00 1.696555776071031474e+00
3.485533883121754162e+00 1.670650190440129856e+00
3.507367887746311030e+00 1.704283589078205319e+00
3.548257467910164387e+00 1.778931019106214428e+00
3.404179457441458112e+00 1.620857621362267631e+00
3.536019861195085046e+00 1.729165103314292073e+00
3.424055969879144179e+00 1.648758287990919724e+00
3.398339088055314150e+00 1.662926930351589228e+00
3.236070243485791309e+00 1.497908514707645633e+00
3.573529749088933283e+00 1.824683062457780336e+00
3.347229953757038245e+00 1.526473675827697329e+00
3.366944706358086403e+00 1.615198502116604207e+00
3.317478876400759891e+00 1.458777408983430224e+00
3.395305101131913972e+00 1.523877746082606732e+00
3.441465432435337313e+00 1.665518402677001797e+00
3.259591398753274749e+00 1.444808726911890995e+00
3.327453556548119806e+00 1.602714176818149872e+00
3.550512113192775931e+00 1.770187178551862806e+00
3.557261908923372573e+00 1.707876744252786017e+00
3.615332774248950720e+00 1.828808194938389864e+00
3.424155434841917423e+00 1.636250105844313074e+00
3.737435456942689971e+00 2.004146759261800970e+00
3.142376899586751815e+00 1.346781465875858563e+00
3.793378378160216613e+00 2.019107591295180359e+00
3.568725603016120296e+00 1.871041932329498669e+00
3.290051865008788656e+00 1.492209348613173114e+00
3.809095730685601922e+00 2.145962038061726584e+00
3.446122415135428163e+00 1.652962419140904027e+00
3.405507270126365782e+00 1.563479205621805423e+00
