2.369096684520239471e+00 9.918582428405938733e-01
2.339739768284997634e+00 1.009324472013057417e+00
2.357655978619824122e+00 9.979471673567174017e-01
2.420613953783001815e+00 1.085957689800607584e+00
2.407160093466286455e+00 1.042576718133869429e+00
2.418163712102242791e+00 1.020617972501170589e+00
2.363287444571259055e+00 1.066791162793269354e+00
2.378021526604273905e+00 1.023253191372704096e+00
2.492399642609071542e+00 1.134256840304130431e+00
2.403468138058439507e+00 1.037063331809378930e+00
2.453746130551046623e+00 1.056659548736287979e+00
2.491257041729991961e+00 1.100025673319305008e+00
2.395271698108442759e+00 1.087655365561145393e+00
2.326270523200001161e+00 1.053335938821627682e+00
2.410060962198421031e+00 1.043317206133552943e+00
2.361058548100638976e+00 1.012052957676558673e+00
2.328206054615289400e+00 9.816987639257894749e-01
2.443211225278681287e+00 1.102382142476720173e+00
2.425651194461926785e+00 1.047126946505911205e+00
2.420026537006242151e+00 1.123907033744718120e+00
2.416319696928113103e+00 1.063747835075459003e+00
2.385909811667659142e+00 9.931060860283690284e-01
2.441480725504824534e+00 1.092031686800718049e+00
2.449325657524175526e+00 1.172287562342125833e+00
2.384965996790793685e+00 1.066877511725797589e+00
2.651151370125503615e+00 1.266371411530489821e+00
2.268156860997420310e+00 9.747715111657183629e-01
2.441691932053275504e+00 1.053706998946232432e+00
2.499288804958674781e+00 1.123322493697546332e+00
2.442049854308164569e+00 1.044178853698828124e+00
2.409039084373989059e+00 1.039127634114610288e+00
2.367816150737274139e+00 9.937292005574066556e-01
2.523578331318261370e+00 1.127755538008414327e+00
2.482184230000775038e+00 1.151762997430105795e+00
2.437158680693032320e+00 1.134869231691685521e+00
2.499313354533195142e+00 1.142704104011785571e+00
2.332727076944267619e+00 1.009155409997735564e+00
2.463471860643233313e+00 1.136000967718922672e+00
2.469797982135299552e+00 1.102950721791760458e+00
2.713380749506522971e+00 1.268330511002365713e+00
2.403625557157258008e+00 1.042681505848585211e+00
2.365693790356482751e+00 1.038496636713491572e+00
2.492646508732624167e+00 1.139968997664537964e+00
2.421003453799967176e+00 1.062923800874634672e+00
2.352163084490253908e+00 9.682384675721695810e-01
2.400854335485954394e+00 1.106235927238819583e+00
2.318995837339932642e+00 9.765169565273781327e-01
2.279106426085979908e+00 9.446640945431376002e-01
2.496348978046578626e+00 1.103333170150161857e+00
2.397749048959665785e+00 1.023349006764887381e+00
2.485196147067420647e+00 1.125912971642345273e+00
2.399928671562480353e+00 1.037138655215624983e+00
2.305181062579200191e+00 1.024967341674942078e+00
2.707136092681344142e+00 1.314836954042481798e+00
2.402183994703502634e+00 1.056279458237910029e+00
2.484638612487675591e+00 1.110030450028129723e+00
2.437089871176644440e+00 1.136409334358663648e+00
2.395525495680842720e+00 1.034240391978716866e+00
2.420650820932340075e+00 1.049879841777804801e+00
2.400832274288052126e+00 1.046122296132889984e+00
2.285027683623890304e+00 9.851421222557925628e-01
2.409922971969076233e+00 1.115085308393024999e+00
2.424138734975096021e+00 1.095589160144237129e+00
2.302078957875044463e+00 1.018910752903974926e+00
2.363707555403615768e+00 1.041256635740587244e+00
2.387423151493305085e+00 1.064074418919136678e+00
2.300826563432591509e+00 9.628354266304351983e-01
2.268943239114080246e+00 9.724607348894972469e-01
2.455113088726244452e+00 1.092336789041019829e+00
2.411737626649071764e+00 1.025346879818401558e+00
2.502102488878306996e+00 1.123553517855125250e+00
2.361704188354304623e+00 1.011764470447687581e+00
2.398604544107331371e+00 1.047264970257240746e+00
2.482299709149196065e+00 1.122496663141352657e+00
2.340528335454248321e+00 1.008199235846645836e+00
2.387694131791070706e+00 1.031889518701221364e+00
2.413935528415009024e+00 1.071248075107044340e+00
2.538307310693147745e+00 1.137059254885800508e+00
2.394333161157813361e+00 1.020934586179230941e+00
2.396759618117493496e+00 1.027543334994018620e+00
2.416685497223851176e+00 1.050399890567800254e+00
2.437109516475561399e+00 1.044658998581451392e+00
2.435594303170264929e+00 1.109518932774100408e+00
2.498483653259996995e+00 1.137034201824073110e+00
2.338292239486284174e+00 1.116180371739566635e+00
2.409519802919510401e+00 1.144159721291102549e+00
2.518837167451813297e+00 1.122616151512434435e+00
2.393913207765517637e+00 1.066496449525297097e+00
2.302542018248590505e+00 1.022294070222989903e+00
2.474826277746312364e+00 1.113021038504948601e+00
2.386815261646839659e+00 1.049197849379849057e+00
2.386785608608807063e+00 1.050152196139279237e+00
2.431625962191702239e+00 1.069119216746047707e+00
2.401566036728645770e+00 1.066065003295926239e+00
2.750218297071333140e+00 1.400874894843026741e+00
2.420185903081321310e+00 1.073952754067368787e+00
2.397974318303753627e+00 1.064505153105801627e+00
2.420476791270123940e+00 1.066140730251592617e+00
2.494848156574375864e+00 1.118508801369858974e+00
2.462247747171906198e+00 1.113620328175843666e+00
2.455535684532555774e+00 1.062824045155423169e+00
2.366296987161115695e+00 1.079405053115328306e+00
2.401281687023463896e+00 1.054083812609346360e+00
2.346571028762509226e+00 1.015894516470807973e+00
2.450203080922757071e+00 1.032555314299666849e+00
2.304660071688211520e+00 1.037556304159020559e+00
2.455030230558741255e+00 1.087934160942407580e+00
2.421636704429813935e+00 1.065667939769469275e+00
2.482422666367940067e+00 1.113545501756333156e+00
2.284905166163904155e+00 9.838468705239523660e-01
2.412851172286271328e+00 1.119693626881019144e+00
2.413975611719466396e+00 1.057629812683028803e+00
2.337879223732321599e+00 9.347573273993703413e-01
2.470887274247349996e+00 1.072918493686868313e+00
2.408863004038591438e+00 1.123756036923940105e+00
2.367607698645604497e+00 1.072817484253387743e+00
2.461548520169023480e+00 1.120362266158360542e+00
2.459179774789907125e+00 1.052650023918496824e+00
2.303388879777788389e+00 1.019900211569012338e+00
2.338816231074111407e+00 9.922234442939589227e-01
2.394109602615590138e+00 1.035168314358797526e+00
2.447739216250182537e+00 1.102007293989086589e+00
2.348473087584364905e+00 1.026700729050588512e+00
2.422109186834687122e+00 1.028304342186790121e+00
2.352694457956529650e+00 1.035439573292593396e+00
2.441051266287604715e+00 1.057001903342855931e+00
2.786085349259118438e+00 1.327624394592954449e+00
2.342097970311544763e+00 1.033691976433798843e+00
2.410115648812333422e+00 1.069079202344232371e+00
2.676912030495897543e+00 1.339362294517679519e+00
2.317551045472202809e+00 9.935210007667776289e-01
2.471124111698540293e+00 1.088822730063581101e+00
2.443514358296879241e+00 1.087695004337042581e+00
2.492274176739152303e+00 1.096894709317461247e+00
2.601368215011082619e+00 1.252287188020044573e+00
2.343770572762849724e+00 1.050515988857287253e+00
2.416913906960128422e+00 1.043202776389480002e+00
2.446575414514091218e+00 1.057930123562759617e+00
2.382871473366966253e+00 1.074522829407006164e+00
2.447394096332213831e+00 1.092228329662281450e+00
2.407763049504313635e+00 1.057620537881016620e+00
2.505557032899499603e+00 1.105522022787658099e+00
2.409858213278234018e+00 1.085581080132650200e+00
2.300731914759922780e+00 1.016608529275421891e+00
2.348363159185631766e+00 1.032511314037923400e+00
2.386209230435875739e+00 9.939773804252078904e-01
2.498965985026777581e+00 1.123464479701098417e+00
2.488350398711311584e+00 1.139174234077397596e+00
2.477952987252167283e+00 1.072114546289109738e+00
2.468222492858230588e+00 1.055294238727504830e+00
2.366918189483629309e+00 1.020516838000044002e+00
2.497140979796343530e+00 1.072634918885203348e+00
2.304034882888827518e+00 1.046692708081163437e+00
2.423729075350278706e+00 1.075299108456085007e+00
2.438419856554190357e+00 1.084259498161221691e+00
2.376076455686567890e+00 1.063768792040490352e+00
2.351957273744559540e+00 1.062539831947856062e+00
2.441083337408799014e+00 1.086700298454884139e+00
2.438550439480789311e+00 1.070188597824088816e+00
2.344164538790945329e+00 1.020887441607455148e+00
2.403588629041284452e+00 1.154375456715392767e+00
2.350649508266047238e+00 1.014814127478015138e+00
2.493290508193769739e+00 1.101967306379627809e+00
2.506822940298188307e+00 1.160126058891574274e+00
2.547803140932395571e+00 1.226539866375663479e+00
2.415658202227723095e+00 1.000290484661119805e+00
2.453013125532720107e+00 1.107229373260134819e+00
2.446502061306041753e+00 1.147097967519758122e+00
2.445558741009308257e+00 1.056002106058682166e+00
2.315202792400381071e+00 9.862160598792306665e-01
2.385180223476967676e+00 1.013607873243909552e+00
2.329852684585640876e+00 1.006761428980885720e+00
2.449746130906819364e+00 1.173945771048328091e+00
2.442533228266446699e+00 1.109331504982913996e+00
2.416190887975720347e+00 1.093069591522730644e+00
2.386066999743547079e+00 1.021584203885746112e+00
2.415386835493961826e+00 1.064412153069702160e+00
2.454414481023388994e+00 1.116367894766644886e+00
2.427641456607100956e+00 1.071693014179166736e+00
2.407353250886441032e+00 1.083476408177159289e+00
2.340202573946065012e+00 9.837651901445547686e-01
2.414416267206124456e+00 1.041369626587652419e+00
2.423253421292978604e+00 1.078099957259134545e+00
2.338364878140033465e+00 9.862605888587623326e-01
2.364063528790382396e+00 1.050344347236376041e+00
2.321580929671660520e+00 1.017126088062169309e+00
2.366640824490144457e+00 1.021741709923455810e+00
2.464713053907597207e+00 1.118642213529779994e+00
2.396733294513550216e+00 1.013939262008638043e+00
2.392096536461688849e+00 1.073008754055572611e+00
2.400847959124685183e+00 1.065109052208370155e+00
2.356805571301893387e+00 1.027117098386431504e+00
2.380264156849089208e+00 1.030941014880392137e+00
2.343392392387735779e+00 9.977281914601759949e-01
2.476586754610591967e+00 1.113107676145016711e+00
2.332337348219433615e+00 1.006067129799026683e+00
2.291248507626801878e+00 9.739590005928877581e-01
2.381749183923238977e+00 1.071797088082290017e+00
2.380990681358259309e+00 1.056766566634540716e+00
2.481377789634312769e+00 1.145948991533465744e+00
2.448618971032288094e+00 1.067005283350150879e+00
2.560869544098009154e+00 1.164662544055314664e+00
2.421196497411992166e+00 1.017022506478247212e+00
2.342523054473435007e+00 1.035106117220190525e+00
2.442863256377632464e+00 1.076592499518879142e+00
2.389818855212687776e+00 1.030106269899045524e+00
2.331274199697806360e+00 9.991966603558158910e-01
2.358377675818390529e+00 1.022074538620829198e+00
2.424882492508030563e+00 1.063536666489693916e+00
2.272716134282994016e+00 9.583037872827202541e-01
2.330983431865292665e+00 1.027537950903270270e+00
2.385834696715840586e+00 1.060554093937620568e+00
2.476172477273115291e+00 1.131907601831466881e+00
2.460941811042511862e+00 1.110732331656852478e+00
2.275708189028506911e+00 9.363776320242311879e-01
2.404245606154985282e+00 1.050222662898422143e+00
2.500584949226574594e+00 1.108664249358412901e+00
2.460098881176894015e+00 1.093950621112473209e+00
2.430633026349618309e+00 1.090970628482064608e+00
2.454661901472636298e+00 1.067608890538917832e+00
2.378240182545400927e+00 1.062166608131107859e+00
2.533183887151380098e+00 1.134804402848150984e+00
2.352629289183665762e+00 1.029528351319411783e+00
2.349849576185258471e+00 1.023122961497873629e+00
2.305047496507406812e+00 1.044979504876353049e+00
2.453045283858218628e+00 1.125900617718467611e+00
2.489755183927925497e+00 1.121645130566474080e+00
2.414595829246796832e+00 1.055268700321846831e+00
2.339795647197471240e+00 9.702804751584457321e-01
2.425490588543822046e+00 1.088702137753789545e+00
2.394562685889761955e+00 1.053068466712136830e+00
2.468423557207303443e+00 1.085290068364444416e+00
2.430479198383651340e+00 1.071662350886392501e+00
2.369547289976487114e+00 9.986809792511552875e-01
2.392319613537697176e+00 1.010498325872940528e+00
2.419189134258885154e+00 1.087200891281048909e+00
2.443265812123331049e+00 1.104595078261489949e+00
2.352391585756971271e+00 1.042449637473276347e+00
2.443834995279575040e+00 1.095125437528283063e+00
2.448984570452583664e+00 1.046170292384470235e+00
2.367561412224731043e+00 9.868330621667669167e-01
2.451418379524273217e+00 1.079263880635016326e+00
2.424408185256011983e+00 1.105766592005171356e+00
2.323608104175638900e+00 9.474387676615916298e-01
2.373456638810377495e+00 1.058593424222218582e+00
2.378593930414771851e+00 1.049608011761175241e+00
2.413113606432739200e+00 9.844095841116147216e-01
2.416801940077284883e+00 1.013958237571483068e+00
2.323913628415073429e+00 1.005750392143702543e+00
2.394091653894488747e+00 1.052687652083524883e+00
2.345839706357448318e+00 1.005779807085357191e+00
2.501506133458248904e+00 1.097461210603293047e+00
2.288151000531195578e+00 1.015576808768057226e+00
2.339224889020456999e+00 1.000401924247098506e+00
2.341266136205693460e+00 9.788282980247601239e-01
2.351280419164985425e+00 1.044056527405601731e+00
2.485594701238114546e+00 1.097217025334506824e+00
2.381779246590689070e+00 1.049604777082122409e+00
2.338539364800034548e+00 1.018120437791732336e+00
2.765714881960961158e+00 1.344298429658487226e+00
2.365306323174346748e+00 1.108530352803833718e+00
2.532447259982488763e+00 1.105319361332108841e+00
2.436942492372194291e+00 1.078442054989681376e+00
2.444555304426426545e+00 1.055904141434943710e+00
2.317458054372733667e+00 1.003234297498640792e+00
2.398138536316522185e+00 1.070382890238699147e+00
2.378862909707491813e+00 1.060097565525294439e+00
2.316344100843895415e+00 1.008132123458508556e+00
2.469422557827730458e+00 1.158345006615100425e+00
2.298629423421139961e+00 9.980832556411062262e-01
2.400185767458558939e+00 1.042487987471626409e+00
2.448977903883311491e+00 1.033612559837052913e+00
2.480693591218873895e+00 1.139665429777763306e+00
2.408978743270489442e+00 1.059292303995124307e+00
2.425021519215753596e+00 1.072726066095114117e+00
2.300817934111326846e+00 9.443790538093969067e-01
2.506113943615272621e+00 1.116359753885412198e+00
2.455841449673725307e+00 1.172009814086694135e+00
2.355243689659908490e+00 1.004066469719324672e+00
2.484271767733600367e+00 1.078117450412684697e+00
2.398568070216446912e+00 1.060577834505962658e+00
2.430146171135841637e+00 1.131292645813837483e+00
2.483504849179853480e+00 1.097411347856044328e+00
2.402182122914313211e+00 1.063234014628244850e+00
2.371578888478123481e+00 1.040846179932790161e+00
2.330144363512959949e+00 1.017761504589086652e+00
2.422511917086708877e+00 1.061850436973550194e+00
2.401811527197777796e+00 1.023993090735693334e+00
2.420130783632198579e+00 1.099808673911394585e+00
2.482423228938076765e+00 1.138672164305098544e+00
2.316493434068896740e+00 9.586051388271921159e-01
2.291131430266457158e+00 1.017900665894638790e+00
2.331715016479118940e+00 1.048036214253887266e+00
2.405228231631493685e+00 1.091656295544102706e+00
2.423130063853000227e+00 1.066020322317721369e+00
2.395597031961013368e+00 1.058490931699461068e+00
2.400793754649217071e+00 1.045077610342872054e+00
2.351213239287641255e+00 1.034310173605418770e+00
2.340554581099530296e+00 9.825552198259223102e-01
2.393252790571509081e+00 1.039923175146243217e+00
2.359487000593097239e+00 1.034503701932797837e+00
2.417278236427715221e+00 1.088025413661694474e+00
2.477107713830626334e+00 1.113868916776647566e+00
2.396968408830580710e+00 1.086948779601061732e+00
2.446308541343879206e+00 1.036145866992656872e+00
2.413681090619808511e+00 1.050287917814403560e+00
2.529490574520363744e+00 1.167663837963036855e+00
2.378857618622570502e+00 1.067219018785224405e+00
2.380366132040682814e+00 1.011280974664923393e+00
2.310008076250769982e+00 1.014479642068336185e+00
2.684161481172886887e+00 1.337815758352083773e+00
2.337613804994759459e+00 9.879860553797532585e-01
2.346652921630434818e+00 1.075957766944897420e+00
2.441328592105379336e+00 1.103027109771888448e+00
2.427793361075367695e+00 1.031177036417242343e+00
2.359078351331573842e+00 1.024977851806052387e+00
2.367900106450335773e+00 1.043177645498051476e+00
2.447207301796037182e+00 1.084878304292435702e+00
2.390778718794593249e+00 1.020912889838628601e+00
2.417353119657240867e+00 1.038793198875157531e+00
2.382465235946161108e+00 1.031486937477119836e+00
2.391094892479194378e+00 1.026851432683108856e+00
2.484329059523935790e+00 1.106953845668264380e+00
2.399603156093715217e+00 1.151909978619659602e+00
2.375886370446650186e+00 1.045967063535973018e+00
2.320546704640590097e+00 1.000713711029579622e+00
2.394290853744483805e+00 1.086464825934959189e+00
2.403447184832543826e+00 1.004578286692337841e+00
2.415210524085900534e+00 1.030595934866374686e+00
2.324850426542660831e+00 1.052452485656145464e+00
2.379824042190555655e+00 1.059075798202669061e+00
2.438536340560110816e+00 1.113489922174006663e+00
2.386290873604474339e+00 1.067651830753428177e+00
2.314676429721139073e+00 1.034211333097057262e+00
2.323797027755947209e+00 1.041479159322398207e+00
2.391236791703924780e+00 1.051999925411891024e+00
2.459268816224899457e+00 1.072736779202071888e+00
2.294011724815767650e+00 1.052970219452220579e+00
2.441665389601044733e+00 1.095818162090257841e+00
2.388134229182521828e+00 1.067561267134020664e+00
2.444384592840258996e+00 1.097288564047040893e+00
2.340078769672409020e+00 9.902949542097216895e-01
2.298932174802106765e+00 9.911381909941707757e-01
2.371516444704352633e+00 1.075121177975268072e+00
2.296324080042261517e+00 9.314403544869352958e-01
2.395837826151329786e+00 1.039274219107350516e+00
2.448160376078057254e+00 1.079101110296860400e+00
2.306636827204275875e+00 1.053156610810296545e+00
2.423486471541978382e+00 1.080299977227936248e+00
2.402017198019047672e+00 9.926255229283935666e-01
2.359600009994972769e+00 1.050837710141818260e+00
2.388705869332394371e+00 1.087987593776122752e+00
2.363019762302778659e+00 1.031044979090845137e+00
2.452857596809518981e+00 1.052186037050876211e+00
2.381028631394102923e+00 1.022459696726883749e+00
2.473093997054542914e+00 1.103872102591981097e+00
2.317502167418447723e+00 9.565083940847821653e-01
2.326688446415936973e+00 9.763897038323454680e-01
2.553928350168777062e+00 1.182935940721666412e+00
2.345251248620650042e+00 1.026575822448799524e+00
2.539130401790113289e+00 1.116927337003883913e+00
2.357741554211863377e+00 1.017863279504240825e+00
2.339964424132901843e+00 1.037195305306980231e+00
2.369653727898586748e+00 1.029612170999098186e+00
2.404022212944228354e+00 1.075230941447558486e+00
2.367270454628874532e+00 1.017952274039707561e+00
2.489313781297388672e+00 1.086985715549860121e+00
2.455723592064883665e+00 1.111288811646196750e+00
2.400009663930411818e+00 1.052457306845891338e+00
2.459769888087514289e+00 1.110387277069457834e+00
2.431272564906687972e+00 1.083134422708281530e+00
2.445694387513043022e+00 1.114296061876628441e+00
2.302677117832733433e+00 9.750119921906034159e-01
2.455775817984188425e+00 1.056609360051439905e+00
2.507891604172280964e+00 1.112562955403327170e+00
2.488323882933624720e+00 1.123044717426140204e+00
2.345911985264830690e+00 1.023426117326520002e+00
2.295682771476946993e+00 1.020605711265613058e+00
2.369181977547529794e+00 9.836854646129949975e-01
2.352215492630811422e+00 1.074194348884798700e+00
2.424518420589110157e+00 1.078326080250464614e+00
2.459962273008915012e+00 1.167105622968950041e+00
2.290037401806787276e+00 1.025687727259358972e+00
2.838602254655657298e+00 1.380833688352137045e+00
2.513178839964620881e+00 1.164439014714903520e+00
2.423205513798753596e+00 1.107756645907812532e+00
2.459777193517412641e+00 1.073207357978666954e+00
2.364779555144131962e+00 1.055988091638657700e+00
2.425252787965884060e+00 1.075610597559870429e+00
2.295306769352598142e+00 9.449079861049216600e-01
2.342099556187132503e+00 1.043810021646140784e+00
2.351951042727536745e+00 1.010397135674555802e+00
2.393535498566563113e+00 1.085735867210539052e+00
2.342566091759056501e+00 1.039527788680506770e+00
2.359416081976725366e+00 1.041243821272709980e+00
2.461053224707488329e+00 1.108594878658791583e+00
2.414400326171889155e+00 1.065398234592758397e+00
2.481878655262319544e+00 1.130154701304642684e+00
2.380651964182456393e+00 1.054709380918702921e+00
2.346482602143824092e+00 1.024306987460126939e+00
2.460514288903611568e+00 1.121033607665330001e+00
2.352730812419451034e+00 1.019777125157486974e+00
2.367336156230302802e+00 1.029232973905095827e+00
2.337196052715980077e+00 1.063390081983978552e+00
2.373477908631725697e+00 1.034722870429717778e+00
2.389468537778711710e+00 1.024324469450973440e+00
2.553305710983665655e+00 1.169429304244814727e+00
2.418651100588887104e+00 1.052780625267986325e+00
2.320946121234166881e+00 1.027269982236960200e+00
2.392913758083045295e+00 1.083977275244268235e+00
2.448962745565488319e+00 1.098138825664432217e+00
2.348294402982447959e+00 1.013553799346847750e+00
2.301562290084606222e+00 9.653080328407567245e-01
2.383437313359370702e+00 1.085808588867466673e+00
2.425711635702341606e+00 1.056333017195912660e+00
2.445831180828709872e+00 1.125289630397530161e+00
2.451318877139982533e+00 1.056970248595035411e+00
2.391251148514573543e+00 9.844165875367583141e-01
2.417844961056955455e+00 1.049684992795627103e+00
2.447475568360895970e+00 1.123008471265692254e+00
2.409071157965795074e+00 1.048206208403554385e+00
2.401833134811914849e+00 1.098355313395887656e+00
2.396213225925698520e+00 1.013925117825431821e+00
2.312374103396141134e+00 9.916454425301455267e-01
2.420334711299072961e+00 1.082606408997171421e+00
2.402898010852116073e+00 1.022517141269883245e+00
2.432152777205863536e+00 1.127636558217181006e+00
2.390160309151234230e+00 1.090562904309557934e+00
2.413049313699927367e+00 1.057617663833362087e+00
2.453750030091581547e+00 1.125476876410711036e+00
2.323766219541655964e+00 9.968210821159108059e-01
2.411479751854381348e+00 1.038191474262256220e+00
2.531476717414350652e+00 1.085398076649944699e+00
2.429776520282633356e+00 1.058340508143514658e+00
2.356191578683821231e+00 1.022919501752195703e+00
2.407423520996848865e+00 1.004410187382903663e+00
2.359304422393728284e+00 1.042746139851247422e+00
2.416701724313927713e+00 1.082351896617053555e+00
2.349985600155748422e+00 9.854220853345618814e-01
2.356245663749547692e+00 1.027468698638268840e+00
2.421075841341123969e+00 1.087235913426993106e+00
2.420702805240079414e+00 1.085892845380840299e+00
2.384212524722374660e+00 1.041998931248635740e+00
2.417995290490204674e+00 1.023242991651291067e+00
2.417119079074861343e+00 1.065163173252219098e+00
2.485616084889661792e+00 1.078444659369768299e+00
2.390083819808997312e+00 1.089350845578882065e+00
2.385347145878716102e+00 1.004672383578609995e+00
2.411534302540029984e+00 1.076635069841545889e+00
2.395200643103719162e+00 1.065359400511768140e+00
2.362741528954839687e+00 1.056084831540771818e+00
2.419518170569781912e+00 1.108060549500070602e+00
2.443397109010279955e+00 1.065817131266134643e+00
2.363846108327162465e+00 1.004151228849920363e+00
2.252163706399175513e+00 9.879219569971675607e-01
2.275485652698413297e+00 9.445583155219978710e-01
2.467411564272690150e+00 1.069437048812293067e+00
2.465514630113328387e+00 1.112390652729188689e+00
2.390867491062763861e+00 1.027945681532219657e+00
2.462306397086834409e+00 1.074666174705244837e+00
2.446012532034723019e+00 1.088422015101131013e+00
2.567783224179195134e+00 1.148509878972254317e+00
2.376304439933288659e+00 1.009054631549859637e+00
2.366539119468502594e+00 1.056297386059553478e+00
2.365678593514364270e+00 1.026473622123041718e+00
2.461927169351731060e+00 1.089691791287716427e+00
2.417240487496757240e+00 1.074296554249684510e+00
2.340017310422945140e+00 1.044241395940012751e+00
2.268567142399280367e+00 9.933172875710194472e-01
2.446575640200093549e+00 1.184566484426851085e+00
2.337615602757274758e+00 1.025066750102955337e+00
2.340010274671310064e+00 9.869516812230555436e-01
2.434246395074441960e+00 1.092727530885204024e+00
2.392175108843542120e+00 1.078428990595613923e+00
2.439991039893864233e+00 1.106338037690672849e+00
2.480768160022198909e+00 1.060101433722023812e+00
2.367048804332275935e+00 9.804506611899050927e-01
2.366363985121227920e+00 1.042049208081562650e+00
2.482166177250373806e+00 1.073012735793331673e+00
2.468367775310006174e+00 1.070206800259267288e+00
2.360255966931629423e+00 1.035006259076850066e+00
2.304484478202502462e+00 9.958710652250138962e-01
2.418635422726326478e+00 1.108040662451273528e+00
2.513607377818003474e+00 1.076804271803109891e+00
2.321544316596477753e+00 1.019142032381403995e+00
2.499610269350754255e+00 1.120736241997281724e+00
2.394033409174992855e+00 1.031586185510374065e+00
2.479176718460815110e+00 1.096833927897543859e+00
2.336988954714255495e+00 1.000313936686555660e+00
2.417087928320457380e+00 1.076300087317826337e+00
2.435242711172077357e+00 1.066554793759099784e+00
2.309748047022466277e+00 1.002166801052264411e+00
2.473208903605785824e+00 1.072033522493319957e+00
2.446099185867467440e+00 1.097627471534882604e+00
2.468227805320537094e+00 1.070064458502857807e+00
2.323070385699746776e+00 1.017024959181090704e+00
2.383289161424027469e+00 1.002294405330657723e+00
2.469565365957339775e+00 1.172517953728396511e+00
2.395388335237055966e+00 9.925263507642703154e-01
2.370096751415278202e+00 1.009995648769773879e+00
2.342900290035665911e+00 9.927969464310115733e-01
2.386439758825335211e+00 1.120321377559428289e+00
2.343126970616344451e+00 1.027513260879902690e+00
2.340023593536426194e+00 1.011082191747362691e+00
2.373451828235145555e+00 9.964016577666012786e-01
2.410046607544814812e+00 1.095157009480388632e+00
2.315907233574482582e+00 1.009096841613184248e+00
2.506852725924733960e+00 1.168167436373448664e+00
2.537348134486176132e+00 1.095145920035719866e+00
2.361045416888738036e+00 1.059172322931554389e+00
2.409540606955782760e+00 1.112049796713117100e+00
2.405015127269101161e+00 1.060601581703558116e+00
2.392243732112520060e+00 1.022256847612958985e+00
2.432106249753237304e+00 1.113655095017444197e+00
2.298692711666518118e+00 1.001690826551222768e+00
2.434517155969820656e+00 9.932400614550463969e-01
2.344974758465560694e+00 9.837116822285922879e-01
2.476558459368229936e+00 1.127141267563344984e+00
2.375933293018664738e+00 1.018625435799775492e+00
2.507990012570143978e+00 1.132899561724526549e+00
2.361821530217210530e+00 1.021487991286269770e+00
2.401545844861396883e+00 1.029809726977479079e+00
2.440828490286672370e+00 1.098245690428396371e+00
2.900890351777794418e+00 1.474829368328028023e+00
2.522113000076253275e+00 1.152201691086355506e+00
2.369339136459563289e+00 1.000352326400476333e+00
2.237100529786610004e+00 9.298616336506251301e-01
2.334888188458987823e+00 1.040320481161365995e+00
2.370938198524615625e+00 9.983998194397204484e-01
2.476236376570328801e+00 1.083615023268407640e+00
2.421205304446784723e+00 1.084073211321257446e+00
2.332407264575019123e+00 9.912007513217258037e-01
2.525715758500481911e+00 1.128745303352480134e+00
2.420726395038951040e+00 1.011809094440779822e+00
2.567049570093474120e+00 1.156343896138431804e+00
2.443370890666549666e+00 1.091347178351421920e+00
2.387242575811366230e+00 1.013736612929839964e+00
2.475224179870543217e+00 1.114595968259251668e+00
2.477570250321250889e+00 1.106486293956230549e+00
2.350101824673406448e+00 1.053765232176078204e+00
2.333155629922714525e+00 9.992377833136294463e-01
2.484289389382150937e+00 1.106304490378449801e+00
2.456719280502643876e+00 1.037963694733406106e+00
2.462687375775494125e+00 1.128487454166069437e+00
2.443064632062001529e+00 1.089646072057830928e+00
2.239166148979061965e+00 9.227115057705764789e-01
2.398979526337026602e+00 1.084604736106260292e+00
2.392713197602132524e+00 1.070168705798044018e+00
2.499376777789068971e+00 1.120369891901439319e+00
2.507875776279093305e+00 1.111359406925538362e+00
2.450279482145633736e+00 1.083640988809357664e+00
2.394348029323435156e+00 1.058149282233850741e+00
2.437036695367492012e+00 1.075859057183097711e+00
2.451014951857212854e+00 1.053721014433865122e+00
2.412992670233590431e+00 1.042049632019744099e+00
2.286572820904213987e+00 9.841550478555691761e-01
2.397187637835989982e+00 1.001311818626732464e+00
2.451583597317120500e+00 1.172396612488917356e+00
2.344200502967249466e+00 9.956957281158262951e-01
2.329779511316241170e+00 1.006617854134910450e+00
2.414975612580320785e+00 1.080083515073636979e+00
2.428310892148865197e+00 1.083138178352384573e+00
2.425779007672050902e+00 9.989654155866203311e-01
2.445514239504400944e+00 1.131001693612214032e+00
2.331695162512848363e+00 9.917238917787458696e-01
2.365025077542963761e+00 1.082881596071070485e+00
2.420712377471595733e+00 1.130456835623900425e+00
2.287419208118893099e+00 9.872780849191126196e-01
2.373677281182663190e+00 1.048829513407951719e+00
2.443595933622482619e+00 1.070455241795998935e+00
2.361385182952511652e+00 1.060619993946254391e+00
2.466355174311771314e+00 1.072271669817586703e+00
2.332271598186978157e+00 1.017583440063104527e+00
2.399432273691019635e+00 1.073213916055446138e+00
2.340927337118120732e+00 1.001679396342523676e+00
2.400583801488600955e+00 1.023097716117158829e+00
2.407505911020128231e+00 1.075927574741516901e+00
2.374535321491127338e+00 9.943252308967128750e-01
2.940469491178028694e+00 1.613831488947468307e+00
2.372809941405812140e+00 1.009309385475781973e+00
2.419709473232136254e+00 1.151030565946638440e+00
2.362568523165821333e+00 1.052734021887436811e+00
2.350935756683587563e+00 9.659571585303918795e-01
2.484549754253648324e+00 1.129740402369688645e+00
2.483962286408803344e+00 1.093536480762625107e+00
2.290945177557137669e+00 9.822802079242785034e-01
2.427971778407782111e+00 1.075909434368417683e+00
2.382963025696680504e+00 1.021301697387480001e+00
2.362413239022101763e+00 1.009549439427373851e+00
2.338441269383872090e+00 1.001276466632390783e+00
2.420866411229074533e+00 1.088664660074183610e+00
2.379441163740504628e+00 1.108631532950363097e+00
2.303843514713729945e+00 9.756849061655458177e-01
2.346654939016656005e+00 9.883817993767164412e-01
2.379931817477904943e+00 1.041483254726243812e+00
2.537407621969441252e+00 1.143280542334615735e+00
2.399105120903328281e+00 1.084351062131204024e+00
2.458656469955536661e+00 1.126987020379248916e+00
2.303929825274436016e+00 9.885252697602195937e-01
2.359694145862162973e+00 9.924288207822820063e-01
2.484314925643182903e+00 1.147299755274824085e+00
2.392029245369776458e+00 1.073776568721616531e+00
2.456648255124747937e+00 1.049220194158247299e+00
2.422250985725963535e+00 1.037349005162226279e+00
2.471661774418543178e+00 1.077298719319087272e+00
2.423494571789911678e+00 1.096630415789765722e+00
2.380372372020495231e+00 1.002385053106514601e+00
2.398800395307371769e+00 1.043812652095136295e+00
2.481720298646166611e+00 1.131398804139785996e+00
2.421837693144952119e+00 1.059793332483816242e+00
2.515324991981869207e+00 1.088862683759929117e+00
2.449269596003310845e+00 1.113463835324481677e+00
2.418323156300885568e+00 1.100244464260637267e+00
2.380572683870655570e+00 9.916505506160345762e-01
2.460913709568068874e+00 1.111224484739977703e+00
2.406456020721919664e+00 1.118342383768823778e+00
2.439218246398744849e+00 1.084897967019504028e+00
2.359660942463378319e+00 1.019792537110756792e+00
2.403647762725908077e+00 1.046827991317343942e+00
2.364612356537157289e+00 1.022014769269074197e+00
2.417543450165840824e+00 1.061125319722127092e+00
2.412015910501083660e+00 1.097237228522085051e+00
2.473816899283274751e+00 1.116956221190829712e+00
2.560229336359936436e+00 1.156865862900617214e+00
2.427905405474725775e+00 1.136094111917075322e+00
2.534077467559125552e+00 1.143374239032644457e+00
2.418158637074900863e+00 1.098781123364071632e+00
2.389639762721688765e+00 1.026794719934711386e+00
2.315345249492997137e+00 1.010936036522696702e+00
2.342303171544623197e+00 9.978255288913312482e-01
2.387145297176597847e+00 1.073697505766125326e+00
2.376558465788566998e+00 1.044554493169497666e+00
2.380531825314212924e+00 1.026855637142525923e+00
2.498631522607850819e+00 1.181036608916258723e+00
2.402592376258250617e+00 1.063862794084305285e+00
2.385848521912885101e+00 1.033271837978133822e+00
2.435464336144985253e+00 1.019198298843323691e+00
2.440873234279669290e+00 1.090776173895974699e+00
2.346310917467480994e+00 1.015536110482483600e+00
2.422442749887784963e+00 1.146368907337736776e+00
2.403042122222890153e+00 1.117548351158643927e+00
2.461489027682531194e+00 1.087424341228719893e+00
2.343246333904653422e+00 1.020674228758888136e+00
2.458638425505763170e+00 1.075423749419069930e+00
2.369827062125352324e+00 1.075815609334725975e+00
2.389171427981158224e+00 9.951638249499271671e-01
2.319162354569878293e+00 1.025390602247597593e+00
2.460491147000631873e+00 1.082450369058958417e+00
2.358887384648904462e+00 9.927712805180162192e-01
2.383468436371057653e+00 1.044090398208543657e+00
2.394357024803055456e+00 1.069760131986234653e+00
2.396172499634920960e+00 1.001290429627763157e+00
2.366536039702332950e+00 1.052612805679610908e+00
2.424612237607899790e+00 1.078427722527226740e+00
2.328742090572320844e+00 1.056428110470960968e+00
2.320229204052349559e+00 9.610286451472231928e-01
2.388653611633329454e+00 1.047180154256194262e+00
2.352594526381428075e+00 9.893846392080046792e-01
2.379630270612427267e+00 1.019738795692674449e+00
2.441082206784234820e+00 1.088463346385432517e+00
2.449946442773179189e+00 1.100291642310587292e+00
2.564908983626955852e+00 1.111910446269142261e+00
2.337666652897562258e+00 1.002582875831073084e+00
2.320925879307402351e+00 9.734491909372631202e-01
2.481074097949476531e+00 1.107485363816855362e+00
2.396182596867508785e+00 1.097125502542356079e+00
2.404550912012285657e+00 1.043906119779157482e+00
2.465132175332618747e+00 1.113815095728258431e+00
2.548263618399474240e+00 1.172043922898818868e+00
2.358512344428787877e+00 1.047722378063842719e+00
2.302482926441649980e+00 1.013259480995782891e+00
2.455771760808884263e+00 1.075245480181416857e+00
2.449119830588094349e+00 1.121218724470541606e+00
2.294878719231355557e+00 9.571968697462603926e-01
2.492018578381780092e+00 1.132550274080357466e+00
2.433716927501836658e+00 1.116852524121209056e+00
2.433949565725191722e+00 1.101566950972451275e+00
2.447079575450416211e+00 1.058762807769738634e+00
2.350754711528999508e+00 1.019682947528927297e+00
2.345133076376369807e+00 1.010035483426599212e+00
2.293444050100374554e+00 9.614942876972583097e-01
2.333582208823573367e+00 9.695336572157723376e-01
2.318938221355796525e+00 1.039198635093333323e+00
2.265436643509013415e+00 9.897759779969429461e-01
2.416375382480411727e+00 1.087288245487342930e+00
2.452675655208074623e+00 1.151315973796176673e+00
2.390830923638467276e+00 1.033841126589633896e+00
2.501506032184605210e+00 1.189481927328080779e+00
2.336502365478377641e+00 1.047428970436192541e+00
2.446372092765702000e+00 1.104739634707736506e+00
2.468773541817623318e+00 1.099561781380896885e+00
2.492765923704533204e+00 1.103926651719288721e+00
2.425406631577780914e+00 1.054522268060860801e+00
2.284229145644441239e+00 9.641955864334870174e-01
2.447420073704987598e+00 1.039129930749793207e+00
2.346817216207668810e+00 9.633573269621493740e-01
2.450794770831091096e+00 1.117035343917431867e+00
2.440174797272145035e+00 1.061639884573351233e+00
2.440093460048179619e+00 1.036526549205482928e+00
2.455408480572375929e+00 1.096000251908158196e+00
2.468880265054203438e+00 1.106298331691748515e+00
2.455389529443015917e+00 1.185907062464705675e+00
2.470667012578244393e+00 1.133739053547814901e+00
2.418380299915804166e+00 1.028114818942510889e+00
2.392780118835756920e+00 1.093764368825693056e+00
2.352197888497035816e+00 1.074682708769907347e+00
2.290127475062162077e+00 9.663740590030939215e-01
2.390746278804145586e+00 1.015227105944188857e+00
2.354735432962953290e+00 1.021762843271714072e+00
2.261685798018262084e+00 9.211017038321951400e-01
2.452423987952181861e+00 1.098013675227570429e+00
2.359065585339788385e+00 1.040841359371722286e+00
2.508501029853692277e+00 1.135019175280446380e+00
2.465557260558867814e+00 1.145044086845332210e+00
2.335225013601392341e+00 1.020502004957255071e+00
2.357010970783453452e+00 1.048844956489947799e+00
2.249579904505773165e+00 9.413131909240323170e-01
2.312676698658868268e+00 1.007716188176445593e+00
2.408992064153794299e+00 1.006294856412576655e+00
2.357679165196820303e+00 1.018614870933516547e+00
2.312303075307579725e+00 1.017578527763125074e+00
2.421371885701924853e+00 1.084624096792196735e+00
2.346315199736186408e+00 1.001872723238834473e+00
2.315411238193561427e+00 1.002324538824381772e+00
2.460760088864443862e+00 1.042551188247401228e+00
2.445244794217718010e+00 1.127540237683600566e+00
2.477943397848273666e+00 1.118647324754875827e+00
2.384698604751056994e+00 9.936573287455293668e-01
2.496905372011098745e+00 1.047137118126642674e+00
2.306550793141313616e+00 9.961121359444168322e-01
2.470810306468661288e+00 1.098691246693771495e+00
2.490366229377680707e+00 1.123219873628409582e+00
2.295042398504104852e+00 9.950848681237990379e-01
2.481925238078579454e+00 1.112385047466208032e+00
2.345640561309314087e+00 1.006774320942072087e+00
2.458465175784613432e+00 1.088872151241535136e+00
2.390805319492835590e+00 1.096303702104460376e+00
2.399667408072294172e+00 1.037236901163172353e+00
2.388868735288619760e+00 9.859127188003279363e-01
2.510548239149017924e+00 1.168472768419286600e+00
2.489048258832420757e+00 1.080470479845060172e+00
2.471854120204088900e+00 1.052902621926042892e+00
2.284479376898963299e+00 9.844789069298437445e-01
2.460250336787981329e+00 1.037999991472150052e+00
2.314816985628024071e+00 1.030354406862333372e+00
2.443161101724034445e+00 1.089252683830768342e+00
2.334456607869144662e+00 1.014043157917808413e+00
2.416490367580268472e+00 1.094559498451717738e+00
2.412880388359761596e+00 1.059056907915316925e+00
2.326329193453942512e+00 1.042360107764535693e+00
2.362593296418711297e+00 1.074586614817696129e+00
2.431975334869743488e+00 1.078374618374286165e+00
2.434353547489411351e+00 1.080811378801506129e+00
2.401928587438940443e+00 1.114317305950021986e+00
2.410981027954686606e+00 1.085679120305594436e+00
2.459340877650912027e+00 1.062347061883445409e+00
2.295623207012433387e+00 9.410895533548373493e-01
2.408743005006046989e+00 1.068052671868323644e+00
2.446381938356850583e+00 1.073065016373097924e+00
2.379064774058549769e+00 1.072571601676015174e+00
2.461573263079226415e+00 1.072133532878652096e+00
2.332969831145734307e+00 9.983698967822309811e-01
2.392030709701074009e+00 1.049554983210608139e+00
2.352272729619835356e+00 1.016540986794748136e+00
2.463144974303625112e+00 1.123886776106557850e+00
2.402863031831997009e+00 1.056049058670165408e+00
2.367876712644874981e+00 1.019357803568152976e+00
2.448393933760393271e+00 1.130732702650377286e+00
2.428653503595869623e+00 1.094306170840382952e+00
2.428447224569352692e+00 1.086708455143320151e+00
2.438955916408921176e+00 1.012960086831572237e+00
2.371377544900814094e+00 1.057273698701294284e+00
2.394403945667621603e+00 1.054955774826211501e+00
2.452378363024334096e+00 1.089652898997111707e+00
2.352523654589255386e+00 1.071315490320375430e+00
2.444009414163965666e+00 1.023815340566503140e+00
2.414719304880121431e+00 1.063266294506568510e+00
2.319149941988776664e+00 1.004492386043864594e+00
2.351286480839965165e+00 9.865957474000828231e-01
2.396339034773936394e+00 1.074146762647729236e+00
2.470804499749349237e+00 1.070956743028584013e+00
2.427564787410604552e+00 1.096473536632073920e+00
2.371587114846861688e+00 1.027449632978292504e+00
2.346504949985244615e+00 9.856290651710719608e-01
2.419667541805208266e+00 1.157934629502502588e+00
2.355426739096455613e+00 9.608213384782084976e-01
2.416082607491751411e+00 1.058412958827511074e+00
2.467758853728609481e+00 1.115492523194920871e+00
2.250928560835795178e+00 9.513620312338675333e-01
2.418485187059051356e+00 1.117539794523230379e+00
2.307213362242991117e+00 9.812327364715753841e-01
2.387525744982863074e+00 1.070540914775828467e+00
2.538556639764181000e+00 1.123218596523190227e+00
2.301787454322957949e+00 1.004359253183306100e+00
2.375585307999508178e+00 1.010648123842663226e+00
2.502827865878550995e+00 1.108274390564408352e+00
2.356288503096217735e+00 1.065137293517872008e+00
2.360710485107418322e+00 1.076570746585550298e+00
2.426839338328036888e+00 1.085776134706952334e+00
2.419859949991673087e+00 1.018634644320772997e+00
2.320306006008174826e+00 1.066539588981345155e+00
2.407560461382354688e+00 1.042517986707067745e+00
2.405864100236491776e+00 1.100957471421805778e+00
2.430086081889002436e+00 1.038716232207067325e+00
2.511073756201811946e+00 1.122327574193348276e+00
2.303071943687192924e+00 9.819055307958732826e-01
2.309072241092664513e+00 9.818755136622827617e-01
2.418575226445747628e+00 1.066235169316575471e+00
2.303011515737954262e+00 9.790196660760628333e-01
2.369114283187789827e+00 1.079735097284851841e+00
2.378055535447249014e+00 9.993042032466721292e-01
2.313791939758516047e+00 9.511744898095518819e-01
2.486473038427356119e+00 1.094186505002897380e+00
2.332080130325872691e+00 1.078757601631668450e+00
2.431818738690334047e+00 1.097148933421030481e+00
2.444807846151281439e+00 1.090782668253333032e+00
2.413907419459476067e+00 9.830710070607340256e-01
2.310928491425633169e+00 9.686835279757617378e-01
2.373524040278138791e+00 1.058042829148640340e+00
2.394122109657446096e+00 1.026069324428694696e+00
2.469947852710960845e+00 1.096705540535468204e+00
2.487847687679725972e+00 1.125820472353935342e+00
2.411406905398420619e+00 1.061811716208978407e+00
2.348805274422232969e+00 1.028127659662191773e+00
2.442678244610310578e+00 1.121993093215920556e+00
2.416064884604355534e+00 1.020241666372975642e+00
2.294318325527491265e+00 1.015222394470686629e+00
2.398699036522615735e+00 1.028957203345005622e+00
2.407227726286727432e+00 1.084524883985607646e+00
2.399765602046942892e+00 1.034891051721608113e+00
2.427824919449780960e+00 1.082940833554632443e+00
2.432353364835420528e+00 1.057425388761544793e+00
2.383533777552194088e+00 1.015257601203357618e+00
2.394139194175283869e+00 1.067197902686324085e+00
2.375726863687545265e+00 1.040930267155068867e+00
2.418883033267544391e+00 1.111988890651270490e+00
2.789350439312901830e+00 1.386611591860452908e+00
2.291316049600021998e+00 9.719363713891008283e-01
2.465006443766185384e+00 1.081359022075004450e+00
2.305973303248643358e+00 9.701577984242136798e-01
2.317946906346328717e+00 1.007555046940726173e+00
2.364484881000410432e+00 1.074422904383960375e+00
2.419452292347297639e+00 1.099323298270348470e+00
2.418755926802893974e+00 1.081205136592410021e+00
2.266242317190529043e+00 9.742718441762916459e-01
2.395768484336267878e+00 1.032769041993607084e+00
2.383477487491144409e+00 1.052556441680774446e+00
2.439589171212380503e+00 1.052746645838052553e+00
2.436113749735095091e+00 1.104586111973398621e+00
2.348921074290102329e+00 1.006473996752528022e+00
2.492841404630675939e+00 1.120465998474140079e+00
2.393814250398229593e+00 1.094776020723218002e+00
2.454843021457596475e+00 1.063221225451940422e+00
2.402128658197936417e+00 1.040068775547319913e+00
2.419646114575168649e+00 1.031892595350923036e+00
2.387431313475585348e+00 1.030040140379354874e+00
2.509883248312593018e+00 1.125006314333769186e+00
2.367775469387993326e+00 9.973474803670000499e-01
2.351428107653487753e+00 1.067051128209658861e+00
2.517106141278572018e+00 1.170875851990914152e+00
2.241017074542761556e+00 9.274019519984546545e-01
2.395601434469112334e+00 1.038657184676865075e+00
2.328476878540516548e+00 9.818684457533269905e-01
2.411735572253067783e+00 1.079173520010811682e+00
2.522727032256857349e+00 1.182037612476989352e+00
2.473039385210676677e+00 1.143735763420668183e+00
2.369000902368815442e+00 1.029262341699079819e+00
2.397271086199335599e+00 1.038982386216549259e+00
2.367742766382096242e+00 9.988745136103941435e-01
2.463846407396688143e+00 1.096724639026517512e+00
2.376264718294503808e+00 1.047249446858958599e+00
2.496465269195075720e+00 1.088251026176978886e+00
2.360191469697454636e+00 9.994785559904125760e-01
2.375677067070725457e+00 1.047525726198523355e+00
2.371153653557782626e+00 1.045967895903197498e+00
2.535267704586281923e+00 1.142910572505772882e+00
2.344639709213649503e+00 1.001782658772264467e+00
2.363442785028393445e+00 1.061369117205007706e+00
2.309975319480807254e+00 9.966123234252065588e-01
2.395198541808680304e+00 1.080585166475436010e+00
2.366061904551322481e+00 1.068350621822176993e+00
2.382601765764266410e+00 1.007393790211446261e+00
2.274061522340045549e+00 9.522885331579339363e-01
2.355853555424781920e+00 1.045844560009671076e+00
2.538450757568913030e+00 1.101781029367656206e+00
2.342248187047729857e+00 1.018469220691936128e+00
2.430969710806918371e+00 1.092120914197634018e+00
2.400577864397645644e+00 1.061275623064197315e+00
2.436591081823476834e+00 1.062832415225042793e+00
2.407465661896415199e+00 1.076575798102224146e+00
2.448815483296390205e+00 1.138391617566206326e+00
2.382401619473939913e+00 1.023912134290948961e+00
2.383093427238503814e+00 1.053883429998215160e+00
2.468011441967620900e+00 1.134425290583039203e+00
2.252914431498893588e+00 1.003022949111878503e+00
2.402552305756945561e+00 1.053533193997253647e+00
2.364433922525018605e+00 1.018674759862710832e+00
2.342075656895104885e+00 1.032628263262704404e+00
2.424609298489555087e+00 1.073698676138672647e+00
2.383520372847421243e+00 1.058690466787185036e+00
2.301044885100550719e+00 9.993078545826568071e-01
2.404466569051876945e+00 1.086337424185124245e+00
2.300003104250780250e+00 9.913177195050755230e-01
2.345086298752208087e+00 9.813141719519234973e-01
2.381062975552637795e+00 1.021407757732452959e+00
2.381349610455571142e+00 1.066851211503399899e+00
2.312433677806512655e+00 9.996423680440595927e-01
2.404314684264880153e+00 1.026359197167654669e+00
2.406686962739728486e+00 1.053642099104059593e+00
2.381101778498137644e+00 1.074192043921113449e+00
2.399890463233616433e+00 1.059348067643120617e+00
2.396259280653643131e+00 1.011954010135462712e+00
2.341800506612443655e+00 1.066070669139957516e+00
2.422639815984758638e+00 1.108717534966866980e+00
2.399997699962455933e+00 1.048657576983129669e+00
2.550366703846664862e+00 1.200959253111311131e+00
2.455596700149827782e+00 1.064108826669614594e+00
2.344191624249353012e+00 1.043242203084232766e+00
2.422480445814117367e+00 1.091817765138232366e+00
2.377804424203256772e+00 1.018423174465875825e+00
2.409846139871695936e+00 1.014060089051390001e+00
2.379960337029335182e+00 1.046171177921426221e+00
2.531355196950099806e+00 1.157866377663064883e+00
2.383321872602526703e+00 1.036074968918784478e+00
2.262447066418273423e+00 9.846238867604817369e-01
2.283626510433382162e+00 9.744367784756443607e-01
2.401983147328244694e+00 1.055089238159922616e+00
2.432593127506239572e+00 1.092649168869921361e+00
2.400356957543918313e+00 1.032208403347649739e+00
2.445724744439428555e+00 1.087170343475688306e+00
2.365836962450211800e+00 9.849311476381410468e-01
2.456379468587955639e+00 1.121404993882323620e+00
2.457781239121460626e+00 1.144713419168767565e+00
2.317717531293262301e+00 9.697489767211008305e-01
2.332315878713488999e+00 1.005986048670940214e+00
2.437025068186042809e+00 1.028209094384849864e+00
2.305357646810466843e+00 1.019035515996748353e+00
2.374030035304347752e+00 1.036866114348910406e+00
2.443590933056814407e+00 1.108207907051022900e+00
2.498407713277745135e+00 1.111403431806743614e+00
2.467172380399286880e+00 1.161628207526790524e+00
2.388735392297124616e+00 1.044854822690932883e+00
2.433960888995909677e+00 1.128119503373327337e+00
2.357117930261361849e+00 1.025582971785595321e+00
2.392688430346366690e+00 1.056741065725031792e+00
2.368928821264434603e+00 1.057991441257871923e+00
2.646860062804431646e+00 1.216357553698593330e+00
2.399234931404214510e+00 1.100281923003198381e+00
2.479251159950274008e+00 1.090790165095578024e+00
2.384942943161541873e+00 1.075187658255479128e+00
2.575354309296947086e+00 1.142625180476569247e+00
2.334651058572411841e+00 9.806691752803958773e-01
2.445465992168794678e+00 1.086549140150962156e+00
2.475326153797314355e+00 1.114721650129435915e+00
2.442954806092608955e+00 1.101551692463122123e+00
2.479714777502598277e+00 1.128708712484734589e+00
2.470097601469094517e+00 1.154906855022636458e+00
2.404195994182269480e+00 1.081764028770132668e+00
2.398803778848407120e+00 1.035689957572368813e+00
2.466067628789511801e+00 1.092472256941567910e+00
2.307878382143381923e+00 9.919758242415571692e-01
2.531640017854495106e+00 1.125523340476863421e+00
2.271461508416946273e+00 9.529879753248547969e-01
2.508228338919184619e+00 1.137428789574315591e+00
2.355683536080601659e+00 1.056093427037119614e+00
2.335890064330349958e+00 1.063845104021469590e+00
2.436902259423583406e+00 1.144796909501851312e+00
2.363332497205030691e+00 1.018000953160675293e+00
2.431507811982347000e+00 1.077482506506728832e+00
2.458414133294533510e+00 1.110625358160500786e+00
2.418028313040973654e+00 1.077870110760919875e+00
2.381945629442196566e+00 1.009776326672120028e+00
2.302998267092994933e+00 9.878682052646886591e-01
2.393566531711072365e+00 9.844959115106873826e-01
2.424042506214823867e+00 1.033793341210522243e+00
2.350238351902671941e+00 1.048831589751364257e+00
2.402758120186964330e+00 1.064808947591657118e+00
2.358420582220698503e+00 1.004370683965734923e+00
2.400267234600116151e+00 1.072539802178974488e+00
2.410461073740737259e+00 1.002030362475788916e+00
2.435090914968355058e+00 1.096861441019816530e+00
2.458904874100783733e+00 1.160049301670310617e+00
2.399108525295396976e+00 1.054600634597993247e+00
2.363896853624507965e+00 1.091226712215888517e+00
2.420453485416337092e+00 1.103303818158086980e+00
2.461174596081042498e+00 1.063947638237558557e+00
2.489972591605632335e+00 1.117962643396328337e+00
2.502912616974143134e+00 1.125835361390349121e+00
2.486373314232022569e+00 1.106822586155817856e+00
2.355389232342723904e+00 1.023382594648061472e+00
2.360648766317707814e+00 9.656077535161922132e-01
2.383969410620330631e+00 1.045391135369544866e+00
2.462975417257154298e+00 1.148406995870725700e+00
2.347462874941169897e+00 1.012551984268957206e+00
2.303773362240408851e+00 9.099671618344823409e-01
2.303580483942155865e+00 9.876486710648699763e-01
2.485251715031504549e+00 1.091088063890332860e+00
2.293653129935585788e+00 9.697552917749523438e-01
2.389324839574446191e+00 1.047992468013211553e+00
2.447325024029744611e+00 1.089022602101537229e+00
