3.211909936494678153e+00 1.259035498946512233e+00
2.692072597072467488e+00 8.579663548246818650e-01
2.730979099794628606e+00 8.649326424895081855e-01
2.748207507918976944e+00 9.868855019737371448e-01
2.659341730207356314e+00 8.172874194492896205e-01
2.909594732663161487e+00 1.006179568829892679e+00
2.644072161441756830e+00 8.297658734988303530e-01
3.339928535837511259e+00 1.354086756923075008e+00
2.931300488894249323e+00 1.063341143283621726e+00
2.720428621844537709e+00 8.566186886000796141e-01
2.817409335045202745e+00 9.750563824729950868e-01
2.781084450977414857e+00 9.328275546232569493e-01
3.000068302658738695e+00 1.203086900151016270e+00
3.241397249282111037e+00 1.264533684127571833e+00
2.841686926907039723e+00 9.527656109909037330e-01
2.622693490568877461e+00 9.297637560776590426e-01
3.318359101458311144e+00 1.369442505932821685e+00
2.581327236438667239e+00 8.313458866010645654e-01
2.979030449456863572e+00 1.153493739309101596e+00
2.742179040973320880e+00 8.874054487831091187e-01
2.947943326299483413e+00 1.038453544941962736e+00
2.690360804910469028e+00 8.844588452241758381e-01
3.520158572189008073e+00 1.567550198932443850e+00
3.293671466016466987e+00 1.398504702408980727e+00
3.163599840103600958e+00 1.339866676129848111e+00
2.824943022932431269e+00 9.268806824101246677e-01
3.057469281303814235e+00 1.176411186366310258e+00
2.667680802127174733e+00 9.054689627668067731e-01
2.785208477018965123e+00 9.487409487061321256e-01
2.706866835867408394e+00 9.072177151156525232e-01
2.649946293117761087e+00 8.492515764761390251e-01
2.955924743714321234e+00 1.117779405713627439e+00
2.585648450905033702e+00 7.924355578719464166e-01
2.807293888995124220e+00 9.750200193494112932e-01
2.632038339423258488e+00 8.391859902385472303e-01
2.788757462010302834e+00 8.710732899382976901e-01
3.035380839819656895e+00 1.135459853658088880e+00
2.664592453676354555e+00 8.926926735504960853e-01
3.044380219998699566e+00 1.206867394580167785e+00
2.733303715285006597e+00 9.548730109757874729e-01
2.547565316002582847e+00 7.752879351400940866e-01
2.937675273872758286e+00 1.083170433745851868e+00
2.527102618782741672e+00 7.907670854000872218e-01
2.601119469018095209e+00 8.305560688005733105e-01
3.212517218338557523e+00 1.362956469900324041e+00
3.193692332783717003e+00 1.334969593552841616e+00
3.075985600053547042e+00 1.141080639192227242e+00
2.633440150550495851e+00 8.538240482273629084e-01
2.788000444812493317e+00 9.588584609292296612e-01
2.789351374330645950e+00 9.400406490061846698e-01
2.452867305602533854e+00 7.374798486176031842e-01
3.057196328073047198e+00 1.175032688751380672e+00
3.041507422335106625e+00 1.135742384590250786e+00
2.716228736993285597e+00 8.686917056845857577e-01
2.868199519710201706e+00 1.003291526710833548e+00
2.638143039107163634e+00 8.750667534355914823e-01
2.794788522049116875e+00 9.227770673631947584e-01
3.109250623610800623e+00 1.205664424826498271e+00
2.624203875374752304e+00 8.657699158859922806e-01
2.665275337511896492e+00 8.857275895777640962e-01
3.178690818544890107e+00 1.270439244311451610e+00
2.688225056744973251e+00 8.641267752194948804e-01
2.616552602333619859e+00 8.459709804513442233e-01
2.767067619446410998e+00 9.247946586293080973e-01
3.070810616717023489e+00 1.140771851343518994e+00
2.703311231467934395e+00 8.357323247605050742e-01
2.782814317899350076e+00 9.200361138045028975e-01
2.571436960625189005e+00 7.944847608605878353e-01
2.936554482671008159e+00 1.115962285843685731e+00
2.572227430062752784e+00 7.466979686799026794e-01
2.886777359857325642e+00 1.005127513079225210e+00
2.716563165212059872e+00 9.515537791543996482e-01
3.075018679058606264e+00 1.213700272536604174e+00
2.798772996649972811e+00 9.652584854974161077e-01
2.801397983014441095e+00 1.005405195706584376e+00
2.790013271160951991e+00 9.484057135656471793e-01
3.155659297120210649e+00 1.281675488658365003e+00
3.281059092612204076e+00 1.388118803734558426e+00
3.031948239944864287e+00 1.052907629102540765e+00
2.680251453809260997e+00 8.380009067678856338e-01
2.578115814643933135e+00 8.229175519961327012e-01
2.484221020277502578e+00 7.452654825515605541e-01
3.048343369381000922e+00 1.254911931714804751e+00
2.939720675579523768e+00 1.181987841133681716e+00
2.616904846787394767e+00 8.222815590550027753e-01
2.718181933052225219e+00 8.624868608024015559e-01
2.846215356552815656e+00 9.428615759757251746e-01
2.690740887659771818e+00 8.827182714080236137e-01
3.011548923642576980e+00 1.163722495855423089e+00
2.694392898415609139e+00 8.648338656069197716e-01
2.758623324486586537e+00 9.847398320427271923e-01
2.996098356000509000e+00 1.034163457124768426e+00
2.814307248378518977e+00 9.659878638997220213e-01
2.864027206016646510e+00 1.046699971282211594e+00
3.320328411206223684e+00 1.412806936336143959e+00
2.837306985592918274e+00 9.907677490303181678e-01
2.806247232854668372e+00 9.560910551037408167e-01
2.613883199330155005e+00 7.910843612851615747e-01
2.776820546653488986e+00 9.647316385383355453e-01
2.603004539248324978e+00 8.331214264434437800e-01
2.725771539843067970e+00 8.426048395829385251e-01
2.825268170699209325e+00 9.814617733731888505e-01
2.962183950741469562e+00 1.055564751264280066e+00
2.686916426573860317e+00 8.978105454715961109e-01
2.785850176119279986e+00 9.592641305250760864e-01
3.124368530645153186e+00 1.232287872844095800e+00
2.956437249833214320e+00 1.047000347474459359e+00
3.083856684585854158e+00 1.218774903374385765e+00
3.040966594969793046e+00 1.143808384728554062e+00
2.625872016240893725e+00 8.204064292340271791e-01
3.253458666391337850e+00 1.384644125143105642e+00
2.954345073892724383e+00 1.121847451542477447e+00
2.761823939257812111e+00 9.598685206879664644e-01
2.979202214513644975e+00 1.173207064310809900e+00
2.683509900969993200e+00 8.900099245954185001e-01
2.847129870470068269e+00 9.938085984945367324e-01
2.761078447372975475e+00 9.169666676729004706e-01
2.591705513943339145e+00 7.643638671759205305e-01
2.705201111564222938e+00 8.635302406945497555e-01
2.790926743194623416e+00 9.004655471275672118e-01
2.604005177600675403e+00 8.566304631571023398e-01
2.688144994491763473e+00 8.792156438831508769e-01
2.806843503353099400e+00 9.856642149063824521e-01
2.737729110737458171e+00 1.013016707505150382e+00
2.685087153898401802e+00 8.530814453605467529e-01
2.729313793093904206e+00 8.625353524915134740e-01
2.773223977846547506e+00 8.851626564011773057e-01
2.759832134156051442e+00 9.126928314084551408e-01
2.952081759743311107e+00 1.149475132072129480e+00
2.609935353533358260e+00 8.028567195246992805e-01
2.686530167103430955e+00 8.430887000420613786e-01
2.769903079701792503e+00 9.647022431688204724e-01
2.887273105300674381e+00 1.017136670335332838e+00
2.726400492134746667e+00 9.378994000825658928e-01
2.663853027157792486e+00 8.107582772819222905e-01
2.965427355468046144e+00 1.120362131838116948e+00
3.153426803394121070e+00 1.206567749330845540e+00
2.998876736650420316e+00 1.159807426507485362e+00
2.973909596447078307e+00 1.133714214658558372e+00
2.904530104094198428e+00 1.003675972316778298e+00
2.527637680294591238e+00 7.491021695707651418e-01
2.901798935690612868e+00 9.628976707904639554e-01
2.993376775487191388e+00 1.193594490949818177e+00
2.774924327309525651e+00 9.177727547238113681e-01
2.694850389214104691e+00 8.865986828711974743e-01
2.596349832305190564e+00 8.080044553475853597e-01
2.633999791916096012e+00 8.125723434772490483e-01
2.860244261232830265e+00 9.757552333863626082e-01
2.799168679213794864e+00 9.037379309851423237e-01
2.752158068356958864e+00 9.960127681703226932e-01
2.614172856956591851e+00 8.400100682543738539e-01
2.932194221613961815e+00 1.157830628187903166e+00
2.699268332631864276e+00 8.303507650578010324e-01
2.983660897329015516e+00 1.184533817681174384e+00
2.659540598796182209e+00 8.581512271465190356e-01
2.550803746714378484e+00 7.634438378119516866e-01
2.842069834163687858e+00 9.578888457065845019e-01
2.600755474899690611e+00 8.938022101901303973e-01
2.958897463735496558e+00 1.150002257001099926e+00
2.904024953924577712e+00 1.023701968320628763e+00
2.809304984731656685e+00 9.652782135226805060e-01
2.817316437682384489e+00 9.358665212862746774e-01
3.124703949112151768e+00 1.265674273551671503e+00
2.818450453479933948e+00 9.423401452690752800e-01
2.540192310475452242e+00 7.905119992661704398e-01
2.814095028622684236e+00 9.423272381161774680e-01
2.939478840514876623e+00 1.090830737334236078e+00
2.653026496937101353e+00 8.221072081251733499e-01
2.727905576825047973e+00 9.061756393634038398e-01
2.622615151822901058e+00 8.491788449219866974e-01
3.032100099753226363e+00 1.125924504966954398e+00
2.615036677536257237e+00 8.191583473743307975e-01
2.890890574326870244e+00 1.007920781943331789e+00
2.991889153909200072e+00 1.164227173952725902e+00
3.009711619398948379e+00 1.099720828606306267e+00
2.990376862771314759e+00 1.179447780656130984e+00
2.806524827513865894e+00 9.987460674601542632e-01
3.318234996074706178e+00 1.475823860006189925e+00
2.973641754586556107e+00 1.097352539633063673e+00
2.625307970915754741e+00 8.253459886596616890e-01
3.002941039594392958e+00 1.092402575620314842e+00
2.724304094484118366e+00 9.171403355373121125e-01
2.647631438286028871e+00 8.760108862138876740e-01
2.759270458277652605e+00 9.275092292160114216e-01
2.811317459514381056e+00 9.088072998855889484e-01
2.573901872359504406e+00 7.858207501600842360e-01
3.423623572810998716e+00 1.493112078050037095e+00
2.647295295925052638e+00 8.606866501053646035e-01
3.228082782044668697e+00 1.354088754533135264e+00
2.894998901468594177e+00 1.035081107315699578e+00
2.760312444184743974e+00 9.342495573244279372e-01
3.145335215477106150e+00 1.283031457014653709e+00
2.874440602390314847e+00 1.126260582438759483e+00
2.755659523930149568e+00 9.604311915300756120e-01
2.791471320315645599e+00 9.191510780543045156e-01
2.705023346782313265e+00 9.021141662093694613e-01
3.011971649915422766e+00 1.177040277425428938e+00
2.832933731429653879e+00 9.944703822039970831e-01
2.839824720913449063e+00 1.066550928320759706e+00
3.220205216324373509e+00 1.300884445945757140e+00
3.102229409989351261e+00 1.242823307059899740e+00
2.742103442806117730e+00 9.630460274840767498e-01
2.717533531535629709e+00 8.957527524988018186e-01
3.089128076807319712e+00 1.172260250593164299e+00
2.824207905451947553e+00 9.562402798189288955e-01
2.865869901632637884e+00 9.485204657072010548e-01
2.712883573254814884e+00 9.162736761109577799e-01
2.821875924171273198e+00 9.706315851545956885e-01
2.870205864563188936e+00 1.055043289988103483e+00
3.007160915817845837e+00 1.179136917787062311e+00
2.819035534675867982e+00 9.732514091372123088e-01
3.049641705639464018e+00 1.135544307888944671e+00
2.958952761857549518e+00 1.099545676004195505e+00
3.097430423287565127e+00 1.309740037828638570e+00
2.793869597506302149e+00 9.414970124105203064e-01
2.811493638686314966e+00 9.479768962727083137e-01
3.432331859477640190e+00 1.605460760402739551e+00
3.115653771684993245e+00 1.292086815407192280e+00
2.570699573320100129e+00 8.031528238240601691e-01
3.019838981143317724e+00 1.175701543849557051e+00
2.540877584777921250e+00 7.768914748298313411e-01
2.675940128412617636e+00 9.042848629587879605e-01
2.835411025459170897e+00 9.734236047522818458e-01
2.773425283087382454e+00 9.284950147770700823e-01
2.942978788433789461e+00 1.041858386104613121e+00
3.139399715110852807e+00 1.234292015964431721e+00
2.473938407835583941e+00 7.653478671969611291e-01
2.941491786568698696e+00 1.058455003597586375e+00
2.825347753178714783e+00 9.634535144395809381e-01
2.521890282134769734e+00 7.565349832010563880e-01
3.738390748391813734e+00 1.808724514304519415e+00
2.783402310693268156e+00 9.360724805683192651e-01
2.596061040970722988e+00 8.246113621760047252e-01
2.978063602802000442e+00 1.139676412375219217e+00
3.070090584927814614e+00 1.244824568319113034e+00
2.980080599360517724e+00 1.108161313444600005e+00
2.758205667126437444e+00 9.512447136174478901e-01
2.833870628539234104e+00 9.572661016090708852e-01
2.652117782209927555e+00 8.655079827434476458e-01
2.813161478052948805e+00 9.471301913492831126e-01
2.640379014090631582e+00 8.294208609128350673e-01
3.015769001737864663e+00 1.157114342355751946e+00
3.108132443605656547e+00 1.242111284437917851e+00
3.068076115491144229e+00 1.168300100680522924e+00
3.041381420253316925e+00 1.200527951571101148e+00
2.720763576993740607e+00 9.001461070880671933e-01
2.718512084579548294e+00 9.167421959983860225e-01
2.920713476203785852e+00 1.015264819465089952e+00
2.804892232134296837e+00 9.150433011859582244e-01
2.749128904907866211e+00 9.651166286475990619e-01
2.810292383892516455e+00 9.843163188544973297e-01
2.947116764290644841e+00 1.085601259723186329e+00
3.047034133681074231e+00 1.119878110090572143e+00
3.090540564544201008e+00 1.239185884073601418e+00
2.692134166905176151e+00 8.924268192657935916e-01
2.882159495002281968e+00 1.060709084003064850e+00
2.933794013894391206e+00 1.195345395110231745e+00
2.670554583578641950e+00 8.471425955244987760e-01
3.550668770848160349e+00 1.682727078955572386e+00
2.960450805128125307e+00 1.125930995950179980e+00
2.821503501726596141e+00 9.702309771292424445e-01
2.635370967197184555e+00 8.648792488785183030e-01
2.975983097611142547e+00 1.164162427393341082e+00
2.687769490899240221e+00 8.726588194439550694e-01
3.513647523732618350e+00 1.682516962354990930e+00
2.734389504945128113e+00 9.428526275879317575e-01
3.157764949815290656e+00 1.332318600126581654e+00
2.893086083761190697e+00 1.020933865306204780e+00
2.602633267007451234e+00 7.974193350047013018e-01
2.685222905498902524e+00 8.881983775957694727e-01
2.725544075693500545e+00 8.972728433798641268e-01
2.611519307702302672e+00 8.592087954178009301e-01
2.773485913795591173e+00 9.506281149745012815e-01
3.332544214217850964e+00 1.344213975213888190e+00
2.861630213306847192e+00 9.918009616662876171e-01
2.748603948875302461e+00 9.088417340609784567e-01
2.714552022211248694e+00 9.360145194315049322e-01
2.939295834591134415e+00 1.104096131440319928e+00
2.639274004226075387e+00 8.451352268800028655e-01
2.741640464283436440e+00 8.808784264534890163e-01
3.044344385960468635e+00 1.168102546036708489e+00
2.540885074899724039e+00 7.838969015577470500e-01
2.702513522026293025e+00 8.873063790713501264e-01
2.749695454105382630e+00 8.585386364049668595e-01
2.668401563241333374e+00 8.593804558704992713e-01
2.789435694184121406e+00 9.311744209622112578e-01
2.650969870330755818e+00 8.820796460784969817e-01
2.817024999593194856e+00 1.010536760064047357e+00
2.756273191059445349e+00 9.238244881171461254e-01
2.660818905689140035e+00 8.449080646271980299e-01
2.689134660213100325e+00 9.278727030696061195e-01
2.626245661665044029e+00 7.904752914532719998e-01
2.678630849728293573e+00 8.659469232155881935e-01
3.246715064803241013e+00 1.284583732297553738e+00
2.724232329184814727e+00 9.014208703074988449e-01
2.701447983391983776e+00 9.228669578607004986e-01
2.983413020059342280e+00 1.193389017358272630e+00
2.555391625343162332e+00 8.023667608033104859e-01
2.946885650835058712e+00 1.028132318197454431e+00
2.479533902068487894e+00 7.664442564576103845e-01
2.707428217134828952e+00 9.235867779157864721e-01
2.711561934165858556e+00 9.301578561818264479e-01
2.930505376357358305e+00 1.070483234839036735e+00
2.630319034885020280e+00 8.427129910959048065e-01
2.672444576381589165e+00 8.322891037765517419e-01
2.721577988520848645e+00 9.129684161464445280e-01
2.641782454896733245e+00 8.662479984508658637e-01
2.666670536218278098e+00 8.783625015303554440e-01
2.994221374216712750e+00 1.137532347716731396e+00
2.646080214725158086e+00 8.078421345623449934e-01
2.962666014730286790e+00 1.110105839822457696e+00
2.575618580831290583e+00 7.721732357222476084e-01
2.594416078877006981e+00 8.053880470485923482e-01
2.807673857837790443e+00 9.470787872156650744e-01
2.773112548260395549e+00 9.158566492010338234e-01
2.658785206690679193e+00 8.736227950243468099e-01
2.746068515172291225e+00 8.585013633566396241e-01
2.865040100233288811e+00 1.076097521628470943e+00
3.139047741555585525e+00 1.210701300811968917e+00
2.834758626350782240e+00 9.571112845249417633e-01
2.951366993855435439e+00 1.055864965773299025e+00
2.722081431875736257e+00 8.803689567906952673e-01
3.092967423254510795e+00 1.112818671151476702e+00
2.775395061314889222e+00 9.029377183309390542e-01
2.733048148300318392e+00 9.425493952458353641e-01
2.813681148948470323e+00 1.053614727767830717e+00
2.992105597226486058e+00 1.165546819828370495e+00
2.743546135867113378e+00 8.517925329061875050e-01
2.591021096187124950e+00 8.664230017785283788e-01
2.960198765082434402e+00 1.020552525497031127e+00
2.836488142826368186e+00 9.901915452316440991e-01
3.096041865017692185e+00 1.153103662051138123e+00
2.685487643540874991e+00 8.685196061583960736e-01
3.140087485333721951e+00 1.209422437925716132e+00
3.433858009541954193e+00 1.410845274266332439e+00
2.926998516461922328e+00 1.107670473300955027e+00
2.795268362898710723e+00 9.478775422314186239e-01
3.024962815529209426e+00 1.158331489330685971e+00
2.944090850867500997e+00 9.858520677242985641e-01
2.840107978330576710e+00 9.709179115287167594e-01
3.125807254666484791e+00 1.338098652859501803e+00
2.797140210300959939e+00 9.140482115731335400e-01
3.027810715344728454e+00 1.213378887409534368e+00
3.041866999102377900e+00 1.264184042474278957e+00
2.638001717589216533e+00 8.347516956514913211e-01
2.904558039146257542e+00 1.003249850769082574e+00
2.809671266851234694e+00 9.589813041592740728e-01
2.546614256052131431e+00 7.718958955913599596e-01
2.824872549165747149e+00 9.747186770902764863e-01
2.635394883732699256e+00 8.217168299429989942e-01
2.795802265420728183e+00 9.824041062071471320e-01
2.741928990819192169e+00 9.443589770217488688e-01
2.953401420982169068e+00 1.117238667620637615e+00
2.680106684216222224e+00 8.691818818862598883e-01
2.659649801960113358e+00 8.850568450409225241e-01
2.980153340256512795e+00 1.080725399086818861e+00
2.612504047540313401e+00 8.574192623561803783e-01
2.733877246328217936e+00 9.085035044442751895e-01
2.706959769759719414e+00 8.924651864817969571e-01
2.769641563138824036e+00 9.441134255631932204e-01
2.665833346983925267e+00 8.084230362761359867e-01
2.572968578108373983e+00 8.055124741501802355e-01
2.701964070817151953e+00 8.749821723200992274e-01
2.988169762198912505e+00 1.146817049092750729e+00
2.627591712469924179e+00 8.297138143480139449e-01
2.937792400536604731e+00 1.117502096762270636e+00
2.928003644146397910e+00 1.060094214768042997e+00
3.440117918615694048e+00 1.625287116147828170e+00
2.812510138192899856e+00 9.968940225731558469e-01
2.753091940387524250e+00 8.628668790069848882e-01
2.654316554035272446e+00 8.567007254422661644e-01
2.722078049797662658e+00 9.333541510831020460e-01
2.979597966038272094e+00 1.145706458271912087e+00
2.818354838833327047e+00 8.949899485863290760e-01
2.942712982296281865e+00 1.096161604794377409e+00
2.619031704151173923e+00 8.346596543850391958e-01
2.708633188595229946e+00 8.689604006426793203e-01
2.834847342488445054e+00 9.773398434861413353e-01
2.772094366396220977e+00 9.101148509637233541e-01
2.845748854433993280e+00 1.003300462579202135e+00
2.722841320029494305e+00 9.055123529014424966e-01
2.902603826472261339e+00 1.001493859716021451e+00
2.700971004746171467e+00 8.642325803065754597e-01
2.612109693813436717e+00 8.462527330373501577e-01
2.887378600726643985e+00 9.989245826595182232e-01
2.839342550805878496e+00 9.558855234284819868e-01
2.965478295185263846e+00 9.891395928192787679e-01
2.698369841992012574e+00 8.397891981837607434e-01
2.669515314329260036e+00 9.181954368040977643e-01
2.610763395713874058e+00 8.679689470106229932e-01
2.616131836062391081e+00 8.240030475201826077e-01
2.762849609383556615e+00 8.751251565323160397e-01
2.632005834546559342e+00 8.750161291495159865e-01
2.917710132784605559e+00 1.079570190372338701e+00
3.029057082205728779e+00 1.195897878298834316e+00
2.707684850288142986e+00 8.798005303417701928e-01
3.036572247748584363e+00 1.125778594755583173e+00
2.802447599706678893e+00 9.254755396608969065e-01
2.593372796266213420e+00 8.111164922799003474e-01
2.772062162859963763e+00 8.993482094353160150e-01
2.616351256576809892e+00 8.391331011489361336e-01
2.928381150420066081e+00 1.117123823823076290e+00
2.793820939509115586e+00 1.002653773998260167e+00
2.567164805867085509e+00 8.097517949432956330e-01
2.698023209756526430e+00 8.765252040587241389e-01
2.659322007141146749e+00 8.281267055417083078e-01
2.990817159308750917e+00 1.166021874190528829e+00
3.289618695848238961e+00 1.356369709743769025e+00
2.627290242762542416e+00 8.879934461209172403e-01
3.075833404294134876e+00 1.273200678012948561e+00
2.966978383855172208e+00 1.061381768949439808e+00
3.020482970836674497e+00 1.169639702838247475e+00
2.900727693858565992e+00 1.026348994810383664e+00
2.887355552131173564e+00 1.059766951469038876e+00
3.142811429394241518e+00 1.245063421118097091e+00
2.985743492848670133e+00 1.076567124801178554e+00
2.680207475202330603e+00 8.330488518340396498e-01
2.812852794402196377e+00 1.016669989510202043e+00
3.036176495039075274e+00 1.246664749297146324e+00
2.487054902352485275e+00 7.866201474650041936e-01
2.566637072600643776e+00 7.968967299511424685e-01
2.753149565491033623e+00 8.487928893433598354e-01
2.899336807250628478e+00 1.109857130067167130e+00
2.871900841466611176e+00 1.053017985677744406e+00
3.201716852086659681e+00 1.277509419963337667e+00
2.654304583683653629e+00 8.687196666261866040e-01
2.943458500876039441e+00 1.079873135764810588e+00
2.872248306610621249e+00 1.079141044763695101e+00
2.537858863464507397e+00 8.151625460488772790e-01
2.558879759135445298e+00 7.779846958928473555e-01
2.737391150821668617e+00 8.895053687543381660e-01
2.785876076860876349e+00 9.248274188934829665e-01
3.302358885272536959e+00 1.375151535968618832e+00
2.634528244898761251e+00 8.294987288558494098e-01
2.697291614304599516e+00 8.860141302521082896e-01
2.542855172264474994e+00 7.651685123750037176e-01
2.582772649100344875e+00 7.844254872877887141e-01
2.897525008848187866e+00 9.972891443730026451e-01
2.657888760270225248e+00 8.688259262984332487e-01
2.568855378956176772e+00 8.146851018146680223e-01
2.999124443779308535e+00 1.161527219948683687e+00
2.997488957782310504e+00 1.153670660802587289e+00
3.026541343691546260e+00 1.176411649746300192e+00
2.810806568509445658e+00 9.717999972382694862e-01
2.694661266520428367e+00 8.474580107707299081e-01
2.540610332343623323e+00 8.477655926366846062e-01
2.711350465522809561e+00 8.980307547140425894e-01
2.813247379275965354e+00 9.172829587726557543e-01
2.936059782290031173e+00 1.101954464446556869e+00
2.626277017608643405e+00 8.682468804063587786e-01
2.527560648399653775e+00 7.940242815957169187e-01
2.741763691394007996e+00 8.998480123320182766e-01
2.643586358796292668e+00 8.438865000010440376e-01
2.646055410394226648e+00 8.843043437073742075e-01
2.881472117076876227e+00 1.059356844253664276e+00
2.853098531021155182e+00 9.967683802961331274e-01
2.842495507941094512e+00 9.767209239401627441e-01
2.701092160328241398e+00 9.581437061797124510e-01
2.981182631489826651e+00 1.093850770255320626e+00
3.286921500684885977e+00 1.346527938706124194e+00
2.641322671087575014e+00 8.268638588975696369e-01
2.748809286008671027e+00 9.184904520356157454e-01
2.681250652819640923e+00 8.839621085845907889e-01
2.931403957954375361e+00 1.046788263685908715e+00
2.566351701207920222e+00 7.852434754073347456e-01
2.851381123406912632e+00 1.019934761857631544e+00
2.636308859397960447e+00 8.323015194985463605e-01
2.717005944816933027e+00 8.585581111370313989e-01
2.631504016144837532e+00 8.776716133064418335e-01
2.666226238923922853e+00 8.618675385802577749e-01
2.684012314906899732e+00 8.831143046816549713e-01
2.606820865731137360e+00 8.033757432183946667e-01
2.725975162114683492e+00 8.564416996866081044e-01
2.651837512267796182e+00 8.728398826971790481e-01
2.651669055206590908e+00 8.534283439682688321e-01
2.788733322588314856e+00 9.096558991459039456e-01
2.686707089449493768e+00 8.673622926136586031e-01
2.652302965354947695e+00 8.706734772696484992e-01
3.164117801677311714e+00 1.342777430486007617e+00
2.942761370024886247e+00 1.087811377666344059e+00
2.945963461120332028e+00 1.107485008171185337e+00
3.047624577256932810e+00 1.217969187970459721e+00
2.645298231444753956e+00 8.956050596499982586e-01
2.622663954862194835e+00 8.622067228731026267e-01
2.861111626268998176e+00 1.023316154480480078e+00
2.609890438785519073e+00 7.787281613533775237e-01
2.827873799283438849e+00 9.777160048362405487e-01
2.854808279399181803e+00 9.582284628547403926e-01
3.139261630682014470e+00 1.222969450325483987e+00
3.024704617728340761e+00 1.140385110915139721e+00
2.803003762001422761e+00 1.023769355284987581e+00
2.521275989223958458e+00 7.913080176740825422e-01
2.739728263323463420e+00 8.963576918145559347e-01
2.618311328544893790e+00 7.908531396291829108e-01
3.039600161659024913e+00 1.074111496791500864e+00
2.764142438764633170e+00 9.540332187559640298e-01
2.898124400645636367e+00 1.034064801090319730e+00
3.135828432971166091e+00 1.255932807058447231e+00
2.676234581156121450e+00 9.444075821503776780e-01
2.998102727196554795e+00 1.184291413663653536e+00
2.891910801070390669e+00 1.006977676414475553e+00
2.600067268202120641e+00 7.950910508127916332e-01
2.978568862315476462e+00 1.209701793240229417e+00
2.722435290807969643e+00 8.636467384592333429e-01
2.732728052564262100e+00 8.937686173060853667e-01
2.733155112767050809e+00 9.327615909268931471e-01
2.605923967099881722e+00 8.848150235449424583e-01
2.827927506642219591e+00 9.395699410986415590e-01
3.058497810371501924e+00 1.160586084674104290e+00
2.999473838834810557e+00 1.129548680338757549e+00
2.873659910834106768e+00 1.009756835349670201e+00
2.841103777440816103e+00 9.602167257124910593e-01
3.088667857355384960e+00 1.236104042906218670e+00
2.690469462929628630e+00 8.951866255571089281e-01
2.654773535838566456e+00 8.167510432789948371e-01
2.624633059758231912e+00 8.042395237139539077e-01
2.703017145030889079e+00 8.580069382777387732e-01
2.788747271877567879e+00 9.344991456462717894e-01
2.791136262756135356e+00 9.903082887105607579e-01
2.748911928556899475e+00 9.379132936158153244e-01
3.102937573061733900e+00 1.278775292929971386e+00
2.816629561154931682e+00 9.593534681840624190e-01
2.534811423612923775e+00 7.887647565933036953e-01
2.962660115096045654e+00 1.076377228986985068e+00
2.727875432067644379e+00 8.669875882683013568e-01
2.470127876105030484e+00 7.437095506341884210e-01
2.681668465850273630e+00 8.822116443169256694e-01
3.087646889198219835e+00 1.214106358066820990e+00
3.043115173373925231e+00 1.155488142692057574e+00
2.885789145201947292e+00 1.024772731361619504e+00
3.060032811431155242e+00 1.205978077452826369e+00
2.637379056708315517e+00 8.318603131677568818e-01
2.893974377503143902e+00 1.000948452012299761e+00
2.840652238328426282e+00 9.843880151367809805e-01
2.756013745008029314e+00 9.384933954737075812e-01
2.810791873546043096e+00 9.248365388331227788e-01
2.950106741227776830e+00 1.032853726054098864e+00
2.546485370679937077e+00 8.182474828224686192e-01
3.052826716315380384e+00 1.163330830994573573e+00
3.000483884355724218e+00 1.003699635008515001e+00
2.774208648866763660e+00 8.802243911695167844e-01
2.583985360934691222e+00 8.135539321317545314e-01
2.854602055709066555e+00 1.063308512743808443e+00
2.586782038620737634e+00 8.032359366467612949e-01
2.583184017292670109e+00 8.652227271278827292e-01
2.709146940059135922e+00 8.742620191591696788e-01
2.561111105064514781e+00 8.183312116825482985e-01
3.045410676185367205e+00 1.161291930098312664e+00
2.727824245820091864e+00 9.293530407935870485e-01
2.871777606369552593e+00 1.041931825818785518e+00
2.605105095149488292e+00 8.573255070787547671e-01
2.750454460680335611e+00 8.997378458481616326e-01
3.034720832031823079e+00 1.220857066285873760e+00
3.470795399694279748e+00 1.701675622394903220e+00
2.807056369685333230e+00 9.399459545829333962e-01
2.624259450788014814e+00 8.401911940035934334e-01
3.246726267117102438e+00 1.351455899650703563e+00
2.918975643510334450e+00 1.029616981169992007e+00
2.767083364185324079e+00 8.979642219898621436e-01
2.945132658373123213e+00 1.035371305946382270e+00
2.592296824819908085e+00 8.286133919358660282e-01
2.829166894459704817e+00 9.905354456756473303e-01
3.094053326638652734e+00 1.213235747077629600e+00
2.629832190438147421e+00 8.646201875694494721e-01
2.835427244348076581e+00 9.532236571377591394e-01
2.813564437335736912e+00 9.712378943200561388e-01
2.779490823724072079e+00 9.748469017627529043e-01
3.008134401506900257e+00 1.109756829099100006e+00
2.717864701590941401e+00 9.173784859784345214e-01
2.619904280214530701e+00 8.293105091950045971e-01
3.082261029944423747e+00 1.141463705999518297e+00
2.661183961419443023e+00 8.784844032929993718e-01
3.007149720854263908e+00 1.197164916438973270e+00
2.817899472543475614e+00 9.618145163046166735e-01
2.607197932224300185e+00 8.737670864466199339e-01
2.845158159601005821e+00 9.834017060167684621e-01
2.925557915351196137e+00 1.051338686458827443e+00
2.640558921513998847e+00 8.711432625969934840e-01
2.524289481771835320e+00 7.696694047334460276e-01
3.123152368704221971e+00 1.254707616773433676e+00
2.988753655091390904e+00 1.077905988839076956e+00
3.037749029884290852e+00 1.208888790936895941e+00
2.755417367747137192e+00 9.363661680388192243e-01
2.641063666889470696e+00 8.568740169584677657e-01
3.063984504439376089e+00 1.147835783525916975e+00
2.599700986242902356e+00 8.168003961690742942e-01
3.357086772288838450e+00 1.379553183325039178e+00
3.617205315568535084e+00 1.726081869723679496e+00
3.225867694870482971e+00 1.335017714403363698e+00
2.633038416899192935e+00 8.842655714343956586e-01
3.083570507284345563e+00 1.179056238556614788e+00
2.767429852100746768e+00 9.310884381127134679e-01
2.785938702211946172e+00 9.724940190562907372e-01
2.677085303106945258e+00 8.327297607743228136e-01
2.702216895236780214e+00 9.232621066723052383e-01
3.200411754198577263e+00 1.276746472366867335e+00
2.984279504098672042e+00 1.124782484878105171e+00
2.978966794348348213e+00 1.137242384599372436e+00
2.899305324655160554e+00 1.053974932932902675e+00
2.736564154338869681e+00 9.049120944427926361e-01
2.779896209431812704e+00 9.543951346877541653e-01
2.743856119511301817e+00 8.959085874353794887e-01
3.080834463730749651e+00 1.204025671198487357e+00
3.002024682764772301e+00 1.118385497668969109e+00
2.617945554822549425e+00 8.432522424390503923e-01
2.565209538476324269e+00 8.164194792404713130e-01
2.559660971134150476e+00 7.909325169637312358e-01
2.819523273729677815e+00 9.508742739857917181e-01
2.589972484884196291e+00 7.723156424904566997e-01
2.816640067695040273e+00 9.180462333839739530e-01
3.110987499652145161e+00 1.205121388903896751e+00
2.793011198801056860e+00 9.379276875858522100e-01
3.046179557434689045e+00 1.135120641765920979e+00
3.097494226316408028e+00 1.286820369453675061e+00
3.037554251148995021e+00 1.169785961084694348e+00
2.622667925336785277e+00 8.037491875398590224e-01
2.635612600115419202e+00 8.592627412011041299e-01
2.820125783298016664e+00 9.452749383029604990e-01
3.138775275164857881e+00 1.150627713445457667e+00
2.597362547399752586e+00 8.097880704837968624e-01
2.677943942553019596e+00 8.869812038465207937e-01
2.605122963913564238e+00 7.598074963495935474e-01
2.827626202570605152e+00 1.027294439249291758e+00
2.669808231877726090e+00 8.307264046891303932e-01
2.944178522964489897e+00 1.097654041067387842e+00
2.912531223505039346e+00 1.062717787338911091e+00
2.673849558554447725e+00 8.892731867889447361e-01
2.675466173758491273e+00 8.654540096087380840e-01
2.789036282845127612e+00 9.272199531897030722e-01
2.860328388439909553e+00 9.858547896573006675e-01
2.672980285581187498e+00 8.182100651945922731e-01
2.835038552204828477e+00 9.919196979735678266e-01
2.827006010142950387e+00 9.477653848799618697e-01
2.587910025193477459e+00 8.655468450693704074e-01
3.158408305858847243e+00 1.316087342012463912e+00
3.086367091893198467e+00 1.258194710400225347e+00
2.674144309841503642e+00 8.538962555315168235e-01
2.789133340421275697e+00 9.552644212757359643e-01
2.582674187542851829e+00 8.542456041878951911e-01
2.856617520756362882e+00 9.674949348993815423e-01
2.559680935316510642e+00 8.227801133823358093e-01
2.685520875830309961e+00 8.546181112652053713e-01
2.894444796409580523e+00 1.001412848780975917e+00
3.071102768984617537e+00 1.207892509659866498e+00
2.832545395112111564e+00 9.061492365149025341e-01
2.667130107396076255e+00 8.184501478582864031e-01
3.040174356695028113e+00 1.203929551325997327e+00
2.562923014827184875e+00 7.963674841109524838e-01
2.984532063154665682e+00 1.159814610320637485e+00
2.888484365918174035e+00 9.848339088534514563e-01
2.991789229249979254e+00 1.114782893484550730e+00
3.148855325321379350e+00 1.185938841860971538e+00
2.799836918924186069e+00 9.468479227121302522e-01
3.304163895677139973e+00 1.427225828500369609e+00
2.643319245447140808e+00 9.057311733285159372e-01
3.088851811277802728e+00 1.237102619804467452e+00
2.875551404261559529e+00 9.855627759236998964e-01
2.720323836494617176e+00 8.079151543032857541e-01
2.966576860456636933e+00 1.068447959511112044e+00
2.974884620399226520e+00 1.079406773451806467e+00
2.800512768053908363e+00 9.976818493704209256e-01
2.643114410881310494e+00 8.238777574265445658e-01
2.676446483161728729e+00 8.662297962238276750e-01
2.733855082887548082e+00 8.909878072890976553e-01
2.821639853233779860e+00 9.616722348731946424e-01
3.119955116080660673e+00 1.237575012268243624e+00
2.621436630500610043e+00 8.254985045208118599e-01
3.054974956542486630e+00 1.189793200777048199e+00
2.723531557472552489e+00 9.714209557769742931e-01
2.849711864690872343e+00 1.002344495887647735e+00
2.821283600464332686e+00 1.017106593923079672e+00
3.040665814280036905e+00 1.068580971305524319e+00
2.955435164709073081e+00 1.063810876743586986e+00
2.601646756419754958e+00 8.710234403011336557e-01
2.626811540253437549e+00 8.747252614106919566e-01
2.657885623858556645e+00 9.144848081711639542e-01
2.850755950250153159e+00 1.040487230280313646e+00
3.098725008475788023e+00 1.239327845889111046e+00
3.686699592089233146e+00 1.700635149433892046e+00
2.755339030345439255e+00 8.953391751206286608e-01
2.856334232762146375e+00 9.039007097513507283e-01
2.667848282169166474e+00 8.858963234710938162e-01
3.063234205192121529e+00 1.173521527646547824e+00
2.867768852588950423e+00 9.912917961766547492e-01
2.623068327307017000e+00 8.203434220395983134e-01
2.830334869476003767e+00 9.526886600603515776e-01
2.770682374137086068e+00 8.991923299814535975e-01
2.637811105159156622e+00 7.832508247379651456e-01
2.582953556762638492e+00 8.074006724831598314e-01
2.758245845589437639e+00 9.459083829124731446e-01
3.185754775094029156e+00 1.240184924015041323e+00
2.592816057270834307e+00 7.824446018681127102e-01
2.972759216736291510e+00 1.087959954393658890e+00
2.557138015154808652e+00 8.154243960410675340e-01
2.669979230259654557e+00 8.583260972924633414e-01
2.714396202159752303e+00 8.986414954992338888e-01
2.651868197854023723e+00 8.304050263090083650e-01
2.780097034941754863e+00 8.905367739273793992e-01
2.658083239377723839e+00 8.349597378111093260e-01
2.682707275727031160e+00 8.707463454335797604e-01
2.630662893007965852e+00 8.111004607801198807e-01
2.728035812261998760e+00 8.407059485556175327e-01
2.847410837517710291e+00 9.920809581663062593e-01
2.642127106049038332e+00 8.402541858731109592e-01
3.029164986549889971e+00 1.180094614385462704e+00
2.757971011592029953e+00 9.335577304736595305e-01
2.719619290965850311e+00 8.773925947688657745e-01
2.732181842515892356e+00 9.263808472793234605e-01
2.614544881168586965e+00 8.337905781882151146e-01
3.355096803952291928e+00 1.407777115064041018e+00
2.864921913549526078e+00 1.028986475528592681e+00
2.696705397823015549e+00 8.738048015394629386e-01
2.647847826149937411e+00 9.140957929524972103e-01
2.583346833509359897e+00 8.487439075461181703e-01
2.608889899900166398e+00 8.686734588105115007e-01
2.618578434612199413e+00 7.996155237619844147e-01
2.950535332505046071e+00 1.038649134398542451e+00
2.782955306345824109e+00 9.030234503546396008e-01
2.897942070463491060e+00 1.032836456743109643e+00
2.931476031891437461e+00 1.040710834958560982e+00
3.161895163128022102e+00 1.266748903780062330e+00
2.602176475978159154e+00 8.230190566010964215e-01
3.086692262281832022e+00 1.136170895584216467e+00
2.569086588354145828e+00 8.061321519713977590e-01
2.903606614129525809e+00 1.079784958186537747e+00
2.517240216203907366e+00 8.162963986230175051e-01
2.853602791206975020e+00 9.707649407597360725e-01
2.703082357667831559e+00 9.318953426444683830e-01
2.955592248621665252e+00 1.092403735380581331e+00
2.564489510017984308e+00 8.070034216519311743e-01
2.878544844137476577e+00 1.001677381913659737e+00
2.825461817011070575e+00 9.559547049550599640e-01
2.511241176754372084e+00 8.045557862141758942e-01
3.004140901634400063e+00 1.101193165316777911e+00
2.844359182881490700e+00 1.005401241633657961e+00
2.874040964845370638e+00 1.006143802160309741e+00
2.747001326153324818e+00 9.474996757250783164e-01
2.901524543698383862e+00 1.012332444595319458e+00
2.653755104688916511e+00 8.425571853077334916e-01
3.153009583703492602e+00 1.245957882559957541e+00
2.987624267929475774e+00 1.187553546894509982e+00
2.659144754604862992e+00 8.435778257211521414e-01
2.813861766881637472e+00 9.716494294464707027e-01
2.723025683177835443e+00 9.567112002470546939e-01
2.846636262347690849e+00 9.628550029427183077e-01
3.119496485611541026e+00 1.285293126110530260e+00
2.752470287949876138e+00 8.818975336536563070e-01
2.558029393946609886e+00 8.046482289768940310e-01
2.714885665890199640e+00 9.385764120031480084e-01
2.661777804416950666e+00 8.495770194100766837e-01
3.031064806561408975e+00 1.186975543120310617e+00
2.700166079514310091e+00 9.201439117441511106e-01
2.583958091685101266e+00 8.447314977635087541e-01
2.790362201246962215e+00 9.606582182078527987e-01
2.758570219711387939e+00 9.143789581527207444e-01
2.709437055751990453e+00 8.874578451721670813e-01
2.629943393938523499e+00 8.260344433429046562e-01
2.687509579600033671e+00 8.783910773433697416e-01
2.629402873250799910e+00 8.530353945527382464e-01
2.956740234401504352e+00 1.047326965553178502e+00
3.041274453875625117e+00 1.174378883831300957e+00
2.754636451834822530e+00 8.860054945683184524e-01
2.837607431188949203e+00 9.336559994633906179e-01
2.639987120226269912e+00 8.472067601571643403e-01
3.040651491232110537e+00 1.172623031074994771e+00
2.690574770410736338e+00 9.147495489598975738e-01
3.185350363070716284e+00 1.282760209346136326e+00
2.890831346950603731e+00 9.729601690026978833e-01
2.809998817755154921e+00 9.510139704188932397e-01
2.921711373162959369e+00 1.068663736342323034e+00
2.795482374256629488e+00 9.174313965065675758e-01
2.789806836582092942e+00 9.180733926239812437e-01
2.987313278762877111e+00 1.146578381087989928e+00
2.911299959034956863e+00 1.103784599619932472e+00
3.181558320143823781e+00 1.276938576150707494e+00
2.850330998076364253e+00 9.805290908882268175e-01
2.911471275736085662e+00 1.033727727733773305e+00
2.941316272389991937e+00 1.060947646768229724e+00
2.678897677566661972e+00 8.831451526970964805e-01
2.711218404668651605e+00 9.020089127930435158e-01
2.731460311514771533e+00 8.651925347496499663e-01
2.795084776905209623e+00 9.462023689588647812e-01
3.051059458482434650e+00 1.110227952103319149e+00
2.757161561292428065e+00 9.057862412856663159e-01
2.917045549007381666e+00 1.100813372046298921e+00
2.952346368009041822e+00 1.084977011903040189e+00
2.756102577460004976e+00 9.304566884340628174e-01
2.670407770402955183e+00 8.688246719590955180e-01
2.865774307309184810e+00 9.968781640198340899e-01
2.793972404154532185e+00 9.221651982947416393e-01
2.576896167109043123e+00 7.898305782375196760e-01
2.568087902533429556e+00 8.384865174404185773e-01
2.729033337463790510e+00 8.787714367276472371e-01
2.861910294819212996e+00 9.974434047926975522e-01
2.634428395788268151e+00 8.322570789930422430e-01
2.589653475972630403e+00 7.748596189954444213e-01
2.962961206716328455e+00 1.044685771066923063e+00
3.149379470413301352e+00 1.271312786909195802e+00
2.621262036448709587e+00 8.107008387189423848e-01
2.658535152402613289e+00 8.645632663729891920e-01
2.905334776592732204e+00 1.023310209393234915e+00
3.144190880264577714e+00 1.260167539783270785e+00
2.976146386511135056e+00 1.119004786282441932e+00
2.958881693744238817e+00 1.134866557550482380e+00
3.101769850276022478e+00 1.137251931110689229e+00
2.646348921729370751e+00 8.884544244349146247e-01
3.184575389060642969e+00 1.257908816982202582e+00
3.072848377241639284e+00 1.165844618840230273e+00
2.858574938636594176e+00 9.788601408899552103e-01
2.869901258559181656e+00 9.823992244788580797e-01
2.594048235942660874e+00 8.417192142704382762e-01
3.014040894321076358e+00 1.134883266048474448e+00
3.067132977902782720e+00 1.175529039424522360e+00
2.893853990517582631e+00 1.050689723290486155e+00
2.597419246137770532e+00 8.579640396816818892e-01
2.872068221694999313e+00 9.806258444954757403e-01
3.057662194018173185e+00 1.148194246592627810e+00
3.051013565616238044e+00 1.222796998641580979e+00
2.749093397177789999e+00 9.253848012949530411e-01
2.882389095542988944e+00 9.974972336289972263e-01
2.844463802586666201e+00 9.906673418067015735e-01
2.809778710612229613e+00 9.809933726753529148e-01
2.670503352394845376e+00 8.587770978867877991e-01
2.987415534528490291e+00 1.141046806134002445e+00
3.072382707188286766e+00 1.258905471542826948e+00
3.327018401606969267e+00 1.392911579141852263e+00
2.851850589277427073e+00 1.021876277027642610e+00
2.891593645389277878e+00 9.936770579161007255e-01
2.614757549132639802e+00 7.927558758169648279e-01
3.016743620343864229e+00 1.142917728494141638e+00
2.825312195527528214e+00 9.609785615475400222e-01
2.738417990943148528e+00 9.196815666004042322e-01
2.726913126883728999e+00 8.993304059070378331e-01
2.588651356233790946e+00 8.218023700477463667e-01
2.961014205931917775e+00 9.847407623280587385e-01
2.966902519880175948e+00 1.043216981375129082e+00
2.612980246311013666e+00 8.365502423437387591e-01
3.014280005297829135e+00 1.164788642751516834e+00
3.291618342354535542e+00 1.389453188530340721e+00
2.588009492231499120e+00 7.971765424262122757e-01
2.913274992470653135e+00 1.006747965590794713e+00
2.679813126310160776e+00 8.509327302934798221e-01
2.839653193585253366e+00 1.049280535643515533e+00
2.641345530523639962e+00 8.516689626427887960e-01
3.010320235171886072e+00 1.120826513733462093e+00
3.013157164759403539e+00 1.238826785342005632e+00
3.003502979674834705e+00 1.117675600491149668e+00
2.694907403074300323e+00 8.464629613776508688e-01
2.938084606871024018e+00 1.076731333303742044e+00
2.794019582328870044e+00 9.474390547830326970e-01
2.693668172309586772e+00 8.352898336476880514e-01
2.863931894710051385e+00 9.407206018387631596e-01
2.574753293825452261e+00 8.071162320372307075e-01
2.852488843444576538e+00 9.853846373662999980e-01
2.590827903794332698e+00 7.781611431851819249e-01
3.139776207419104015e+00 1.268701303004676983e+00
3.076110336726474159e+00 1.213081661060110061e+00
3.023918834212534268e+00 1.207880759352975453e+00
2.872974520978193613e+00 9.724100409508432685e-01
2.670178875994947632e+00 7.843161848425160843e-01
3.126610709852346126e+00 1.163627900686101446e+00
2.678926650240202711e+00 8.106478260690285209e-01
3.062424176069996840e+00 1.104246012212846129e+00
2.990161176015289968e+00 1.168055215986404383e+00
2.826604667895610046e+00 8.963124274418085013e-01
2.865631468066707210e+00 1.070348098592401875e+00
3.005324810540733527e+00 1.135577334218431211e+00
2.659784442802668458e+00 9.249199909767346073e-01
2.584784707117338431e+00 8.098351507778899228e-01
2.743931604980604178e+00 8.670672958792750018e-01
2.618522230697522435e+00 8.392532988470445821e-01
2.804844366148954826e+00 9.499814826815580204e-01
2.664410342893714922e+00 8.857072473917747546e-01
2.966254032532264162e+00 1.160778991773034008e+00
2.683667385072611822e+00 8.545897504242992992e-01
2.822763865715004705e+00 9.315080780023701212e-01
2.650078643359995212e+00 8.365113638844307031e-01
2.635703298932072780e+00 8.075723577899972527e-01
2.796273298756716041e+00 9.453193026176966995e-01
2.853165170646233317e+00 9.714888663628810095e-01
2.758008764048486050e+00 8.617228578565180319e-01
2.722939928751017202e+00 8.660845283288136631e-01
2.974535358880686875e+00 1.159830782403178162e+00
2.545975321306443551e+00 7.680803290002123918e-01
2.724220194600317058e+00 9.143633499628216477e-01
3.350866063776639425e+00 1.505162931545097393e+00
2.910778287364602424e+00 1.020873176196850363e+00
2.617333334306402914e+00 8.273435009996310541e-01
3.021309308739599686e+00 1.153341637687670396e+00
2.695752319158422505e+00 9.107728238431780365e-01
2.666677750640900069e+00 8.359237908535191997e-01
2.603182131806401234e+00 8.228558686135153399e-01
2.502044429721616225e+00 7.360268363232119748e-01
2.657859867214060312e+00 8.194847650569132558e-01
2.736377780446050512e+00 8.736649767044722958e-01
2.741243245764187098e+00 9.181447352347531510e-01
2.619473426135823679e+00 8.712724099120550125e-01
2.557658160585330354e+00 7.549935867275489043e-01
2.874319023936735551e+00 9.929757872026949705e-01
2.966515561369102105e+00 1.052577735407366877e+00
2.783209797124549301e+00 9.527679909857622587e-01
2.831998252224885437e+00 8.813420388849559917e-01
2.769733011285093749e+00 9.637903236071241331e-01
2.611160911088562298e+00 8.241321173686130264e-01
2.816630612760989472e+00 9.411776759236732959e-01
3.035186214561417017e+00 1.225510455541940713e+00
2.859057089093106185e+00 9.569097286380339185e-01
3.160377987208355499e+00 1.250544960379119441e+00
2.990606333431427011e+00 1.100608371923090134e+00
2.655516083031270291e+00 8.977098872596620538e-01
3.204547538804005224e+00 1.199047926242160944e+00
2.953174605899452132e+00 1.089515261587823414e+00
3.046181170263016380e+00 1.192573113113996941e+00
3.190616395256748561e+00 1.328479257288466053e+00
3.160430068656872482e+00 1.219818552355013574e+00
2.834194066603784368e+00 9.916368251946132695e-01
3.158346246435743687e+00 1.297327933442018910e+00
2.773651764076368931e+00 9.731037715168068258e-01
2.968782931161113581e+00 1.122734736498522956e+00
2.780260014986464689e+00 9.798974328297214154e-01
2.982855647202579341e+00 1.166347336882484154e+00
3.029913773620775519e+00 1.148935661794987739e+00
2.771247356218809799e+00 9.216078007324436383e-01
2.838479392862029105e+00 9.500236004739359696e-01
3.554008418723085150e+00 1.711265965131852917e+00
2.550537925762229374e+00 7.875605682454325240e-01
2.586789564549752729e+00 8.080286773467664219e-01
2.805756558089665287e+00 9.413025279709990034e-01
2.967259407442292218e+00 1.038481906230776630e+00
2.663704650471383051e+00 8.711002339232594149e-01
2.755820395971462666e+00 9.778035951824387562e-01
2.597395760202143578e+00 8.351980460191527067e-01
2.743118653911404081e+00 8.374577484316109155e-01
2.786912414062181931e+00 9.330699537390156895e-01
2.993876438769167869e+00 1.236512477657083497e+00
3.113874505943947657e+00 1.201634785537786021e+00
3.008140946346633537e+00 1.114736903226120068e+00
3.001172014489590811e+00 1.101267678951705520e+00
2.596775570744485506e+00 8.886317856932357540e-01
3.313770364744272445e+00 1.440573800854673792e+00
2.636958904048641195e+00 8.862990814309209542e-01
2.713045978513668022e+00 9.047321341436470599e-01
2.611588847333621288e+00 8.155791530702380943e-01
2.543121088191671486e+00 8.048996175484560700e-01
2.858572751793285960e+00 1.049794974101599276e+00
2.878176148237630461e+00 1.032720823997920201e+00
2.717699818818260393e+00 9.625042228308463566e-01
2.943863298372966231e+00 1.030096097664135346e+00
2.680537355534587274e+00 8.459895565177565357e-01
2.964503756425783454e+00 1.065066556468804659e+00
3.029090105829353785e+00 1.186104753230418529e+00
2.519624346409943705e+00 7.868648964262032752e-01
2.783492555612913755e+00 9.732081152487460640e-01
2.898328115950815853e+00 1.012539979620183273e+00
2.644868848042893017e+00 8.427708225953867149e-01
2.973433647935007862e+00 1.152283159886370978e+00
3.087946972071661023e+00 1.124281762729482992e+00
3.067101566998433615e+00 1.244040651159598720e+00
2.790171377907478600e+00 9.602883462914173496e-01
2.644385072876922926e+00 8.882327065494635132e-01
2.900434154208023863e+00 1.064951918612952353e+00
3.144414257274902980e+00 1.275409388190081206e+00
2.871211511799444782e+00 1.107336764850966881e+00
2.877652524883786977e+00 1.111175461132569930e+00
2.694874107720951262e+00 8.364299804398533933e-01
2.990446560600710679e+00 1.137200896228419245e+00
2.596025067399995834e+00 8.074333388886659746e-01
3.104164103851285272e+00 1.245910739878212770e+00
3.075615512323377487e+00 1.183127982890650465e+00
3.033279854230333861e+00 1.160604172557233582e+00
2.852280215977365696e+00 9.978993031083717158e-01
2.645543575100226086e+00 8.519304997159122816e-01
2.672797089915940560e+00 8.921268548380117958e-01
2.678282544632103690e+00 8.506604475328521930e-01
3.124312945245445228e+00 1.217566547602805027e+00
2.856514575696371239e+00 1.020197262414739736e+00
2.756010273193201243e+00 9.113931284860811166e-01
2.594600384893542167e+00 8.168210293291393587e-01
2.895680684965185492e+00 1.072268531329759744e+00
2.690454539936447897e+00 8.705662256112329800e-01
2.765090181033113659e+00 9.606089007228204579e-01
2.884357017495104092e+00 1.051223172667417938e+00
2.530317930700674456e+00 7.612549390555524154e-01
2.768759981268905435e+00 8.868115466740217334e-01
2.895652967569172009e+00 1.036448030354027106e+00
2.769727319494428297e+00 9.226723307142772335e-01
2.753292010200964146e+00 9.531702375527553173e-01
2.922885509565876561e+00 1.084395429359083618e+00
3.083950473410954629e+00 1.157787675320434362e+00
3.157833348709909504e+00 1.314646106776280909e+00
2.826119419027071089e+00 9.590887637896869933e-01
3.160631233424467723e+00 1.237118180586375793e+00
3.049384217833221999e+00 1.165437876966957775e+00
2.985267409054213061e+00 1.080057433281055523e+00
3.042482235011859437e+00 1.191311046789483408e+00
2.678357039441335186e+00 8.605187748162408390e-01
2.839776595176842999e+00 9.874243806620466302e-01
2.565179877552020038e+00 7.821973990416934974e-01
2.554887538705425953e+00 7.978216017700309193e-01
2.754202954405263082e+00 9.617647524462693553e-01
